index,age,workclass,fnlwgt,education,education-num,marital-status,occupation,relationship,race,sex,capital-gain,capital-loss,hours-per-week,native-country,salary
0,"[30, 40[", State-gov,77516,Undergraduate,13,Never-married,Other, Not-in-family,*,Male,2174,0,40,North America,<=50K
1,"[50, 60[", Self-emp-not-inc,83311,Undergraduate,13,Married-civ-spouse,Nontechnical, Husband,*,Male,0,0,13,North America,<=50K
2,"[30, 40[", Private,215646,High School,9,Divorced,Nontechnical, Not-in-family,*,Male,0,0,40,North America,<=50K
3,"[50, 60[", Private,234721,High School,7,Married-civ-spouse,Nontechnical, Husband,*,Male,0,0,40,North America,<=50K
4,"[20, 30[", Private,338409,Undergraduate,13,Married-civ-spouse,Technical, Wife,*,Female,0,0,40,North America,<=50K
6,"[40, 50[", Private,160187,High School,5,Married-spouse-absent,Other, Not-in-family,*,Female,0,0,16,North America,<=50K
7,"[50, 60[", Self-emp-not-inc,209642,High School,9,Married-civ-spouse,Nontechnical, Husband,*,Male,0,0,45,North America,>50K
8,"[30, 40[", Private,45781,Graduate,14,Never-married,Technical, Not-in-family,*,Female,14084,0,50,North America,>50K
9,"[40, 50[", Private,159449,Undergraduate,13,Married-civ-spouse,Nontechnical, Husband,*,Male,5178,0,40,North America,>50K
10,"[30, 40[", Private,280464,Undergraduate,10,Married-civ-spouse,Nontechnical, Husband,*,Male,0,0,80,North America,>50K
11,"[30, 40[", State-gov,141297,Undergraduate,13,Married-civ-spouse,Technical, Husband,*,Male,0,0,40,Asia,>50K
12,"[20, 30[", Private,122272,Undergraduate,13,Never-married,Other, Own-child,*,Female,0,0,30,North America,<=50K
13,"[30, 40[", Private,205019,Professional Education,12,Never-married,Nontechnical, Not-in-family,*,Male,0,0,50,North America,<=50K
15,"[30, 40[", Private,245487,High School,4,Married-civ-spouse,Other, Husband,*,Male,0,0,45,North America,<=50K
16,"[20, 30[", Self-emp-not-inc,176756,High School,9,Never-married,Other, Own-child,*,Male,0,0,35,North America,<=50K
17,"[30, 40[", Private,186824,High School,9,Never-married,Technical, Unmarried,*,Male,0,0,40,North America,<=50K
18,"[30, 40[", Private,28887,High School,7,Married-civ-spouse,Nontechnical, Husband,*,Male,0,0,50,North America,<=50K
19,"[40, 50[", Self-emp-not-inc,292175,Graduate,14,Divorced,Nontechnical, Unmarried,*,Female,0,0,45,North America,>50K
20,"[40, 50[", Private,193524,Graduate,16,Married-civ-spouse,Technical, Husband,*,Male,0,0,60,North America,>50K
21,"[50, 60[", Private,302146,High School,9,Separated,Other, Unmarried,*,Female,0,0,20,North America,<=50K
22,"[30, 40[", Federal-gov,76845,High School,5,Married-civ-spouse,Other, Husband,*,Male,0,0,40,North America,<=50K
23,"[40, 50[", Private,117037,High School,7,Married-civ-spouse,Other, Husband,*,Male,0,2042,40,North America,<=50K
24,"[50, 60[", Private,109015,High School,9,Divorced,Technical, Unmarried,*,Female,0,0,40,North America,<=50K
25,"[50, 60[", Local-gov,216851,Undergraduate,13,Married-civ-spouse,Technical, Husband,*,Male,0,0,40,North America,>50K
26,"[10, 20[", Private,168294,High School,9,Never-married,Technical, Own-child,*,Male,0,0,40,North America,<=50K
28,"[30, 40[", Private,367260,High School,9,Divorced,Nontechnical, Not-in-family,*,Male,0,0,80,North America,<=50K
29,"[40, 50[", Private,193366,High School,9,Married-civ-spouse,Technical, Husband,*,Male,0,0,40,North America,<=50K
30,"[20, 30[", Local-gov,190709,Professional Education,12,Never-married,Other, Not-in-family,*,Male,0,0,52,North America,<=50K
31,"[20, 30[", Private,266015,Undergraduate,10,Never-married,Nontechnical, Own-child,*,Male,0,0,44,North America,<=50K
32,"[40, 50[", Private,386940,Undergraduate,13,Divorced,Nontechnical, Own-child,*,Male,0,1408,40,North America,<=50K
33,"[30, 40[", Federal-gov,59951,Undergraduate,10,Married-civ-spouse,Other, Own-child,*,Male,0,0,40,North America,<=50K
34,"[20, 30[", State-gov,311512,Undergraduate,10,Married-civ-spouse,Other, Husband,*,Male,0,0,15,North America,<=50K
35,"[40, 50[", Private,242406,High School,7,Never-married,Technical, Unmarried,*,Male,0,0,40,North America,<=50K
36,"[20, 30[", Private,197200,Undergraduate,10,Never-married,Technical, Own-child,*,Male,0,0,40,North America,<=50K
38,"[30, 40[", Private,84154,Undergraduate,10,Married-civ-spouse,Nontechnical, Husband,*,Male,0,0,38,Unknown,>50K
39,"[40, 50[", Self-emp-not-inc,265477,Professional Education,12,Married-civ-spouse,Technical, Husband,*,Male,0,0,40,North America,<=50K
40,"[30, 40[", Private,507875,High School,5,Married-civ-spouse,Technical, Husband,*,Male,0,0,43,North America,<=50K
41,"[50, 60[", Self-emp-not-inc,88506,Undergraduate,13,Married-civ-spouse,Technical, Husband,*,Male,0,0,40,North America,<=50K
42,"[20, 30[", Private,172987,Undergraduate,13,Married-civ-spouse,Technical, Husband,*,Male,0,0,50,North America,<=50K
43,"[40, 50[", Private,94638,High School,9,Separated,Other, Unmarried,*,Female,0,0,40,North America,<=50K
44,"[20, 30[", Private,289980,High School,9,Never-married,Nontechnical, Not-in-family,*,Male,0,0,35,North America,<=50K
45,"[50, 60[", Federal-gov,337895,Undergraduate,13,Married-civ-spouse,Technical, Husband,*,Male,0,0,40,North America,>50K
46,"[50, 60[", Private,144361,High School,9,Married-civ-spouse,Technical, Husband,*,Male,0,0,38,North America,<=50K
47,"[40, 50[", Private,128354,Graduate,14,Divorced,Nontechnical, Unmarried,*,Female,0,0,40,North America,<=50K
48,"[40, 50[", State-gov,101603,Professional Education,11,Married-civ-spouse,Technical, Husband,*,Male,0,0,40,North America,<=50K
49,"[20, 30[", Private,271466,Professional Education,11,Never-married,Technical, Not-in-family,*,Male,0,0,43,North America,<=50K
50,"[20, 30[", Private,32275,Undergraduate,10,Married-civ-spouse,Nontechnical, Wife,*,Female,0,0,40,North America,<=50K
52,"[40, 50[", Private,51835,Professional Education,15,Married-civ-spouse,Technical, Wife,*,Female,0,1902,60,North America,>50K
53,"[50, 60[", Federal-gov,251585,Undergraduate,13,Divorced,Nontechnical, Not-in-family,*,Male,0,0,55,North America,>50K
54,"[40, 50[", Self-emp-inc,109832,High School,9,Divorced,Nontechnical, Not-in-family,*,Male,0,0,60,North America,<=50K
55,"[40, 50[", Private,237993,Undergraduate,10,Married-civ-spouse,Technical, Husband,*,Male,0,0,40,North America,>50K
56,"[40, 50[", Private,216666,Primary School,3,Married-civ-spouse,Technical, Husband,*,Male,0,0,40,North America,<=50K
57,"[30, 40[", Private,56352,Professional Education,11,Married-civ-spouse,Other, Husband,*,Male,0,0,40,North America,<=50K
58,"[40, 50[", Private,147372,High School,9,Married-civ-spouse,Other, Husband,*,Male,0,0,48,North America,<=50K
59,"[30, 40[", Private,188146,High School,9,Married-civ-spouse,Technical, Husband,*,Male,5013,0,40,North America,<=50K
60,"[30, 40[", Private,59496,Undergraduate,13,Married-civ-spouse,Nontechnical, Husband,*,Male,2407,0,40,North America,<=50K
62,"[40, 50[", Private,149640,High School,9,Married-civ-spouse,Other, Husband,*,Male,0,0,40,North America,<=50K
63,"[40, 50[", Private,116632,Graduate,16,Married-civ-spouse,Technical, Husband,*,Male,0,0,45,North America,>50K
64,"[20, 30[", Private,105598,Undergraduate,10,Divorced,Technical, Not-in-family,*,Male,0,0,58,North America,<=50K
65,"[30, 40[", Private,155537,High School,9,Married-civ-spouse,Technical, Husband,*,Male,0,0,40,North America,<=50K
66,"[20, 30[", Private,183175,Undergraduate,10,Divorced,Other, Not-in-family,*,Female,0,0,40,North America,<=50K
67,"[50, 60[", Private,169846,High School,9,Married-civ-spouse,Other, Wife,*,Female,0,0,40,North America,>50K
68,"[40, 50[", Self-emp-inc,191681,Undergraduate,10,Married-civ-spouse,Nontechnical, Husband,*,Male,0,0,50,North America,>50K
69,"[20, 30[", ?,200681,Undergraduate,10,Never-married,Other, Own-child,*,Male,0,0,40,North America,<=50K
70,"[10, 20[", Private,101509,Undergraduate,10,Never-married,Technical, Own-child,*,Male,0,0,32,North America,<=50K
71,"[30, 40[", Private,309974,Undergraduate,13,Separated,Nontechnical, Own-child,*,Female,0,0,40,North America,<=50K
72,"[20, 30[", Self-emp-not-inc,162298,Undergraduate,13,Married-civ-spouse,Nontechnical, Husband,*,Male,0,0,70,North America,>50K
73,"[20, 30[", Private,211678,Undergraduate,10,Never-married,Technical, Not-in-family,*,Male,0,0,40,North America,<=50K
74,"[70, 80[", Private,124744,Undergraduate,10,Married-civ-spouse,Technical, Other-relative,*,Male,0,0,20,North America,<=50K
75,"[20, 30[", Private,213921,High School,9,Never-married,Other, Own-child,*,Male,0,0,40,North America,<=50K
76,"[40, 50[", Private,32214,Professional Education,12,Married-civ-spouse,Other, Husband,*,Male,0,0,40,North America,<=50K
77,"[60, 70[", ?,212759,High School,6,Married-civ-spouse,Other, Husband,*,Male,0,0,2,North America,<=50K
78,"[10, 20[", Private,309634,High School,7,Never-married,Other, Own-child,*,Female,0,0,22,North America,<=50K
79,"[30, 40[", Local-gov,125927,High School,4,Married-civ-spouse,Other, Husband,*,Male,0,0,40,North America,<=50K
80,"[10, 20[", Private,446839,High School,9,Never-married,Nontechnical, Not-in-family,*,Male,0,0,30,North America,<=50K
81,"[50, 60[", Private,276515,Undergraduate,13,Married-civ-spouse,Other, Husband,*,Male,0,0,40,North America,<=50K
82,"[40, 50[", Private,51618,High School,9,Married-civ-spouse,Other, Wife,*,Female,0,0,40,North America,<=50K
83,"[50, 60[", Private,159937,High School,9,Married-civ-spouse,Nontechnical, Husband,*,Male,0,0,48,North America,<=50K
84,"[40, 50[", Private,343591,High School,9,Divorced,Technical, Not-in-family,*,Female,14344,0,40,North America,>50K
85,"[50, 60[", Private,346253,High School,9,Divorced,Nontechnical, Own-child,*,Female,0,0,35,North America,<=50K
86,"[40, 50[", Local-gov,268234,High School,9,Married-civ-spouse,Other, Husband,*,Male,0,0,40,North America,>50K
87,"[30, 40[", Private,202051,Graduate,14,Married-civ-spouse,Technical, Husband,*,Male,0,0,50,North America,<=50K
88,"[30, 40[", Private,54334,High School,5,Never-married,Nontechnical, Not-in-family,*,Male,0,0,40,North America,<=50K
89,"[40, 50[", Federal-gov,410867,Graduate,16,Never-married,Technical, Not-in-family,*,Female,0,0,50,North America,>50K
90,"[50, 60[", Private,249977,Professional Education,11,Married-civ-spouse,Technical, Husband,*,Male,0,0,40,North America,<=50K
91,"[30, 40[", Private,286730,Undergraduate,10,Divorced,Technical, Unmarried,*,Female,0,0,40,North America,<=50K
92,"[20, 30[", Private,212563,Undergraduate,10,Divorced,Technical, Unmarried,*,Female,0,0,25,North America,<=50K
94,"[30, 40[", Local-gov,226296,Undergraduate,13,Married-civ-spouse,Other, Husband,*,Male,0,0,40,North America,>50K
95,"[20, 30[", Local-gov,115585,Undergraduate,10,Never-married,Nontechnical, Not-in-family,*,Male,0,0,50,North America,<=50K
96,"[40, 50[", Self-emp-not-inc,191277,Graduate,16,Married-civ-spouse,Technical, Husband,*,Male,0,1902,60,North America,>50K
97,"[30, 40[", Private,202683,Undergraduate,10,Married-civ-spouse,Nontechnical, Husband,*,Male,0,0,48,North America,>50K
99,"[30, 40[", Federal-gov,249409,High School,9,Never-married,Other, Own-child,*,Male,0,0,40,North America,<=50K
101,"[40, 50[", Private,198282,Undergraduate,13,Married-civ-spouse,Nontechnical, Husband,*,Male,15024,0,60,North America,>50K
102,"[40, 50[", Self-emp-not-inc,149116,Graduate,14,Never-married,Technical, Not-in-family,*,Female,0,0,50,North America,<=50K
103,"[20, 30[", Private,188300,Undergraduate,10,Never-married,Technical, Own-child,*,Female,0,0,40,North America,<=50K
104,"[20, 30[", Private,103432,High School,9,Never-married,Technical, Not-in-family,*,Male,0,0,40,North America,<=50K
105,"[30, 40[", Self-emp-inc,317660,High School,9,Married-civ-spouse,Technical, Husband,*,Male,7688,0,40,North America,>50K
106,"[10, 20[", ?,304873,High School,6,Never-married,Other, Own-child,*,Female,34095,0,32,North America,<=50K
107,"[30, 40[", Private,194901,High School,7,Never-married,Nontechnical, Own-child,*,Male,0,0,40,North America,<=50K
108,"[30, 40[", Local-gov,189265,High School,9,Never-married,Other, Not-in-family,*,Female,0,0,40,North America,<=50K
109,"[40, 50[", Private,124692,High School,9,Married-civ-spouse,Nontechnical, Husband,*,Male,0,0,40,North America,<=50K
110,"[20, 30[", Private,432376,Undergraduate,13,Never-married,Nontechnical, Other-relative,*,Male,0,0,40,North America,<=50K
111,"[30, 40[", Private,65324,Professional Education,15,Married-civ-spouse,Technical, Husband,*,Male,0,0,40,North America,>50K
112,"[50, 60[", Self-emp-not-inc,335605,High School,9,Married-civ-spouse,Other, Husband,*,Male,0,1887,50,North America,>50K
113,"[20, 30[", Private,377869,Undergraduate,10,Married-civ-spouse,Nontechnical, Wife,*,Female,4064,0,25,North America,<=50K
114,"[30, 40[", Private,102864,High School,9,Never-married,Technical, Own-child,*,Female,0,0,40,North America,<=50K
115,"[50, 60[", Private,95647,High School,5,Married-civ-spouse,Nontechnical, Husband,*,Male,0,0,50,North America,<=50K
116,"[50, 60[", Self-emp-inc,303090,Undergraduate,10,Married-civ-spouse,Nontechnical, Husband,*,Male,0,0,50,North America,<=50K
117,"[40, 50[", Local-gov,197371,Professional Education,11,Married-civ-spouse,Technical, Husband,*,Male,0,0,40,North America,>50K
118,"[50, 60[", Private,247552,Undergraduate,10,Married-civ-spouse,Nontechnical, Husband,*,Male,0,0,56,North America,<=50K
119,"[20, 30[", Private,102632,High School,9,Never-married,Technical, Not-in-family,*,Male,0,0,41,North America,<=50K
120,"[20, 30[", Private,199915,Undergraduate,10,Never-married,Other, Own-child,*,Female,0,0,40,North America,<=50K
121,"[40, 50[", Private,118853,Undergraduate,13,Married-civ-spouse,Nontechnical, Husband,*,Male,0,0,60,North America,<=50K
123,"[20, 30[", State-gov,267989,Undergraduate,13,Married-civ-spouse,Technical, Husband,*,Male,0,0,50,North America,>50K
124,"[10, 20[", Private,301606,Undergraduate,10,Never-married,Other, Own-child,*,Male,0,0,35,North America,<=50K
125,"[40, 50[", Private,287828,Undergraduate,13,Married-civ-spouse,Nontechnical, Wife,*,Female,0,0,40,North America,>50K
126,"[20, 30[", Private,111697,Undergraduate,10,Never-married,Other, Own-child,*,Female,0,1719,28,North America,<=50K
127,"[30, 40[", Private,114937,Professional Education,12,Married-civ-spouse,Other, Husband,*,Male,0,0,40,North America,>50K
128,"[30, 40[", ?,129305,High School,9,Married-civ-spouse,Other, Husband,*,Male,0,0,40,North America,<=50K
129,"[30, 40[", Private,365739,Undergraduate,10,Divorced,Technical, Not-in-family,*,Male,0,0,40,North America,<=50K
130,"[20, 30[", Private,69621,Professional Education,12,Never-married,Nontechnical, Not-in-family,*,Female,0,0,60,North America,<=50K
131,"[20, 30[", Private,43323,High School,9,Never-married,Other, Not-in-family,*,Female,0,1762,40,North America,<=50K
132,"[30, 40[", Self-emp-not-inc,120985,High School,9,Married-civ-spouse,Technical, Husband,*,Male,4386,0,35,North America,<=50K
133,"[30, 40[", Private,254202,Undergraduate,13,Married-civ-spouse,Nontechnical, Husband,*,Male,0,0,50,North America,<=50K
134,"[40, 50[", Private,146195,Professional Education,12,Divorced,Technical, Not-in-family,*,Female,0,0,36,North America,<=50K
135,"[30, 40[", Federal-gov,125933,Graduate,14,Married-civ-spouse,Technical, Husband,*,Male,0,0,40,Asia,>50K
136,"[40, 50[", Self-emp-not-inc,56920,High School,9,Married-civ-spouse,Technical, Husband,*,Male,0,0,60,North America,<=50K
137,"[20, 30[", Private,163127,Professional Education,11,Married-civ-spouse,Other, Wife,*,Female,0,0,35,North America,<=50K
138,"[20, 30[", Private,34310,Undergraduate,10,Never-married,Nontechnical, Own-child,*,Male,0,0,20,North America,<=50K
139,"[40, 50[", Private,81973,Undergraduate,10,Married-civ-spouse,Technical, Husband,*,Male,0,0,40,North America,>50K
140,"[60, 70[", Self-emp-inc,66614,High School,9,Married-civ-spouse,Technical, Husband,*,Male,0,0,40,North America,<=50K
141,"[20, 30[", Private,232782,Undergraduate,10,Never-married,Nontechnical, Own-child,*,Female,0,0,40,North America,<=50K
142,"[10, 20[", Private,316868,Undergraduate,10,Never-married,Other, Own-child,*,Male,0,0,30,North America,<=50K
143,"[40, 50[", Private,196584,Professional Education,11,Never-married,Technical, Not-in-family,*,Female,0,1564,40,North America,>50K
145,"[30, 40[", Private,185814,High School,9,Never-married,Other, Unmarried,*,Female,0,0,30,North America,<=50K
146,"[20, 30[", Private,175374,Undergraduate,10,Married-civ-spouse,Other, Husband,*,Male,0,0,24,North America,<=50K
147,"[30, 40[", Private,108293,High School,9,Widowed,Other, Unmarried,*,Female,0,0,24,North America,<=50K
148,"[60, 70[", Private,181232,High School,7,Married-civ-spouse,Technical, Husband,*,Male,0,2179,40,North America,<=50K
149,"[40, 50[", ?,174662,Undergraduate,10,Divorced,Other, Not-in-family,*,Female,0,0,40,North America,<=50K
150,"[40, 50[", Local-gov,186009,Undergraduate,10,Divorced,Other, Unmarried,*,Female,0,0,38,North America,<=50K
151,"[30, 40[", Private,198183,High School,9,Never-married,Other, Not-in-family,*,Female,0,0,40,North America,<=50K
153,"[20, 30[", Private,296158,High School,9,Never-married,Technical, Own-child,*,Male,0,0,35,North America,<=50K
154,"[50, 60[", ?,252903,High School,9,Divorced,Other, Not-in-family,*,Male,0,0,45,North America,>50K
155,"[40, 50[", Private,187715,High School,9,Married-civ-spouse,Technical, Husband,*,Male,0,0,46,North America,<=50K
156,"[20, 30[", Private,214542,Undergraduate,13,Never-married,Nontechnical, Not-in-family,*,Male,0,0,40,North America,<=50K
158,"[20, 30[", Private,191535,High School,9,Divorced,Technical, Not-in-family,*,Male,0,0,60,North America,<=50K
161,"[20, 30[", Private,252752,High School,9,Never-married,Other, Unmarried,*,Female,0,0,40,North America,<=50K
162,"[40, 50[", Self-emp-inc,78374,Graduate,14,Divorced,Nontechnical, Unmarried,*,Female,0,0,40,North America,<=50K
164,"[40, 50[", Self-emp-not-inc,201080,Graduate,14,Married-civ-spouse,Nontechnical, Husband,*,Male,0,0,40,North America,>50K
165,"[30, 40[", Private,207157,Undergraduate,10,Divorced,Other, Unmarried,*,Female,0,0,40,North America,<=50K
166,"[30, 40[", Federal-gov,235485,Professional Education,12,Never-married,Nontechnical, Not-in-family,*,Male,0,0,42,North America,<=50K
168,"[10, 20[", Private,25828,High School,7,Never-married,Nontechnical, Own-child,*,Male,0,0,16,North America,<=50K
170,"[20, 30[", Private,124953,High School,9,Never-married,Other, Not-in-family,*,Male,0,1980,40,North America,<=50K
171,"[20, 30[", State-gov,175325,High School,9,Married-civ-spouse,Other, Husband,*,Male,0,0,40,North America,<=50K
172,"[50, 60[", Private,96062,Undergraduate,10,Married-civ-spouse,Nontechnical, Husband,*,Male,0,1977,40,North America,>50K
173,"[20, 30[", Private,428030,Undergraduate,13,Never-married,Technical, Not-in-family,*,Male,0,0,50,North America,<=50K
174,"[20, 30[", State-gov,149624,Undergraduate,13,Married-civ-spouse,Technical, Husband,*,Male,0,0,40,North America,>50K
176,"[20, 30[", Private,312956,High School,9,Never-married,Technical, Own-child,*,Male,0,0,40,North America,<=50K
177,"[30, 40[", Private,483777,High School,9,Never-married,Nontechnical, Not-in-family,*,Male,0,0,40,North America,<=50K
178,"[10, 20[", Private,183930,High School,9,Never-married,Other, Own-child,*,Male,0,0,12,North America,<=50K
179,"[30, 40[", Private,37274,Undergraduate,13,Married-civ-spouse,Technical, Husband,*,Male,0,0,65,North America,<=50K
180,"[40, 50[", Local-gov,181344,Undergraduate,10,Married-civ-spouse,Nontechnical, Husband,*,Male,0,0,38,North America,>50K
181,"[40, 50[", Private,114580,Undergraduate,10,Divorced,Other, Not-in-family,*,Female,0,0,40,North America,<=50K
182,"[30, 40[", Private,633742,Undergraduate,10,Never-married,Technical, Not-in-family,*,Male,0,0,45,North America,<=50K
183,"[40, 50[", Private,286370,High School,4,Married-civ-spouse,Technical, Husband,*,Male,0,0,40,North America,>50K
184,"[30, 40[", Federal-gov,29054,Undergraduate,10,Married-civ-spouse,Other, Husband,*,Male,0,0,42,North America,>50K
185,"[30, 40[", Private,304030,High School,9,Married-civ-spouse,Other, Husband,*,Male,0,0,40,North America,<=50K
186,"[40, 50[", Self-emp-not-inc,143129,Undergraduate,13,Divorced,Nontechnical, Not-in-family,*,Female,0,0,40,North America,<=50K
187,"[50, 60[", ?,135105,Undergraduate,13,Divorced,Other, Not-in-family,*,Female,0,0,50,North America,<=50K
188,"[30, 40[", Private,99928,Graduate,14,Married-civ-spouse,Technical, Wife,*,Female,0,0,50,North America,<=50K
189,"[50, 60[", State-gov,109567,Graduate,16,Married-civ-spouse,Technical, Husband,*,Male,0,0,1,North America,>50K
190,"[30, 40[", Private,155222,Undergraduate,10,Divorced,Technical, Not-in-family,*,Female,0,0,28,North America,<=50K
191,"[20, 30[", Private,159567,Undergraduate,10,Married-civ-spouse,Technical, Husband,*,Male,0,0,40,North America,<=50K
192,"[40, 50[", Local-gov,523910,Undergraduate,13,Married-civ-spouse,Technical, Husband,*,Male,0,0,40,North America,<=50K
193,"[40, 50[", Private,120939,Undergraduate,10,Married-civ-spouse,Technical, Husband,*,Male,0,0,45,North America,<=50K
194,"[40, 50[", Federal-gov,130760,Undergraduate,13,Married-civ-spouse,Technical, Husband,*,Male,0,0,24,North America,<=50K
195,"[20, 30[", Private,197387,Primary School,3,Married-civ-spouse,Other, Other-relative,*,Male,0,0,40,North America,<=50K
196,"[30, 40[", Private,99374,Undergraduate,10,Divorced,Technical, Not-in-family,*,Male,0,0,40,North America,<=50K
197,"[40, 50[", Federal-gov,56795,Graduate,14,Never-married,Nontechnical, Not-in-family,*,Female,14084,0,55,North America,>50K
198,"[30, 40[", Private,138992,Graduate,14,Married-civ-spouse,Technical, Other-relative,*,Male,7298,0,40,North America,>50K
199,"[20, 30[", Self-emp-not-inc,32921,High School,9,Never-married,Nontechnical, Not-in-family,*,Male,0,0,40,North America,<=50K
200,"[20, 30[", Private,397317,Graduate,14,Never-married,Technical, Not-in-family,*,Female,0,1876,40,North America,<=50K
202,"[50, 60[", Private,259323,Undergraduate,13,Married-civ-spouse,Nontechnical, Husband,*,Male,0,0,50,North America,>50K
203,"[40, 50[", Local-gov,254817,Undergraduate,10,Never-married,Technical, Not-in-family,*,Female,0,1340,40,North America,<=50K
204,"[30, 40[", State-gov,48211,High School,9,Divorced,Other, Unmarried,*,Female,0,0,35,North America,<=50K
205,"[10, 20[", Private,140164,High School,7,Never-married,Nontechnical, Own-child,*,Female,0,0,40,North America,<=50K
206,"[30, 40[", Private,128757,Undergraduate,13,Married-civ-spouse,Other, Husband,*,Male,7298,0,36,North America,>50K
207,"[30, 40[", Private,36270,High School,9,Divorced,Technical, Not-in-family,*,Male,0,0,60,North America,<=50K
208,"[50, 60[", Self-emp-inc,210563,High School,9,Married-civ-spouse,Nontechnical, Wife,*,Female,15024,0,35,North America,>50K
209,"[10, 20[", Private,65368,High School,7,Never-married,Nontechnical, Own-child,*,Female,0,0,12,North America,<=50K
210,"[40, 50[", Local-gov,160943,High School,9,Married-civ-spouse,Other, Husband,*,Male,0,0,40,North America,<=50K
211,"[30, 40[", Private,208358,High School,9,Married-civ-spouse,Technical, Husband,*,Male,0,0,40,North America,>50K
212,"[30, 40[", Private,153790,Undergraduate,10,Never-married,Nontechnical, Not-in-family,*,Female,0,0,40,North America,<=50K
213,"[60, 70[", Private,85815,High School,9,Married-civ-spouse,Technical, Husband,*,Male,0,0,40,North America,<=50K
214,"[50, 60[", Self-emp-inc,125417,High School,4,Married-civ-spouse,Technical, Husband,*,Male,0,0,40,North America,>50K
215,"[30, 40[", Private,635913,Undergraduate,13,Never-married,Nontechnical, Not-in-family,*,Male,0,0,60,North America,>50K
218,"[40, 50[", Private,109434,Undergraduate,13,Married-civ-spouse,Technical, Husband,*,Male,0,0,55,North America,<=50K
219,"[20, 30[", Private,255004,High School,6,Never-married,Technical, Not-in-family,*,Male,0,0,40,North America,<=50K
220,"[30, 40[", Private,197860,Undergraduate,10,Married-civ-spouse,Nontechnical, Husband,*,Male,0,0,40,North America,<=50K
223,"[50, 60[", Private,176681,High School,9,Married-civ-spouse,Other, Husband,*,Male,0,0,20,North America,<=50K
225,"[10, 20[", Private,243313,High School,9,Never-married,Nontechnical, Own-child,*,Female,0,0,40,North America,<=50K
226,"[60, 70[", ?,24215,High School,6,Divorced,Other, Not-in-family,*,Female,0,0,10,North America,<=50K
227,"[60, 70[", Self-emp-not-inc,167687,High School,9,Married-civ-spouse,Other, Husband,*,Male,1409,0,50,North America,<=50K
229,"[60, 70[", Private,176796,High School,9,Divorced,Other, Not-in-family,*,Female,0,0,40,North America,<=50K
230,"[30, 40[", Private,538583,High School,7,Separated,Other, Not-in-family,*,Male,3674,0,40,North America,<=50K
231,"[40, 50[", Private,130408,High School,9,Divorced,Nontechnical, Unmarried,*,Female,0,0,38,North America,<=50K
232,"[20, 30[", Private,159732,Undergraduate,10,Never-married,Other, Not-in-family,*,Male,0,0,42,North America,<=50K
233,"[30, 40[", Private,110978,Undergraduate,10,Divorced,Technical, Other-relative,*,Female,0,0,40,North America,<=50K
234,"[20, 30[", Private,76714,Professional Education,15,Never-married,Technical, Not-in-family,*,Male,0,0,55,North America,>50K
235,"[50, 60[", State-gov,268700,High School,9,Married-civ-spouse,Other, Husband,*,Male,0,0,40,North America,<=50K
236,"[40, 50[", State-gov,170525,Undergraduate,10,Never-married,Other, Not-in-family,*,Female,0,0,38,North America,<=50K
237,"[40, 50[", Private,180138,Undergraduate,13,Married-civ-spouse,Nontechnical, Husband,*,Male,0,0,50,Asia,>50K
238,"[30, 40[", Local-gov,115076,Graduate,14,Married-civ-spouse,Nontechnical, Husband,*,Male,0,0,70,North America,>50K
239,"[20, 30[", Private,115458,High School,9,Never-married,Other, Own-child,*,Male,0,0,40,North America,<=50K
240,"[40, 50[", Private,347890,Undergraduate,13,Married-civ-spouse,Technical, Husband,*,Male,0,0,40,North America,>50K
241,"[40, 50[", Self-emp-not-inc,196001,High School,9,Married-civ-spouse,Other, Wife,*,Female,0,0,20,North America,<=50K
242,"[20, 30[", State-gov,273905,Professional Education,12,Married-civ-spouse,Other, Husband,*,Male,0,0,50,North America,<=50K
243,"[20, 30[", ?,119156,Undergraduate,10,Never-married,Other, Own-child,*,Male,0,0,20,North America,<=50K
244,"[30, 40[", Private,179488,Undergraduate,10,Divorced,Technical, Not-in-family,*,Male,0,1741,40,North America,<=50K
246,"[50, 60[", Private,236596,High School,9,Married-civ-spouse,Other, Husband,*,Male,0,0,45,North America,>50K
247,"[30, 40[", Private,183916,High School,9,Never-married,Other, Not-in-family,*,Female,0,0,34,North America,<=50K
248,"[40, 50[", Private,207578,Professional Education,12,Married-civ-spouse,Technical, Husband,*,Male,0,1977,60,North America,>50K
249,"[40, 50[", Private,153141,High School,9,Married-civ-spouse,Other, Husband,*,Male,0,0,40,Unknown,<=50K
250,"[40, 50[", Private,112763,Professional Education,15,Married-civ-spouse,Technical, Wife,*,Female,0,0,40,North America,>50K
251,"[40, 50[", Private,390781,Undergraduate,13,Married-civ-spouse,Other, Wife,*,Female,0,0,40,North America,<=50K
252,"[50, 60[", Local-gov,171328,High School,6,Widowed,Other, Unmarried,*,Female,0,0,30,North America,<=50K
253,"[10, 20[", Local-gov,27382,Undergraduate,10,Never-married,Other, Own-child,*,Male,0,0,40,North America,<=50K
254,"[50, 60[", Private,259014,Undergraduate,10,Never-married,Other, Not-in-family,*,Male,0,0,20,North America,<=50K
255,"[40, 50[", Self-emp-not-inc,303044,High School,9,Married-civ-spouse,Other, Husband,*,Male,0,0,40,Asia,>50K
256,"[20, 30[", Private,117789,High School,9,Never-married,Other, Own-child,*,Female,0,0,40,North America,<=50K
257,"[30, 40[", Private,172579,High School,9,Separated,Other, Not-in-family,*,Female,0,0,30,North America,<=50K
259,"[50, 60[", Private,204518,High School,4,Divorced,Technical, Not-in-family,*,Male,0,0,40,North America,<=50K
260,"[30, 40[", Private,150042,Undergraduate,13,Divorced,Technical, Own-child,*,Female,0,0,40,North America,<=50K
261,"[40, 50[", Private,98092,High School,9,Married-civ-spouse,Nontechnical, Husband,*,Male,0,0,60,North America,<=50K
262,"[10, 20[", Private,245918,High School,7,Never-married,Other, Own-child,*,Male,0,0,12,North America,<=50K
263,"[50, 60[", Private,146013,Undergraduate,10,Married-civ-spouse,Nontechnical, Husband,*,Male,4064,0,40,North America,<=50K
264,"[20, 30[", Private,378322,High School,7,Married-civ-spouse,Technical, Husband,*,Male,0,0,40,North America,<=50K
265,"[30, 40[", Self-emp-inc,257295,Undergraduate,10,Married-civ-spouse,Nontechnical, Husband,*,Male,0,0,75,Asia,>50K
266,"[10, 20[", ?,218956,Undergraduate,10,Never-married,Other, Own-child,*,Male,0,0,24,North America,<=50K
267,"[60, 70[", Private,21174,High School,9,Married-civ-spouse,Nontechnical, Husband,*,Male,0,0,40,North America,>50K
268,"[30, 40[", Private,185480,Undergraduate,13,Never-married,Technical, Not-in-family,*,Female,0,0,45,North America,<=50K
269,"[30, 40[", Private,222205,High School,9,Married-civ-spouse,Technical, Wife,*,Female,0,0,40,North America,>50K
270,"[60, 70[", Private,69867,High School,9,Married-civ-spouse,Nontechnical, Husband,*,Male,0,0,40,North America,>50K
271,"[10, 20[", Private,191260,High School,5,Never-married,Other, Own-child,*,Male,1055,0,24,North America,<=50K
272,"[50, 60[", Self-emp-not-inc,30653,Graduate,14,Married-civ-spouse,Other, Husband,*,Male,2407,0,98,North America,<=50K
273,"[20, 30[", Local-gov,209109,Graduate,14,Never-married,Technical, Own-child,*,Male,0,0,35,North America,<=50K
274,"[30, 40[", Private,70377,High School,9,Divorced,Technical, Own-child,*,Female,0,0,40,North America,<=50K
275,"[40, 50[", Private,477983,High School,9,Married-civ-spouse,Nontechnical, Husband,*,Male,0,0,40,North America,<=50K
276,"[40, 50[", Private,170924,Undergraduate,10,Married-civ-spouse,Technical, Husband,*,Male,7298,0,40,North America,>50K
277,"[30, 40[", Private,190174,Undergraduate,10,Never-married,Nontechnical, Not-in-family,*,Female,0,0,40,North America,<=50K
278,"[20, 30[", Private,193787,Undergraduate,10,Never-married,Technical, Own-child,*,Female,0,0,40,North America,<=50K
279,"[20, 30[", Private,279472,Undergraduate,10,Married-civ-spouse,Technical, Wife,*,Female,7298,0,48,North America,>50K
281,"[40, 50[", Local-gov,97688,Undergraduate,10,Married-civ-spouse,Technical, Husband,*,Male,5178,0,40,North America,>50K
282,"[30, 40[", Private,175413,Professional Education,12,Divorced,Nontechnical, Unmarried,*,Female,0,0,45,North America,<=50K
284,"[20, 30[", Private,205759,High School,9,Never-married,Nontechnical, Own-child,*,Male,0,0,40,North America,<=50K
285,"[50, 60[", Federal-gov,425161,Graduate,14,Married-civ-spouse,Nontechnical, Husband,*,Male,15024,0,40,North America,>50K
286,"[40, 50[", Private,220531,Professional Education,15,Married-civ-spouse,Technical, Husband,*,Male,0,0,60,North America,>50K
287,"[50, 60[", Private,176609,Undergraduate,10,Divorced,Other, Not-in-family,*,Male,0,0,45,North America,<=50K
288,"[20, 30[", Private,371987,Undergraduate,13,Never-married,Nontechnical, Not-in-family,*,Female,0,0,40,North America,<=50K
290,"[30, 40[", Private,200352,Undergraduate,13,Married-civ-spouse,Technical, Husband,*,Male,0,0,45,North America,<=50K
291,"[30, 40[", Private,127595,High School,9,Divorced,Technical, Not-in-family,*,Female,0,0,40,North America,<=50K
292,"[20, 30[", Local-gov,220419,Undergraduate,13,Never-married,Other, Not-in-family,*,Male,0,0,56,North America,<=50K
293,"[20, 30[", Private,231931,Undergraduate,10,Never-married,Nontechnical, Own-child,*,Male,0,0,45,North America,<=50K
294,"[20, 30[", Private,248402,Undergraduate,13,Never-married,Technical, Unmarried,*,Female,0,0,40,North America,<=50K
295,"[60, 70[", Private,111095,High School,9,Married-civ-spouse,Other, Husband,*,Male,0,0,16,North America,<=50K
296,"[30, 40[", Self-emp-inc,57424,Undergraduate,13,Divorced,Nontechnical, Not-in-family,*,Female,0,0,60,North America,<=50K
298,"[20, 30[", Private,278130,High School,9,Never-married,Technical, Own-child,*,Male,0,0,40,North America,<=50K
299,"[30, 40[", Private,169469,High School,9,Divorced,Nontechnical, Not-in-family,*,Male,0,0,80,North America,<=50K
300,"[40, 50[", Private,146268,Undergraduate,13,Married-civ-spouse,Other, Husband,*,Male,7688,0,40,North America,>50K
301,"[20, 30[", Private,153718,Undergraduate,10,Never-married,Other, Not-in-family,*,Female,0,0,25,North America,<=50K
302,"[30, 40[", Private,217460,High School,9,Married-civ-spouse,Other, Husband,*,Male,0,0,45,North America,>50K
303,"[50, 60[", Private,238638,High School,9,Married-civ-spouse,Nontechnical, Husband,*,Male,4386,0,40,North America,>50K
305,"[40, 50[", Private,173321,High School,9,Divorced,Other, Not-in-family,*,Female,0,0,40,North America,<=50K
306,"[20, 30[", Private,193945,Professional Education,12,Never-married,Technical, Not-in-family,*,Male,0,0,45,North America,<=50K
307,"[40, 50[", Private,83082,Professional Education,12,Never-married,Technical, Not-in-family,*,Female,0,0,33,North America,<=50K
308,"[30, 40[", Private,193815,Professional Education,12,Married-civ-spouse,Other, Husband,*,Male,0,0,40,North America,>50K
309,"[40, 50[", Self-emp-inc,34987,Undergraduate,10,Married-civ-spouse,Other, Husband,*,Male,0,0,54,North America,>50K
310,"[20, 30[", Private,59306,Undergraduate,13,Never-married,Nontechnical, Not-in-family,*,Male,0,0,40,North America,<=50K
312,"[10, 20[", ?,860348,Undergraduate,10,Never-married,Other, Own-child,*,Female,0,0,25,North America,<=50K
313,"[30, 40[", Self-emp-not-inc,205607,Undergraduate,13,Divorced,Technical, Not-in-family,*,Female,0,0,40,North America,>50K
314,"[20, 30[", Private,199698,Undergraduate,10,Never-married,Nontechnical, Own-child,*,Male,0,0,15,North America,<=50K
315,"[20, 30[", Private,191954,Undergraduate,10,Never-married,Technical, Not-in-family,*,Male,0,0,40,North America,<=50K
316,"[70, 80[", Self-emp-not-inc,138714,Undergraduate,10,Married-civ-spouse,Nontechnical, Husband,*,Male,0,0,40,North America,<=50K
318,"[20, 30[", Private,423158,Undergraduate,10,Never-married,Technical, Not-in-family,*,Female,0,0,40,North America,<=50K
319,"[60, 70[", Private,159841,High School,9,Widowed,Other, Not-in-family,*,Female,0,0,24,North America,<=50K
320,"[30, 40[", Self-emp-not-inc,174308,High School,9,Married-civ-spouse,Nontechnical, Husband,*,Male,0,0,40,North America,<=50K
321,"[40, 50[", Private,50356,Undergraduate,10,Married-civ-spouse,Technical, Husband,*,Male,0,1485,50,North America,<=50K
322,"[30, 40[", Private,186110,High School,9,Divorced,Other, Not-in-family,*,Male,0,0,45,North America,<=50K
323,"[20, 30[", Private,200381,High School,7,Never-married,Nontechnical, Not-in-family,*,Female,0,0,40,North America,<=50K
325,"[60, 70[", Self-emp-not-inc,78383,High School,9,Married-civ-spouse,Other, Husband,*,Male,0,0,45,North America,<=50K
326,"[20, 30[", ?,211601,Professional Education,11,Never-married,Other, Own-child,*,Female,0,0,15,North America,<=50K
327,"[40, 50[", Private,187728,Undergraduate,10,Married-civ-spouse,Technical, Wife,*,Female,0,1887,50,North America,>50K
328,"[50, 60[", Self-emp-not-inc,321171,High School,9,Married-civ-spouse,Nontechnical, Husband,*,Male,0,0,40,North America,<=50K
329,"[60, 70[", Private,127921,High School,9,Never-married,Other, Not-in-family,*,Male,2050,0,55,North America,<=50K
330,"[40, 50[", Private,206565,Undergraduate,10,Never-married,Technical, Not-in-family,*,Male,0,0,45,North America,<=50K
331,"[20, 30[", Private,224563,Undergraduate,13,Never-married,Other, Not-in-family,*,Male,0,0,40,North America,<=50K
332,"[40, 50[", Private,178686,Professional Education,11,Never-married,Other, Not-in-family,*,Male,0,0,40,North America,<=50K
333,"[50, 60[", Local-gov,98545,High School,6,Married-civ-spouse,Other, Husband,*,Male,0,0,40,North America,<=50K
334,"[50, 60[", Private,242606,High School,9,Married-civ-spouse,Other, Husband,*,Male,0,0,40,North America,<=50K
336,"[30, 40[", Private,94235,High School,9,Never-married,Technical, Other-relative,*,Male,0,0,40,North America,<=50K
337,"[40, 50[", Private,71195,Graduate,14,Never-married,Technical, Not-in-family,*,Male,0,0,60,North America,<=50K
338,"[10, 20[", Private,104112,High School,9,Never-married,Nontechnical, Unmarried,*,Male,0,0,30,North America,<=50K
339,"[40, 50[", Private,261192,High School,9,Married-civ-spouse,Other, Husband,*,Male,0,0,40,North America,<=50K
340,"[20, 30[", Private,94936,Professional Education,12,Never-married,Nontechnical, Not-in-family,*,Male,0,0,40,North America,<=50K
341,"[30, 40[", Private,296478,Professional Education,11,Married-civ-spouse,Technical, Husband,*,Male,7298,0,40,North America,>50K
342,"[30, 40[", State-gov,119272,High School,9,Married-civ-spouse,Other, Husband,*,Male,7298,0,40,North America,>50K
343,"[30, 40[", Private,85043,High School,9,Never-married,Other, Not-in-family,*,Male,0,0,20,North America,<=50K
344,"[20, 30[", State-gov,293364,Undergraduate,10,Never-married,Other, Own-child,*,Female,0,0,40,North America,<=50K
345,"[40, 50[", Self-emp-not-inc,241895,Undergraduate,13,Never-married,Nontechnical, Not-in-family,*,Male,0,0,42,North America,<=50K
346,"[60, 70[", ?,36135,High School,7,Married-civ-spouse,Other, Husband,*,Male,0,0,8,North America,<=50K
347,"[30, 40[", ?,151989,Professional Education,11,Divorced,Other, Unmarried,*,Female,0,0,40,North America,<=50K
349,"[30, 40[", Private,156464,Undergraduate,13,Never-married,Technical, Own-child,*,Male,0,0,25,North America,<=50K
350,"[30, 40[", Private,117963,Undergraduate,13,Married-civ-spouse,Nontechnical, Husband,*,Male,0,0,40,North America,>50K
351,"[20, 30[", Private,192262,High School,9,Married-civ-spouse,Other, Husband,*,Male,0,0,40,North America,<=50K
352,"[30, 40[", Private,111363,Undergraduate,13,Married-civ-spouse,Nontechnical, Husband,*,Male,0,0,40,North America,>50K
353,"[40, 50[", Local-gov,329752,High School,7,Married-civ-spouse,Other, Husband,*,Male,0,0,30,North America,<=50K
354,"[50, 60[", ?,372020,Undergraduate,13,Married-civ-spouse,Other, Husband,*,Male,0,0,40,North America,>50K
355,"[30, 40[", Federal-gov,95432,High School,9,Married-civ-spouse,Other, Husband,*,Male,0,0,40,North America,>50K
356,"[60, 70[", Private,161400,High School,7,Widowed,Other, Unmarried,*,Male,0,0,40,North America,<=50K
357,"[40, 50[", Private,96129,Professional Education,11,Married-civ-spouse,Technical, Husband,*,Male,0,0,40,North America,>50K
358,"[40, 50[", Private,111949,High School,9,Married-civ-spouse,Other, Wife,*,Female,0,0,35,North America,<=50K
360,"[30, 40[", Private,348022,High School,6,Married-civ-spouse,Other, Wife,*,Female,0,0,24,North America,<=50K
361,"[60, 70[", Private,270092,Graduate,14,Married-civ-spouse,Technical, Husband,*,Male,0,0,40,North America,>50K
362,"[40, 50[", Private,180609,Undergraduate,13,Married-civ-spouse,Other, Husband,*,Male,0,0,45,North America,<=50K
363,"[40, 50[", Private,174575,Undergraduate,13,Divorced,Nontechnical, Not-in-family,*,Male,0,1564,45,North America,>50K
365,"[20, 30[", Private,92262,High School,9,Married-civ-spouse,Technical, Husband,*,Male,0,0,40,North America,<=50K
366,"[50, 60[", Self-emp-not-inc,183081,Undergraduate,10,Married-civ-spouse,Nontechnical, Husband,*,Male,0,0,45,North America,<=50K
367,"[20, 30[", Private,362589,Professional Education,12,Never-married,Nontechnical, Not-in-family,*,Female,0,0,15,North America,<=50K
368,"[50, 60[", Private,212448,Undergraduate,13,Divorced,Nontechnical, Not-in-family,*,Female,0,0,45,North America,>50K
369,"[30, 40[", Private,481060,High School,9,Divorced,Nontechnical, Unmarried,*,Female,0,0,40,North America,<=50K
370,"[20, 30[", Federal-gov,185885,Undergraduate,10,Never-married,Other, Unmarried,*,Female,0,0,15,North America,<=50K
371,"[10, 20[", Private,89821,High School,7,Never-married,Other, Own-child,*,Male,0,0,10,North America,<=50K
372,"[40, 50[", State-gov,184018,Professional Education,11,Married-civ-spouse,Technical, Husband,*,Male,0,0,38,North America,>50K
373,"[40, 50[", Private,256649,High School,9,Married-civ-spouse,Technical, Husband,*,Male,0,0,40,North America,<=50K
374,"[40, 50[", Private,160323,High School,9,Never-married,Technical, Not-in-family,*,Male,0,0,40,North America,<=50K
375,"[20, 30[", Local-gov,350845,Undergraduate,10,Never-married,Other, Own-child,*,Female,0,0,10,North America,<=50K
376,"[30, 40[", Private,267404,High School,9,Married-civ-spouse,Technical, Wife,*,Female,0,0,40,North America,<=50K
377,"[20, 30[", Private,35633,Undergraduate,10,Never-married,Nontechnical, Not-in-family,*,Male,0,0,40,North America,<=50K
378,"[40, 50[", Self-emp-not-inc,80914,Graduate,14,Divorced,Nontechnical, Not-in-family,*,Male,0,0,30,North America,<=50K
379,"[30, 40[", Private,172927,High School,9,Married-civ-spouse,Nontechnical, Husband,*,Male,0,0,50,North America,<=50K
380,"[50, 60[", Private,174319,High School,9,Divorced,Other, Not-in-family,*,Male,0,0,40,North America,<=50K
382,"[20, 30[", Private,344991,Undergraduate,10,Married-civ-spouse,Technical, Husband,*,Male,0,0,40,North America,<=50K
383,"[40, 50[", Private,108699,Undergraduate,10,Divorced,Nontechnical, Not-in-family,*,Female,0,0,40,North America,<=50K
384,"[30, 40[", Local-gov,117312,Undergraduate,10,Married-civ-spouse,Other, Wife,*,Female,0,0,40,North America,<=50K
385,"[20, 30[", Private,396099,High School,9,Never-married,Other, Not-in-family,*,Female,0,0,25,North America,<=50K
386,"[20, 30[", Private,134152,High School,9,Separated,Technical, Not-in-family,*,Male,0,0,40,North America,<=50K
387,"[40, 50[", Private,162028,Undergraduate,10,Married-civ-spouse,Other, Wife,*,Female,0,2415,6,North America,>50K
388,"[10, 20[", Private,25429,Undergraduate,10,Never-married,Other, Own-child,*,Female,0,0,16,North America,<=50K
389,"[10, 20[", Private,232392,High School,9,Never-married,Other, Other-relative,*,Female,0,0,40,North America,<=50K
390,"[30, 40[", Private,220098,High School,9,Married-civ-spouse,Other, Wife,*,Female,0,0,40,North America,>50K
391,"[20, 30[", Private,301302,Undergraduate,13,Never-married,Technical, Not-in-family,*,Male,0,0,50,North America,<=50K
393,"[30, 40[", State-gov,98101,Undergraduate,13,Married-civ-spouse,Nontechnical, Husband,*,Male,7688,0,45,Unknown,>50K
394,"[30, 40[", Private,196164,High School,9,Never-married,Other, Not-in-family,*,Female,0,0,35,North America,<=50K
395,"[40, 50[", Private,115562,Undergraduate,10,Married-civ-spouse,Technical, Husband,*,Male,0,0,40,North America,<=50K
396,"[40, 50[", Private,96975,Undergraduate,10,Divorced,Nontechnical, Unmarried,*,Female,0,0,40,North America,<=50K
397,"[20, 30[", ?,137300,High School,9,Never-married,Other, Other-relative,*,Female,0,0,35,North America,<=50K
398,"[20, 30[", Private,86872,Undergraduate,13,Married-civ-spouse,Nontechnical, Husband,*,Male,0,0,55,North America,>50K
399,"[50, 60[", Self-emp-inc,132178,Undergraduate,13,Married-civ-spouse,Nontechnical, Husband,*,Male,0,0,50,North America,>50K
400,"[20, 30[", Private,416103,Undergraduate,10,Never-married,Nontechnical, Own-child,*,Male,0,0,40,North America,<=50K
401,"[20, 30[", Private,108574,Undergraduate,10,Never-married,Other, Not-in-family,*,Female,0,0,40,North America,<=50K
402,"[50, 60[", State-gov,288353,Undergraduate,13,Married-civ-spouse,Other, Husband,*,Male,0,0,40,North America,>50K
403,"[30, 40[", Private,227689,Professional Education,11,Divorced,Technical, Not-in-family,*,Female,0,0,64,North America,<=50K
404,"[20, 30[", Private,166481,High School,4,Married-civ-spouse,Nontechnical, Husband,*,Male,0,2179,40,North America,<=50K
405,"[40, 50[", Private,445382,Graduate,14,Married-civ-spouse,Nontechnical, Husband,*,Male,0,1977,65,North America,>50K
406,"[20, 30[", Private,110145,High School,9,Married-civ-spouse,Other, Husband,*,Male,0,0,40,North America,<=50K
407,"[40, 50[", Self-emp-not-inc,317253,High School,9,Married-civ-spouse,Technical, Husband,*,Male,0,0,25,North America,<=50K
408,"[20, 30[", ?,123147,Undergraduate,10,Married-civ-spouse,Other, Wife,*,Female,0,1887,40,North America,>50K
409,"[30, 40[", Private,364657,Undergraduate,10,Married-civ-spouse,Nontechnical, Husband,*,Male,0,0,50,North America,<=50K
410,"[40, 50[", Local-gov,42346,Undergraduate,10,Divorced,Other, Not-in-family,*,Female,0,0,24,North America,<=50K
411,"[20, 30[", Private,241951,High School,9,Never-married,Nontechnical, Unmarried,*,Female,0,0,40,North America,<=50K
412,"[30, 40[", Private,118500,Undergraduate,10,Divorced,Nontechnical, Unmarried,*,Female,0,0,40,North America,<=50K
413,"[40, 50[", Private,188386,Graduate,16,Married-civ-spouse,Nontechnical, Husband,*,Male,15024,0,60,North America,>50K
414,"[30, 40[", State-gov,1033222,Undergraduate,10,Married-civ-spouse,Technical, Husband,*,Male,0,0,40,North America,<=50K
415,"[30, 40[", Private,92440,High School,8,Divorced,Technical, Not-in-family,*,Male,0,0,50,North America,>50K
416,"[50, 60[", Private,190762,Primary School,2,Married-civ-spouse,Technical, Husband,*,Male,0,0,40,North America,<=50K
417,"[30, 40[", Private,426017,High School,7,Never-married,Other, Own-child,*,Female,0,0,19,North America,<=50K
418,"[30, 40[", Local-gov,243867,High School,7,Separated,Technical, Not-in-family,*,Male,0,0,40,North America,<=50K
419,"[30, 40[", State-gov,240283,High School,9,Divorced,Other, Unmarried,*,Female,0,0,40,North America,<=50K
420,"[20, 30[", Private,61777,Undergraduate,10,Married-civ-spouse,Nontechnical, Husband,*,Male,0,0,30,North America,<=50K
421,"[10, 20[", Private,175024,High School,7,Never-married,Nontechnical, Own-child,*,Male,2176,0,18,North America,<=50K
422,"[30, 40[", State-gov,92003,Undergraduate,13,Married-civ-spouse,Nontechnical, Wife,*,Female,0,0,40,North America,>50K
423,"[20, 30[", Private,188401,High School,9,Divorced,Other, Not-in-family,*,Male,0,0,40,North America,<=50K
424,"[30, 40[", Private,228528,High School,6,Never-married,Technical, Unmarried,*,Female,0,0,35,North America,<=50K
425,"[20, 30[", Private,133373,High School,9,Married-civ-spouse,Other, Husband,*,Male,0,0,60,North America,<=50K
426,"[30, 40[", Federal-gov,255191,Graduate,14,Never-married,Technical, Not-in-family,*,Male,0,1408,40,North America,<=50K
427,"[20, 30[", Private,204653,High School,9,Never-married,Nontechnical, Not-in-family,*,Male,0,0,72,North America,<=50K
428,"[60, 70[", Self-emp-inc,222289,High School,9,Married-civ-spouse,Nontechnical, Husband,*,Male,0,0,40,North America,>50K
429,"[40, 50[", Local-gov,287480,Graduate,14,Married-civ-spouse,Technical, Husband,*,Male,0,0,40,North America,<=50K
431,"[10, 20[", ?,202521,High School,7,Never-married,Other, Own-child,*,Male,0,0,40,North America,<=50K
433,"[30, 40[", Private,29662,Professional Education,12,Married-civ-spouse,Other, Wife,*,Female,0,0,25,North America,>50K
434,"[20, 30[", Private,116358,Undergraduate,10,Never-married,Technical, Own-child,*,Male,0,1980,40,Asia,<=50K
435,"[30, 40[", Private,208405,Graduate,14,Married-civ-spouse,Technical, Husband,*,Male,0,0,50,North America,>50K
436,"[30, 40[", Local-gov,284843,High School,9,Never-married,Other, Not-in-family,*,Male,594,0,60,North America,<=50K
437,"[30, 40[", Local-gov,117018,Undergraduate,10,Never-married,Other, Not-in-family,*,Female,0,0,40,North America,<=50K
438,"[20, 30[", Private,81281,Undergraduate,10,Married-civ-spouse,Other, Husband,*,Male,0,0,40,North America,<=50K
439,"[40, 50[", Local-gov,340148,Undergraduate,10,Married-civ-spouse,Other, Wife,*,Female,0,0,40,North America,<=50K
440,"[20, 30[", Private,363425,Undergraduate,13,Never-married,Technical, Not-in-family,*,Male,0,0,40,North America,<=50K
441,"[40, 50[", Private,45857,High School,9,Divorced,Other, Not-in-family,*,Female,0,0,28,North America,<=50K
442,"[20, 30[", Federal-gov,191073,High School,9,Never-married,Other, Own-child,*,Male,0,0,40,North America,<=50K
443,"[40, 50[", Private,116632,Undergraduate,10,Married-civ-spouse,Technical, Husband,*,Male,0,0,40,North America,>50K
444,"[20, 30[", Private,405855,High School,5,Never-married,Technical, Other-relative,*,Male,0,0,40,North America,<=50K
445,"[20, 30[", Private,298227,Undergraduate,10,Never-married,Nontechnical, Not-in-family,*,Male,0,0,35,North America,<=50K
447,"[50, 60[", Private,56915,High School,9,Married-civ-spouse,Technical, Husband,*,Male,0,0,40,North America,<=50K
448,"[20, 30[", Private,146538,High School,9,Married-civ-spouse,Technical, Husband,*,Male,0,0,40,North America,<=50K
449,"[10, 20[", ?,258872,High School,7,Never-married,Other, Own-child,*,Female,0,0,5,North America,<=50K
450,"[10, 20[", Private,206399,High School,9,Never-married,Technical, Own-child,*,Female,0,0,40,North America,<=50K
451,"[40, 50[", Self-emp-inc,197332,Undergraduate,10,Married-civ-spouse,Technical, Husband,*,Male,0,0,55,North America,>50K
452,"[60, 70[", Private,245062,High School,9,Married-civ-spouse,Technical, Husband,*,Male,0,0,40,North America,>50K
454,"[40, 50[", Self-emp-not-inc,234885,High School,9,Married-civ-spouse,Nontechnical, Wife,*,Female,0,0,40,North America,>50K
455,"[40, 50[", Private,72887,Professional Education,11,Married-civ-spouse,Technical, Husband,*,Male,0,0,40,North America,>50K
456,"[30, 40[", Private,180374,High School,9,Married-civ-spouse,Nontechnical, Wife,*,Female,0,0,40,North America,<=50K
457,"[30, 40[", Private,351299,Undergraduate,10,Married-civ-spouse,Other, Husband,*,Male,0,0,50,North America,<=50K
458,"[20, 30[", Private,54012,High School,9,Married-civ-spouse,Other, Husband,*,Male,0,0,60,North America,<=50K
459,"[30, 40[", ?,115745,Undergraduate,10,Married-civ-spouse,Other, Husband,*,Male,0,0,40,North America,<=50K
460,"[40, 50[", Private,116632,Professional Education,12,Never-married,Other, Own-child,*,Male,0,0,40,North America,<=50K
461,"[50, 60[", Local-gov,288825,High School,9,Married-civ-spouse,Other, Husband,*,Male,0,0,40,North America,<=50K
462,"[30, 40[", Private,132601,Undergraduate,13,Married-civ-spouse,Technical, Husband,*,Male,0,0,50,North America,<=50K
464,"[20, 30[", Private,170070,Undergraduate,13,Never-married,Technical, Not-in-family,*,Female,0,0,20,North America,<=50K
465,"[30, 40[", Private,126708,High School,9,Married-civ-spouse,Other, Wife,*,Female,0,0,60,North America,<=50K
466,"[50, 60[", Private,35598,High School,9,Divorced,Other, Unmarried,*,Male,0,0,40,North America,<=50K
467,"[30, 40[", Private,33983,Undergraduate,10,Married-civ-spouse,Other, Husband,*,Male,0,0,40,North America,<=50K
468,"[40, 50[", Private,192776,Graduate,14,Married-civ-spouse,Nontechnical, Husband,*,Male,0,1977,45,North America,>50K
469,"[30, 40[", Private,118551,Undergraduate,13,Married-civ-spouse,Technical, Wife,*,Female,0,0,16,North America,>50K
471,"[20, 30[", ?,139883,Undergraduate,10,Never-married,Other, Own-child,*,Male,0,0,40,North America,<=50K
472,"[30, 40[", Private,285020,High School,9,Never-married,Technical, Not-in-family,*,Male,0,0,40,North America,<=50K
473,"[30, 40[", Private,303990,High School,9,Never-married,Other, Not-in-family,*,Male,0,0,60,North America,<=50K
475,"[40, 50[", Private,279196,Undergraduate,13,Never-married,Technical, Not-in-family,*,Female,0,0,40,North America,<=50K
476,"[10, 20[", Private,211870,High School,5,Never-married,Other, Not-in-family,*,Male,0,0,6,North America,<=50K
477,"[20, 30[", Private,281432,Undergraduate,10,Never-married,Nontechnical, Own-child,*,Male,0,0,30,North America,<=50K
478,"[20, 30[", Private,161155,High School,6,Never-married,Other, Not-in-family,*,Male,0,0,40,North America,<=50K
479,"[20, 30[", Private,197904,High School,9,Never-married,Other, Unmarried,*,Female,0,0,35,North America,<=50K
481,"[40, 50[", Self-emp-not-inc,170721,Undergraduate,10,Married-civ-spouse,Technical, Husband,*,Male,0,0,20,North America,<=50K
482,"[20, 30[", State-gov,70100,Undergraduate,13,Never-married,Technical, Not-in-family,*,Male,0,0,20,North America,<=50K
484,"[50, 60[", ?,271749,High School,8,Never-married,Other, Other-relative,*,Male,594,0,40,North America,<=50K
485,"[20, 30[", Private,189775,Undergraduate,10,Married-spouse-absent,Other, Own-child,*,Female,0,0,20,North America,<=50K
486,"[60, 70[", ?,401531,Primary School,2,Married-civ-spouse,Other, Husband,*,Male,0,0,35,North America,<=50K
487,"[50, 60[", Local-gov,286967,High School,9,Married-civ-spouse,Other, Husband,*,Male,0,0,45,North America,<=50K
488,"[40, 50[", Local-gov,164427,Undergraduate,13,Divorced,Technical, Unmarried,*,Female,0,0,40,North America,<=50K
489,"[30, 40[", Private,91039,Undergraduate,13,Married-civ-spouse,Nontechnical, Husband,*,Male,15024,0,60,North America,>50K
490,"[40, 50[", Private,347934,High School,9,Never-married,Other, Not-in-family,*,Female,0,0,35,North America,<=50K
491,"[40, 50[", Federal-gov,371373,High School,9,Divorced,Other, Not-in-family,*,Male,0,0,40,North America,<=50K
493,"[30, 40[", Private,187251,High School,9,Divorced,Technical, Unmarried,*,Female,0,0,25,North America,<=50K
494,"[30, 40[", Private,178107,Undergraduate,13,Never-married,Technical, Own-child,*,Male,0,0,20,North America,<=50K
495,"[40, 50[", Private,343121,High School,9,Divorced,Other, Unmarried,*,Female,0,0,36,North America,<=50K
496,"[20, 30[", Private,262749,Undergraduate,10,Never-married,Technical, Own-child,*,Male,0,0,40,North America,<=50K
497,"[20, 30[", Private,403107,Primary School,3,Never-married,Other, Own-child,*,Male,0,0,40,North America,<=50K
498,"[20, 30[", Private,64293,Undergraduate,10,Never-married,Technical, Not-in-family,*,Female,0,0,35,North America,<=50K
499,"[70, 80[", ?,303588,High School,9,Married-civ-spouse,Other, Husband,*,Male,0,0,20,North America,<=50K
501,"[60, 70[", Local-gov,114060,High School,9,Married-civ-spouse,Other, Husband,*,Male,0,0,40,North America,<=50K
502,"[50, 60[", Private,48925,Undergraduate,10,Married-civ-spouse,Other, Husband,*,Male,0,0,40,North America,<=50K
504,"[20, 30[", Private,181054,Undergraduate,13,Never-married,Nontechnical, Not-in-family,*,Female,0,0,40,North America,<=50K
505,"[20, 30[", Private,388093,Undergraduate,13,Never-married,Nontechnical, Not-in-family,*,Male,0,0,40,North America,<=50K
506,"[10, 20[", Private,249609,Undergraduate,10,Never-married,Other, Own-child,*,Male,0,0,8,North America,<=50K
507,"[40, 50[", Private,112131,Undergraduate,10,Married-civ-spouse,Nontechnical, Husband,*,Male,0,0,40,North America,<=50K
508,"[40, 50[", Local-gov,543162,High School,9,Separated,Other, Unmarried,*,Female,0,0,40,North America,<=50K
509,"[30, 40[", Private,91996,High School,9,Divorced,Other, Unmarried,*,Female,0,0,40,North America,<=50K
512,"[30, 40[", Private,37070,Professional Education,11,Never-married,Technical, Not-in-family,*,Male,0,0,45,North America,<=50K
513,"[30, 40[", Private,337587,Undergraduate,10,Married-civ-spouse,Technical, Husband,*,Male,0,0,50,North America,>50K
514,"[20, 30[", Private,189346,High School,9,Divorced,Technical, Not-in-family,*,Male,0,0,45,North America,<=50K
516,"[20, 30[", Private,267044,Undergraduate,10,Never-married,Other, Not-in-family,*,Female,0,0,20,North America,<=50K
517,"[20, 30[", ?,214635,Undergraduate,10,Never-married,Other, Own-child,*,Male,0,0,24,North America,<=50K
518,"[20, 30[", ?,204226,Undergraduate,10,Never-married,Other, Unmarried,*,Female,0,0,35,North America,<=50K
519,"[30, 40[", Private,108116,Undergraduate,13,Married-civ-spouse,Technical, Husband,*,Male,0,0,50,North America,>50K
520,"[30, 40[", Self-emp-inc,99146,Undergraduate,13,Married-civ-spouse,Nontechnical, Husband,*,Male,15024,0,80,North America,>50K
521,"[50, 60[", Private,196232,High School,9,Married-civ-spouse,Nontechnical, Husband,*,Male,7688,0,50,North America,>50K
522,"[20, 30[", Local-gov,248344,Undergraduate,10,Divorced,Nontechnical, Not-in-family,*,Male,0,0,50,North America,<=50K
523,"[30, 40[", Local-gov,186035,Undergraduate,10,Married-civ-spouse,Technical, Husband,*,Male,0,0,45,North America,>50K
524,"[40, 50[", Private,177905,Undergraduate,10,Divorced,Technical, Unmarried,*,Male,0,0,58,North America,>50K
525,"[20, 30[", Private,85812,Undergraduate,10,Married-civ-spouse,Nontechnical, Wife,*,Female,0,0,40,North America,<=50K
526,"[40, 50[", Private,221172,Undergraduate,13,Married-civ-spouse,Nontechnical, Husband,*,Male,0,0,40,North America,>50K
528,"[30, 40[", Self-emp-not-inc,190387,High School,9,Married-civ-spouse,Technical, Husband,*,Male,0,0,50,North America,<=50K
529,"[40, 50[", Self-emp-not-inc,202692,Graduate,14,Married-civ-spouse,Technical, Husband,*,Male,0,0,40,North America,<=50K
530,"[40, 50[", Private,109339,High School,7,Divorced,Technical, Unmarried,*,Female,0,0,46,North America,<=50K
531,"[20, 30[", Private,108658,High School,9,Never-married,Technical, Not-in-family,*,Male,0,0,40,North America,<=50K
532,"[30, 40[", Private,197202,High School,9,Married-civ-spouse,Other, Husband,*,Male,0,0,40,North America,<=50K
533,"[40, 50[", Private,101739,Professional Education,12,Married-civ-spouse,Nontechnical, Wife,*,Female,0,0,50,North America,>50K
534,"[60, 70[", Private,231559,Professional Education,15,Married-civ-spouse,Technical, Husband,*,Male,20051,0,48,North America,>50K
535,"[30, 40[", Local-gov,207853,High School,8,Married-civ-spouse,Technical, Husband,*,Male,0,0,50,North America,<=50K
538,"[30, 40[", Self-emp-inc,41493,Undergraduate,13,Never-married,Other, Not-in-family,*,Female,0,0,45,North America,<=50K
539,"[30, 40[", ?,190027,High School,9,Never-married,Other, Unmarried,*,Female,0,0,40,North America,<=50K
540,"[40, 50[", Private,210525,Undergraduate,10,Married-civ-spouse,Other, Husband,*,Male,0,0,40,North America,<=50K
541,"[20, 30[", Private,133937,Graduate,16,Never-married,Technical, Own-child,*,Male,0,0,40,North America,<=50K
542,"[30, 40[", Private,237903,Undergraduate,10,Never-married,Nontechnical, Unmarried,*,Female,0,0,40,North America,<=50K
543,"[20, 30[", Private,163862,High School,9,Never-married,Other, Not-in-family,*,Male,0,0,40,North America,<=50K
544,"[20, 30[", Private,201872,Undergraduate,10,Married-civ-spouse,Nontechnical, Husband,*,Male,0,0,50,North America,<=50K
545,"[30, 40[", Private,84179,High School,9,Never-married,Nontechnical, Not-in-family,*,Female,0,0,45,North America,<=50K
546,"[50, 60[", Private,51662,High School,6,Married-civ-spouse,Other, Wife,*,Female,0,0,8,North America,<=50K
547,"[30, 40[", Local-gov,233327,Undergraduate,10,Married-civ-spouse,Other, Husband,*,Male,0,0,40,North America,<=50K
548,"[20, 30[", Private,259510,High School,9,Never-married,Nontechnical, Own-child,*,Male,0,0,36,North America,<=50K
549,"[20, 30[", Private,184831,Undergraduate,10,Never-married,Technical, Unmarried,*,Male,0,0,40,North America,<=50K
550,"[40, 50[", Self-emp-not-inc,245724,Undergraduate,10,Divorced,Nontechnical, Not-in-family,*,Male,0,0,50,North America,<=50K
551,"[30, 40[", Self-emp-not-inc,27053,High School,9,Separated,Other, Unmarried,*,Female,0,0,40,North America,<=50K
552,"[70, 80[", Private,205343,High School,7,Widowed,Other, Unmarried,*,Female,0,0,40,North America,<=50K
553,"[30, 40[", Private,229328,High School,9,Married-civ-spouse,Technical, Wife,*,Female,0,0,40,North America,<=50K
554,"[30, 40[", Federal-gov,319560,Professional Education,11,Divorced,Technical, Unmarried,*,Female,0,0,40,North America,>50K
556,"[30, 40[", Private,54576,High School,9,Married-civ-spouse,Technical, Husband,*,Male,0,0,40,North America,<=50K
558,"[30, 40[", Private,148291,High School,9,Married-civ-spouse,Technical, Wife,*,Female,0,0,32,North America,<=50K
559,"[30, 40[", Private,152453,High School,7,Married-civ-spouse,Other, Husband,*,Male,0,0,40,North America,<=50K
560,"[20, 30[", Private,114053,Undergraduate,13,Never-married,Other, Not-in-family,*,Male,0,0,55,North America,<=50K
561,"[50, 60[", Private,212960,Undergraduate,13,Married-civ-spouse,Nontechnical, Husband,*,Male,0,0,35,North America,>50K
562,"[40, 50[", Private,264052,Undergraduate,10,Married-civ-spouse,Technical, Husband,*,Male,0,0,50,North America,>50K
563,"[20, 30[", Private,82804,High School,9,Never-married,Nontechnical, Unmarried,*,Female,0,0,40,North America,<=50K
564,"[50, 60[", Self-emp-not-inc,334273,Undergraduate,13,Married-civ-spouse,Technical, Husband,*,Male,0,0,60,North America,>50K
565,"[20, 30[", Private,27337,High School,9,Never-married,Nontechnical, Own-child,*,Male,0,0,48,North America,<=50K
566,"[40, 50[", Self-emp-inc,188436,Graduate,14,Married-civ-spouse,Nontechnical, Husband,*,Male,5013,0,45,North America,<=50K
567,"[40, 50[", Private,433665,High School,4,Separated,Other, Unmarried,*,Female,0,0,40,North America,<=50K
568,"[20, 30[", Self-emp-not-inc,110663,High School,9,Separated,Technical, Not-in-family,*,Male,0,0,35,North America,<=50K
569,"[40, 50[", Private,87490,Graduate,14,Divorced,Nontechnical, Unmarried,*,Male,0,0,42,North America,<=50K
570,"[20, 30[", Private,354351,High School,9,Never-married,Technical, Own-child,*,Male,0,0,40,North America,<=50K
571,"[50, 60[", Private,95469,High School,9,Married-civ-spouse,Technical, Husband,*,Male,0,0,40,North America,<=50K
572,"[10, 20[", Private,242718,High School,7,Never-married,Nontechnical, Own-child,*,Male,0,0,12,North America,<=50K
573,"[30, 40[", Private,22463,Professional Education,11,Married-civ-spouse,Technical, Husband,*,Male,0,1977,40,North America,>50K
574,"[20, 30[", Private,158156,Graduate,16,Never-married,Technical, Not-in-family,*,Female,0,0,70,North America,<=50K
575,"[20, 30[", Private,350162,Undergraduate,13,Married-civ-spouse,Nontechnical, Wife,*,Male,0,0,40,North America,>50K
576,"[10, 20[", ?,165532,High School,8,Never-married,Other, Own-child,*,Male,0,0,25,North America,<=50K
577,"[30, 40[", Self-emp-not-inc,28738,Professional Education,12,Divorced,Nontechnical, Unmarried,*,Female,0,0,35,North America,<=50K
578,"[50, 60[", Local-gov,283635,Undergraduate,13,Never-married,Technical, Not-in-family,*,Female,0,0,40,North America,<=50K
579,"[20, 30[", Self-emp-not-inc,86646,Undergraduate,10,Married-civ-spouse,Technical, Husband,*,Male,0,0,45,North America,<=50K
580,"[60, 70[", ?,195733,Undergraduate,10,Married-civ-spouse,Other, Husband,*,Male,0,0,30,North America,>50K
581,"[50, 60[", Private,69884,High School,9,Married-civ-spouse,Nontechnical, Husband,*,Male,0,0,40,North America,>50K
582,"[50, 60[", Private,199713,High School,9,Married-civ-spouse,Technical, Husband,*,Male,0,0,40,North America,<=50K
583,"[20, 30[", Private,181659,High School,9,Married-civ-spouse,Technical, Husband,*,Male,0,0,40,North America,<=50K
584,"[30, 40[", Self-emp-not-inc,340939,Undergraduate,13,Never-married,Technical, Not-in-family,*,Male,0,0,40,North America,<=50K
585,"[20, 30[", Private,197747,Undergraduate,10,Never-married,Nontechnical, Own-child,*,Female,0,0,24,North America,<=50K
586,"[20, 30[", Private,34292,Undergraduate,10,Never-married,Other, Not-in-family,*,Male,0,0,60,North America,<=50K
587,"[10, 20[", Private,156764,High School,7,Never-married,Other, Own-child,*,Male,0,0,40,North America,<=50K
588,"[50, 60[", Private,25826,High School,6,Married-civ-spouse,Technical, Husband,*,Male,0,1887,47,North America,>50K
589,"[50, 60[", Self-emp-inc,103948,Undergraduate,13,Divorced,Technical, Not-in-family,*,Male,0,0,80,North America,<=50K
590,"[40, 50[", ?,137390,High School,9,Married-civ-spouse,Other, Husband,*,Male,0,0,40,North America,<=50K
591,"[50, 60[", ?,105138,High School,9,Married-civ-spouse,Other, Wife,*,Female,0,0,40,North America,<=50K
592,"[60, 70[", Private,39352,High School,4,Never-married,Other, Not-in-family,*,Male,0,0,48,North America,>50K
593,"[30, 40[", Private,168387,Undergraduate,13,Married-civ-spouse,Technical, Husband,*,Male,7688,0,40,North America,>50K
594,"[20, 30[", Private,117789,Undergraduate,13,Never-married,Other, Own-child,*,Female,0,0,40,North America,<=50K
595,"[20, 30[", Private,267147,High School,9,Never-married,Nontechnical, Own-child,*,Male,0,0,40,North America,<=50K
596,"[20, 30[", ?,99399,Undergraduate,10,Never-married,Other, Unmarried,*,Female,0,0,25,North America,<=50K
597,"[40, 50[", Self-emp-not-inc,214242,Professional Education,15,Married-civ-spouse,Technical, Husband,*,Male,0,1902,50,North America,>50K
598,"[20, 30[", Private,200408,Undergraduate,10,Never-married,Technical, Not-in-family,*,Male,2174,0,40,North America,<=50K
599,"[40, 50[", Private,136455,Undergraduate,13,Never-married,Technical, Not-in-family,*,Female,0,0,45,North America,<=50K
600,"[30, 40[", Private,239824,Undergraduate,13,Never-married,Technical, Not-in-family,*,Male,0,0,40,North America,<=50K
601,"[10, 20[", Private,217039,Undergraduate,10,Never-married,Other, Own-child,*,Male,0,0,28,North America,<=50K
602,"[60, 70[", Private,51290,High School,4,Divorced,Other, Not-in-family,*,Female,0,0,40,North America,<=50K
603,"[40, 50[", Local-gov,175674,High School,5,Married-civ-spouse,Other, Husband,*,Male,0,0,40,North America,<=50K
604,"[30, 40[", Self-emp-not-inc,194404,Professional Education,12,Never-married,Other, Not-in-family,*,Male,0,0,40,North America,<=50K
605,"[40, 50[", Private,45612,High School,9,Never-married,Other, Unmarried,*,Female,0,0,37,North America,<=50K
606,"[50, 60[", Private,410114,Graduate,14,Married-civ-spouse,Technical, Husband,*,Male,0,0,40,North America,>50K
607,"[20, 30[", Private,182521,High School,9,Never-married,Technical, Not-in-family,*,Male,0,0,40,North America,<=50K
608,"[30, 40[", Local-gov,339772,High School,9,Separated,Nontechnical, Not-in-family,*,Male,0,0,40,North America,<=50K
609,"[10, 20[", Private,169658,High School,6,Never-married,Other, Own-child,*,Female,0,0,21,North America,<=50K
610,"[50, 60[", Private,200853,Graduate,14,Divorced,Technical, Not-in-family,*,Female,6849,0,60,North America,<=50K
611,"[20, 30[", Private,247564,High School,9,Never-married,Technical, Not-in-family,*,Male,0,0,40,North America,<=50K
612,"[20, 30[", Private,249909,High School,9,Married-civ-spouse,Nontechnical, Husband,*,Male,0,0,50,North America,<=50K
613,"[20, 30[", Local-gov,208122,Undergraduate,13,Never-married,Technical, Own-child,*,Male,1055,0,40,North America,<=50K
614,"[20, 30[", Private,109881,Undergraduate,13,Never-married,Other, Own-child,*,Female,0,0,20,North America,<=50K
615,"[30, 40[", Private,207824,High School,9,Never-married,Nontechnical, Own-child,*,Male,0,0,60,North America,<=50K
616,"[30, 40[", Private,369027,High School,9,Married-civ-spouse,Other, Husband,*,Male,0,0,45,North America,<=50K
617,"[50, 60[", Self-emp-not-inc,114117,High School,9,Married-civ-spouse,Nontechnical, Husband,*,Male,0,0,32,North America,<=50K
618,"[50, 60[", Self-emp-inc,51048,Undergraduate,13,Married-civ-spouse,Nontechnical, Husband,*,Male,0,0,55,North America,<=50K
619,"[40, 50[", Private,102388,Professional Education,15,Married-civ-spouse,Technical, Husband,*,Male,15024,0,45,North America,>50K
620,"[20, 30[", Private,190483,Undergraduate,13,Never-married,Nontechnical, Own-child,*,Female,0,0,20,North America,<=50K
621,"[40, 50[", Private,462440,High School,7,Widowed,Other, Not-in-family,*,Female,0,0,20,North America,<=50K
622,"[60, 70[", Private,109351,High School,5,Widowed,Other, Unmarried,*,Female,0,0,24,North America,<=50K
623,"[20, 30[", Private,34383,Professional Education,11,Married-civ-spouse,Other, Husband,*,Male,0,0,55,North America,<=50K
625,"[30, 40[", Private,124187,High School,9,Never-married,Other, Own-child,*,Male,0,0,60,North America,<=50K
626,"[30, 40[", Private,153614,High School,9,Married-civ-spouse,Nontechnical, Husband,*,Male,0,0,45,North America,>50K
627,"[30, 40[", Self-emp-not-inc,267556,High School,9,Married-civ-spouse,Nontechnical, Husband,*,Male,0,0,64,North America,<=50K
628,"[30, 40[", Private,205469,Undergraduate,10,Married-civ-spouse,Nontechnical, Husband,*,Male,0,0,40,North America,>50K
629,"[40, 50[", Private,268090,Undergraduate,13,Married-civ-spouse,Nontechnical, Husband,*,Male,0,0,26,North America,>50K
630,"[40, 50[", Self-emp-not-inc,165039,Undergraduate,10,Never-married,Other, Unmarried,*,Female,0,0,40,North America,<=50K
631,"[40, 50[", Local-gov,120451,High School,6,Separated,Other, Unmarried,*,Female,0,0,40,North America,<=50K
632,"[40, 50[", Private,154374,Undergraduate,10,Married-civ-spouse,Technical, Husband,*,Male,15024,0,60,North America,>50K
633,"[30, 40[", Private,103649,Undergraduate,13,Married-civ-spouse,Other, Wife,*,Female,0,0,40,North America,>50K
634,"[50, 60[", Self-emp-not-inc,35723,High School,9,Married-civ-spouse,Technical, Husband,*,Male,0,0,60,North America,<=50K
635,"[10, 20[", Private,262601,High School,9,Never-married,Other, Own-child,*,Female,0,0,14,North America,<=50K
636,"[20, 30[", Private,226181,Undergraduate,13,Never-married,Nontechnical, Not-in-family,*,Male,0,0,40,North America,<=50K
637,"[30, 40[", Private,175697,Undergraduate,13,Married-civ-spouse,Nontechnical, Husband,*,Male,15024,0,60,North America,>50K
638,"[40, 50[", Self-emp-inc,248145,Primary School,3,Married-civ-spouse,Other, Husband,*,Male,0,0,50,North America,<=50K
639,"[50, 60[", Self-emp-not-inc,289436,Graduate,16,Married-civ-spouse,Technical, Husband,*,Male,0,0,60,North America,>50K
640,"[20, 30[", Private,75654,High School,9,Divorced,Technical, Not-in-family,*,Male,0,0,55,North America,<=50K
641,"[60, 70[", Private,199378,High School,9,Married-civ-spouse,Technical, Husband,*,Male,0,0,40,North America,<=50K
642,"[20, 30[", Private,160968,Undergraduate,10,Never-married,Nontechnical, Own-child,*,Male,0,0,40,North America,<=50K
643,"[30, 40[", Private,188563,Undergraduate,10,Married-civ-spouse,Nontechnical, Husband,*,Male,5178,0,50,North America,>50K
644,"[30, 40[", Private,55849,Undergraduate,10,Married-civ-spouse,Technical, Husband,*,Male,0,0,45,North America,<=50K
646,"[30, 40[", Local-gov,402089,High School,9,Divorced,Other, Unmarried,*,Female,0,0,40,North America,<=50K
647,"[70, 80[", Private,78277,High School,9,Married-civ-spouse,Technical, Husband,*,Male,0,0,15,North America,<=50K
648,"[50, 60[", ?,158611,High School,9,Married-civ-spouse,Other, Husband,*,Male,0,0,50,North America,<=50K
649,"[30, 40[", State-gov,169496,Undergraduate,13,Married-civ-spouse,Technical, Husband,*,Male,0,0,40,North America,>50K
650,"[20, 30[", Private,130959,Undergraduate,10,Never-married,Other, Own-child,*,Male,0,0,20,North America,<=50K
651,"[20, 30[", Private,556660,High School,9,Never-married,Nontechnical, Other-relative,*,Male,4101,0,50,North America,<=50K
652,"[30, 40[", Private,292472,Graduate,16,Married-civ-spouse,Technical, Husband,*,Male,0,0,40,Asia,>50K
653,"[30, 40[", State-gov,143774,Undergraduate,10,Separated,Nontechnical, Not-in-family,*,Female,0,0,45,North America,<=50K
654,"[20, 30[", Private,288341,High School,9,Never-married,Technical, Own-child,*,Female,0,0,32,North America,<=50K
655,"[20, 30[", State-gov,71592,Undergraduate,10,Never-married,Other, Unmarried,*,Female,0,0,40,Asia,<=50K
656,"[70, 80[", ?,167358,High School,5,Widowed,Other, Unmarried,*,Female,1111,0,15,North America,<=50K
657,"[30, 40[", Private,106742,High School,9,Married-civ-spouse,Technical, Husband,*,Male,0,0,45,North America,<=50K
658,"[40, 50[", Private,219288,High School,4,Married-civ-spouse,Technical, Husband,*,Male,0,0,35,North America,<=50K
659,"[40, 50[", Private,174524,High School,9,Married-civ-spouse,Technical, Husband,*,Male,0,0,40,North America,>50K
660,"[40, 50[", Self-emp-not-inc,335183,High School,8,Married-civ-spouse,Nontechnical, Husband,*,Male,0,0,40,North America,>50K
661,"[30, 40[", Private,261293,Graduate,14,Never-married,Nontechnical, Not-in-family,*,Male,0,0,60,North America,<=50K
662,"[20, 30[", Private,111900,Undergraduate,10,Never-married,Technical, Not-in-family,*,Male,0,0,40,North America,<=50K
663,"[40, 50[", Local-gov,194360,Graduate,14,Never-married,Technical, Not-in-family,*,Male,0,0,38,North America,<=50K
664,"[20, 30[", Private,81145,Undergraduate,10,Never-married,Nontechnical, Not-in-family,*,Female,0,0,25,North America,<=50K
665,"[40, 50[", Private,341204,Professional Education,12,Divorced,Technical, Unmarried,*,Female,8614,0,40,North America,>50K
666,"[20, 30[", State-gov,249362,Undergraduate,10,Married-civ-spouse,Other, Husband,*,Male,3411,0,40,North America,<=50K
667,"[40, 50[", Private,247019,High School,9,Married-civ-spouse,Technical, Husband,*,Male,0,0,40,North America,>50K
669,"[20, 30[", Private,172146,High School,5,Never-married,Technical, Not-in-family,*,Male,0,1721,40,North America,<=50K
670,"[40, 50[", Federal-gov,110457,Undergraduate,10,Divorced,Nontechnical, Not-in-family,*,Male,0,0,40,North America,<=50K
671,"[10, 20[", ?,80077,High School,7,Never-married,Other, Own-child,*,Female,0,0,20,North America,<=50K
672,"[10, 20[", Self-emp-not-inc,368700,High School,7,Never-married,Other, Own-child,*,Male,0,0,10,North America,<=50K
673,"[30, 40[", Private,182556,Undergraduate,13,Married-civ-spouse,Nontechnical, Husband,*,Male,0,0,40,North America,>50K
674,"[50, 60[", Self-emp-inc,219420,High School,9,Married-civ-spouse,Nontechnical, Husband,*,Male,0,0,50,North America,>50K
675,"[20, 30[", Private,240817,High School,9,Never-married,Nontechnical, Own-child,*,Female,2597,0,40,North America,<=50K
676,"[10, 20[", Private,102726,High School,8,Never-married,Other, Own-child,*,Male,0,0,16,North America,<=50K
677,"[30, 40[", Private,226267,Undergraduate,10,Married-civ-spouse,Other, Husband,*,Male,0,0,40,North America,<=50K
678,"[30, 40[", Private,125457,High School,9,Never-married,Technical, Not-in-family,*,Male,0,0,45,North America,<=50K
680,"[20, 30[", Local-gov,92262,High School,9,Never-married,Other, Own-child,*,Male,0,0,48,North America,<=50K
682,"[30, 40[", Self-emp-not-inc,190290,High School,9,Married-civ-spouse,Technical, Husband,*,Male,0,0,40,North America,>50K
684,"[10, 20[", State-gov,59342,High School,7,Never-married,Other, Own-child,*,Female,0,0,5,North America,<=50K
685,"[30, 40[", Private,136721,High School,9,Divorced,Nontechnical, Not-in-family,*,Female,0,0,40,North America,<=50K
686,"[60, 70[", ?,149422,High School,4,Never-married,Other, Not-in-family,*,Male,0,0,4,North America,<=50K
687,"[40, 50[", Local-gov,86644,Undergraduate,13,Married-civ-spouse,Technical, Wife,*,Female,0,0,55,North America,<=50K
688,"[40, 50[", Private,195124,Graduate,14,Never-married,Nontechnical, Not-in-family,*,Male,0,0,35,North America,<=50K
689,"[20, 30[", Private,167350,High School,9,Never-married,Other, Other-relative,*,Male,0,0,30,North America,<=50K
690,"[50, 60[", Local-gov,113000,Undergraduate,10,Married-civ-spouse,Other, Husband,*,Male,0,0,40,North America,<=50K
691,"[20, 30[", Private,140027,Undergraduate,10,Never-married,Technical, Own-child,*,Female,0,0,45,North America,<=50K
692,"[40, 50[", Private,262425,Undergraduate,10,Married-civ-spouse,Technical, Husband,*,Male,0,0,50,North America,<=50K
693,"[20, 30[", Private,316702,Undergraduate,10,Never-married,Technical, Own-child,*,Male,0,0,20,North America,<=50K
694,"[20, 30[", State-gov,335453,Undergraduate,13,Never-married,Technical, Not-in-family,*,Female,0,0,20,North America,<=50K
695,"[20, 30[", ?,202480,Professional Education,12,Never-married,Other, Other-relative,*,Male,0,0,45,North America,<=50K
696,"[30, 40[", Private,203628,Graduate,14,Never-married,Technical, Not-in-family,*,Male,0,0,60,North America,>50K
697,"[30, 40[", Private,118710,Graduate,14,Married-civ-spouse,Technical, Husband,*,Male,0,1902,40,North America,>50K
699,"[10, 20[", Private,475028,High School,9,Never-married,Nontechnical, Own-child,*,Female,0,0,20,North America,<=50K
700,"[30, 40[", Local-gov,110866,Undergraduate,13,Never-married,Technical, Not-in-family,*,Male,0,0,50,North America,<=50K
702,"[20, 30[", Private,163870,Undergraduate,10,Never-married,Nontechnical, Own-child,*,Male,0,0,30,North America,<=50K
703,"[30, 40[", Self-emp-not-inc,80145,Undergraduate,10,Married-civ-spouse,Technical, Husband,*,Male,0,0,40,North America,<=50K
704,"[40, 50[", Private,295566,Graduate,16,Divorced,Technical, Unmarried,*,Female,25236,0,65,North America,>50K
705,"[40, 50[", Private,63042,Undergraduate,13,Divorced,Nontechnical, Own-child,*,Female,0,0,50,North America,>50K
706,"[40, 50[", Private,229148,High School,8,Married-civ-spouse,Other, Husband,*,Male,0,0,40,North America,<=50K
707,"[40, 50[", Private,242552,Undergraduate,10,Never-married,Nontechnical, Not-in-family,*,Male,0,0,40,North America,<=50K
708,"[60, 70[", Private,177665,High School,9,Married-civ-spouse,Technical, Husband,*,Male,0,0,35,North America,<=50K
709,"[10, 20[", Private,208103,High School,7,Never-married,Other, Other-relative,*,Male,0,0,25,North America,<=50K
710,"[20, 30[", Private,296450,Undergraduate,13,Married-civ-spouse,Technical, Husband,*,Male,0,0,40,North America,<=50K
711,"[30, 40[", Private,70282,Undergraduate,10,Divorced,Other, Unmarried,*,Female,0,0,40,North America,<=50K
713,"[40, 50[", Private,144995,Professional Education,11,Married-civ-spouse,Technical, Husband,*,Male,4386,0,40,North America,<=50K
714,"[30, 40[", Local-gov,382635,Undergraduate,13,Divorced,Other, Unmarried,*,Female,0,0,35,North America,<=50K
715,"[30, 40[", Private,295697,High School,9,Separated,Other, Unmarried,*,Female,0,0,40,North America,<=50K
716,"[30, 40[", Private,194141,High School,9,Married-civ-spouse,Technical, Husband,*,Male,0,0,40,North America,<=50K
717,"[10, 20[", State-gov,378418,High School,9,Never-married,Technical, Own-child,*,Female,0,0,40,North America,<=50K
718,"[20, 30[", Private,214399,Undergraduate,10,Never-married,Nontechnical, Own-child,*,Female,0,0,15,North America,<=50K
719,"[30, 40[", Private,217460,Undergraduate,13,Married-civ-spouse,Nontechnical, Husband,*,Male,0,0,45,North America,>50K
720,"[30, 40[", Private,182556,High School,9,Never-married,Other, Not-in-family,*,Male,0,0,40,North America,<=50K
721,"[40, 50[", Private,125831,High School,9,Married-civ-spouse,Technical, Husband,*,Male,0,2051,60,North America,<=50K
722,"[20, 30[", Private,271328,Undergraduate,13,Never-married,Technical, Not-in-family,*,Male,4650,0,40,North America,<=50K
723,"[50, 60[", Local-gov,50459,High School,9,Married-civ-spouse,Nontechnical, Husband,*,Male,0,0,42,North America,>50K
724,"[40, 50[", Private,162140,Undergraduate,13,Married-civ-spouse,Nontechnical, Husband,*,Male,7298,0,45,North America,>50K
726,"[40, 50[", Private,111502,High School,9,Married-civ-spouse,Nontechnical, Wife,*,Female,0,0,40,North America,<=50K
727,"[20, 30[", Private,299047,Undergraduate,10,Never-married,Other, Not-in-family,*,Female,0,0,20,North America,<=50K
728,"[30, 40[", Private,223212,High School,9,Married-civ-spouse,Other, Husband,*,Male,0,0,40,North America,<=50K
730,"[20, 30[", Private,352139,Undergraduate,10,Never-married,Other, Not-in-family,*,Female,0,0,24,North America,<=50K
731,"[50, 60[", Private,173093,Undergraduate,10,Divorced,Other, Not-in-family,*,Female,0,0,40,North America,<=50K
732,"[20, 30[", Private,181655,Professional Education,11,Married-civ-spouse,Other, Husband,*,Male,0,2377,45,North America,<=50K
733,"[20, 30[", Private,332702,Professional Education,11,Never-married,Other, Own-child,*,Female,0,0,15,North America,<=50K
734,"[40, 50[", ?,51164,Undergraduate,10,Married-civ-spouse,Other, Wife,*,Female,0,0,40,North America,<=50K
735,"[30, 40[", Private,234901,Undergraduate,10,Married-civ-spouse,Technical, Husband,*,Male,2407,0,40,North America,<=50K
736,"[30, 40[", Private,131414,Undergraduate,10,Never-married,Nontechnical, Not-in-family,*,Female,0,0,36,North America,<=50K
737,"[40, 50[", State-gov,260960,Undergraduate,13,Married-civ-spouse,Technical, Husband,*,Male,0,0,50,North America,<=50K
738,"[50, 60[", Private,156052,High School,9,Widowed,Other, Unmarried,*,Female,594,0,20,North America,<=50K
739,"[40, 50[", Private,279914,Undergraduate,13,Married-civ-spouse,Technical, Husband,*,Male,0,0,40,North America,>50K
740,"[10, 20[", Private,192453,Undergraduate,10,Never-married,Other, Other-relative,*,Female,0,0,25,North America,<=50K
741,"[50, 60[", Self-emp-not-inc,200939,High School,9,Married-civ-spouse,Other, Husband,*,Male,0,0,72,North America,<=50K
742,"[40, 50[", Private,151408,Graduate,14,Never-married,Nontechnical, Not-in-family,*,Female,14084,0,50,North America,>50K
743,"[20, 30[", Private,112847,Professional Education,11,Never-married,Technical, Own-child,*,Male,0,0,40,North America,<=50K
744,"[10, 20[", Private,316929,High School,8,Never-married,Nontechnical, Own-child,*,Male,0,0,20,North America,<=50K
745,"[40, 50[", Local-gov,126319,Undergraduate,13,Married-civ-spouse,Technical, Wife,*,Female,0,0,40,North America,>50K
746,"[50, 60[", Private,197422,High School,9,Married-civ-spouse,Other, Husband,*,Male,7688,0,40,North America,>50K
747,"[30, 40[", Private,267736,Undergraduate,10,Never-married,Other, Own-child,*,Female,0,0,40,North America,<=50K
748,"[20, 30[", Private,267034,High School,7,Never-married,Technical, Own-child,*,Male,0,0,40,North America,<=50K
749,"[40, 50[", State-gov,193047,Undergraduate,13,Married-civ-spouse,Technical, Husband,*,Male,0,0,37,North America,<=50K
750,"[20, 30[", State-gov,356089,Undergraduate,13,Married-civ-spouse,Nontechnical, Husband,*,Male,7688,0,40,North America,>50K
751,"[20, 30[", Private,223515,Undergraduate,13,Never-married,Technical, Unmarried,*,Male,0,0,20,North America,<=50K
752,"[50, 60[", Self-emp-not-inc,87510,High School,6,Married-civ-spouse,Technical, Husband,*,Male,0,0,40,North America,<=50K
753,"[20, 30[", Private,145111,High School,9,Never-married,Other, Unmarried,*,Male,0,0,50,North America,<=50K
754,"[30, 40[", Private,48093,High School,9,Never-married,Nontechnical, Not-in-family,*,Male,0,0,40,North America,<=50K
755,"[20, 30[", Private,31757,Professional Education,11,Never-married,Technical, Own-child,*,Male,0,0,38,North America,<=50K
756,"[50, 60[", Private,285854,High School,9,Married-civ-spouse,Other, Husband,*,Male,0,0,40,North America,>50K
757,"[30, 40[", Local-gov,120064,Undergraduate,13,Never-married,Technical, Not-in-family,*,Female,0,0,45,North America,<=50K
758,"[40, 50[", Federal-gov,167381,High School,9,Married-civ-spouse,Other, Wife,*,Female,0,0,40,North America,>50K
759,"[30, 40[", Private,103408,High School,9,Never-married,Other, Not-in-family,*,Male,0,0,40,North America,<=50K
760,"[30, 40[", Private,101460,High School,9,Never-married,Other, Not-in-family,*,Female,0,0,18,North America,<=50K
761,"[50, 60[", Local-gov,420537,High School,9,Married-civ-spouse,Other, Wife,*,Female,0,0,38,North America,>50K
763,"[50, 60[", Self-emp-inc,128272,Graduate,16,Married-civ-spouse,Nontechnical, Husband,*,Male,0,0,70,North America,>50K
764,"[50, 60[", Private,386773,Undergraduate,13,Never-married,Nontechnical, Not-in-family,*,Male,0,0,55,North America,>50K
765,"[30, 40[", Private,283268,High School,6,Separated,Other, Unmarried,*,Female,0,0,42,North America,<=50K
768,"[40, 50[", Self-emp-not-inc,106252,Undergraduate,13,Divorced,Nontechnical, Not-in-family,*,Female,0,0,50,North America,<=50K
769,"[30, 40[", Private,188557,High School,9,Never-married,Technical, Not-in-family,*,Male,0,0,40,North America,<=50K
770,"[20, 30[", Private,171114,Undergraduate,10,Never-married,Other, Not-in-family,*,Female,0,0,38,North America,<=50K
772,"[30, 40[", Private,244147,High School,9,Divorced,Technical, Unmarried,*,Male,0,0,55,North America,<=50K
773,"[30, 40[", Private,280282,Professional Education,11,Married-civ-spouse,Technical, Wife,*,Female,0,0,24,North America,>50K
774,"[50, 60[", Private,116442,High School,9,Never-married,Nontechnical, Not-in-family,*,Male,0,0,38,North America,<=50K
776,"[30, 40[", Private,51838,Undergraduate,10,Divorced,Other, Unmarried,*,Female,0,0,40,North America,<=50K
778,"[40, 50[", Private,226902,Undergraduate,13,Married-civ-spouse,Nontechnical, Husband,*,Male,0,0,50,North America,>50K
779,"[50, 60[", Private,279129,Undergraduate,10,Never-married,Technical, Not-in-family,*,Male,0,0,40,North America,<=50K
780,"[40, 50[", State-gov,146908,Undergraduate,10,Married-civ-spouse,Technical, Husband,*,Male,0,0,40,Unknown,<=50K
781,"[20, 30[", Private,196690,Professional Education,11,Never-married,Technical, Not-in-family,*,Female,0,1669,42,North America,<=50K
782,"[40, 50[", Private,130760,Professional Education,11,Married-civ-spouse,Nontechnical, Husband,*,Male,0,0,50,North America,>50K
783,"[40, 50[", Self-emp-not-inc,49572,Undergraduate,10,Married-civ-spouse,Nontechnical, Husband,*,Male,0,0,60,North America,<=50K
784,"[40, 50[", Private,237601,Undergraduate,13,Never-married,Nontechnical, Not-in-family,*,Female,0,0,55,North America,>50K
785,"[40, 50[", Private,169628,Undergraduate,10,Divorced,Other, Not-in-family,*,Female,0,0,38,North America,<=50K
786,"[60, 70[", Self-emp-not-inc,36671,High School,9,Married-civ-spouse,Other, Husband,*,Male,0,2352,50,North America,<=50K
787,"[10, 20[", Private,231193,High School,8,Never-married,Technical, Own-child,*,Male,0,0,30,North America,<=50K
788,"[50, 60[", ?,192130,High School,9,Married-civ-spouse,Other, Husband,*,Male,0,0,16,North America,<=50K
789,"[20, 30[", ?,149704,High School,9,Never-married,Other, Not-in-family,*,Female,1055,0,40,North America,<=50K
790,"[40, 50[", Private,102102,Professional Education,11,Married-civ-spouse,Technical, Husband,*,Male,0,0,50,North America,>50K
791,"[40, 50[", Self-emp-inc,32185,Undergraduate,13,Married-civ-spouse,Technical, Husband,*,Male,0,0,40,North America,<=50K
792,"[10, 20[", ?,196061,Undergraduate,10,Never-married,Other, Own-child,*,Male,0,0,33,North America,<=50K
793,"[20, 30[", Private,211046,High School,9,Never-married,Nontechnical, Not-in-family,*,Female,2463,0,40,North America,<=50K
794,"[60, 70[", Private,31577,High School,9,Married-civ-spouse,Other, Husband,*,Male,0,0,60,North America,>50K
795,"[20, 30[", Private,162343,Undergraduate,10,Never-married,Other, Other-relative,*,Male,0,0,20,North America,<=50K
796,"[60, 70[", Private,128831,High School,9,Married-civ-spouse,Technical, Husband,*,Male,0,0,40,North America,<=50K
797,"[20, 30[", Private,316688,High School,9,Never-married,Technical, Not-in-family,*,Male,0,0,40,North America,<=50K
798,"[40, 50[", Private,90758,Graduate,14,Never-married,Technical, Not-in-family,*,Male,0,0,35,North America,>50K
800,"[40, 50[", Private,154538,Professional Education,12,Divorced,Technical, Not-in-family,*,Male,0,0,40,North America,<=50K
801,"[20, 30[", Private,106085,High School,9,Never-married,Other, Own-child,*,Male,0,1721,30,North America,<=50K
802,"[60, 70[", Self-emp-not-inc,315859,High School,7,Never-married,Other, Unmarried,*,Male,0,0,20,North America,<=50K
803,"[30, 40[", Private,51471,High School,9,Divorced,Other, Unmarried,*,Female,0,0,38,North America,<=50K
804,"[10, 20[", Private,193830,High School,7,Never-married,Nontechnical, Own-child,*,Female,0,0,20,North America,<=50K
805,"[30, 40[", Private,231043,High School,9,Married-civ-spouse,Technical, Husband,*,Male,5178,0,48,North America,>50K
807,"[30, 40[", Private,169879,Undergraduate,13,Married-civ-spouse,Technical, Husband,*,Male,3103,0,47,North America,>50K
808,"[60, 70[", Private,270333,Undergraduate,13,Married-civ-spouse,Technical, Husband,*,Male,0,0,40,North America,>50K
809,"[20, 30[", Private,138768,High School,9,Never-married,Other, Own-child,*,Male,0,0,30,North America,<=50K
810,"[30, 40[", Private,191571,High School,9,Separated,Other, Own-child,*,Female,0,0,36,North America,<=50K
811,"[20, 30[", ?,219941,Undergraduate,10,Never-married,Other, Own-child,*,Male,0,0,40,North America,<=50K
812,"[40, 50[", Private,94113,Undergraduate,10,Divorced,Nontechnical, Not-in-family,*,Male,0,0,45,North America,<=50K
813,"[20, 30[", Private,137510,Undergraduate,10,Never-married,Other, Own-child,*,Male,0,0,40,North America,<=50K
814,"[10, 20[", Private,32607,High School,6,Never-married,Other, Own-child,*,Male,0,0,20,North America,<=50K
816,"[40, 50[", Private,254440,Professional Education,11,Never-married,Technical, Not-in-family,*,Female,0,0,60,North America,<=50K
817,"[50, 60[", Private,186556,Undergraduate,10,Married-civ-spouse,Technical, Husband,*,Male,0,0,50,North America,>50K
818,"[60, 70[", Private,169871,High School,9,Married-civ-spouse,Other, Husband,*,Male,0,0,45,North America,<=50K
819,"[40, 50[", Private,191277,High School,9,Married-civ-spouse,Other, Husband,*,Male,0,0,50,North America,>50K
820,"[40, 50[", Private,167159,Professional Education,11,Never-married,Other, Unmarried,*,Male,0,0,40,North America,<=50K
821,"[30, 40[", Private,171871,Graduate,14,Never-married,Technical, Not-in-family,*,Female,0,0,46,North America,<=50K
822,"[20, 30[", Private,154411,Professional Education,11,Never-married,Technical, Own-child,*,Male,0,0,40,North America,<=50K
823,"[30, 40[", Private,129227,High School,9,Widowed,Other, Not-in-family,*,Female,0,0,40,North America,<=50K
824,"[30, 40[", Private,110331,High School,9,Married-civ-spouse,Nontechnical, Husband,*,Male,0,1672,60,North America,<=50K
825,"[50, 60[", Private,34269,High School,9,Widowed,Other, Unmarried,*,Male,0,653,42,North America,>50K
826,"[60, 70[", Private,174355,High School,9,Widowed,Other, Not-in-family,*,Female,0,0,40,North America,<=50K
827,"[30, 40[", Private,680390,High School,9,Separated,Technical, Unmarried,*,Female,0,0,24,North America,<=50K
828,"[40, 50[", Private,233130,Undergraduate,10,Never-married,Other, Not-in-family,*,Male,0,0,25,North America,<=50K
829,"[20, 30[", Self-emp-inc,165474,Undergraduate,13,Never-married,Nontechnical, Own-child,*,Male,0,0,40,North America,<=50K
830,"[40, 50[", ?,257780,High School,7,Married-civ-spouse,Other, Husband,*,Male,0,0,15,North America,<=50K
831,"[50, 60[", Private,194259,Undergraduate,10,Married-civ-spouse,Other, Wife,*,Female,4386,0,40,North America,>50K
832,"[20, 30[", Private,280093,Undergraduate,10,Never-married,Nontechnical, Own-child,*,Male,0,0,40,North America,<=50K
833,"[70, 80[", Self-emp-not-inc,177387,High School,9,Married-civ-spouse,Nontechnical, Husband,*,Male,0,0,40,North America,<=50K
834,"[70, 80[", ?,28929,High School,7,Widowed,Other, Not-in-family,*,Female,0,0,24,North America,<=50K
835,"[50, 60[", Private,105304,High School,9,Married-civ-spouse,Technical, Husband,*,Male,0,0,40,North America,<=50K
836,"[20, 30[", Private,499233,High School,9,Divorced,Other, Not-in-family,*,Male,0,0,40,North America,<=50K
837,"[40, 50[", Private,180572,Undergraduate,13,Divorced,Technical, Not-in-family,*,Female,0,0,50,North America,>50K
838,"[20, 30[", Private,321435,Undergraduate,13,Never-married,Nontechnical, Not-in-family,*,Male,0,0,50,North America,<=50K
839,"[60, 70[", Private,86108,High School,9,Widowed,Other, Not-in-family,*,Male,0,0,6,North America,<=50K
840,"[10, 20[", Private,198124,High School,7,Never-married,Nontechnical, Own-child,*,Male,0,0,20,North America,<=50K
841,"[30, 40[", Private,135162,Undergraduate,10,Married-civ-spouse,Technical, Husband,*,Male,0,0,50,North America,<=50K
842,"[50, 60[", Private,146813,Undergraduate,10,Married-civ-spouse,Technical, Husband,*,Male,0,0,40,North America,>50K
843,"[60, 70[", Local-gov,291175,Undergraduate,13,Widowed,Technical, Not-in-family,*,Female,0,0,48,North America,<=50K
844,"[50, 60[", Private,387569,High School,9,Married-civ-spouse,Technical, Husband,*,Male,4386,0,40,North America,>50K
845,"[40, 50[", Private,102895,Undergraduate,10,Divorced,Technical, Not-in-family,*,Male,0,0,40,North America,<=50K
846,"[40, 50[", Local-gov,33274,High School,9,Divorced,Other, Not-in-family,*,Female,0,0,50,North America,<=50K
847,"[30, 40[", Private,86551,Undergraduate,13,Married-civ-spouse,Nontechnical, Husband,*,Male,0,0,45,North America,>50K
848,"[30, 40[", Private,138192,Undergraduate,13,Married-civ-spouse,Technical, Husband,*,Male,0,0,40,North America,<=50K
849,"[30, 40[", Private,118966,High School,9,Never-married,Technical, Own-child,*,Male,0,0,18,North America,<=50K
851,"[20, 30[", Private,90980,Professional Education,11,Divorced,Other, Not-in-family,*,Female,0,0,55,North America,<=50K
852,"[40, 50[", Self-emp-not-inc,177407,High School,9,Married-civ-spouse,Nontechnical, Husband,*,Male,0,0,50,North America,<=50K
853,"[20, 30[", Private,96467,Undergraduate,13,Never-married,Technical, Not-in-family,*,Female,0,0,40,North America,<=50K
854,"[40, 50[", State-gov,327886,Graduate,16,Divorced,Technical, Own-child,*,Male,0,0,50,North America,>50K
855,"[30, 40[", Private,111567,High School,9,Never-married,Other, Own-child,*,Male,0,0,40,North America,<=50K
856,"[30, 40[", Local-gov,166545,High School,9,Never-married,Other, Own-child,*,Female,0,0,40,North America,<=50K
857,"[50, 60[", Private,142182,High School,9,Married-civ-spouse,Other, Husband,*,Male,0,0,40,North America,>50K
858,"[30, 40[", Private,188798,Undergraduate,13,Never-married,Technical, Own-child,*,Female,0,0,40,North America,<=50K
859,"[40, 50[", Private,38563,Undergraduate,13,Never-married,Nontechnical, Not-in-family,*,Female,0,0,56,North America,>50K
860,"[10, 20[", Private,216284,High School,7,Never-married,Other, Own-child,*,Female,0,0,20,North America,<=50K
861,"[40, 50[", Private,191547,High School,9,Married-civ-spouse,Other, Husband,*,Male,0,0,40,North America,<=50K
862,"[40, 50[", Private,285335,High School,7,Married-civ-spouse,Nontechnical, Husband,*,Male,0,0,50,North America,<=50K
863,"[20, 30[", Self-emp-inc,142712,Undergraduate,10,Married-civ-spouse,Nontechnical, Husband,*,Male,0,0,70,North America,<=50K
864,"[30, 40[", Private,80945,High School,9,Married-civ-spouse,Technical, Husband,*,Male,0,0,40,North America,<=50K
865,"[20, 30[", Private,309055,Undergraduate,10,Never-married,Nontechnical, Not-in-family,*,Female,0,0,15,North America,<=50K
866,"[20, 30[", Private,62339,High School,6,Never-married,Nontechnical, Not-in-family,*,Male,0,0,40,North America,<=50K
867,"[10, 20[", Private,368700,High School,7,Never-married,Nontechnical, Own-child,*,Male,0,0,28,North America,<=50K
868,"[30, 40[", Private,176186,Undergraduate,10,Married-civ-spouse,Other, Husband,*,Male,0,0,50,North America,>50K
870,"[40, 50[", Private,48087,Undergraduate,13,Married-civ-spouse,Nontechnical, Husband,*,Male,0,0,40,North America,>50K
871,"[20, 30[", Private,121313,Undergraduate,10,Never-married,Other, Own-child,*,Male,0,0,50,North America,<=50K
875,"[40, 50[", Private,194636,Undergraduate,13,Married-civ-spouse,Nontechnical, Husband,*,Male,0,0,60,North America,>50K
876,"[20, 30[", Private,153044,High School,9,Never-married,Nontechnical, Unmarried,*,Female,0,0,7,North America,<=50K
877,"[30, 40[", Private,411797,Professional Education,11,Divorced,Other, Unmarried,*,Female,0,0,40,North America,<=50K
878,"[30, 40[", Private,117683,High School,9,Married-civ-spouse,Other, Husband,*,Male,0,0,40,North America,>50K
879,"[10, 20[", Private,376540,High School,9,Never-married,Other, Not-in-family,*,Female,0,0,30,North America,<=50K
880,"[40, 50[", Private,72393,High School,5,Divorced,Technical, Not-in-family,*,Female,0,0,40,North America,<=50K
881,"[30, 40[", Private,270335,Undergraduate,13,Married-civ-spouse,Other, Other-relative,*,Male,0,0,40,Asia,>50K
882,"[20, 30[", Private,96226,High School,9,Married-civ-spouse,Technical, Husband,*,Male,0,0,70,North America,<=50K
883,"[30, 40[", Private,95336,Undergraduate,13,Married-civ-spouse,Nontechnical, Husband,*,Male,0,0,50,North America,>50K
884,"[30, 40[", Private,258498,Undergraduate,10,Married-civ-spouse,Technical, Wife,*,Female,0,0,60,North America,<=50K
885,"[60, 70[", ?,149698,Undergraduate,10,Married-civ-spouse,Other, Husband,*,Male,0,0,15,North America,<=50K
886,"[20, 30[", Private,205865,Undergraduate,13,Never-married,Nontechnical, Own-child,*,Male,0,0,28,North America,<=50K
887,"[30, 40[", Self-emp-inc,155781,Undergraduate,10,Married-civ-spouse,Technical, Husband,*,Male,0,0,60,Unknown,<=50K
888,"[50, 60[", Self-emp-not-inc,406468,High School,9,Married-civ-spouse,Nontechnical, Husband,*,Male,0,0,40,North America,<=50K
889,"[20, 30[", Private,177119,Professional Education,11,Divorced,Technical, Not-in-family,*,Female,2174,0,45,North America,<=50K
890,"[40, 50[", ?,144397,Undergraduate,10,Divorced,Other, Unmarried,*,Female,0,0,30,North America,<=50K
891,"[30, 40[", Self-emp-not-inc,372525,Undergraduate,13,Never-married,Nontechnical, Not-in-family,*,Male,0,0,40,North America,<=50K
893,"[30, 40[", Private,183800,Undergraduate,13,Married-civ-spouse,Technical, Husband,*,Male,7688,0,50,North America,>50K
894,"[40, 50[", Self-emp-not-inc,177307,Professional Education,15,Married-civ-spouse,Other, Husband,*,Male,0,0,65,North America,>50K
895,"[40, 50[", Private,170108,Graduate,14,Married-civ-spouse,Technical, Husband,*,Male,0,0,40,North America,<=50K
896,"[40, 50[", Private,341995,Undergraduate,10,Divorced,Nontechnical, Own-child,*,Male,0,0,55,North America,<=50K
897,"[20, 30[", Private,226508,Undergraduate,13,Never-married,Nontechnical, Own-child,*,Female,0,0,50,North America,<=50K
898,"[30, 40[", Private,87418,Undergraduate,13,Married-civ-spouse,Nontechnical, Husband,*,Male,0,0,45,North America,>50K
899,"[20, 30[", Private,109165,High School,9,Married-civ-spouse,Technical, Husband,*,Male,0,0,40,North America,<=50K
900,"[60, 70[", Local-gov,28856,High School,4,Married-civ-spouse,Other, Husband,*,Male,0,0,55,North America,<=50K
901,"[50, 60[", Self-emp-not-inc,175897,High School,5,Married-civ-spouse,Technical, Husband,*,Male,0,0,20,North America,<=50K
902,"[20, 30[", Private,99697,High School,9,Never-married,Nontechnical, Own-child,*,Female,0,0,40,North America,<=50K
903,"[20, 30[", ?,90270,Professional Education,12,Married-civ-spouse,Other, Own-child,*,Male,0,0,40,North America,<=50K
904,"[30, 40[", Private,152375,High School,9,Never-married,Nontechnical, Not-in-family,*,Male,0,0,45,North America,<=50K
905,"[40, 50[", Private,171550,High School,9,Divorced,Technical, Not-in-family,*,Female,0,0,38,North America,<=50K
906,"[30, 40[", Private,211154,Undergraduate,10,Divorced,Technical, Not-in-family,*,Male,0,0,52,North America,<=50K
907,"[20, 30[", Private,202570,Undergraduate,13,Never-married,Technical, Own-child,*,Male,0,0,15,North America,<=50K
908,"[30, 40[", Self-emp-not-inc,168496,High School,9,Divorced,Nontechnical, Own-child,*,Male,0,0,10,North America,<=50K
909,"[50, 60[", Private,68898,Undergraduate,10,Married-civ-spouse,Technical, Husband,*,Male,0,0,40,North America,<=50K
910,"[20, 30[", Private,93235,High School,9,Never-married,Nontechnical, Not-in-family,*,Male,0,0,30,North America,<=50K
911,"[30, 40[", Private,278924,Undergraduate,10,Divorced,Technical, Not-in-family,*,Male,0,0,44,North America,<=50K
912,"[50, 60[", Self-emp-not-inc,311020,High School,6,Married-civ-spouse,Other, Husband,*,Male,0,0,60,North America,<=50K
913,"[30, 40[", Private,175878,Undergraduate,10,Never-married,Technical, Not-in-family,*,Male,0,0,40,North America,<=50K
914,"[20, 30[", Private,543028,High School,9,Never-married,Nontechnical, Own-child,*,Male,0,0,40,North America,<=50K
915,"[30, 40[", Private,202027,Undergraduate,13,Married-civ-spouse,Nontechnical, Husband,*,Male,15024,0,45,North America,>50K
917,"[60, 70[", Self-emp-inc,76860,High School,9,Married-civ-spouse,Nontechnical, Husband,*,Male,0,0,40,North America,>50K
919,"[20, 30[", Private,186648,Undergraduate,10,Never-married,Other, Own-child,*,Male,0,0,20,North America,<=50K
920,"[20, 30[", Private,257509,Undergraduate,10,Never-married,Nontechnical, Not-in-family,*,Male,0,0,25,North America,<=50K
921,"[20, 30[", Private,98155,Undergraduate,10,Never-married,Other, Unmarried,*,Male,0,0,40,North America,<=50K
923,"[30, 40[", Private,97083,Undergraduate,10,Married-civ-spouse,Other, Wife,*,Female,0,0,40,North America,<=50K
924,"[60, 70[", ?,29825,High School,9,Married-civ-spouse,Other, Husband,*,Male,0,0,5,North America,<=50K
925,"[30, 40[", Private,262153,High School,9,Married-civ-spouse,Technical, Husband,*,Male,0,0,40,North America,<=50K
926,"[30, 40[", Private,214738,High School,9,Married-civ-spouse,Technical, Husband,*,Male,0,0,40,North America,<=50K
927,"[50, 60[", Private,138022,Graduate,14,Married-civ-spouse,Nontechnical, Husband,*,Male,0,0,60,North America,>50K
928,"[20, 30[", Private,91842,Undergraduate,10,Never-married,Nontechnical, Not-in-family,*,Female,0,0,42,North America,<=50K
930,"[40, 50[", Private,162003,High School,9,Divorced,Technical, Not-in-family,*,Male,0,0,55,North America,<=50K
931,"[10, 20[", ?,52114,Undergraduate,10,Never-married,Other, Own-child,*,Female,0,0,10,North America,<=50K
932,"[50, 60[", Local-gov,241843,Primary School,1,Married-civ-spouse,Other, Husband,*,Male,0,0,40,North America,<=50K
933,"[20, 30[", Private,375871,High School,9,Married-civ-spouse,Other, Wife,*,Female,0,0,40,North America,<=50K
934,"[30, 40[", Private,186934,High School,7,Married-civ-spouse,Technical, Husband,*,Male,3103,0,44,North America,>50K
935,"[30, 40[", Private,176900,High School,9,Married-civ-spouse,Technical, Husband,*,Male,0,0,99,North America,>50K
936,"[40, 50[", Private,21906,Graduate,14,Never-married,Technical, Not-in-family,*,Female,0,0,25,North America,<=50K
937,"[40, 50[", Private,132222,Professional Education,15,Married-civ-spouse,Technical, Husband,*,Male,0,2415,40,North America,>50K
938,"[30, 40[", Private,143653,High School,9,Married-civ-spouse,Technical, Husband,*,Male,0,0,30,North America,<=50K
939,"[30, 40[", Private,111567,Undergraduate,13,Never-married,Nontechnical, Not-in-family,*,Male,0,0,40,North America,>50K
940,"[30, 40[", Private,78602,Professional Education,12,Divorced,Other, Unmarried,*,Female,0,0,40,North America,<=50K
941,"[30, 40[", Private,465507,High School,9,Married-civ-spouse,Technical, Husband,*,Male,0,0,40,North America,<=50K
942,"[30, 40[", Self-emp-inc,196373,High School,9,Married-civ-spouse,Nontechnical, Husband,*,Male,0,0,40,North America,>50K
943,"[10, 20[", Private,293227,High School,9,Never-married,Other, Not-in-family,*,Female,0,0,45,North America,<=50K
944,"[20, 30[", Private,241752,High School,9,Married-civ-spouse,Technical, Husband,*,Male,0,0,40,North America,<=50K
945,"[50, 60[", Local-gov,166398,Undergraduate,10,Divorced,Nontechnical, Unmarried,*,Female,0,0,35,North America,<=50K
946,"[40, 50[", Private,184682,Undergraduate,10,Divorced,Other, Unmarried,*,Female,0,0,40,North America,<=50K
947,"[30, 40[", Self-emp-inc,108293,Undergraduate,13,Married-civ-spouse,Nontechnical, Wife,*,Female,0,1977,45,North America,>50K
948,"[40, 50[", Private,250802,Undergraduate,10,Divorced,Technical, Unmarried,*,Male,0,0,35,North America,<=50K
949,"[40, 50[", Self-emp-not-inc,325159,Undergraduate,10,Divorced,Other, Unmarried,*,Male,0,0,40,North America,<=50K
950,"[40, 50[", State-gov,174675,High School,9,Married-civ-spouse,Technical, Wife,*,Female,0,0,40,North America,>50K
951,"[40, 50[", Private,227065,Graduate,14,Married-civ-spouse,Nontechnical, Husband,*,Male,0,0,43,North America,>50K
952,"[50, 60[", Private,269080,High School,4,Widowed,Other, Unmarried,*,Female,0,0,40,North America,<=50K
953,"[10, 20[", Private,177722,High School,9,Never-married,Other, Own-child,*,Female,0,0,20,North America,<=50K
954,"[50, 60[", Private,133461,Undergraduate,10,Married-civ-spouse,Nontechnical, Husband,*,Male,0,0,40,North America,<=50K
955,"[40, 50[", Private,239683,High School,6,Married-civ-spouse,Technical, Husband,*,Male,0,0,30,Unknown,<=50K
956,"[40, 50[", Self-emp-inc,398473,Undergraduate,10,Married-civ-spouse,Nontechnical, Husband,*,Male,0,0,70,North America,>50K
957,"[30, 40[", Local-gov,298785,High School,6,Divorced,Other, Not-in-family,*,Male,0,0,40,North America,<=50K
958,"[30, 40[", Self-emp-not-inc,123424,Undergraduate,13,Married-civ-spouse,Nontechnical, Husband,*,Male,0,0,40,North America,>50K
959,"[40, 50[", Private,176286,Professional Education,12,Married-civ-spouse,Nontechnical, Husband,*,Male,0,0,40,North America,>50K
960,"[20, 30[", Private,150062,Undergraduate,10,Married-civ-spouse,Technical, Husband,*,Male,0,0,45,North America,<=50K
961,"[30, 40[", Private,169240,High School,9,Divorced,Technical, Not-in-family,*,Female,0,0,38,North America,<=50K
962,"[30, 40[", Private,288273,Undergraduate,13,Married-civ-spouse,Technical, Husband,*,Male,0,0,70,North America,<=50K
963,"[30, 40[", Private,526968,High School,6,Divorced,Nontechnical, Unmarried,*,Female,0,0,40,North America,<=50K
964,"[20, 30[", Private,57066,High School,9,Married-civ-spouse,Other, Husband,*,Male,0,0,40,North America,<=50K
965,"[20, 30[", Private,323573,High School,9,Never-married,Other, Own-child,*,Female,0,0,20,North America,<=50K
966,"[30, 40[", Self-emp-inc,368825,Undergraduate,10,Married-civ-spouse,Nontechnical, Husband,*,Male,0,0,60,North America,>50K
967,"[50, 60[", Self-emp-not-inc,189721,High School,9,Married-civ-spouse,Technical, Husband,*,Male,0,0,20,North America,<=50K
968,"[40, 50[", Private,164966,Undergraduate,13,Married-civ-spouse,Nontechnical, Husband,*,Male,0,0,40,Asia,>50K
970,"[30, 40[", Private,202046,High School,9,Married-civ-spouse,Technical, Husband,*,Male,0,0,35,North America,>50K
971,"[20, 30[", Private,161538,Undergraduate,13,Never-married,Technical, Not-in-family,*,Female,0,0,35,North America,<=50K
973,"[30, 40[", Private,200153,High School,9,Married-civ-spouse,Technical, Husband,*,Male,0,0,40,North America,<=50K
974,"[40, 50[", Private,32185,High School,9,Never-married,Other, Unmarried,*,Male,0,0,70,North America,<=50K
975,"[20, 30[", Private,178326,Undergraduate,10,Never-married,Nontechnical, Not-in-family,*,Female,0,0,40,North America,<=50K
976,"[20, 30[", Private,255957,Undergraduate,10,Never-married,Nontechnical, Not-in-family,*,Female,4101,0,40,North America,<=50K
977,"[40, 50[", State-gov,188693,Graduate,14,Married-civ-spouse,Technical, Husband,*,Male,0,0,35,North America,>50K
978,"[70, 80[", Private,182977,High School,9,Widowed,Other, Not-in-family,*,Female,2964,0,40,North America,<=50K
979,"[30, 40[", Private,159929,High School,9,Divorced,Nontechnical, Own-child,*,Male,0,0,40,North America,<=50K
980,"[40, 50[", Private,123207,High School,9,Never-married,Other, Not-in-family,*,Female,0,0,44,North America,<=50K
981,"[20, 30[", Private,284317,Professional Education,12,Never-married,Other, Not-in-family,*,Female,0,0,40,North America,<=50K
982,"[20, 30[", ?,184699,High School,9,Never-married,Other, Unmarried,*,Female,0,0,40,North America,<=50K
983,"[60, 70[", Self-emp-not-inc,154474,High School,9,Never-married,Other, Unmarried,*,Male,0,0,42,North America,<=50K
986,"[40, 50[", Private,349221,High School,9,Never-married,Technical, Own-child,*,Female,0,0,35,North America,<=50K
987,"[40, 50[", Private,335973,High School,9,Divorced,Other, Unmarried,*,Female,0,0,40,North America,<=50K
988,"[40, 50[", Private,126701,High School,9,Divorced,Technical, Unmarried,*,Male,0,0,40,North America,<=50K
989,"[50, 60[", Private,122159,Undergraduate,10,Widowed,Technical, Not-in-family,*,Female,3325,0,40,North America,<=50K
990,"[40, 50[", Private,187370,Undergraduate,13,Never-married,Nontechnical, Not-in-family,*,Male,0,1504,40,North America,<=50K
991,"[40, 50[", Private,194636,Professional Education,11,Married-civ-spouse,Technical, Husband,*,Male,0,0,40,North America,<=50K
992,"[50, 60[", Self-emp-not-inc,124793,High School,9,Married-civ-spouse,Technical, Husband,*,Male,0,0,30,North America,<=50K
993,"[40, 50[", Private,192835,High School,9,Married-civ-spouse,Other, Husband,*,Male,0,0,50,North America,>50K
994,"[30, 40[", Private,290226,High School,9,Never-married,Nontechnical, Not-in-family,*,Male,0,0,45,North America,<=50K
995,"[50, 60[", Private,112840,High School,9,Married-civ-spouse,Nontechnical, Husband,*,Male,0,0,55,North America,>50K
996,"[40, 50[", Private,89325,Graduate,14,Divorced,Technical, Not-in-family,*,Male,0,0,45,North America,<=50K
997,"[40, 50[", Federal-gov,33109,Undergraduate,13,Divorced,Nontechnical, Unmarried,*,Male,0,0,58,North America,>50K
998,"[40, 50[", Private,82465,Undergraduate,10,Married-civ-spouse,Technical, Husband,*,Male,2580,0,40,North America,<=50K
999,"[30, 40[", Self-emp-inc,329980,Undergraduate,13,Married-civ-spouse,Nontechnical, Husband,*,Male,15024,0,50,North America,>50K
1000,"[20, 30[", Private,148294,Undergraduate,10,Never-married,Other, Own-child,*,Male,0,0,40,North America,<=50K
1001,"[50, 60[", Private,168212,Graduate,16,Married-civ-spouse,Technical, Husband,*,Male,0,1902,65,North America,>50K
1002,"[30, 40[", State-gov,343642,High School,9,Married-civ-spouse,Technical, Wife,*,Female,0,0,40,North America,>50K
1003,"[20, 30[", Local-gov,115244,Undergraduate,13,Never-married,Technical, Own-child,*,Female,0,0,60,North America,<=50K
1004,"[30, 40[", Private,162572,High School,9,Never-married,Other, Own-child,*,Male,0,0,16,North America,<=50K
1005,"[50, 60[", Private,356067,Undergraduate,13,Married-civ-spouse,Other, Husband,*,Male,0,0,40,North America,<=50K
1007,"[30, 40[", Self-emp-inc,180804,High School,9,Married-civ-spouse,Nontechnical, Husband,*,Male,0,0,40,North America,>50K
1008,"[50, 60[", Self-emp-not-inc,123011,High School,9,Married-civ-spouse,Technical, Husband,*,Male,15024,0,52,North America,>50K
1010,"[50, 60[", Private,220537,High School,9,Divorced,Technical, Not-in-family,*,Female,0,0,40,North America,<=50K
1011,"[30, 40[", Private,124827,Professional Education,11,Never-married,Other, Own-child,*,Male,0,0,40,North America,<=50K
1012,"[50, 60[", Private,767403,High School,9,Married-civ-spouse,Technical, Husband,*,Male,3103,0,40,North America,>50K
1013,"[40, 50[", Private,118494,Undergraduate,10,Married-civ-spouse,Technical, Husband,*,Male,0,0,44,North America,>50K
1014,"[30, 40[", Private,173208,Graduate,14,Married-civ-spouse,Technical, Husband,*,Male,0,0,25,North America,<=50K
1015,"[40, 50[", Private,107373,High School,4,Married-civ-spouse,Nontechnical, Husband,*,Male,0,0,40,North America,<=50K
1016,"[30, 40[", Private,26973,Professional Education,11,Married-civ-spouse,Technical, Wife,*,Female,0,0,40,North America,>50K
1017,"[50, 60[", Private,191965,High School,9,Widowed,Other, Unmarried,*,Female,0,0,32,North America,<=50K
1018,"[20, 30[", Private,122346,High School,9,Divorced,Technical, Not-in-family,*,Male,0,0,40,North America,<=50K
1019,"[10, 20[", ?,117201,High School,9,Never-married,Other, Own-child,*,Male,0,0,30,North America,<=50K
1021,"[40, 50[", Local-gov,123075,Graduate,14,Married-civ-spouse,Technical, Husband,*,Male,0,0,35,North America,>50K
1022,"[40, 50[", Private,209370,High School,9,Separated,Nontechnical, Not-in-family,*,Female,0,0,30,North America,<=50K
1023,"[30, 40[", Private,33117,Undergraduate,10,Married-civ-spouse,Other, Husband,*,Male,0,0,40,North America,<=50K
1024,"[20, 30[", Private,129042,High School,9,Never-married,Technical, Unmarried,*,Female,0,0,40,North America,<=50K
1027,"[40, 50[", Private,368561,High School,9,Married-civ-spouse,Nontechnical, Husband,*,Male,0,0,55,North America,>50K
1028,"[40, 50[", Private,207848,High School,6,Married-civ-spouse,Other, Wife,*,Female,0,0,40,North America,<=50K
1030,"[30, 40[", Private,93106,Professional Education,11,Never-married,Other, Not-in-family,*,Female,0,0,40,North America,<=50K
1031,"[20, 30[", State-gov,223515,Professional Education,12,Never-married,Other, Own-child,*,Male,0,1719,20,North America,<=50K
1032,"[20, 30[", Private,389713,Undergraduate,10,Never-married,Nontechnical, Not-in-family,*,Male,0,0,40,North America,<=50K
1033,"[30, 40[", Private,206365,High School,9,Never-married,Other, Not-in-family,*,Female,0,0,40,North America,<=50K
1034,"[70, 80[", ?,431192,High School,4,Widowed,Other, Not-in-family,*,Male,0,0,2,North America,<=50K
1035,"[10, 20[", ?,241616,High School,9,Never-married,Other, Unmarried,*,Male,0,2001,40,North America,<=50K
1037,"[30, 40[", Private,123785,High School,9,Never-married,Other, Not-in-family,*,Male,0,0,75,North America,<=50K
1038,"[30, 40[", Private,289984,High School,9,Divorced,Other, Unmarried,*,Female,0,0,30,North America,<=50K
1039,"[30, 40[", ?,164309,High School,7,Married-civ-spouse,Other, Wife,*,Female,0,0,8,North America,<=50K
1041,"[20, 30[", Private,137994,Undergraduate,10,Never-married,Technical, Own-child,*,Female,0,0,40,North America,<=50K
1042,"[40, 50[", Private,341204,Undergraduate,10,Divorced,Other, Not-in-family,*,Female,0,0,40,North America,<=50K
1043,"[40, 50[", Private,167005,Undergraduate,13,Married-civ-spouse,Nontechnical, Husband,*,Male,7688,0,60,North America,>50K
1044,"[20, 30[", Private,34446,Undergraduate,10,Never-married,Technical, Not-in-family,*,Female,0,0,37,North America,<=50K
1047,"[20, 30[", Private,217961,Undergraduate,10,Married-civ-spouse,Other, Husband,*,Male,0,0,40,North America,<=50K
1048,"[20, 30[", Private,74631,Undergraduate,10,Never-married,Nontechnical, Not-in-family,*,Female,0,0,50,North America,<=50K
1049,"[30, 40[", Private,156667,Undergraduate,13,Married-civ-spouse,Technical, Husband,*,Male,0,1902,50,North America,>50K
1050,"[60, 70[", Private,125155,High School,9,Married-civ-spouse,Technical, Husband,*,Male,0,0,40,North America,<=50K
1051,"[50, 60[", Self-emp-not-inc,263925,Undergraduate,13,Married-civ-spouse,Nontechnical, Husband,*,Male,0,0,40,North America,>50K
1052,"[30, 40[", Private,296453,Undergraduate,13,Married-civ-spouse,Other, Husband,*,Male,7298,0,40,North America,>50K
1053,"[50, 60[", Self-emp-not-inc,44728,Undergraduate,10,Married-civ-spouse,Nontechnical, Husband,*,Male,0,0,55,North America,>50K
1055,"[30, 40[", Private,87643,Undergraduate,13,Married-civ-spouse,Nontechnical, Husband,*,Male,0,0,40,North America,<=50K
1056,"[30, 40[", Self-emp-not-inc,106742,High School,8,Married-civ-spouse,Other, Husband,*,Male,0,0,75,North America,<=50K
1057,"[40, 50[", Private,302122,Professional Education,11,Divorced,Technical, Not-in-family,*,Female,0,0,40,North America,<=50K
1058,"[40, 50[", Local-gov,193960,Graduate,14,Married-civ-spouse,Technical, Husband,*,Male,0,1902,40,North America,>50K
1059,"[40, 50[", Private,185385,High School,9,Married-civ-spouse,Technical, Husband,*,Male,0,0,47,North America,>50K
1060,"[40, 50[", Self-emp-not-inc,277647,High School,9,Married-civ-spouse,Nontechnical, Husband,*,Male,0,0,35,North America,<=50K
1061,"[60, 70[", Private,128848,High School,9,Married-civ-spouse,Technical, Husband,*,Male,3471,0,40,North America,<=50K
1062,"[50, 60[", Private,377701,High School,9,Married-civ-spouse,Other, Husband,*,Male,0,0,32,North America,<=50K
1064,"[40, 50[", Private,175958,Undergraduate,10,Married-civ-spouse,Nontechnical, Husband,*,Male,0,0,80,North America,>50K
1065,"[30, 40[", Private,223004,Undergraduate,10,Never-married,Other, Own-child,*,Male,0,0,40,North America,<=50K
1066,"[30, 40[", Private,199352,Professional Education,15,Married-civ-spouse,Technical, Husband,*,Male,0,1977,80,North America,>50K
1067,"[30, 40[", Private,29984,High School,8,Married-civ-spouse,Other, Husband,*,Male,0,0,40,North America,<=50K
1068,"[30, 40[", Private,181651,Undergraduate,13,Married-civ-spouse,Nontechnical, Husband,*,Male,0,0,50,North America,<=50K
1069,"[30, 40[", Private,117312,Professional Education,12,Divorced,Technical, Not-in-family,*,Female,0,0,60,North America,<=50K
1070,"[20, 30[", Local-gov,34029,Undergraduate,13,Never-married,Technical, Own-child,*,Female,0,0,20,North America,<=50K
1071,"[30, 40[", Private,132879,High School,9,Married-civ-spouse,Technical, Husband,*,Male,0,1902,40,North America,>50K
1072,"[30, 40[", Private,215310,High School,9,Married-civ-spouse,Technical, Husband,*,Male,0,0,50,North America,>50K
1073,"[40, 50[", State-gov,55863,Graduate,16,Married-civ-spouse,Technical, Wife,*,Female,0,1902,46,North America,>50K
1074,"[10, 20[", Private,220384,High School,7,Never-married,Other, Own-child,*,Male,0,0,15,North America,<=50K
1075,"[10, 20[", Self-emp-not-inc,36012,Undergraduate,10,Never-married,Technical, Own-child,*,Male,0,0,20,North America,<=50K
1076,"[20, 30[", Private,137645,Undergraduate,13,Never-married,Nontechnical, Not-in-family,*,Female,0,1590,40,North America,<=50K
1077,"[20, 30[", Private,191342,Undergraduate,13,Never-married,Nontechnical, Own-child,*,Male,0,0,50,Asia,<=50K
1078,"[40, 50[", Private,31339,High School,9,Married-civ-spouse,Technical, Husband,*,Male,0,0,40,North America,<=50K
1079,"[40, 50[", State-gov,227910,Professional Education,11,Married-civ-spouse,Technical, Wife,*,Female,0,0,40,North America,>50K
1080,"[40, 50[", Private,173728,Undergraduate,13,Separated,Technical, Unmarried,*,Female,0,0,40,North America,<=50K
1082,"[50, 60[", Self-emp-not-inc,81642,High School,9,Married-civ-spouse,Other, Husband,*,Male,0,0,60,North America,<=50K
1083,"[40, 50[", Local-gov,195258,Undergraduate,10,Married-civ-spouse,Other, Husband,*,Male,0,0,40,North America,>50K
1084,"[30, 40[", Private,232475,Undergraduate,10,Married-civ-spouse,Other, Husband,*,Male,0,0,40,North America,<=50K
1085,"[30, 40[", Private,241259,Professional Education,11,Married-civ-spouse,Other, Husband,*,Male,0,0,40,North America,<=50K
1086,"[30, 40[", Private,118161,High School,9,Married-civ-spouse,Other, Husband,*,Male,0,0,40,North America,<=50K
1087,"[20, 30[", Private,201954,Undergraduate,13,Never-married,Nontechnical, Not-in-family,*,Male,0,0,35,North America,<=50K
1088,"[40, 50[", Private,150533,Undergraduate,10,Married-civ-spouse,Nontechnical, Husband,*,Male,7298,0,52,North America,>50K
1089,"[30, 40[", Private,412296,High School,9,Divorced,Technical, Own-child,*,Male,0,0,28,North America,<=50K
1090,"[40, 50[", Federal-gov,133060,Professional Education,12,Married-civ-spouse,Technical, Husband,*,Male,0,0,40,North America,>50K
1091,"[40, 50[", Self-emp-not-inc,120539,Undergraduate,13,Never-married,Nontechnical, Not-in-family,*,Male,0,0,50,North America,>50K
1093,"[30, 40[", Private,107793,High School,9,Divorced,Technical, Not-in-family,*,Male,0,0,40,North America,<=50K
1094,"[20, 30[", Private,163870,Undergraduate,10,Never-married,Other, Own-child,*,Male,0,0,40,North America,<=50K
1095,"[20, 30[", Self-emp-not-inc,361280,Undergraduate,13,Never-married,Technical, Own-child,*,Male,0,0,20,Asia,<=50K
1096,"[60, 70[", Private,92178,High School,6,Married-civ-spouse,Technical, Husband,*,Male,0,0,40,North America,<=50K
1097,"[10, 20[", ?,80710,High School,9,Never-married,Other, Own-child,*,Female,0,0,40,North America,<=50K
1098,"[20, 30[", Self-emp-inc,260729,High School,9,Married-civ-spouse,Nontechnical, Wife,*,Female,0,1977,25,North America,>50K
1099,"[40, 50[", Private,182254,Undergraduate,10,Divorced,Technical, Unmarried,*,Female,0,0,40,North America,<=50K
1100,"[60, 70[", ?,140282,High School,4,Married-civ-spouse,Other, Husband,*,Male,0,0,8,North America,<=50K
1101,"[40, 50[", Self-emp-inc,149865,Undergraduate,13,Married-civ-spouse,Technical, Husband,*,Male,0,0,60,North America,>50K
1102,"[30, 40[", Self-emp-inc,218184,High School,5,Married-civ-spouse,Nontechnical, Husband,*,Male,0,1651,40,North America,<=50K
1103,"[40, 50[", Private,118619,Undergraduate,13,Married-civ-spouse,Nontechnical, Husband,*,Male,0,0,50,North America,<=50K
1104,"[30, 40[", Self-emp-not-inc,196791,Professional Education,12,Married-civ-spouse,Technical, Wife,*,Female,0,0,25,North America,>50K
1105,"[30, 40[", Local-gov,167999,High School,9,Divorced,Other, Unmarried,*,Female,0,0,33,North America,<=50K
1106,"[30, 40[", Private,51259,Undergraduate,13,Never-married,Technical, Not-in-family,*,Male,0,0,47,North America,<=50K
1107,"[20, 30[", Private,131088,High School,9,Never-married,Nontechnical, Own-child,*,Male,0,0,25,North America,<=50K
1108,"[40, 50[", Private,118212,Undergraduate,13,Married-civ-spouse,Technical, Husband,*,Male,3103,0,40,North America,>50K
1109,"[40, 50[", Private,293791,Professional Education,11,Married-civ-spouse,Other, Husband,*,Male,0,0,55,North America,<=50K
1110,"[30, 40[", Self-emp-inc,289430,Graduate,14,Married-civ-spouse,Nontechnical, Husband,*,Male,0,0,45,North America,>50K
1111,"[30, 40[", Private,35378,Undergraduate,13,Married-civ-spouse,Nontechnical, Wife,*,Female,0,0,45,North America,>50K
1112,"[30, 40[", State-gov,60227,Undergraduate,13,Never-married,Other, Not-in-family,*,Male,0,0,38,North America,<=50K
1114,"[30, 40[", Private,290763,High School,9,Divorced,Nontechnical, Own-child,*,Female,0,0,40,North America,<=50K
1116,"[30, 40[", Private,51100,Undergraduate,10,Married-civ-spouse,Technical, Husband,*,Male,0,0,40,North America,<=50K
1117,"[40, 50[", Private,227644,High School,9,Married-civ-spouse,Other, Husband,*,Male,0,0,50,North America,<=50K
1118,"[50, 60[", Local-gov,205267,Undergraduate,13,Married-civ-spouse,Technical, Wife,*,Female,0,0,40,North America,>50K
1120,"[20, 30[", Private,140863,Undergraduate,10,Married-civ-spouse,Technical, Husband,*,Male,0,0,40,North America,<=50K
1121,"[40, 50[", Federal-gov,170915,High School,9,Divorced,Technical, Not-in-family,*,Female,4865,0,40,North America,<=50K
1122,"[30, 40[", State-gov,50178,Undergraduate,10,Married-civ-spouse,Nontechnical, Husband,*,Male,0,0,38,North America,<=50K
1123,"[30, 40[", Private,112497,Undergraduate,13,Married-civ-spouse,Technical, Husband,*,Male,0,0,40,North America,<=50K
1124,"[40, 50[", Private,95244,Undergraduate,10,Divorced,Other, Unmarried,*,Female,0,0,35,North America,<=50K
1125,"[20, 30[", Private,117606,Professional Education,11,Never-married,Other, Own-child,*,Female,0,0,40,North America,<=50K
1126,"[30, 40[", Private,89508,High School,9,Married-civ-spouse,Other, Husband,*,Male,0,0,50,North America,>50K
1128,"[40, 50[", Self-emp-not-inc,154374,Undergraduate,10,Divorced,Other, Unmarried,*,Male,0,0,45,North America,<=50K
1129,"[20, 30[", Private,294936,Undergraduate,13,Married-civ-spouse,Technical, Husband,*,Male,0,0,45,North America,<=50K
1130,"[30, 40[", Private,347132,Undergraduate,10,Never-married,Technical, Not-in-family,*,Female,0,0,40,North America,<=50K
1131,"[30, 40[", ?,181934,High School,9,Divorced,Other, Not-in-family,*,Female,0,0,40,North America,<=50K
1132,"[30, 40[", Private,316672,High School,9,Never-married,Other, Unmarried,*,Female,0,0,40,North America,<=50K
1133,"[30, 40[", Private,189382,Professional Education,11,Never-married,Other, Own-child,*,Female,0,0,38,North America,<=50K
1134,"[40, 50[", ?,184018,Undergraduate,10,Divorced,Other, Unmarried,*,Male,0,0,40,North America,<=50K
1135,"[30, 40[", Private,184307,Undergraduate,10,Married-civ-spouse,Nontechnical, Husband,*,Male,0,0,50,North America,>50K
1136,"[40, 50[", Self-emp-not-inc,246212,Graduate,14,Married-civ-spouse,Nontechnical, Husband,*,Male,0,0,45,North America,>50K
1137,"[30, 40[", Federal-gov,250504,High School,9,Married-civ-spouse,Other, Husband,*,Male,0,0,60,North America,>50K
1138,"[20, 30[", Private,138705,High School,9,Married-civ-spouse,Technical, Husband,*,Male,0,0,53,North America,<=50K
1139,"[40, 50[", Private,328447,Primary School,2,Married-civ-spouse,Technical, Husband,*,Male,0,0,35,North America,<=50K
1140,"[10, 20[", Private,194608,Undergraduate,10,Never-married,Other, Own-child,*,Female,0,0,20,North America,<=50K
1141,"[20, 30[", Private,230891,Undergraduate,10,Never-married,Nontechnical, Not-in-family,*,Male,0,0,45,North America,<=50K
1143,"[40, 50[", Private,214010,Undergraduate,13,Never-married,Other, Not-in-family,*,Male,0,0,37,North America,<=50K
1144,"[50, 60[", Self-emp-not-inc,200235,Undergraduate,10,Married-civ-spouse,Nontechnical, Husband,*,Male,0,0,60,North America,<=50K
1145,"[30, 40[", Private,354573,Graduate,14,Married-civ-spouse,Technical, Husband,*,Male,15024,0,44,North America,>50K
1146,"[30, 40[", Self-emp-inc,205733,Undergraduate,10,Never-married,Nontechnical, Not-in-family,*,Female,0,0,60,North America,<=50K
1147,"[40, 50[", Private,185041,High School,9,Married-civ-spouse,Technical, Husband,*,Male,0,0,50,North America,<=50K
1148,"[60, 70[", Self-emp-inc,84409,High School,9,Married-civ-spouse,Nontechnical, Husband,*,Male,0,0,35,North America,>50K
1149,"[50, 60[", Self-emp-inc,293196,High School,9,Married-civ-spouse,Nontechnical, Husband,*,Male,7298,0,40,North America,>50K
1150,"[20, 30[", Private,241626,High School,9,Never-married,Other, Own-child,*,Male,0,0,30,North America,<=50K
1151,"[40, 50[", Private,520586,Undergraduate,10,Divorced,Other, Unmarried,*,Female,0,0,39,North America,<=50K
1152,"[20, 30[", ?,35633,Undergraduate,10,Never-married,Other, Not-in-family,*,Male,0,0,40,Unknown,<=50K
1153,"[50, 60[", Private,302847,High School,9,Married-civ-spouse,Technical, Husband,*,Male,0,0,54,North America,<=50K
1154,"[40, 50[", State-gov,165309,High School,9,Married-civ-spouse,Other, Husband,*,Male,0,0,40,North America,<=50K
1155,"[30, 40[", Private,117529,Undergraduate,10,Married-civ-spouse,Other, Husband,*,Male,0,0,54,North America,<=50K
1156,"[40, 50[", Private,106092,High School,9,Married-civ-spouse,Nontechnical, Husband,*,Male,0,0,45,North America,>50K
1158,"[20, 30[", Private,227332,Undergraduate,13,Never-married,Other, Unmarried,*,Male,0,0,40,Unknown,<=50K
1159,"[20, 30[", Private,275691,High School,9,Never-married,Nontechnical, Own-child,*,Male,0,0,28,North America,<=50K
1160,"[40, 50[", Private,193459,Professional Education,11,Married-civ-spouse,Technical, Husband,*,Male,3411,0,40,North America,<=50K
1161,"[50, 60[", Private,284329,High School,9,Widowed,Other, Unmarried,*,Male,0,0,40,North America,<=50K
1162,"[30, 40[", Private,114691,Undergraduate,13,Married-civ-spouse,Nontechnical, Husband,*,Male,0,0,60,North America,>50K
1163,"[50, 60[", Private,96062,Professional Education,12,Married-civ-spouse,Technical, Husband,*,Male,0,0,40,North America,>50K
1164,"[50, 60[", Private,133963,Undergraduate,13,Married-civ-spouse,Technical, Wife,*,Female,0,1977,40,North America,>50K
1165,"[30, 40[", Private,178506,High School,9,Divorced,Other, Not-in-family,*,Female,0,0,40,North America,<=50K
1166,"[60, 70[", Private,350498,Undergraduate,13,Married-civ-spouse,Other, Husband,*,Male,10605,0,20,North America,>50K
1167,"[20, 30[", ?,131573,Undergraduate,10,Never-married,Other, Own-child,*,Female,0,0,8,North America,<=50K
1169,"[40, 50[", Private,182302,High School,9,Divorced,Other, Not-in-family,*,Male,0,0,40,North America,<=50K
1170,"[50, 60[", Private,241346,High School,9,Divorced,Other, Not-in-family,*,Female,0,0,43,North America,<=50K
1171,"[50, 60[", Private,157043,High School,7,Divorced,Other, Not-in-family,*,Female,0,0,40,North America,<=50K
1173,"[20, 30[", Private,411862,Professional Education,11,Never-married,Other, Not-in-family,*,Male,0,0,30,North America,<=50K
1174,"[40, 50[", Private,183013,High School,9,Married-civ-spouse,Other, Husband,*,Male,0,0,40,North America,<=50K
1175,"[50, 60[", ?,169982,Undergraduate,10,Married-civ-spouse,Other, Husband,*,Male,0,0,40,North America,>50K
1176,"[20, 30[", Private,188544,Professional Education,11,Never-married,Other, Own-child,*,Female,0,0,30,North America,<=50K
1177,"[50, 60[", State-gov,356619,High School,9,Married-civ-spouse,Technical, Husband,*,Male,0,0,48,North America,>50K
1178,"[40, 50[", Private,45857,High School,9,Never-married,Other, Unmarried,*,Female,0,0,40,North America,<=50K
1179,"[20, 30[", Local-gov,289886,High School,7,Never-married,Other, Not-in-family,*,Male,0,0,45,North America,<=50K
1180,"[50, 60[", ?,146015,High School,9,Married-civ-spouse,Other, Husband,*,Male,0,0,40,North America,>50K
1181,"[40, 50[", Private,216237,Undergraduate,13,Divorced,Nontechnical, Not-in-family,*,Female,0,0,45,North America,>50K
1182,"[30, 40[", Private,416745,Undergraduate,13,Married-civ-spouse,Technical, Husband,*,Male,0,0,40,North America,<=50K
1183,"[30, 40[", Private,202952,High School,9,Married-civ-spouse,Other, Husband,*,Male,0,0,40,North America,<=50K
1184,"[40, 50[", Private,167725,High School,9,Married-civ-spouse,Technical, Husband,*,Male,0,0,40,North America,<=50K
1185,"[50, 60[", ?,165637,Graduate,14,Married-civ-spouse,Other, Husband,*,Male,0,0,40,North America,<=50K
1186,"[50, 60[", Federal-gov,43280,Undergraduate,10,Never-married,Nontechnical, Own-child,*,Female,0,0,40,North America,<=50K
1187,"[60, 70[", Private,118779,High School,9,Married-civ-spouse,Technical, Husband,*,Male,0,0,30,North America,<=50K
1188,"[20, 30[", State-gov,191269,Undergraduate,13,Never-married,Other, Not-in-family,*,Female,0,0,65,North America,<=50K
1189,"[20, 30[", Local-gov,247507,Undergraduate,13,Never-married,Technical, Own-child,*,Male,0,0,35,North America,<=50K
1191,"[40, 50[", Private,182862,Undergraduate,10,Married-civ-spouse,Technical, Husband,*,Male,0,0,40,North America,>50K
1192,"[30, 40[", Private,33886,High School,9,Married-civ-spouse,Other, Husband,*,Male,0,0,60,North America,<=50K
1193,"[20, 30[", Private,444304,Undergraduate,13,Married-civ-spouse,Technical, Husband,*,Male,0,0,40,North America,<=50K
1194,"[10, 20[", Private,187161,Undergraduate,10,Never-married,Other, Own-child,*,Female,0,0,25,North America,<=50K
1195,"[40, 50[", Local-gov,116892,Undergraduate,13,Divorced,Technical, Not-in-family,*,Female,0,0,40,North America,<=50K
1196,"[50, 60[", Local-gov,176813,Professional Education,12,Married-civ-spouse,Technical, Husband,*,Male,0,0,60,North America,<=50K
1197,"[50, 60[", Private,151616,Graduate,14,Married-civ-spouse,Technical, Husband,*,Male,0,0,55,North America,<=50K
1198,"[10, 20[", Private,240747,High School,9,Never-married,Technical, Own-child,*,Female,0,0,40,North America,<=50K
1200,"[40, 50[", Federal-gov,320818,High School,9,Married-civ-spouse,Other, Husband,*,Male,0,0,80,North America,>50K
1201,"[30, 40[", Local-gov,235271,Undergraduate,13,Married-civ-spouse,Technical, Husband,*,Male,0,0,50,North America,>50K
1202,"[30, 40[", Private,166497,Undergraduate,13,Divorced,Technical, Not-in-family,*,Male,0,0,35,North America,<=50K
1203,"[40, 50[", Private,344060,Undergraduate,13,Never-married,Other, Not-in-family,*,Male,0,0,40,North America,>50K
1204,"[30, 40[", Private,221196,Undergraduate,10,Married-civ-spouse,Technical, Husband,*,Male,0,0,40,North America,<=50K
1205,"[60, 70[", Self-emp-inc,113544,Graduate,14,Married-civ-spouse,Nontechnical, Husband,*,Male,0,0,40,North America,>50K
1206,"[60, 70[", Local-gov,321117,High School,9,Married-civ-spouse,Other, Husband,*,Male,0,0,40,North America,<=50K
1207,"[30, 40[", Private,79619,Undergraduate,13,Married-civ-spouse,Nontechnical, Husband,*,Male,0,0,42,North America,>50K
1208,"[20, 30[", ?,42004,Undergraduate,10,Never-married,Other, Own-child,*,Male,0,0,30,North America,<=50K
1209,"[30, 40[", Private,135289,High School,9,Married-civ-spouse,Technical, Husband,*,Male,0,0,45,North America,<=50K
1210,"[40, 50[", Self-emp-inc,320984,Undergraduate,10,Married-civ-spouse,Nontechnical, Husband,*,Male,5178,0,60,North America,>50K
1211,"[30, 40[", Private,203070,Undergraduate,10,Separated,Other, Own-child,*,Male,0,0,62,North America,<=50K
1212,"[30, 40[", Private,32406,Undergraduate,10,Divorced,Technical, Unmarried,*,Female,0,0,20,North America,<=50K
1213,"[50, 60[", Private,99185,Graduate,16,Married-civ-spouse,Technical, Husband,*,Male,15024,0,45,North America,>50K
1214,"[20, 30[", Private,205839,Undergraduate,10,Never-married,Other, Own-child,*,Male,0,0,16,North America,<=50K
1215,"[60, 70[", ?,150389,Undergraduate,13,Widowed,Other, Not-in-family,*,Female,0,0,40,North America,>50K
1216,"[40, 50[", Self-emp-not-inc,243631,Undergraduate,10,Married-civ-spouse,Technical, Husband,*,Male,7688,0,40,North America,>50K
1218,"[30, 40[", Private,231263,Undergraduate,13,Divorced,Nontechnical, Not-in-family,*,Male,4650,0,45,North America,<=50K
1219,"[30, 40[", Private,200818,Professional Education,15,Married-civ-spouse,Technical, Husband,*,Male,0,0,40,North America,>50K
1220,"[40, 50[", Self-emp-not-inc,247379,High School,9,Married-civ-spouse,Technical, Husband,*,Male,0,0,40,North America,>50K
1221,"[40, 50[", Private,349151,High School,9,Married-civ-spouse,Technical, Husband,*,Male,0,0,40,North America,<=50K
1222,"[50, 60[", Private,22154,Undergraduate,10,Married-civ-spouse,Technical, Husband,*,Male,0,0,40,North America,<=50K
1223,"[50, 60[", Private,176317,High School,9,Widowed,Other, Own-child,*,Female,0,0,40,North America,<=50K
1225,"[20, 30[", Private,236436,High School,9,Never-married,Other, Not-in-family,*,Female,0,0,40,North America,<=50K
1226,"[30, 40[", Private,354078,Undergraduate,13,Married-civ-spouse,Technical, Husband,*,Male,0,0,60,North America,>50K
1227,"[40, 50[", Self-emp-not-inc,166813,Undergraduate,10,Married-civ-spouse,Other, Husband,*,Male,0,0,60,North America,<=50K
1229,"[70, 80[", Self-emp-not-inc,208426,Professional Education,15,Married-civ-spouse,Technical, Husband,*,Male,0,0,35,North America,<=50K
1230,"[40, 50[", Private,265266,Undergraduate,13,Married-civ-spouse,Technical, Husband,*,Male,0,1902,40,North America,>50K
1231,"[50, 60[", Federal-gov,31838,High School,9,Divorced,Other, Unmarried,*,Female,0,0,40,North America,<=50K
1232,"[20, 30[", Private,175034,Undergraduate,13,Never-married,Other, Not-in-family,*,Female,0,0,40,North America,<=50K
1233,"[40, 50[", Private,413297,High School,9,Married-civ-spouse,Technical, Husband,*,Male,0,0,45,North America,<=50K
1234,"[30, 40[", Private,106347,High School,7,Separated,Other, Not-in-family,*,Female,0,0,42,North America,<=50K
1235,"[20, 30[", Private,174754,Undergraduate,10,Never-married,Nontechnical, Not-in-family,*,Female,0,0,30,North America,<=50K
1236,"[30, 40[", Private,441454,High School,9,Never-married,Nontechnical, Not-in-family,*,Female,0,0,24,North America,<=50K
1237,"[40, 50[", Self-emp-not-inc,209344,High School,9,Married-civ-spouse,Nontechnical, Other-relative,*,Female,0,0,40,North America,<=50K
1238,"[30, 40[", Private,185732,High School,9,Never-married,Other, Own-child,*,Female,0,0,30,North America,<=50K
1239,"[40, 50[", Private,65372,Undergraduate,10,Never-married,Other, Own-child,*,Female,0,0,40,North America,<=50K
1240,"[30, 40[", Private,33975,Graduate,14,Never-married,Technical, Not-in-family,*,Male,0,0,45,North America,>50K
1241,"[50, 60[", Private,326297,High School,9,Separated,Other, Not-in-family,*,Female,0,0,25,North America,<=50K
1243,"[60, 70[", Self-emp-not-inc,167414,High School,9,Married-civ-spouse,Nontechnical, Husband,*,Male,0,0,59,North America,>50K
1244,"[30, 40[", Local-gov,165799,Undergraduate,10,Never-married,Other, Not-in-family,*,Male,0,0,12,North America,<=50K
1245,"[60, 70[", Private,192866,Undergraduate,10,Widowed,Other, Not-in-family,*,Female,0,0,20,North America,<=50K
1246,"[50, 60[", Self-emp-inc,166459,Professional Education,15,Married-civ-spouse,Technical, Husband,*,Male,99999,0,60,North America,>50K
1247,"[40, 50[", Private,148995,High School,9,Divorced,Other, Not-in-family,*,Male,0,0,40,North America,<=50K
1248,"[30, 40[", Private,190040,High School,9,Married-civ-spouse,Other, Wife,*,Female,0,0,40,North America,<=50K
1249,"[30, 40[", Private,209432,High School,9,Never-married,Nontechnical, Own-child,*,Female,0,0,40,North America,<=50K
1250,"[50, 60[", Self-emp-inc,229465,Graduate,14,Married-civ-spouse,Nontechnical, Husband,*,Male,15024,0,50,North America,>50K
1251,"[40, 50[", Self-emp-not-inc,397466,Undergraduate,10,Married-civ-spouse,Nontechnical, Husband,*,Male,0,0,60,North America,<=50K
1253,"[50, 60[", Federal-gov,202452,High School,9,Divorced,Other, Not-in-family,*,Female,0,0,43,North America,<=50K
1254,"[20, 30[", Self-emp-not-inc,218555,Undergraduate,10,Never-married,Other, Not-in-family,*,Male,0,1762,40,North America,<=50K
1255,"[20, 30[", Private,128604,High School,9,Married-civ-spouse,Technical, Husband,*,Male,0,0,40,North America,<=50K
1256,"[30, 40[", Private,65466,Undergraduate,13,Never-married,Other, Not-in-family,*,Female,0,0,50,North America,<=50K
1257,"[50, 60[", Private,141326,High School,9,Married-civ-spouse,Nontechnical, Husband,*,Male,0,0,50,North America,>50K
1258,"[40, 50[", Federal-gov,369468,Undergraduate,13,Married-civ-spouse,Technical, Husband,*,Male,0,0,40,North America,>50K
1259,"[30, 40[", State-gov,136137,Undergraduate,10,Separated,Other, Not-in-family,*,Male,0,0,40,North America,<=50K
1260,"[30, 40[", Private,236770,High School,9,Married-civ-spouse,Technical, Husband,*,Male,0,0,40,North America,<=50K
1261,"[50, 60[", Private,89534,High School,9,Married-civ-spouse,Other, Husband,*,Male,0,0,48,North America,>50K
1263,"[70, 80[", Private,29778,High School,9,Widowed,Other, Not-in-family,*,Female,0,0,37,North America,<=50K
1264,"[20, 30[", Self-emp-inc,153516,Undergraduate,10,Never-married,Technical, Own-child,*,Male,0,0,35,North America,<=50K
1265,"[30, 40[", Private,163594,High School,9,Never-married,Nontechnical, Not-in-family,*,Female,0,0,45,North America,<=50K
1266,"[30, 40[", Private,189623,Undergraduate,13,Married-civ-spouse,Technical, Husband,*,Male,0,1887,40,North America,>50K
1267,"[50, 60[", Self-emp-not-inc,343748,Undergraduate,10,Married-civ-spouse,Technical, Husband,*,Male,0,0,35,North America,<=50K
1268,"[30, 40[", Private,387430,Undergraduate,10,Married-civ-spouse,Other, Husband,*,Male,0,0,37,North America,<=50K
1269,"[40, 50[", Local-gov,409505,Undergraduate,13,Divorced,Other, Not-in-family,*,Male,0,0,40,North America,<=50K
1270,"[40, 50[", Private,200734,Undergraduate,13,Never-married,Nontechnical, Unmarried,*,Female,0,0,45,North America,<=50K
1271,"[20, 30[", Private,115831,Undergraduate,10,Married-civ-spouse,Other, Husband,*,Male,0,0,40,North America,<=50K
1272,"[20, 30[", Private,150296,Professional Education,12,Never-married,Other, Not-in-family,*,Female,0,0,80,North America,<=50K
1273,"[20, 30[", Private,323545,High School,9,Never-married,Technical, Not-in-family,*,Female,0,0,40,North America,<=50K
1274,"[20, 30[", Private,232577,Undergraduate,10,Never-married,Other, Unmarried,*,Female,0,0,40,North America,<=50K
1275,"[50, 60[", Local-gov,152754,Undergraduate,13,Married-civ-spouse,Other, Husband,*,Male,0,0,40,North America,>50K
1276,"[40, 50[", Private,129007,Undergraduate,13,Married-civ-spouse,Nontechnical, Husband,*,Male,0,1977,40,North America,>50K
1277,"[60, 70[", Private,171584,Undergraduate,13,Married-civ-spouse,Other, Husband,*,Male,6514,0,7,North America,>50K
1278,"[40, 50[", Private,386136,High School,9,Married-civ-spouse,Other, Husband,*,Male,0,0,35,North America,<=50K
1279,"[40, 50[", Private,342865,High School,9,Married-civ-spouse,Nontechnical, Husband,*,Male,0,0,40,North America,<=50K
1280,"[50, 60[", Private,186785,High School,9,Never-married,Nontechnical, Not-in-family,*,Male,0,1876,50,North America,<=50K
1282,"[60, 70[", ?,36039,High School,9,Married-civ-spouse,Other, Husband,*,Male,0,0,40,North America,>50K
1283,"[20, 30[", Private,164019,Undergraduate,10,Never-married,Other, Own-child,*,Male,0,0,10,North America,<=50K
1284,"[50, 60[", Private,88926,High School,9,Married-civ-spouse,Other, Wife,*,Female,5178,0,40,North America,>50K
1285,"[40, 50[", Private,188861,Undergraduate,10,Married-civ-spouse,Other, Husband,*,Male,0,0,40,North America,<=50K
1286,"[40, 50[", Self-emp-not-inc,370119,Undergraduate,13,Married-civ-spouse,Nontechnical, Husband,*,Male,15024,0,50,North America,>50K
1287,"[50, 60[", Private,182062,High School,6,Married-civ-spouse,Other, Husband,*,Male,0,0,40,North America,<=50K
1288,"[30, 40[", Private,37238,Undergraduate,13,Never-married,Nontechnical, Not-in-family,*,Male,0,0,45,North America,<=50K
1289,"[50, 60[", Private,421132,High School,9,Married-civ-spouse,Technical, Husband,*,Male,0,0,40,North America,<=50K
1290,"[50, 60[", ?,178660,High School,8,Married-civ-spouse,Other, Husband,*,Male,0,0,40,North America,<=50K
1292,"[30, 40[", Private,278403,High School,9,Married-civ-spouse,Other, Husband,*,Male,0,0,65,North America,<=50K
1293,"[40, 50[", Private,279661,Graduate,14,Married-civ-spouse,Technical, Husband,*,Male,0,0,35,North America,<=50K
1294,"[30, 40[", Private,113397,High School,9,Married-civ-spouse,Nontechnical, Husband,*,Male,0,0,40,North America,<=50K
1296,"[20, 30[", Private,236696,Undergraduate,10,Never-married,Other, Not-in-family,*,Male,0,0,57,North America,<=50K
1297,"[40, 50[", Private,265266,Professional Education,12,Married-civ-spouse,Technical, Husband,*,Male,0,0,40,North America,<=50K
1298,"[40, 50[", Local-gov,34935,Undergraduate,10,Never-married,Other, Own-child,*,Male,0,0,40,North America,<=50K
1299,"[20, 30[", Private,58222,High School,9,Married-civ-spouse,Technical, Husband,*,Male,0,0,40,North America,<=50K
1300,"[20, 30[", Federal-gov,301010,Undergraduate,10,Never-married,Other, Not-in-family,*,Male,0,0,60,North America,<=50K
1302,"[50, 60[", Self-emp-inc,186791,Undergraduate,10,Married-civ-spouse,Other, Wife,*,Female,0,0,40,North America,>50K
1303,"[30, 40[", Self-emp-not-inc,180686,Professional Education,15,Married-civ-spouse,Technical, Husband,*,Male,0,0,50,North America,<=50K
1304,"[30, 40[", Private,209103,Professional Education,11,Married-civ-spouse,Nontechnical, Husband,*,Male,0,0,48,North America,<=50K
1305,"[30, 40[", Private,32668,Undergraduate,13,Married-civ-spouse,Technical, Husband,*,Male,0,0,43,North America,>50K
1306,"[20, 30[", Private,256956,Professional Education,11,Never-married,Technical, Not-in-family,*,Male,0,0,40,North America,<=50K
1307,"[20, 30[", Private,202203,Primary School,3,Never-married,Other, Own-child,*,Female,0,0,40,North America,<=50K
1308,"[40, 50[", Private,85995,High School,9,Married-civ-spouse,Nontechnical, Husband,*,Male,0,0,45,North America,<=50K
1309,"[40, 50[", Private,125421,High School,9,Married-civ-spouse,Technical, Wife,*,Female,0,0,40,North America,>50K
1310,"[40, 50[", Federal-gov,283037,Undergraduate,13,Married-civ-spouse,Nontechnical, Husband,*,Male,0,0,40,North America,<=50K
1311,"[20, 30[", Private,192932,Undergraduate,13,Never-married,Technical, Not-in-family,*,Female,0,0,40,North America,<=50K
1312,"[20, 30[", ?,244689,Undergraduate,10,Never-married,Other, Not-in-family,*,Female,0,0,25,North America,<=50K
1313,"[50, 60[", Private,179646,High School,9,Divorced,Other, Unmarried,*,Female,0,0,40,North America,<=50K
1314,"[30, 40[", Private,509350,Undergraduate,10,Married-civ-spouse,Nontechnical, Husband,*,Male,0,0,50,North America,>50K
1315,"[20, 30[", Private,96279,High School,9,Never-married,Technical, Own-child,*,Female,0,0,40,North America,<=50K
1316,"[30, 40[", Private,119098,Graduate,16,Married-civ-spouse,Technical, Husband,*,Male,7298,0,40,North America,>50K
1317,"[30, 40[", ?,327120,Professional Education,12,Never-married,Other, Not-in-family,*,Male,0,0,55,North America,<=50K
1318,"[40, 50[", State-gov,144928,Undergraduate,13,Married-civ-spouse,Technical, Husband,*,Male,0,0,40,North America,>50K
1319,"[40, 50[", Private,55237,Undergraduate,13,Married-civ-spouse,Technical, Husband,*,Male,0,0,45,North America,>50K
1320,"[60, 70[", Local-gov,101265,High School,9,Widowed,Other, Unmarried,*,Female,1471,0,35,North America,<=50K
1321,"[20, 30[", Private,114874,Undergraduate,10,Never-married,Other, Own-child,*,Male,0,0,30,North America,<=50K
1322,"[20, 30[", Private,190525,High School,9,Never-married,Nontechnical, Not-in-family,*,Male,0,0,50,North America,>50K
1323,"[50, 60[", Private,121912,Undergraduate,10,Married-civ-spouse,Other, Husband,*,Male,0,0,24,North America,>50K
1324,"[30, 40[", Private,83893,High School,9,Married-civ-spouse,Other, Husband,*,Male,0,0,40,North America,>50K
1325,"[10, 20[", ?,138507,High School,6,Never-married,Other, Own-child,*,Male,0,0,20,North America,<=50K
1328,"[20, 30[", Private,293579,High School,9,Never-married,Nontechnical, Own-child,*,Female,0,0,20,North America,<=50K
1329,"[20, 30[", Private,285290,High School,7,Never-married,Other, Unmarried,*,Female,0,0,40,North America,<=50K
1330,"[20, 30[", Private,188488,High School,9,Never-married,Technical, Other-relative,*,Male,0,0,40,North America,<=50K
1331,"[20, 30[", Private,324469,Undergraduate,10,Never-married,Technical, Not-in-family,*,Female,0,0,40,North America,<=50K
1332,"[20, 30[", Private,275244,High School,9,Never-married,Technical, Not-in-family,*,Male,0,0,35,North America,<=50K
1333,"[50, 60[", Private,265099,Professional Education,15,Married-civ-spouse,Technical, Husband,*,Male,0,0,60,North America,<=50K
1334,"[50, 60[", Private,146767,Professional Education,11,Married-civ-spouse,Technical, Husband,*,Male,0,0,40,North America,>50K
1335,"[30, 40[", Private,40681,Undergraduate,10,Never-married,Technical, Not-in-family,*,Female,3674,0,16,North America,<=50K
1336,"[30, 40[", Private,174938,Undergraduate,13,Never-married,Technical, Not-in-family,*,Male,0,0,40,North America,<=50K
1337,"[40, 50[", Private,240124,High School,9,Married-civ-spouse,Nontechnical, Husband,*,Male,0,0,40,North America,>50K
1339,"[30, 40[", State-gov,34180,Undergraduate,10,Married-civ-spouse,Nontechnical, Husband,*,Male,0,0,40,North America,<=50K
1340,"[20, 30[", State-gov,225904,Professional Education,15,Never-married,Technical, Unmarried,*,Male,0,0,40,North America,<=50K
1342,"[40, 50[", Private,46857,Undergraduate,10,Divorced,Other, Not-in-family,*,Male,0,0,40,North America,<=50K
1343,"[50, 60[", State-gov,105363,High School,9,Never-married,Other, Own-child,*,Male,0,0,40,North America,<=50K
1344,"[20, 30[", Private,195105,High School,9,Never-married,Nontechnical, Not-in-family,*,Male,0,0,40,North America,<=50K
1345,"[30, 40[", Private,184117,Undergraduate,13,Never-married,Other, Own-child,*,Female,0,0,40,North America,<=50K
1347,"[10, 20[", ?,145886,High School,7,Never-married,Other, Own-child,*,Female,0,0,30,North America,<=50K
1348,"[30, 40[", Private,153078,Undergraduate,13,Married-civ-spouse,Nontechnical, Husband,*,Male,0,0,60,Unknown,>50K
1349,"[60, 70[", ?,225652,High School,4,Married-civ-spouse,Other, Husband,*,Male,3411,0,50,North America,<=50K
1350,"[30, 40[", Private,467108,Undergraduate,10,Never-married,Technical, Not-in-family,*,Male,0,0,50,North America,>50K
1351,"[30, 40[", Self-emp-inc,199765,Undergraduate,13,Married-civ-spouse,Technical, Husband,*,Male,7688,0,50,North America,>50K
1352,"[40, 50[", Private,173938,High School,9,Separated,Nontechnical, Own-child,*,Female,0,0,40,North America,<=50K
1353,"[30, 40[", Private,191161,Undergraduate,10,Married-civ-spouse,Technical, Husband,*,Male,0,0,40,North America,<=50K
1355,"[60, 70[", Self-emp-not-inc,30073,High School,9,Married-civ-spouse,Other, Husband,*,Male,0,1848,60,North America,>50K
1356,"[40, 50[", Private,155190,High School,6,Never-married,Technical, Other-relative,*,Male,0,0,55,North America,<=50K
1357,"[30, 40[", Private,42900,Undergraduate,13,Never-married,Technical, Not-in-family,*,Male,0,0,37,North America,<=50K
1358,"[30, 40[", Private,191161,High School,9,Never-married,Nontechnical, Not-in-family,*,Male,0,0,50,North America,<=50K
1359,"[20, 30[", Private,181820,Undergraduate,10,Never-married,Technical, Own-child,*,Male,0,0,40,North America,<=50K
1360,"[30, 40[", Private,105974,High School,9,Never-married,Technical, Not-in-family,*,Male,0,0,41,North America,<=50K
1361,"[50, 60[", Private,146378,High School,9,Married-civ-spouse,Technical, Husband,*,Male,0,0,40,North America,>50K
1362,"[20, 30[", Private,103440,High School,9,Never-married,Other, Not-in-family,*,Female,0,0,24,North America,<=50K
1365,"[40, 50[", Self-emp-inc,257764,High School,9,Divorced,Nontechnical, Unmarried,*,Female,0,0,40,North America,<=50K
1366,"[40, 50[", Private,171301,High School,9,Married-civ-spouse,Technical, Wife,*,Female,0,0,40,North America,<=50K
1367,"[50, 60[", Federal-gov,225339,Undergraduate,10,Widowed,Other, Not-in-family,*,Female,0,0,40,North America,<=50K
1369,"[20, 30[", Private,444554,High School,6,Never-married,Nontechnical, Own-child,*,Male,0,0,40,North America,<=50K
1370,"[20, 30[", Private,403788,Professional Education,12,Never-married,Other, Own-child,*,Male,0,0,40,North America,<=50K
1371,"[60, 70[", ?,190997,High School,9,Married-civ-spouse,Other, Husband,*,Male,0,0,6,North America,<=50K
1373,"[40, 50[", Self-emp-inc,98929,Undergraduate,13,Married-civ-spouse,Nontechnical, Husband,*,Male,0,0,52,North America,<=50K
1374,"[40, 50[", Local-gov,169203,Professional Education,11,Never-married,Other, Not-in-family,*,Female,0,0,35,North America,<=50K
1375,"[40, 50[", Private,102332,High School,9,Divorced,Nontechnical, Unmarried,*,Female,0,0,40,North America,<=50K
1376,"[40, 50[", Self-emp-not-inc,230684,High School,9,Married-civ-spouse,Other, Husband,*,Male,0,0,55,North America,<=50K
1377,"[50, 60[", Private,449257,High School,9,Married-civ-spouse,Other, Husband,*,Male,0,0,40,North America,<=50K
1378,"[60, 70[", Private,198766,Graduate,14,Married-civ-spouse,Nontechnical, Husband,*,Male,20051,0,40,North America,>50K
1379,"[30, 40[", Private,97429,Undergraduate,13,Divorced,Nontechnical, Unmarried,*,Female,0,0,40,North America,<=50K
1381,"[20, 30[", Private,37072,Undergraduate,13,Never-married,Nontechnical, Not-in-family,*,Male,0,0,50,North America,<=50K
1382,"[20, 30[", Local-gov,163101,Undergraduate,13,Never-married,Technical, Not-in-family,*,Male,0,0,45,North America,<=50K
1383,"[10, 20[", Private,119075,Undergraduate,10,Never-married,Nontechnical, Own-child,*,Male,0,0,50,North America,<=50K
1384,"[30, 40[", Self-emp-not-inc,137314,High School,9,Married-civ-spouse,Nontechnical, Husband,*,Male,0,0,60,North America,<=50K
1385,"[40, 50[", Private,127303,Undergraduate,10,Never-married,Technical, Own-child,*,Male,0,0,45,North America,<=50K
1386,"[30, 40[", Private,349116,High School,9,Never-married,Nontechnical, Not-in-family,*,Male,0,0,44,North America,<=50K
1388,"[10, 20[", ?,194095,Undergraduate,10,Never-married,Other, Own-child,*,Male,0,0,40,North America,<=50K
1389,"[10, 20[", Private,46496,High School,7,Never-married,Other, Own-child,*,Male,0,0,5,North America,<=50K
1390,"[20, 30[", Private,29904,Undergraduate,13,Never-married,Technical, Not-in-family,*,Female,0,0,40,North America,<=50K
1391,"[40, 50[", Local-gov,289403,High School,4,Married-civ-spouse,Technical, Husband,*,Male,0,1887,40,Unknown,>50K
1392,"[50, 60[", Private,226922,High School,9,Divorced,Nontechnical, Unmarried,*,Female,0,1762,30,North America,<=50K
1393,"[10, 20[", Federal-gov,234151,High School,9,Never-married,Other, Unmarried,*,Female,0,0,40,North America,<=50K
1394,"[40, 50[", Private,238287,High School,6,Never-married,Technical, Not-in-family,*,Male,0,0,40,North America,<=50K
1395,"[40, 50[", Private,230624,High School,6,Never-married,Other, Unmarried,*,Male,0,0,40,North America,>50K
1396,"[50, 60[", Private,398212,High School,9,Married-civ-spouse,Other, Husband,*,Male,5013,0,40,North America,<=50K
1397,"[50, 60[", Self-emp-not-inc,114758,Graduate,14,Married-civ-spouse,Nontechnical, Husband,*,Male,0,0,50,North America,<=50K
1398,"[50, 60[", Private,246519,High School,6,Married-civ-spouse,Nontechnical, Husband,*,Male,2105,0,45,North America,<=50K
1399,"[50, 60[", Private,137815,High School,9,Married-civ-spouse,Other, Husband,*,Male,0,0,60,North America,>50K
1400,"[40, 50[", Private,260696,High School,9,Never-married,Other, Not-in-family,*,Female,0,0,40,North America,<=50K
1401,"[50, 60[", Private,325007,Professional Education,12,Married-civ-spouse,Technical, Husband,*,Male,0,0,25,North America,<=50K
1402,"[50, 60[", Private,113176,High School,9,Divorced,Other, Not-in-family,*,Female,0,0,40,North America,<=50K
1403,"[30, 40[", Private,66815,High School,9,Married-civ-spouse,Technical, Husband,*,Male,0,0,50,North America,<=50K
1404,"[40, 50[", ?,51795,High School,9,Divorced,Other, Unmarried,*,Female,0,0,32,North America,<=50K
1405,"[20, 30[", Private,241523,High School,9,Married-civ-spouse,Other, Husband,*,Male,0,0,45,North America,>50K
1406,"[30, 40[", Private,30226,High School,7,Divorced,Nontechnical, Own-child,*,Male,0,0,40,North America,<=50K
1407,"[30, 40[", Local-gov,352628,Professional Education,12,Married-civ-spouse,Technical, Wife,*,Female,0,0,50,North America,>50K
1408,"[30, 40[", Private,143912,High School,9,Divorced,Other, Not-in-family,*,Male,0,0,50,North America,<=50K
1409,"[30, 40[", Private,130021,High School,9,Married-civ-spouse,Other, Husband,*,Male,0,0,40,North America,<=50K
1410,"[40, 50[", Private,329778,High School,9,Widowed,Other, Unmarried,*,Female,0,0,40,North America,<=50K
1411,"[40, 50[", Self-emp-inc,196945,High School,9,Married-civ-spouse,Other, Husband,*,Male,0,0,78,Asia,<=50K
1412,"[30, 40[", Private,24342,Undergraduate,13,Married-civ-spouse,Technical, Husband,*,Male,0,0,40,North America,>50K
1413,"[50, 60[", Private,34368,Undergraduate,10,Married-civ-spouse,Nontechnical, Husband,*,Male,0,0,45,North America,>50K
1414,"[50, 60[", Self-emp-not-inc,173839,High School,6,Married-civ-spouse,Nontechnical, Husband,*,Male,0,0,60,North America,<=50K
1415,"[20, 30[", State-gov,73211,Undergraduate,10,Married-civ-spouse,Other, Husband,*,Male,0,0,20,North America,<=50K
1416,"[30, 40[", Private,86723,High School,9,Never-married,Other, Not-in-family,*,Male,0,0,52,North America,<=50K
1417,"[30, 40[", Private,179186,Undergraduate,13,Married-civ-spouse,Nontechnical, Husband,*,Male,0,0,90,North America,>50K
1418,"[30, 40[", Private,127610,Undergraduate,13,Married-civ-spouse,Technical, Wife,*,Female,0,0,40,North America,>50K
1419,"[40, 50[", Private,115070,Undergraduate,10,Never-married,Other, Not-in-family,*,Female,0,0,40,North America,<=50K
1420,"[10, 20[", ?,172582,Undergraduate,10,Never-married,Other, Own-child,*,Male,0,0,50,North America,<=50K
1421,"[40, 50[", Private,256202,Professional Education,11,Married-civ-spouse,Nontechnical, Husband,*,Male,0,0,40,North America,<=50K
1422,"[40, 50[", Private,202872,Professional Education,12,Never-married,Other, Own-child,*,Female,0,0,45,North America,<=50K
1423,"[40, 50[", Private,184102,High School,7,Divorced,Other, Not-in-family,*,Male,0,0,40,North America,<=50K
1424,"[50, 60[", Federal-gov,130703,High School,9,Married-civ-spouse,Other, Husband,*,Male,0,0,40,North America,<=50K
1426,"[40, 50[", Self-emp-inc,36228,Undergraduate,13,Married-civ-spouse,Other, Husband,*,Male,4386,0,35,North America,>50K
1427,"[30, 40[", Private,297847,High School,5,Married-civ-spouse,Other, Wife,*,Female,3411,0,34,North America,<=50K
1428,"[10, 20[", Private,213644,High School,9,Never-married,Technical, Not-in-family,*,Male,0,0,40,North America,<=50K
1429,"[50, 60[", Private,173796,High School,9,Married-civ-spouse,Other, Husband,*,Male,0,1887,40,North America,>50K
1431,"[50, 60[", Private,296253,High School,9,Divorced,Nontechnical, Not-in-family,*,Female,0,0,40,North America,<=50K
1432,"[30, 40[", Private,180871,Professional Education,11,Divorced,Nontechnical, Not-in-family,*,Male,0,0,50,North America,>50K
1433,"[10, 20[", ?,169882,Undergraduate,10,Never-married,Other, Own-child,*,Female,594,0,15,North America,<=50K
1434,"[30, 40[", State-gov,211115,Undergraduate,10,Never-married,Other, Not-in-family,*,Male,0,0,40,North America,<=50K
1435,"[50, 60[", Self-emp-inc,183870,High School,6,Married-civ-spouse,Other, Wife,*,Female,0,0,40,North America,<=50K
1436,"[20, 30[", Private,441620,Undergraduate,13,Never-married,Other, Not-in-family,*,Male,0,0,43,North America,<=50K
1437,"[30, 40[", Federal-gov,218542,Professional Education,12,Married-civ-spouse,Other, Wife,*,Female,0,0,40,North America,>50K
1438,"[40, 50[", Self-emp-not-inc,141327,Graduate,14,Divorced,Technical, Unmarried,*,Female,0,0,35,North America,<=50K
1439,"[40, 50[", Private,67716,High School,9,Married-civ-spouse,Nontechnical, Husband,*,Male,0,0,40,North America,>50K
1440,"[50, 60[", Self-emp-inc,175339,High School,9,Married-civ-spouse,Technical, Husband,*,Male,0,1672,60,North America,<=50K
1441,"[60, 70[", ?,347089,High School,9,Married-civ-spouse,Other, Husband,*,Male,0,0,16,North America,<=50K
1442,"[30, 40[", Private,336595,High School,9,Married-civ-spouse,Nontechnical, Husband,*,Male,0,0,50,North America,>50K
1443,"[30, 40[", Private,27997,Professional Education,11,Divorced,Technical, Not-in-family,*,Male,0,0,40,North America,<=50K
1444,"[50, 60[", Self-emp-not-inc,145574,High School,9,Married-civ-spouse,Other, Husband,*,Male,0,1902,60,North America,>50K
1445,"[50, 60[", Private,30447,Professional Education,11,Married-civ-spouse,Other, Husband,*,Male,0,0,45,North America,<=50K
1446,"[40, 50[", Self-emp-not-inc,256866,Undergraduate,10,Married-civ-spouse,Nontechnical, Husband,*,Male,5013,0,40,North America,<=50K
1447,"[40, 50[", Self-emp-not-inc,120837,High School,9,Married-civ-spouse,Nontechnical, Husband,*,Male,0,0,66,North America,<=50K
1448,"[50, 60[", Private,185283,Undergraduate,10,Married-civ-spouse,Nontechnical, Husband,*,Male,0,0,45,North America,>50K
1449,"[40, 50[", Self-emp-inc,229466,Undergraduate,10,Married-civ-spouse,Nontechnical, Husband,*,Male,0,0,50,North America,>50K
1450,"[20, 30[", Private,298225,High School,9,Divorced,Technical, Not-in-family,*,Male,0,0,50,North America,<=50K
1451,"[60, 70[", Private,185749,High School,7,Widowed,Other, Unmarried,*,Male,0,0,40,North America,<=50K
1452,"[10, 20[", ?,333100,High School,6,Never-married,Other, Own-child,*,Male,1055,0,30,North America,<=50K
1453,"[40, 50[", Self-emp-inc,125892,Graduate,14,Married-civ-spouse,Nontechnical, Husband,*,Male,0,0,50,North America,>50K
1454,"[40, 50[", Private,563883,High School,9,Married-civ-spouse,Technical, Husband,*,Male,0,0,60,North America,>50K
1455,"[50, 60[", Private,311249,High School,9,Widowed,Other, Unmarried,*,Female,0,0,38,North America,<=50K
1456,"[20, 30[", Private,221757,High School,9,Divorced,Technical, Not-in-family,*,Male,3325,0,45,North America,<=50K
1457,"[20, 30[", Private,310152,Undergraduate,10,Never-married,Other, Not-in-family,*,Male,0,0,40,North America,<=50K
1458,"[70, 80[", ?,211453,High School,9,Widowed,Other, Not-in-family,*,Female,0,0,2,North America,<=50K
1459,"[40, 50[", Self-emp-inc,94113,Professional Education,15,Married-civ-spouse,Technical, Husband,*,Male,0,0,60,North America,>50K
1460,"[40, 50[", Self-emp-inc,192945,High School,9,Married-civ-spouse,Nontechnical, Husband,*,Male,7688,0,40,North America,>50K
1461,"[40, 50[", Private,161508,High School,6,Never-married,Technical, Not-in-family,*,Male,0,0,40,North America,<=50K
1462,"[30, 40[", Private,177675,Undergraduate,10,Never-married,Technical, Not-in-family,*,Male,0,0,40,North America,>50K
1463,"[30, 40[", Private,51100,High School,9,Married-civ-spouse,Other, Husband,*,Male,0,0,40,North America,>50K
1464,"[40, 50[", Private,100584,High School,6,Divorced,Technical, Not-in-family,*,Male,0,0,40,North America,<=50K
1465,"[70, 80[", Federal-gov,163003,High School,9,Married-civ-spouse,Other, Husband,*,Male,0,0,40,North America,<=50K
1466,"[30, 40[", Private,67728,Undergraduate,10,Married-civ-spouse,Technical, Husband,*,Male,0,2051,45,North America,<=50K
1467,"[40, 50[", Private,101320,Graduate,14,Divorced,Nontechnical, Not-in-family,*,Female,0,0,75,North America,<=50K
1468,"[20, 30[", Private,42706,Professional Education,11,Never-married,Other, Not-in-family,*,Male,0,0,60,North America,<=50K
1469,"[40, 50[", Private,228535,Professional Education,12,Married-civ-spouse,Technical, Husband,*,Male,7298,0,36,North America,>50K
1470,"[60, 70[", Private,120939,Professional Education,15,Married-civ-spouse,Other, Husband,*,Male,0,0,5,North America,>50K
1471,"[20, 30[", Private,98283,Undergraduate,13,Never-married,Technical, Own-child,*,Male,0,0,40,North America,<=50K
1472,"[20, 30[", Local-gov,216481,Undergraduate,13,Never-married,Technical, Not-in-family,*,Female,0,0,40,North America,<=50K
1473,"[60, 70[", State-gov,208869,Graduate,14,Married-civ-spouse,Technical, Husband,*,Male,0,0,11,North America,<=50K
1474,"[20, 30[", Private,207940,Undergraduate,10,Never-married,Nontechnical, Own-child,*,Female,0,0,36,North America,<=50K
1475,"[40, 50[", Private,34248,High School,9,Married-civ-spouse,Other, Husband,*,Male,0,0,38,North America,<=50K
1476,"[30, 40[", Private,83727,High School,9,Divorced,Other, Unmarried,*,Female,0,0,48,North America,<=50K
1477,"[20, 30[", Private,183077,Professional Education,11,Never-married,Other, Own-child,*,Female,0,0,40,North America,<=50K
1478,"[10, 20[", Private,197850,High School,7,Never-married,Other, Own-child,*,Female,0,0,24,North America,<=50K
1479,"[30, 40[", Self-emp-not-inc,235271,Undergraduate,10,Never-married,Other, Not-in-family,*,Male,0,0,35,North America,<=50K
1481,"[50, 60[", Private,255822,Professional Education,11,Married-civ-spouse,Technical, Husband,*,Male,0,0,40,North America,>50K
1482,"[50, 60[", Self-emp-inc,263925,High School,9,Married-civ-spouse,Nontechnical, Husband,*,Male,99999,0,40,North America,>50K
1483,"[20, 30[", Private,256263,High School,9,Never-married,Technical, Not-in-family,*,Male,0,0,25,North America,<=50K
1484,"[40, 50[", Local-gov,293535,Undergraduate,13,Married-civ-spouse,Technical, Husband,*,Male,0,0,40,North America,>50K
1485,"[30, 40[", Private,209448,High School,6,Married-civ-spouse,Other, Husband,*,Male,2105,0,40,North America,<=50K
1486,"[30, 40[", Private,57651,High School,9,Never-married,Other, Unmarried,*,Male,0,2001,42,North America,<=50K
1487,"[20, 30[", Private,174592,High School,9,Never-married,Other, Own-child,*,Female,0,0,25,North America,<=50K
1488,"[50, 60[", Federal-gov,278763,High School,9,Divorced,Other, Unmarried,*,Female,0,0,40,North America,<=50K
1490,"[30, 40[", Private,402812,Undergraduate,10,Married-civ-spouse,Nontechnical, Husband,*,Male,0,0,48,North America,<=50K
1491,"[20, 30[", Private,101150,High School,9,Divorced,Nontechnical, Not-in-family,*,Female,0,0,41,North America,<=50K
1492,"[40, 50[", Private,103538,High School,9,Married-civ-spouse,Other, Husband,*,Male,0,0,40,North America,>50K
1493,"[50, 60[", State-gov,156877,High School,9,Married-civ-spouse,Other, Husband,*,Male,15024,0,35,North America,>50K
1494,"[20, 30[", Private,23940,High School,9,Never-married,Nontechnical, Other-relative,*,Male,0,0,40,North America,<=50K
1495,"[20, 30[", Self-emp-inc,210295,High School,7,Married-civ-spouse,Technical, Husband,*,Male,0,0,50,North America,>50K
1496,"[30, 40[", Private,80058,High School,7,Divorced,Nontechnical, Not-in-family,*,Male,0,0,43,North America,>50K
1497,"[30, 40[", Private,187119,Undergraduate,13,Divorced,Nontechnical, Not-in-family,*,Female,0,1980,65,North America,<=50K
1498,"[30, 40[", Self-emp-not-inc,105021,Undergraduate,10,Married-civ-spouse,Nontechnical, Husband,*,Male,0,0,55,North America,>50K
1499,"[10, 20[", Private,225775,Undergraduate,10,Never-married,Other, Not-in-family,*,Male,0,0,40,North America,<=50K
1500,"[30, 40[", Self-emp-inc,395831,Undergraduate,13,Married-civ-spouse,Nontechnical, Husband,*,Male,0,0,80,North America,>50K
1501,"[40, 50[", Private,50282,Undergraduate,10,Divorced,Technical, Not-in-family,*,Male,3325,0,45,North America,<=50K
1502,"[20, 30[", Private,32732,Undergraduate,10,Never-married,Other, Not-in-family,*,Male,0,0,45,North America,<=50K
1503,"[60, 70[", Self-emp-inc,179436,Undergraduate,13,Married-civ-spouse,Nontechnical, Husband,*,Male,15024,0,55,North America,>50K
1504,"[60, 70[", ?,290593,Graduate,14,Married-civ-spouse,Other, Husband,*,Male,0,0,40,North America,<=50K
1505,"[30, 40[", Private,123253,Professional Education,12,Married-civ-spouse,Technical, Husband,*,Male,0,0,42,North America,<=50K
1506,"[50, 60[", State-gov,48433,High School,9,Married-civ-spouse,Nontechnical, Husband,*,Male,0,0,40,North America,<=50K
1507,"[40, 50[", Private,245317,High School,9,Married-civ-spouse,Nontechnical, Husband,*,Male,0,0,50,North America,<=50K
1508,"[20, 30[", Private,431745,Undergraduate,10,Never-married,Other, Not-in-family,*,Female,0,0,14,North America,<=50K
1509,"[40, 50[", State-gov,436006,Undergraduate,10,Married-civ-spouse,Other, Husband,*,Male,0,0,40,North America,<=50K
1511,"[30, 40[", Self-emp-not-inc,167990,Professional Education,11,Married-civ-spouse,Technical, Husband,*,Male,15024,0,65,North America,>50K
1512,"[30, 40[", Self-emp-inc,217054,Undergraduate,13,Married-civ-spouse,Technical, Husband,*,Male,0,0,35,North America,>50K
1513,"[60, 70[", Self-emp-not-inc,298834,Professional Education,11,Married-civ-spouse,Technical, Husband,*,Male,0,0,50,North America,<=50K
1516,"[40, 50[", Private,155489,High School,9,Married-civ-spouse,Other, Husband,*,Male,0,0,58,North America,>50K
1517,"[50, 60[", Private,284834,Undergraduate,13,Married-civ-spouse,Other, Wife,*,Female,2885,0,30,North America,<=50K
1518,"[20, 30[", Private,212495,Undergraduate,13,Never-married,Nontechnical, Own-child,*,Male,0,1340,40,North America,<=50K
1519,"[10, 20[", Local-gov,32124,High School,5,Never-married,Other, Own-child,*,Male,0,0,9,North America,<=50K
1520,"[40, 50[", Local-gov,246891,Undergraduate,13,Married-civ-spouse,Other, Husband,*,Male,0,0,40,North America,<=50K
1521,"[40, 50[", State-gov,141483,High School,5,Divorced,Other, Not-in-family,*,Female,0,0,40,North America,<=50K
1522,"[30, 40[", Private,31985,Undergraduate,10,Divorced,Nontechnical, Unmarried,*,Female,0,0,40,North America,<=50K
1523,"[20, 30[", Private,170800,Undergraduate,10,Never-married,Other, Own-child,*,Female,0,0,40,North America,<=50K
1524,"[20, 30[", Local-gov,166295,Undergraduate,13,Never-married,Technical, Not-in-family,*,Male,0,2339,55,North America,<=50K
1525,"[20, 30[", Private,231286,Undergraduate,10,Never-married,Nontechnical, Not-in-family,*,Male,0,0,15,North America,<=50K
1526,"[30, 40[", Private,159322,High School,9,Divorced,Other, Unmarried,*,Male,0,0,40,North America,<=50K
1527,"[40, 50[", Private,176026,High School,9,Married-civ-spouse,Technical, Husband,*,Male,0,0,40,North America,<=50K
1528,"[50, 60[", Private,118025,Undergraduate,13,Married-civ-spouse,Nontechnical, Husband,*,Male,99999,0,50,North America,>50K
1529,"[30, 40[", Private,26898,High School,9,Divorced,Nontechnical, Unmarried,*,Female,0,0,12,North America,<=50K
1530,"[40, 50[", Private,232628,High School,9,Married-civ-spouse,Technical, Husband,*,Male,0,0,40,North America,<=50K
1531,"[40, 50[", Private,85995,High School,6,Married-civ-spouse,Technical, Husband,*,Male,0,0,40,North America,>50K
1532,"[40, 50[", Private,125421,Graduate,14,Divorced,Nontechnical, Unmarried,*,Female,0,0,40,North America,>50K
1533,"[40, 50[", Private,245305,High School,6,Married-civ-spouse,Other, Husband,*,Male,0,0,42,North America,>50K
1534,"[50, 60[", Private,73493,Undergraduate,10,Divorced,Other, Not-in-family,*,Female,0,0,40,North America,<=50K
1535,"[30, 40[", Private,197058,Professional Education,12,Never-married,Technical, Not-in-family,*,Female,0,0,40,North America,<=50K
1536,"[30, 40[", Private,122116,Undergraduate,10,Married-civ-spouse,Nontechnical, Husband,*,Male,0,0,40,North America,<=50K
1537,"[40, 50[", Private,75742,High School,9,Married-civ-spouse,Technical, Husband,*,Male,0,0,40,North America,<=50K
1538,"[20, 30[", Private,214731,High School,6,Married-civ-spouse,Technical, Wife,*,Female,0,0,40,North America,<=50K
1539,"[30, 40[", Private,265954,High School,9,Separated,Other, Not-in-family,*,Male,0,0,40,North America,<=50K
1540,"[20, 30[", State-gov,197156,High School,9,Divorced,Other, Own-child,*,Female,0,0,30,North America,<=50K
1541,"[60, 70[", Private,162245,Professional Education,15,Married-civ-spouse,Technical, Husband,*,Male,0,1628,70,North America,<=50K
1542,"[30, 40[", Local-gov,203070,High School,9,Separated,Other, Not-in-family,*,Male,0,0,40,North America,<=50K
1543,"[50, 60[", Local-gov,165695,Undergraduate,10,Married-civ-spouse,Technical, Husband,*,Male,0,0,40,North America,<=50K
1545,"[20, 30[", Private,168107,Undergraduate,13,Married-civ-spouse,Technical, Husband,*,Male,0,0,40,North America,<=50K
1546,"[10, 20[", Private,163494,High School,6,Never-married,Nontechnical, Own-child,*,Male,0,0,30,North America,<=50K
1547,"[30, 40[", Private,180342,Undergraduate,13,Married-civ-spouse,Other, Husband,*,Male,0,0,40,North America,<=50K
1548,"[40, 50[", Private,122381,Undergraduate,10,Married-civ-spouse,Technical, Husband,*,Male,0,1887,50,North America,>50K
1549,"[20, 30[", Private,148069,High School,6,Never-married,Technical, Unmarried,*,Female,0,0,40,North America,<=50K
1550,"[20, 30[", Private,200973,High School,9,Never-married,Other, Own-child,*,Female,0,0,40,North America,<=50K
1551,"[10, 20[", Private,130806,High School,6,Never-married,Nontechnical, Own-child,*,Male,0,0,24,North America,<=50K
1552,"[50, 60[", Private,117148,High School,4,Divorced,Technical, Not-in-family,*,Female,0,0,40,North America,<=50K
1553,"[20, 30[", Private,213977,Undergraduate,10,Never-married,Other, Not-in-family,*,Female,0,0,40,North America,<=50K
1555,"[40, 50[", Private,139338,High School,8,Divorced,Other, Unmarried,*,Male,0,0,40,North America,<=50K
1556,"[20, 30[", Private,315877,Undergraduate,13,Never-married,Other, Not-in-family,*,Male,0,0,30,North America,<=50K
1558,"[20, 30[", Private,352057,High School,9,Never-married,Other, Not-in-family,*,Male,0,0,65,North America,<=50K
1559,"[20, 30[", Private,236684,Undergraduate,10,Never-married,Other, Other-relative,*,Female,0,0,8,North America,<=50K
1560,"[10, 20[", Private,208447,High School,8,Never-married,Nontechnical, Own-child,*,Male,0,0,6,North America,<=50K
1561,"[40, 50[", Private,149640,Undergraduate,10,Married-civ-spouse,Technical, Husband,*,Male,0,0,40,North America,<=50K
1562,"[70, 80[", ?,111177,Undergraduate,13,Widowed,Other, Not-in-family,*,Female,25124,0,16,North America,>50K
1563,"[50, 60[", Private,154342,High School,4,Married-civ-spouse,Other, Husband,*,Male,0,0,40,North America,<=50K
1564,"[40, 50[", Federal-gov,141459,High School,9,Separated,Other, Other-relative,*,Female,0,0,40,North America,<=50K
1565,"[40, 50[", Private,111797,Undergraduate,10,Never-married,Other, Not-in-family,*,Female,0,0,35,North America,<=50K
1566,"[20, 30[", Private,111900,Undergraduate,10,Married-civ-spouse,Other, Husband,*,Male,0,0,40,North America,<=50K
1567,"[30, 40[", Private,78707,High School,7,Never-married,Other, Not-in-family,*,Male,0,0,40,North America,<=50K
1568,"[40, 50[", Local-gov,160574,Undergraduate,13,Married-civ-spouse,Technical, Husband,*,Male,0,0,40,North America,<=50K
1569,"[20, 30[", ?,174714,Undergraduate,10,Never-married,Other, Own-child,*,Male,0,0,16,North America,<=50K
1570,"[10, 20[", ?,62534,Undergraduate,13,Never-married,Other, Own-child,*,Female,0,0,40,North America,<=50K
1571,"[40, 50[", Private,216907,Professional Education,12,Married-civ-spouse,Technical, Husband,*,Male,0,1848,40,North America,>50K
1572,"[20, 30[", Private,198148,Undergraduate,10,Never-married,Other, Own-child,*,Male,0,0,30,North America,<=50K
1573,"[10, 20[", Private,124265,Undergraduate,10,Never-married,Nontechnical, Own-child,*,Male,0,0,40,North America,<=50K
1574,"[40, 50[", ?,261059,High School,6,Separated,Other, Own-child,*,Male,2176,0,40,North America,<=50K
1575,"[50, 60[", Private,208137,Professional Education,11,Married-civ-spouse,Other, Husband,*,Male,0,0,40,North America,<=50K
1576,"[30, 40[", Self-emp-not-inc,257250,High School,9,Never-married,Other, Not-in-family,*,Male,0,0,52,North America,<=50K
1577,"[20, 30[", State-gov,147253,Undergraduate,10,Never-married,Technical, Not-in-family,*,Male,0,0,50,North America,<=50K
1578,"[30, 40[", Local-gov,244268,Undergraduate,13,Never-married,Technical, Not-in-family,*,Male,0,0,50,North America,<=50K
1579,"[70, 80[", ?,213255,High School,9,Widowed,Other, Not-in-family,*,Female,0,0,8,North America,<=50K
1580,"[20, 30[", Private,266912,High School,9,Married-civ-spouse,Nontechnical, Husband,*,Male,0,0,50,North America,>50K
1582,"[20, 30[", Private,200511,Undergraduate,13,Married-civ-spouse,Nontechnical, Husband,*,Male,0,0,50,North America,<=50K
1583,"[30, 40[", Private,128715,High School,9,Divorced,Other, Not-in-family,*,Male,10520,0,40,North America,>50K
1584,"[40, 50[", Self-emp-not-inc,65535,High School,9,Married-civ-spouse,Other, Husband,*,Male,0,0,50,North America,<=50K
1585,"[40, 50[", Private,103395,Undergraduate,10,Married-civ-spouse,Technical, Husband,*,Male,0,0,45,North America,>50K
1587,"[20, 30[", Self-emp-not-inc,125442,High School,9,Divorced,Technical, Own-child,*,Male,0,0,40,North America,<=50K
1588,"[20, 30[", Private,169188,High School,9,Never-married,Nontechnical, Own-child,*,Female,0,0,20,North America,<=50K
1589,"[20, 30[", Private,121471,Undergraduate,13,Never-married,Other, Not-in-family,*,Female,0,0,40,North America,<=50K
1590,"[60, 70[", Private,207281,Undergraduate,10,Married-civ-spouse,Other, Husband,*,Male,0,0,16,North America,<=50K
1591,"[20, 30[", Local-gov,46097,Undergraduate,13,Married-civ-spouse,Technical, Husband,*,Male,0,0,40,North America,<=50K
1592,"[20, 30[", ?,206671,Undergraduate,10,Never-married,Other, Own-child,*,Male,1055,0,50,North America,<=50K
1594,"[30, 40[", Self-emp-not-inc,322143,Undergraduate,13,Married-civ-spouse,Other, Husband,*,Male,0,0,10,North America,<=50K
1595,"[30, 40[", Private,149184,High School,9,Never-married,Technical, Not-in-family,*,Male,0,0,60,North America,>50K
1596,"[30, 40[", Local-gov,119829,High School,9,Married-civ-spouse,Other, Wife,*,Female,0,0,60,North America,<=50K
1597,"[30, 40[", Private,910398,Undergraduate,13,Never-married,Nontechnical, Not-in-family,*,Female,0,0,40,North America,<=50K
1598,"[10, 20[", Private,176570,High School,7,Never-married,Technical, Own-child,*,Male,0,0,60,North America,<=50K
1599,"[20, 30[", Private,216129,Undergraduate,13,Never-married,Nontechnical, Not-in-family,*,Male,0,0,50,North America,<=50K
1600,"[30, 40[", Private,27207,High School,7,Married-civ-spouse,Technical, Husband,*,Male,0,0,45,North America,<=50K
1601,"[50, 60[", State-gov,68830,High School,9,Divorced,Nontechnical, Not-in-family,*,Female,0,0,50,North America,<=50K
1602,"[20, 30[", State-gov,178818,Undergraduate,10,Never-married,Technical, Own-child,*,Female,0,0,20,North America,<=50K
1603,"[50, 60[", Private,236944,High School,9,Married-civ-spouse,Technical, Husband,*,Male,0,0,40,North America,>50K
1604,"[40, 50[", State-gov,273771,High School,9,Married-civ-spouse,Technical, Husband,*,Male,0,0,40,North America,<=50K
1605,"[60, 70[", Private,318533,High School,9,Married-civ-spouse,Other, Husband,*,Male,0,0,35,North America,<=50K
1606,"[30, 40[", ?,451940,High School,9,Never-married,Other, Unmarried,*,Female,0,0,40,North America,<=50K
1607,"[40, 50[", Private,102318,High School,9,Separated,Technical, Own-child,*,Male,0,0,40,North America,<=50K
1608,"[30, 40[", Private,379350,High School,6,Married-civ-spouse,Technical, Husband,*,Male,0,0,40,North America,<=50K
1610,"[50, 60[", Self-emp-not-inc,211547,High School,8,Divorced,Nontechnical, Not-in-family,*,Female,0,0,52,North America,<=50K
1611,"[30, 40[", Private,85272,Professional Education,12,Married-civ-spouse,Technical, Wife,*,Female,0,0,30,North America,>50K
1613,"[50, 60[", Private,53833,High School,9,Married-civ-spouse,Technical, Husband,*,Male,0,0,40,North America,>50K
1614,"[20, 30[", Private,161007,Undergraduate,13,Never-married,Other, Own-child,*,Male,0,0,30,North America,<=50K
1615,"[60, 70[", Private,53707,High School,9,Married-civ-spouse,Technical, Husband,*,Male,0,0,40,North America,>50K
1616,"[40, 50[", Private,370119,Professional Education,15,Married-civ-spouse,Technical, Husband,*,Male,99999,0,60,North America,>50K
1617,"[20, 30[", Private,310907,Undergraduate,10,Married-civ-spouse,Nontechnical, Wife,*,Female,0,0,35,North America,<=50K
1618,"[30, 40[", Private,375833,High School,7,Never-married,Technical, Other-relative,*,Male,0,0,40,North America,<=50K
1619,"[30, 40[", Local-gov,107513,High School,9,Married-civ-spouse,Other, Husband,*,Male,0,0,40,North America,<=50K
1620,"[40, 50[", Self-emp-not-inc,58683,Undergraduate,10,Married-civ-spouse,Nontechnical, Husband,*,Male,0,0,70,North America,>50K
1621,"[40, 50[", Self-emp-not-inc,179557,High School,9,Married-civ-spouse,Nontechnical, Husband,*,Male,0,1977,45,North America,>50K
1623,"[40, 50[", Private,147206,Undergraduate,10,Married-civ-spouse,Nontechnical, Husband,*,Male,0,0,40,North America,<=50K
1624,"[30, 40[", Private,175548,High School,9,Never-married,Other, Not-in-family,*,Female,0,0,35,North America,<=50K
1625,"[60, 70[", Self-emp-not-inc,163174,Professional Education,15,Married-civ-spouse,Technical, Husband,*,Male,0,0,35,North America,>50K
1626,"[50, 60[", Private,126010,High School,9,Married-civ-spouse,Technical, Husband,*,Male,0,0,40,North America,<=50K
1627,"[50, 60[", Private,147876,Undergraduate,13,Married-civ-spouse,Nontechnical, Wife,*,Female,15024,0,60,North America,>50K
1628,"[40, 50[", Private,428350,High School,9,Married-civ-spouse,Technical, Wife,*,Female,0,1740,40,North America,<=50K
1629,"[30, 40[", ?,200904,Professional Education,12,Married-civ-spouse,Other, Wife,*,Female,0,0,21,North America,<=50K
1630,"[30, 40[", Private,328466,High School,7,Married-civ-spouse,Other, Husband,*,Male,2407,0,70,North America,<=50K
1631,"[60, 70[", Local-gov,258973,High School,9,Divorced,Other, Not-in-family,*,Female,0,0,24,North America,<=50K
1632,"[40, 50[", State-gov,345969,Professional Education,12,Married-civ-spouse,Other, Husband,*,Male,0,0,40,North America,>50K
1633,"[20, 30[", Private,127796,Primary School,3,Never-married,Other, Not-in-family,*,Male,0,0,35,North America,<=50K
1634,"[30, 40[", Private,405723,Primary School,2,Married-civ-spouse,Technical, Husband,*,Male,0,0,40,North America,<=50K
1635,"[50, 60[", Private,175942,Undergraduate,10,Married-civ-spouse,Nontechnical, Husband,*,Male,0,0,50,North America,>50K
1636,"[20, 30[", Private,284196,High School,6,Divorced,Other, Not-in-family,*,Female,0,0,40,North America,<=50K
1637,"[20, 30[", Private,89718,High School,9,Never-married,Nontechnical, Not-in-family,*,Female,2202,0,48,North America,<=50K
1638,"[30, 40[", Self-emp-inc,175761,Undergraduate,13,Married-civ-spouse,Technical, Husband,*,Male,0,0,60,North America,>50K
1639,"[50, 60[", Private,206369,High School,9,Married-civ-spouse,Technical, Husband,*,Male,5178,0,50,North America,>50K
1640,"[50, 60[", Private,158993,High School,9,Divorced,Other, Other-relative,*,Female,0,0,38,North America,<=50K
1641,"[40, 50[", Private,285066,Undergraduate,13,Married-civ-spouse,Technical, Husband,*,Male,0,0,45,North America,>50K
1642,"[40, 50[", Private,126754,Graduate,14,Married-civ-spouse,Technical, Husband,*,Male,15024,0,40,North America,>50K
1643,"[60, 70[", State-gov,209280,Graduate,14,Married-civ-spouse,Technical, Husband,*,Male,6514,0,35,North America,>50K
1646,"[30, 40[", Private,240763,Undergraduate,10,Married-civ-spouse,Technical, Husband,*,Male,0,0,40,North America,<=50K
1647,"[30, 40[", Private,39054,High School,9,Married-civ-spouse,Nontechnical, Husband,*,Male,0,0,40,North America,<=50K
1648,"[30, 40[", Private,119272,Undergraduate,13,Married-civ-spouse,Nontechnical, Husband,*,Male,0,0,55,North America,>50K
1649,"[50, 60[", Private,143372,High School,6,Divorced,Other, Not-in-family,*,Female,0,0,40,North America,<=50K
1650,"[10, 20[", Private,323421,Undergraduate,10,Never-married,Nontechnical, Own-child,*,Male,0,0,20,North America,<=50K
1651,"[30, 40[", Self-emp-not-inc,136028,High School,5,Married-civ-spouse,Technical, Husband,*,Male,0,0,30,North America,<=50K
1652,"[20, 30[", Self-emp-not-inc,163189,High School,9,Never-married,Nontechnical, Own-child,*,Male,0,0,40,North America,<=50K
1653,"[30, 40[", Local-gov,202729,High School,9,Married-civ-spouse,Other, Husband,*,Male,0,0,40,North America,<=50K
1654,"[40, 50[", Private,421871,High School,9,Married-civ-spouse,Technical, Husband,*,Male,0,0,40,North America,>50K
1655,"[40, 50[", Private,120277,Undergraduate,13,Married-civ-spouse,Technical, Husband,*,Male,15024,0,50,Europe,>50K
1656,"[20, 30[", ?,211798,High School,9,Separated,Other, Unmarried,*,Female,0,0,40,North America,<=50K
1657,"[40, 50[", Private,198901,High School,9,Married-civ-spouse,Technical, Husband,*,Male,0,0,48,North America,<=50K
1658,"[10, 20[", Private,214617,Undergraduate,10,Never-married,Nontechnical, Own-child,*,Male,0,0,16,North America,<=50K
1659,"[50, 60[", Self-emp-not-inc,179715,High School,6,Married-civ-spouse,Technical, Husband,*,Male,0,0,18,North America,<=50K
1660,"[40, 50[", Local-gov,107231,High School,9,Married-civ-spouse,Technical, Husband,*,Male,0,2002,40,North America,<=50K
1661,"[40, 50[", Private,110355,Undergraduate,13,Married-civ-spouse,Nontechnical, Husband,*,Male,0,0,40,North America,>50K
1662,"[40, 50[", Private,184378,Undergraduate,13,Never-married,Technical, Not-in-family,*,Male,0,0,40,North America,<=50K
1663,"[60, 70[", Private,273454,High School,4,Married-civ-spouse,Other, Husband,*,Male,0,0,40,North America,<=50K
1664,"[40, 50[", Private,443040,High School,9,Married-civ-spouse,Nontechnical, Husband,*,Male,0,0,40,North America,<=50K
1665,"[30, 40[", ?,71701,High School,9,Divorced,Other, Unmarried,*,Female,0,0,40,North America,<=50K
1666,"[50, 60[", Self-emp-inc,160151,Undergraduate,10,Married-civ-spouse,Nontechnical, Husband,*,Male,0,0,60,North America,>50K
1667,"[30, 40[", Private,107991,High School,7,Never-married,Nontechnical, Not-in-family,*,Male,0,0,45,North America,<=50K
1668,"[50, 60[", Private,94391,High School,9,Married-civ-spouse,Other, Husband,*,Male,0,0,40,North America,<=50K
1669,"[40, 50[", Private,99835,Professional Education,15,Married-civ-spouse,Technical, Husband,*,Male,0,0,60,North America,>50K
1670,"[40, 50[", Private,43711,Professional Education,12,Married-civ-spouse,Nontechnical, Husband,*,Male,7688,0,40,North America,>50K
1671,"[40, 50[", Private,83756,Undergraduate,10,Never-married,Nontechnical, Unmarried,*,Male,0,0,50,North America,<=50K
1672,"[50, 60[", Private,120914,High School,4,Married-civ-spouse,Technical, Husband,*,Male,2961,0,40,North America,<=50K
1673,"[20, 30[", Private,180052,Undergraduate,10,Never-married,Nontechnical, Own-child,*,Male,0,0,20,North America,<=50K
1675,"[40, 50[", Private,37937,Graduate,14,Divorced,Nontechnical, Unmarried,*,Male,0,0,50,North America,<=50K
1677,"[20, 30[", Private,38455,Undergraduate,10,Never-married,Technical, Not-in-family,*,Male,0,0,40,North America,<=50K
1678,"[20, 30[", Federal-gov,128059,Undergraduate,10,Married-civ-spouse,Technical, Husband,*,Male,0,0,50,North America,<=50K
1679,"[30, 40[", Private,420895,High School,9,Married-civ-spouse,Other, Husband,*,Male,0,0,40,North America,<=50K
1680,"[30, 40[", Private,166744,High School,9,Divorced,Other, Unmarried,*,Female,0,0,12,North America,<=50K
1681,"[20, 30[", Private,238768,High School,9,Married-civ-spouse,Technical, Husband,*,Male,0,0,60,North America,<=50K
1682,"[40, 50[", Private,176270,Undergraduate,13,Married-civ-spouse,Nontechnical, Husband,*,Male,99999,0,60,North America,>50K
1683,"[50, 60[", Private,140592,High School,9,Married-civ-spouse,Technical, Wife,*,Female,0,0,40,North America,<=50K
1684,"[20, 30[", Self-emp-not-inc,211466,High School,9,Never-married,Other, Own-child,*,Male,0,0,80,North America,<=50K
1685,"[30, 40[", Private,188540,High School,9,Married-civ-spouse,Nontechnical, Husband,*,Male,0,1902,45,North America,>50K
1686,"[40, 50[", Private,39581,High School,9,Never-married,Other, Not-in-family,*,Female,0,0,45,North America,<=50K
1687,"[30, 40[", Private,171150,High School,9,Married-civ-spouse,Nontechnical, Husband,*,Male,0,1887,50,North America,>50K
1688,"[50, 60[", Private,117496,High School,5,Divorced,Other, Not-in-family,*,Female,0,0,36,North America,<=50K
1689,"[40, 50[", Private,145160,Graduate,16,Married-civ-spouse,Technical, Husband,*,Male,0,0,40,North America,>50K
1690,"[20, 30[", Private,28520,High School,9,Never-married,Other, Not-in-family,*,Female,0,0,40,North America,<=50K
1691,"[10, 20[", Private,103851,High School,7,Never-married,Other, Own-child,*,Female,1055,0,20,North America,<=50K
1692,"[10, 20[", Private,375077,High School,9,Never-married,Nontechnical, Own-child,*,Male,0,0,50,North America,<=50K
1693,"[50, 60[", State-gov,281590,High School,9,Married-civ-spouse,Nontechnical, Wife,*,Female,15024,0,40,North America,>50K
1694,"[40, 50[", Private,151504,Undergraduate,10,Married-civ-spouse,Nontechnical, Husband,*,Male,0,0,50,North America,<=50K
1695,"[50, 60[", Private,415287,High School,9,Married-civ-spouse,Technical, Husband,*,Male,0,1902,40,North America,>50K
1696,"[40, 50[", Private,32212,High School,9,Married-civ-spouse,Nontechnical, Wife,*,Female,0,0,43,North America,<=50K
1697,"[30, 40[", Private,123606,Undergraduate,10,Married-civ-spouse,Nontechnical, Husband,*,Male,0,0,40,North America,<=50K
1698,"[40, 50[", Private,202565,High School,9,Divorced,Technical, Not-in-family,*,Male,0,0,45,North America,<=50K
1699,"[50, 60[", Private,177927,Graduate,14,Married-civ-spouse,Technical, Husband,*,Male,0,0,60,North America,<=50K
1700,"[30, 40[", Private,256723,Undergraduate,10,Divorced,Other, Unmarried,*,Female,0,0,35,North America,<=50K
1701,"[10, 20[", Private,46247,Undergraduate,10,Never-married,Other, Own-child,*,Female,0,0,15,North America,<=50K
1702,"[20, 30[", Private,266926,Undergraduate,10,Married-civ-spouse,Nontechnical, Husband,*,Male,0,0,40,North America,<=50K
1703,"[20, 30[", Private,112031,High School,9,Divorced,Technical, Not-in-family,*,Female,0,0,50,North America,<=50K
1704,"[20, 30[", ?,376277,Undergraduate,10,Divorced,Other, Not-in-family,*,Female,0,0,35,North America,<=50K
1705,"[30, 40[", Private,168817,High School,9,Never-married,Technical, Not-in-family,*,Male,0,0,40,North America,<=50K
1706,"[50, 60[", Private,187487,High School,9,Married-civ-spouse,Technical, Husband,*,Male,0,0,48,North America,>50K
1707,"[30, 40[", ?,158784,High School,4,Widowed,Other, Not-in-family,*,Female,0,0,40,North America,<=50K
1708,"[20, 30[", Private,67222,Undergraduate,13,Never-married,Technical, Not-in-family,*,Male,0,0,45,Asia,<=50K
1709,"[40, 50[", Private,201723,Graduate,14,Married-civ-spouse,Nontechnical, Husband,*,Male,0,1902,40,North America,>50K
1711,"[40, 50[", Federal-gov,168191,Undergraduate,10,Married-civ-spouse,Technical, Husband,*,Male,0,0,40,Unknown,<=50K
1712,"[40, 50[", Private,105444,High School,8,Married-civ-spouse,Technical, Husband,*,Male,0,0,39,North America,<=50K
1713,"[30, 40[", Private,156728,Undergraduate,13,Married-civ-spouse,Nontechnical, Husband,*,Male,0,0,40,North America,>50K
1714,"[30, 40[", Private,148600,High School,9,Married-civ-spouse,Technical, Husband,*,Male,0,0,40,North America,<=50K
1715,"[30, 40[", Private,19914,Undergraduate,10,Divorced,Other, Unmarried,*,Female,0,0,40,North America,<=50K
1716,"[40, 50[", Private,190767,Undergraduate,13,Divorced,Other, Not-in-family,*,Female,0,0,40,North America,<=50K
1717,"[40, 50[", Private,233955,Graduate,14,Married-civ-spouse,Technical, Husband,*,Male,0,0,45,Asia,>50K
1718,"[30, 40[", Private,30381,Undergraduate,13,Married-civ-spouse,Nontechnical, Husband,*,Male,0,0,45,North America,>50K
1719,"[30, 40[", Private,187069,High School,9,Married-civ-spouse,Other, Husband,*,Male,0,0,45,North America,<=50K
1720,"[30, 40[", Private,367314,High School,9,Divorced,Other, Not-in-family,*,Female,0,0,40,North America,<=50K
1721,"[50, 60[", Local-gov,101119,High School,9,Married-civ-spouse,Other, Husband,*,Male,0,0,70,North America,<=50K
1722,"[30, 40[", Private,86551,Undergraduate,13,Divorced,Nontechnical, Not-in-family,*,Male,0,0,48,North America,>50K
1723,"[40, 50[", Local-gov,218995,Undergraduate,10,Married-civ-spouse,Nontechnical, Husband,*,Male,0,0,42,North America,>50K
1724,"[20, 30[", Private,57711,High School,9,Never-married,Other, Not-in-family,*,Female,0,0,30,North America,<=50K
1725,"[40, 50[", Private,303521,Undergraduate,10,Divorced,Technical, Not-in-family,*,Male,0,0,40,North America,<=50K
1726,"[50, 60[", Private,199067,High School,9,Married-civ-spouse,Technical, Husband,*,Male,0,0,40,North America,>50K
1727,"[20, 30[", Private,247445,High School,9,Divorced,Nontechnical, Not-in-family,*,Male,0,0,45,North America,<=50K
1728,"[40, 50[", Private,186078,Graduate,14,Married-civ-spouse,Technical, Wife,*,Female,0,0,50,North America,>50K
1729,"[30, 40[", Private,77634,Professional Education,11,Married-civ-spouse,Other, Husband,*,Male,0,0,42,North America,<=50K
1730,"[20, 30[", Private,180060,Graduate,14,Never-married,Nontechnical, Own-child,*,Male,6849,0,90,North America,<=50K
1731,"[40, 50[", Private,56482,Undergraduate,10,Never-married,Nontechnical, Not-in-family,*,Male,0,0,40,North America,<=50K
1732,"[20, 30[", Private,314177,High School,9,Never-married,Nontechnical, Not-in-family,*,Male,0,0,40,North America,<=50K
1733,"[30, 40[", Private,239755,Undergraduate,13,Never-married,Other, Not-in-family,*,Male,0,0,38,North America,<=50K
1734,"[20, 30[", Private,377680,Professional Education,11,Never-married,Nontechnical, Not-in-family,*,Male,0,0,50,North America,<=50K
1735,"[60, 70[", Self-emp-not-inc,134960,Undergraduate,13,Married-civ-spouse,Nontechnical, Husband,*,Male,15024,0,35,North America,>50K
1736,"[20, 30[", Private,294493,Undergraduate,13,Never-married,Technical, Other-relative,*,Male,0,0,40,North America,<=50K
1737,"[20, 30[", Private,32616,High School,9,Never-married,Other, Not-in-family,*,Female,0,1719,16,North America,<=50K
1739,"[50, 60[", Local-gov,52267,High School,9,Married-civ-spouse,Other, Husband,*,Male,0,0,72,North America,<=50K
1740,"[30, 40[", Private,117963,Undergraduate,13,Married-civ-spouse,Other, Husband,*,Male,0,0,40,North America,>50K
1741,"[40, 50[", Private,98881,High School,7,Married-civ-spouse,Other, Wife,*,Female,0,0,32,North America,<=50K
1742,"[50, 60[", Private,196963,High School,4,Divorced,Technical, Not-in-family,*,Female,0,0,30,North America,<=50K
1743,"[30, 40[", Private,166988,Undergraduate,13,Never-married,Other, Own-child,*,Female,0,0,40,North America,<=50K
1744,"[40, 50[", Self-emp-not-inc,193459,Undergraduate,10,Married-civ-spouse,Technical, Husband,*,Male,0,0,60,North America,<=50K
1745,"[40, 50[", Private,182342,Undergraduate,10,Widowed,Nontechnical, Not-in-family,*,Female,0,0,55,North America,<=50K
1746,"[30, 40[", Private,496743,Undergraduate,13,Never-married,Technical, Own-child,*,Male,0,0,40,North America,<=50K
1747,"[20, 30[", Private,154781,High School,9,Never-married,Other, Not-in-family,*,Female,0,0,40,North America,<=50K
1748,"[20, 30[", Private,219371,High School,9,Never-married,Other, Not-in-family,*,Female,0,0,35,North America,<=50K
1749,"[40, 50[", Private,99179,High School,7,Widowed,Other, Unmarried,*,Female,0,0,40,North America,<=50K
1750,"[40, 50[", Private,224910,High School,9,Never-married,Technical, Not-in-family,*,Female,0,0,40,North America,<=50K
1751,"[30, 40[", Private,304651,High School,9,Divorced,Other, Not-in-family,*,Male,0,0,60,North America,<=50K
1752,"[30, 40[", Private,349689,High School,9,Divorced,Other, Unmarried,*,Female,0,0,40,North America,<=50K
1753,"[60, 70[", Private,106850,High School,6,Divorced,Technical, Not-in-family,*,Female,0,0,40,North America,<=50K
1754,"[50, 60[", Self-emp-not-inc,196328,High School,9,Married-civ-spouse,Nontechnical, Husband,*,Male,0,0,45,North America,>50K
1755,"[20, 30[", Private,169323,Undergraduate,13,Married-civ-spouse,Nontechnical, Own-child,*,Female,0,0,40,North America,<=50K
1757,"[40, 50[", Self-emp-not-inc,34037,High School,9,Never-married,Other, Not-in-family,*,Male,0,0,70,North America,<=50K
1758,"[50, 60[", ?,167651,High School,9,Married-civ-spouse,Other, Husband,*,Male,0,0,40,North America,<=50K
1759,"[10, 20[", Private,197384,Undergraduate,10,Never-married,Other, Own-child,*,Female,0,0,10,North America,<=50K
1760,"[40, 50[", Private,251795,Undergraduate,10,Married-civ-spouse,Technical, Wife,*,Female,0,0,50,North America,>50K
1761,"[60, 70[", ?,266081,High School,9,Married-civ-spouse,Other, Husband,*,Male,0,0,40,North America,<=50K
1762,"[40, 50[", Private,165309,Undergraduate,13,Divorced,Other, Unmarried,*,Female,0,0,40,North America,<=50K
1763,"[20, 30[", Private,215873,High School,6,Never-married,Technical, Own-child,*,Male,0,0,45,North America,<=50K
1764,"[40, 50[", Private,133938,Graduate,14,Divorced,Nontechnical, Not-in-family,*,Female,27828,0,50,North America,>50K
1765,"[40, 50[", Private,159816,Undergraduate,13,Married-civ-spouse,Technical, Wife,*,Female,99999,0,20,North America,>50K
1766,"[20, 30[", Private,228424,High School,9,Never-married,Nontechnical, Other-relative,*,Male,0,0,40,North America,<=50K
1767,"[30, 40[", Private,195576,High School,7,Married-civ-spouse,Technical, Husband,*,Male,0,0,40,North America,<=50K
1768,"[70, 80[", Private,105200,High School,9,Married-civ-spouse,Other, Husband,*,Male,6767,0,20,North America,<=50K
1769,"[20, 30[", Private,167350,Undergraduate,10,Married-civ-spouse,Technical, Husband,*,Male,3103,0,40,North America,>50K
1771,"[50, 60[", Private,171338,Undergraduate,10,Married-civ-spouse,Nontechnical, Husband,*,Male,99999,0,50,North America,>50K
1772,"[50, 60[", Private,120173,Professional Education,11,Married-civ-spouse,Technical, Husband,*,Male,3103,0,50,North America,>50K
1773,"[10, 20[", ?,158762,High School,6,Never-married,Other, Own-child,*,Female,0,0,20,North America,<=50K
1774,"[40, 50[", Private,169818,High School,9,Married-civ-spouse,Other, Wife,*,Female,0,0,40,North America,>50K
1775,"[30, 40[", Private,288419,High School,6,Married-civ-spouse,Technical, Husband,*,Male,0,0,40,North America,<=50K
1776,"[20, 30[", Private,207546,High School,7,Married-civ-spouse,Technical, Husband,*,Male,0,0,40,North America,<=50K
1777,"[50, 60[", Local-gov,147707,High School,9,Widowed,Other, Unmarried,*,Male,0,2339,40,North America,<=50K
1778,"[10, 20[", ?,228373,High School,6,Never-married,Other, Own-child,*,Male,0,0,30,North America,<=50K
1779,"[40, 50[", Private,193882,Undergraduate,10,Married-civ-spouse,Nontechnical, Husband,*,Male,7688,0,40,North America,>50K
1780,"[30, 40[", Private,31033,Undergraduate,13,Married-civ-spouse,Nontechnical, Husband,*,Male,7298,0,40,North America,>50K
1781,"[30, 40[", Private,272950,High School,9,Married-civ-spouse,Nontechnical, Husband,*,Male,0,0,40,North America,<=50K
1782,"[20, 30[", Private,183523,High School,6,Never-married,Other, Own-child,*,Male,0,0,40,North America,<=50K
1783,"[30, 40[", Private,238415,Undergraduate,13,Married-civ-spouse,Nontechnical, Husband,*,Male,0,0,50,North America,>50K
1784,"[30, 40[", Private,19302,Professional Education,12,Never-married,Other, Not-in-family,*,Male,2202,0,38,North America,<=50K
1786,"[30, 40[", Local-gov,103260,Graduate,14,Married-civ-spouse,Technical, Wife,*,Female,0,0,35,North America,>50K
1787,"[30, 40[", Private,79331,Graduate,14,Married-civ-spouse,Nontechnical, Husband,*,Male,15024,0,40,North America,>50K
1788,"[40, 50[", Private,135056,Professional Education,12,Divorced,Other, Unmarried,*,Female,0,0,40,North America,<=50K
1790,"[30, 40[", Federal-gov,188569,High School,5,Married-civ-spouse,Technical, Husband,*,Male,0,0,40,North America,<=50K
1791,"[40, 50[", Private,57322,Professional Education,12,Divorced,Technical, Not-in-family,*,Male,0,0,40,North America,<=50K
1792,"[40, 50[", Private,178309,High School,5,Never-married,Other, Unmarried,*,Female,0,0,50,North America,<=50K
1795,"[30, 40[", Private,155343,High School,9,Married-civ-spouse,Nontechnical, Husband,*,Male,3103,0,40,North America,>50K
1796,"[30, 40[", Private,35595,Undergraduate,13,Never-married,Other, Not-in-family,*,Male,0,0,40,North America,<=50K
1797,"[20, 30[", Private,429507,Professional Education,12,Married-civ-spouse,Nontechnical, Husband,*,Male,0,0,40,North America,<=50K
1798,"[50, 60[", Federal-gov,159670,High School,9,Married-civ-spouse,Other, Husband,*,Male,0,0,40,North America,>50K
1799,"[60, 70[", Private,151210,High School,4,Divorced,Nontechnical, Not-in-family,*,Female,0,0,40,North America,<=50K
1800,"[20, 30[", Private,186792,Undergraduate,13,Married-civ-spouse,Other, Husband,*,Male,0,0,40,North America,<=50K
1802,"[50, 60[", Private,87205,High School,9,Divorced,Other, Not-in-family,*,Female,0,0,38,North America,<=50K
1803,"[30, 40[", Self-emp-inc,112847,Professional Education,15,Married-civ-spouse,Technical, Husband,*,Male,0,0,40,North America,>50K
1804,"[40, 50[", Private,107306,High School,9,Never-married,Nontechnical, Not-in-family,*,Male,2174,0,40,North America,<=50K
1805,"[50, 60[", State-gov,211319,Graduate,14,Never-married,Technical, Not-in-family,*,Male,0,0,38,North America,<=50K
1806,"[50, 60[", Private,183606,High School,7,Married-civ-spouse,Technical, Husband,*,Male,0,0,40,North America,<=50K
1807,"[30, 40[", Private,205390,High School,9,Married-civ-spouse,Nontechnical, Husband,*,Male,0,0,49,North America,<=50K
1808,"[70, 80[", Local-gov,232871,High School,4,Married-civ-spouse,Other, Husband,*,Male,2228,0,10,North America,<=50K
1809,"[50, 60[", Self-emp-inc,101017,High School,9,Divorced,Nontechnical, Unmarried,*,Male,0,0,38,North America,<=50K
1810,"[50, 60[", Private,114495,High School,9,Married-civ-spouse,Nontechnical, Husband,*,Male,0,0,60,North America,<=50K
1811,"[30, 40[", Private,183898,Professional Education,11,Married-civ-spouse,Nontechnical, Husband,*,Male,7298,0,50,North America,>50K
1812,"[50, 60[", Private,163921,Undergraduate,13,Married-civ-spouse,Other, Husband,*,Male,0,0,56,North America,>50K
1814,"[40, 50[", Private,188330,High School,9,Married-civ-spouse,Nontechnical, Husband,*,Male,0,0,40,North America,>50K
1815,"[20, 30[", Private,267174,High School,9,Never-married,Nontechnical, Own-child,*,Male,0,0,40,North America,<=50K
1816,"[40, 50[", Local-gov,36228,High School,9,Married-civ-spouse,Technical, Husband,*,Male,0,1902,40,North America,<=50K
1817,"[40, 50[", Private,199739,High School,9,Divorced,Technical, Unmarried,*,Female,0,0,40,North America,<=50K
1819,"[40, 50[", State-gov,206139,Undergraduate,13,Married-civ-spouse,Other, Husband,*,Male,0,0,50,North America,>50K
1820,"[20, 30[", Private,282063,High School,4,Married-civ-spouse,Nontechnical, Husband,*,Male,0,0,40,North America,<=50K
1821,"[30, 40[", Private,332379,High School,4,Never-married,Technical, Not-in-family,*,Male,0,0,40,North America,<=50K
1822,"[10, 20[", Private,418324,Undergraduate,10,Never-married,Nontechnical, Own-child,*,Male,0,0,36,North America,<=50K
1823,"[10, 20[", ?,263338,Undergraduate,10,Never-married,Other, Own-child,*,Male,0,0,45,North America,<=50K
1824,"[50, 60[", Private,158948,High School,9,Married-civ-spouse,Other, Husband,*,Male,0,0,84,North America,>50K
1825,"[50, 60[", Private,221532,Undergraduate,13,Divorced,Nontechnical, Unmarried,*,Male,0,0,40,North America,>50K
1826,"[20, 30[", Self-emp-not-inc,202920,High School,9,Never-married,Technical, Unmarried,*,Female,99999,0,40,North America,>50K
1827,"[30, 40[", Local-gov,118909,High School,9,Divorced,Other, Unmarried,*,Female,0,0,35,North America,<=50K
1828,"[10, 20[", Private,286469,Undergraduate,10,Never-married,Nontechnical, Own-child,*,Female,0,0,30,North America,<=50K
1829,"[40, 50[", Private,191914,High School,9,Divorced,Other, Unmarried,*,Female,0,0,55,North America,<=50K
1830,"[20, 30[", State-gov,142766,Undergraduate,10,Never-married,Other, Own-child,*,Male,0,0,10,North America,<=50K
1831,"[50, 60[", Private,198744,High School,9,Widowed,Nontechnical, Not-in-family,*,Female,0,0,40,North America,<=50K
1832,"[40, 50[", Local-gov,272780,Undergraduate,10,Married-civ-spouse,Technical, Husband,*,Male,0,0,24,North America,<=50K
1833,"[40, 50[", State-gov,219553,Graduate,14,Divorced,Technical, Not-in-family,*,Female,0,0,38,North America,<=50K
1834,"[50, 60[", Private,261232,High School,9,Never-married,Technical, Not-in-family,*,Male,0,0,40,North America,<=50K
1835,"[20, 30[", Private,64292,High School,9,Never-married,Other, Not-in-family,*,Female,0,0,40,North America,<=50K
1836,"[50, 60[", Private,312131,Graduate,14,Married-civ-spouse,Nontechnical, Husband,*,Male,0,0,40,North America,<=50K
1837,"[70, 80[", Private,30713,High School,9,Married-civ-spouse,Other, Husband,*,Male,0,0,30,North America,<=50K
1838,"[30, 40[", Private,246439,Undergraduate,10,Divorced,Other, Unmarried,*,Male,0,0,40,North America,<=50K
1840,"[20, 30[", Private,228243,Undergraduate,10,Never-married,Technical, Not-in-family,*,Male,0,0,44,North America,<=50K
1841,"[30, 40[", Local-gov,62463,Undergraduate,10,Married-civ-spouse,Other, Husband,*,Male,0,1579,40,North America,<=50K
1842,"[30, 40[", Private,31603,Undergraduate,13,Married-civ-spouse,Technical, Wife,*,Female,0,0,40,North America,<=50K
1843,"[20, 30[", Private,165054,Professional Education,11,Married-civ-spouse,Technical, Husband,*,Male,0,0,40,North America,<=50K
1844,"[50, 60[", Private,121618,High School,4,Never-married,Other, Not-in-family,*,Male,0,0,40,North America,<=50K
1845,"[40, 50[", Federal-gov,273194,High School,9,Never-married,Other, Not-in-family,*,Male,3325,0,40,North America,<=50K
1846,"[20, 30[", ?,163665,Undergraduate,10,Never-married,Other, Own-child,*,Female,0,0,40,North America,<=50K
1847,"[20, 30[", Private,538319,Undergraduate,10,Never-married,Other, Own-child,*,Female,0,0,40,North America,<=50K
1848,"[30, 40[", Private,238246,Undergraduate,13,Never-married,Technical, Not-in-family,*,Female,0,0,40,North America,<=50K
1849,"[30, 40[", Self-emp-inc,244665,High School,9,Married-civ-spouse,Technical, Husband,*,Male,5178,0,45,North America,>50K
1850,"[20, 30[", Private,131811,High School,9,Married-civ-spouse,Nontechnical, Husband,*,Male,0,0,40,North America,<=50K
1851,"[60, 70[", ?,231777,Graduate,14,Married-civ-spouse,Other, Husband,*,Male,0,0,30,North America,<=50K
1852,"[20, 30[", Private,156807,High School,5,Never-married,Nontechnical, Own-child,*,Male,0,0,36,North America,<=50K
1853,"[20, 30[", Private,236861,Undergraduate,13,Divorced,Technical, Unmarried,*,Male,0,0,50,North America,<=50K
1854,"[20, 30[", Self-emp-not-inc,229842,High School,9,Never-married,Other, Unmarried,*,Male,0,0,45,North America,<=50K
1855,"[20, 30[", Local-gov,190057,Undergraduate,13,Never-married,Technical, Own-child,*,Female,0,0,40,North America,<=50K
1856,"[40, 50[", State-gov,55076,Graduate,14,Never-married,Technical, Not-in-family,*,Female,0,0,60,North America,<=50K
1857,"[10, 20[", Private,152545,High School,9,Never-married,Other, Own-child,*,Female,0,0,8,North America,<=50K
1858,"[20, 30[", Private,153434,High School,9,Never-married,Other, Own-child,*,Male,0,0,24,North America,<=50K
1859,"[40, 50[", Local-gov,171095,Professional Education,12,Married-civ-spouse,Other, Wife,*,Female,0,0,35,North America,>50K
1860,"[20, 30[", Private,239322,High School,9,Divorced,Nontechnical, Not-in-family,*,Male,0,0,40,North America,<=50K
1861,"[40, 50[", Private,138999,Undergraduate,10,Married-civ-spouse,Technical, Husband,*,Male,0,0,40,North America,<=50K
1862,"[60, 70[", Local-gov,95450,Undergraduate,13,Married-civ-spouse,Nontechnical, Husband,*,Male,5178,0,50,North America,>50K
1863,"[20, 30[", Private,176520,High School,9,Never-married,Technical, Other-relative,*,Male,0,0,40,North America,<=50K
1864,"[30, 40[", Local-gov,72338,High School,9,Married-civ-spouse,Other, Husband,*,Male,0,0,54,North America,>50K
1866,"[20, 30[", Private,235722,Undergraduate,10,Never-married,Other, Not-in-family,*,Male,0,0,20,North America,<=50K
1867,"[30, 40[", Federal-gov,128884,High School,9,Divorced,Other, Not-in-family,*,Female,0,0,48,North America,<=50K
1868,"[40, 50[", Private,187226,High School,5,Divorced,Other, Not-in-family,*,Male,0,0,25,North America,<=50K
1869,"[30, 40[", Self-emp-not-inc,298332,Undergraduate,13,Married-civ-spouse,Technical, Husband,*,Male,0,0,45,North America,>50K
1870,"[40, 50[", Private,173607,High School,6,Married-civ-spouse,Other, Husband,*,Male,0,0,40,North America,<=50K
1871,"[30, 40[", Private,226756,High School,9,Never-married,Other, Own-child,*,Male,0,0,40,North America,<=50K
1872,"[30, 40[", Private,157887,Undergraduate,10,Married-civ-spouse,Nontechnical, Husband,*,Male,0,0,65,North America,>50K
1873,"[30, 40[", State-gov,171111,Undergraduate,13,Never-married,Other, Not-in-family,*,Male,0,0,37,North America,<=50K
1874,"[20, 30[", Private,126314,Undergraduate,10,Never-married,Other, Own-child,*,Male,0,0,10,North America,<=50K
1875,"[60, 70[", Private,174018,Undergraduate,10,Married-civ-spouse,Nontechnical, Husband,*,Male,0,0,40,North America,>50K
1876,"[40, 50[", Private,144778,Undergraduate,10,Separated,Nontechnical, Not-in-family,*,Male,0,0,45,North America,>50K
1877,"[40, 50[", Self-emp-not-inc,201522,Undergraduate,13,Married-civ-spouse,Nontechnical, Husband,*,Male,0,0,60,North America,<=50K
1878,"[20, 30[", ?,22966,Undergraduate,13,Never-married,Other, Own-child,*,Male,0,0,35,North America,<=50K
1879,"[30, 40[", Private,399088,Undergraduate,10,Divorced,Other, Not-in-family,*,Female,0,0,45,North America,<=50K
1880,"[20, 30[", Private,282202,High School,9,Never-married,Other, Unmarried,*,Male,0,0,40,North America,<=50K
1881,"[40, 50[", Private,102606,Undergraduate,13,Married-civ-spouse,Technical, Husband,*,Male,0,0,40,North America,>50K
1883,"[20, 30[", Federal-gov,508336,Undergraduate,13,Never-married,Nontechnical, Not-in-family,*,Male,0,0,48,North America,<=50K
1884,"[20, 30[", Local-gov,263431,Undergraduate,10,Never-married,Nontechnical, Unmarried,*,Male,0,0,40,North America,<=50K
1885,"[20, 30[", Private,235733,High School,9,Never-married,Other, Not-in-family,*,Female,0,0,45,North America,<=50K
1887,"[50, 60[", Self-emp-not-inc,184425,Undergraduate,10,Married-civ-spouse,Other, Husband,*,Male,0,0,99,North America,>50K
1889,"[20, 30[", Private,199545,Undergraduate,10,Married-civ-spouse,Nontechnical, Wife,*,Female,0,0,15,North America,<=50K
1890,"[60, 70[", Self-emp-not-inc,197015,High School,9,Married-civ-spouse,Other, Husband,*,Male,0,0,45,North America,<=50K
1891,"[60, 70[", Private,149617,Undergraduate,10,Widowed,Nontechnical, Not-in-family,*,Female,0,0,16,North America,<=50K
1892,"[20, 30[", Private,33610,High School,9,Divorced,Other, Other-relative,*,Male,0,0,40,North America,<=50K
1893,"[30, 40[", Private,192002,Graduate,14,Married-civ-spouse,Technical, Husband,*,Male,0,0,55,North America,>50K
1895,"[40, 50[", Local-gov,445382,Undergraduate,13,Separated,Nontechnical, Not-in-family,*,Male,0,0,45,North America,>50K
1896,"[40, 50[", Private,112283,Undergraduate,13,Married-civ-spouse,Nontechnical, Husband,*,Male,0,0,55,North America,<=50K
1897,"[20, 30[", Private,157249,High School,7,Never-married,Other, Not-in-family,*,Male,0,0,40,North America,<=50K
1898,"[20, 30[", Private,109872,High School,9,Married-civ-spouse,Technical, Husband,*,Male,0,0,45,North America,<=50K
1899,"[20, 30[", Private,119838,Undergraduate,13,Never-married,Technical, Own-child,*,Male,0,0,50,North America,<=50K
1900,"[20, 30[", Private,149943,Undergraduate,10,Never-married,Other, Not-in-family,*,Male,0,1590,40,Unknown,<=50K
1901,"[60, 70[", Without-pay,27012,High School,4,Widowed,Other, Unmarried,*,Female,0,0,50,North America,<=50K
1902,"[30, 40[", Private,91666,High School,9,Never-married,Other, Not-in-family,*,Male,0,0,50,North America,<=50K
1903,"[20, 30[", Private,270276,High School,9,Never-married,Other, Not-in-family,*,Female,0,0,40,North America,<=50K
1904,"[30, 40[", Private,179271,Undergraduate,10,Married-civ-spouse,Technical, Husband,*,Male,0,0,50,North America,>50K
1905,"[40, 50[", Private,161819,High School,9,Married-civ-spouse,Technical, Husband,*,Male,0,0,40,North America,>50K
1906,"[40, 50[", Local-gov,339681,Graduate,14,Divorced,Technical, Unmarried,*,Female,1506,0,45,North America,<=50K
1907,"[20, 30[", Self-emp-not-inc,219897,Graduate,14,Never-married,Technical, Not-in-family,*,Female,0,0,50,North America,<=50K
1908,"[20, 30[", Private,91683,High School,6,Married-civ-spouse,Other, Husband,*,Male,0,0,35,North America,<=50K
1909,"[30, 40[", Private,188834,High School,5,Married-civ-spouse,Other, Husband,*,Male,0,0,50,North America,<=50K
1910,"[30, 40[", Private,187046,High School,7,Married-civ-spouse,Technical, Husband,*,Male,0,0,45,North America,<=50K
1911,"[30, 40[", Private,191807,High School,9,Never-married,Technical, Unmarried,*,Male,0,0,48,North America,<=50K
1912,"[50, 60[", Self-emp-inc,179951,Professional Education,15,Married-civ-spouse,Nontechnical, Husband,*,Male,0,0,40,North America,<=50K
1913,"[30, 40[", Private,324420,Primary School,2,Married-civ-spouse,Technical, Husband,*,Male,0,0,45,North America,<=50K
1914,"[40, 50[", Self-emp-not-inc,66632,Undergraduate,10,Divorced,Technical, Not-in-family,*,Male,0,0,40,North America,<=50K
1915,"[40, 50[", Local-gov,121718,Graduate,14,Married-civ-spouse,Nontechnical, Husband,*,Male,0,1902,60,North America,>50K
1916,"[40, 50[", Private,162034,Undergraduate,13,Married-civ-spouse,Nontechnical, Husband,*,Male,0,0,70,North America,<=50K
1917,"[20, 30[", Local-gov,218990,Professional Education,11,Married-civ-spouse,Other, Husband,*,Male,0,0,46,North America,<=50K
1918,"[20, 30[", Local-gov,125863,Undergraduate,13,Never-married,Technical, Own-child,*,Male,0,0,35,North America,<=50K
1919,"[30, 40[", Private,225330,Undergraduate,13,Never-married,Other, Not-in-family,*,Female,0,0,40,North America,<=50K
1920,"[30, 40[", Private,120426,High School,9,Separated,Other, Unmarried,*,Female,0,0,40,North America,<=50K
1921,"[30, 40[", Private,119741,Graduate,14,Married-civ-spouse,Technical, Husband,*,Male,0,0,40,North America,>50K
1922,"[40, 50[", Private,32000,Undergraduate,10,Married-civ-spouse,Technical, Husband,*,Male,0,0,18,North America,>50K
1923,"[20, 30[", ?,124242,Undergraduate,10,Never-married,Other, Own-child,*,Female,0,0,40,North America,<=50K
1924,"[20, 30[", Private,278581,Undergraduate,13,Never-married,Nontechnical, Own-child,*,Female,0,0,40,North America,<=50K
1925,"[30, 40[", Private,230224,Undergraduate,13,Never-married,Nontechnical, Not-in-family,*,Male,0,0,55,North America,>50K
1926,"[30, 40[", Private,204374,Undergraduate,13,Never-married,Nontechnical, Not-in-family,*,Male,0,1741,48,North America,<=50K
1927,"[40, 50[", Private,188386,High School,9,Married-civ-spouse,Nontechnical, Husband,*,Male,0,1628,45,North America,<=50K
1928,"[20, 30[", Private,164922,High School,9,Never-married,Technical, Own-child,*,Male,0,0,40,North America,<=50K
1929,"[50, 60[", Private,195176,Graduate,14,Never-married,Technical, Not-in-family,*,Male,0,0,80,North America,<=50K
1930,"[40, 50[", Private,166740,Undergraduate,10,Divorced,Other, Not-in-family,*,Male,0,0,48,North America,<=50K
1931,"[50, 60[", ?,156008,High School,7,Married-civ-spouse,Other, Own-child,*,Female,0,0,40,North America,<=50K
1933,"[20, 30[", Private,211231,High School,9,Married-civ-spouse,Technical, Other-relative,*,Female,0,0,48,North America,>50K
1934,"[20, 30[", Private,169990,High School,9,Married-civ-spouse,Nontechnical, Husband,*,Male,0,0,40,North America,<=50K
1936,"[30, 40[", Local-gov,255454,Undergraduate,13,Separated,Technical, Unmarried,*,Male,0,0,40,North America,<=50K
1938,"[50, 60[", State-gov,159219,Undergraduate,13,Married-civ-spouse,Nontechnical, Husband,*,Male,0,0,40,North America,>50K
1939,"[20, 30[", Local-gov,103148,High School,9,Never-married,Other, Not-in-family,*,Female,0,0,40,North America,<=50K
1940,"[30, 40[", Private,165186,Undergraduate,10,Married-civ-spouse,Other, Husband,*,Male,0,0,45,North America,<=50K
1941,"[50, 60[", Private,31782,High School,6,Married-civ-spouse,Nontechnical, Husband,*,Male,0,0,40,North America,<=50K
1942,"[20, 30[", Local-gov,249101,High School,9,Divorced,Other, Unmarried,*,Female,0,0,40,North America,<=50K
1943,"[40, 50[", Private,243190,High School,9,Married-civ-spouse,Other, Wife,*,Female,7688,0,40,North America,>50K
1944,"[10, 20[", Local-gov,153405,High School,7,Never-married,Other, Other-relative,*,Female,0,0,25,North America,<=50K
1945,"[30, 40[", Private,329980,Graduate,14,Married-civ-spouse,Nontechnical, Husband,*,Male,0,2415,60,North America,>50K
1946,"[50, 60[", Private,176079,Graduate,14,Divorced,Technical, Not-in-family,*,Female,0,0,40,North America,<=50K
1947,"[40, 50[", State-gov,218542,High School,9,Never-married,Other, Unmarried,*,Female,0,0,40,North America,<=50K
1949,"[40, 50[", Private,102606,Graduate,14,Married-civ-spouse,Nontechnical, Husband,*,Male,0,0,40,North America,>50K
1950,"[40, 50[", Self-emp-not-inc,483201,Undergraduate,13,Married-civ-spouse,Nontechnical, Husband,*,Male,0,0,40,North America,<=50K
1951,"[70, 80[", Local-gov,144608,High School,9,Married-civ-spouse,Nontechnical, Husband,*,Male,0,0,6,North America,<=50K
1952,"[30, 40[", Private,226013,Undergraduate,13,Never-married,Technical, Not-in-family,*,Male,0,0,40,North America,<=50K
1953,"[20, 30[", Private,165475,High School,9,Married-civ-spouse,Technical, Husband,*,Male,0,0,40,North America,<=50K
1954,"[60, 70[", Private,263637,High School,6,Married-civ-spouse,Other, Husband,*,Male,0,0,40,North America,<=50K
1955,"[40, 50[", Private,201495,High School,7,Never-married,Other, Own-child,*,Male,0,0,35,North America,<=50K
1956,"[60, 70[", Private,213720,High School,9,Married-civ-spouse,Nontechnical, Husband,*,Male,0,0,40,North America,<=50K
1957,"[60, 70[", Private,170483,High School,9,Widowed,Other, Not-in-family,*,Female,0,0,38,North America,<=50K
1958,"[20, 30[", Private,214303,Undergraduate,13,Never-married,Technical, Not-in-family,*,Female,0,0,50,North America,<=50K
1959,"[30, 40[", Private,190511,Undergraduate,10,Married-civ-spouse,Nontechnical, Husband,*,Male,0,0,40,North America,>50K
1960,"[30, 40[", Private,242150,High School,9,Never-married,Other, Own-child,*,Male,0,0,38,North America,<=50K
1961,"[50, 60[", Local-gov,159755,Graduate,14,Married-civ-spouse,Technical, Husband,*,Male,0,0,40,North America,>50K
1962,"[50, 60[", Private,147629,Graduate,14,Married-civ-spouse,Technical, Husband,*,Male,15024,0,45,North America,>50K
1963,"[40, 50[", Private,268022,Undergraduate,13,Married-civ-spouse,Nontechnical, Husband,*,Male,0,0,50,North America,>50K
1964,"[20, 30[", Private,188711,Undergraduate,13,Never-married,Other, Unmarried,*,Male,0,0,20,North America,<=50K
1965,"[20, 30[", Private,452205,High School,9,Divorced,Other, Unmarried,*,Female,0,0,36,North America,<=50K
1966,"[20, 30[", Private,260847,Undergraduate,10,Never-married,Nontechnical, Own-child,*,Male,0,0,30,North America,<=50K
1967,"[20, 30[", Private,291374,High School,9,Never-married,Other, Unmarried,*,Female,0,0,40,North America,<=50K
1968,"[50, 60[", Private,189933,High School,6,Married-civ-spouse,Technical, Husband,*,Male,0,0,40,North America,<=50K
1970,"[30, 40[", Private,330664,Undergraduate,10,Never-married,Nontechnical, Not-in-family,*,Male,0,0,40,North America,<=50K
1971,"[30, 40[", ?,672412,High School,7,Separated,Other, Not-in-family,*,Male,0,0,40,North America,<=50K
1972,"[20, 30[", Private,122999,Graduate,14,Never-married,Technical, Not-in-family,*,Male,8614,0,40,North America,>50K
1974,"[30, 40[", Private,217235,High School,9,Married-civ-spouse,Nontechnical, Husband,*,Male,0,0,20,North America,<=50K
1976,"[20, 30[", Private,120172,Undergraduate,13,Never-married,Nontechnical, Not-in-family,*,Male,0,0,40,North America,<=50K
1977,"[30, 40[", Private,343403,Undergraduate,10,Never-married,Nontechnical, Not-in-family,*,Female,0,0,40,North America,<=50K
1978,"[40, 50[", Self-emp-not-inc,104790,High School,7,Married-civ-spouse,Other, Husband,*,Male,0,0,50,North America,>50K
1979,"[30, 40[", Local-gov,473547,High School,6,Divorced,Nontechnical, Own-child,*,Male,0,0,40,North America,<=50K
1980,"[50, 60[", Local-gov,260106,Professional Education,15,Divorced,Technical, Not-in-family,*,Female,0,0,50,North America,<=50K
1981,"[40, 50[", Federal-gov,168232,High School,9,Married-civ-spouse,Other, Husband,*,Male,0,0,40,North America,>50K
1982,"[30, 40[", Private,348491,Undergraduate,13,Never-married,Nontechnical, Not-in-family,*,Female,0,0,40,North America,<=50K
1983,"[30, 40[", Private,24106,High School,9,Married-civ-spouse,Technical, Husband,*,Male,3103,0,40,North America,>50K
1984,"[60, 70[", Self-emp-inc,197553,Undergraduate,10,Married-civ-spouse,Nontechnical, Husband,*,Male,7688,0,50,North America,>50K
1985,"[20, 30[", Private,421065,High School,9,Never-married,Technical, Not-in-family,*,Male,0,0,48,North America,<=50K
1986,"[50, 60[", Self-emp-inc,138852,Undergraduate,10,Married-civ-spouse,Nontechnical, Husband,*,Male,0,0,45,North America,>50K
1988,"[30, 40[", Private,379412,High School,9,Married-civ-spouse,Technical, Husband,*,Male,0,0,50,North America,<=50K
1989,"[30, 40[", Private,181992,Undergraduate,10,Never-married,Nontechnical, Not-in-family,*,Female,0,0,35,North America,<=50K
1991,"[20, 30[", Private,236564,High School,9,Never-married,Nontechnical, Not-in-family,*,Male,0,0,40,North America,<=50K
1992,"[40, 50[", Private,363418,Undergraduate,10,Never-married,Nontechnical, Not-in-family,*,Male,0,0,70,North America,>50K
1993,"[50, 60[", Private,112351,High School,9,Divorced,Nontechnical, Unmarried,*,Male,0,0,38,North America,<=50K
1994,"[30, 40[", Private,204704,Undergraduate,13,Never-married,Nontechnical, Unmarried,*,Female,0,0,45,North America,>50K
1995,"[40, 50[", Private,54611,Undergraduate,10,Divorced,Technical, Not-in-family,*,Male,0,0,50,North America,<=50K
1996,"[40, 50[", Private,128132,High School,9,Married-civ-spouse,Nontechnical, Husband,*,Male,0,0,60,North America,>50K
1998,"[30, 40[", Private,379522,Undergraduate,13,Married-civ-spouse,Nontechnical, Husband,*,Male,0,0,55,North America,>50K
1999,"[50, 60[", State-gov,196504,High School,9,Divorced,Technical, Unmarried,*,Male,0,0,38,North America,<=50K
2000,"[30, 40[", Private,82552,High School,9,Never-married,Technical, Unmarried,*,Male,0,0,35,North America,<=50K
2001,"[20, 30[", Private,104024,Undergraduate,10,Never-married,Nontechnical, Other-relative,*,Female,0,0,40,North America,<=50K
2002,"[60, 70[", Self-emp-not-inc,293114,High School,9,Married-civ-spouse,Other, Husband,*,Male,1409,0,40,North America,<=50K
2004,"[30, 40[", Private,192337,Undergraduate,13,Separated,Nontechnical, Not-in-family,*,Male,0,0,50,North America,<=50K
2005,"[20, 30[", Private,262478,High School,9,Never-married,Other, Own-child,*,Male,0,0,30,North America,<=50K
2006,"[50, 60[", Private,185072,Undergraduate,10,Never-married,Other, Other-relative,*,Female,0,0,40,North America,<=50K
2007,"[20, 30[", Private,296045,High School,4,Married-civ-spouse,Technical, Husband,*,Male,2635,0,38,North America,<=50K
2008,"[20, 30[", Private,246595,High School,9,Never-married,Technical, Own-child,*,Male,0,0,70,North America,<=50K
2009,"[20, 30[", Private,54472,Undergraduate,10,Married-spouse-absent,Other, Not-in-family,*,Female,0,0,50,North America,<=50K
2010,"[30, 40[", Private,331065,Undergraduate,13,Never-married,Nontechnical, Not-in-family,*,Female,0,1408,40,North America,<=50K
2011,"[20, 30[", Private,161708,Undergraduate,10,Never-married,Other, Own-child,*,Female,0,0,20,North America,<=50K
2012,"[30, 40[", Private,264936,Undergraduate,10,Never-married,Other, Not-in-family,*,Female,0,0,40,North America,<=50K
2013,"[20, 30[", Local-gov,113545,Undergraduate,13,Never-married,Technical, Not-in-family,*,Female,0,0,40,North America,<=50K
2014,"[30, 40[", Private,212237,Undergraduate,13,Married-civ-spouse,Technical, Husband,*,Male,0,1740,45,North America,<=50K
2016,"[30, 40[", Private,173806,Graduate,14,Never-married,Technical, Not-in-family,*,Male,4865,0,60,North America,<=50K
2017,"[50, 60[", Federal-gov,370890,High School,9,Never-married,Other, Not-in-family,*,Male,0,2258,40,North America,<=50K
2018,"[30, 40[", Private,505119,Graduate,14,Married-civ-spouse,Nontechnical, Husband,*,Male,0,0,40,North America,>50K
2019,"[20, 30[", Private,193089,High School,7,Never-married,Technical, Own-child,*,Male,0,0,40,North America,<=50K
2020,"[20, 30[", Local-gov,33432,Professional Education,12,Married-civ-spouse,Other, Wife,*,Female,0,0,40,North America,<=50K
2023,"[30, 40[", Private,204621,Professional Education,12,Divorced,Other, Own-child,*,Female,0,0,40,North America,<=50K
2024,"[30, 40[", Private,35309,Undergraduate,13,Married-civ-spouse,Nontechnical, Husband,*,Male,0,0,40,North America,<=50K
2025,"[20, 30[", ?,154373,Undergraduate,13,Never-married,Other, Not-in-family,*,Female,0,0,50,North America,<=50K
2026,"[40, 50[", Private,194772,Professional Education,11,Married-civ-spouse,Technical, Husband,*,Male,0,0,40,North America,>50K
2027,"[30, 40[", Private,154410,High School,9,Never-married,Nontechnical, Not-in-family,*,Male,0,0,40,North America,<=50K
2028,"[40, 50[", Federal-gov,220563,Undergraduate,10,Married-civ-spouse,Technical, Husband,*,Male,0,0,40,North America,<=50K
2029,"[30, 40[", State-gov,253354,Graduate,14,Married-civ-spouse,Technical, Husband,*,Male,0,0,50,North America,<=50K
2030,"[30, 40[", Private,211699,Professional Education,12,Married-civ-spouse,Nontechnical, Wife,*,Female,0,1485,40,North America,>50K
2032,"[30, 40[", Private,229732,Professional Education,11,Married-civ-spouse,Technical, Husband,*,Male,0,0,40,North America,<=50K
2033,"[40, 50[", Private,185465,High School,9,Married-civ-spouse,Technical, Husband,*,Male,0,0,40,North America,<=50K
2034,"[20, 30[", Private,335764,High School,7,Married-civ-spouse,Nontechnical, Own-child,*,Male,0,0,35,North America,<=50K
2035,"[20, 30[", Private,460046,High School,9,Separated,Nontechnical, Unmarried,*,Female,0,0,42,North America,<=50K
2036,"[10, 20[", ?,33487,Undergraduate,10,Never-married,Other, Other-relative,*,Female,0,0,40,North America,<=50K
2037,"[50, 60[", Private,176924,High School,6,Married-civ-spouse,Technical, Husband,*,Male,0,0,38,North America,<=50K
2038,"[40, 50[", State-gov,213307,Undergraduate,10,Married-civ-spouse,Technical, Husband,*,Male,0,0,40,North America,<=50K
2039,"[30, 40[", Private,83893,Undergraduate,10,Married-civ-spouse,Nontechnical, Husband,*,Male,0,0,40,North America,>50K
2040,"[20, 30[", Private,194102,Undergraduate,13,Never-married,Nontechnical, Unmarried,*,Male,0,0,40,North America,<=50K
2041,"[60, 70[", Private,238611,High School,4,Widowed,Other, Unmarried,*,Female,0,0,38,North America,<=50K
2042,"[40, 50[", Private,113597,Undergraduate,10,Married-civ-spouse,Other, Husband,*,Male,0,0,16,North America,<=50K
2043,"[20, 30[", Self-emp-not-inc,208406,Undergraduate,13,Married-civ-spouse,Nontechnical, Husband,*,Male,0,0,60,North America,>50K
2044,"[50, 60[", Private,274528,Undergraduate,13,Divorced,Nontechnical, Not-in-family,*,Male,0,0,70,North America,<=50K
2045,"[10, 20[", Self-emp-not-inc,60116,High School,6,Never-married,Other, Own-child,*,Male,0,0,10,North America,<=50K
2046,"[20, 30[", ?,196816,High School,9,Never-married,Other, Not-in-family,*,Male,0,0,30,North America,<=50K
2047,"[50, 60[", Private,166368,Undergraduate,10,Never-married,Technical, Not-in-family,*,Male,0,0,40,North America,<=50K
2048,"[20, 30[", Private,303954,High School,9,Married-civ-spouse,Technical, Husband,*,Male,0,1848,42,North America,>50K
2050,"[20, 30[", Private,188569,Undergraduate,10,Never-married,Other, Not-in-family,*,Female,0,0,20,North America,<=50K
2051,"[50, 60[", Private,302868,Undergraduate,13,Married-civ-spouse,Nontechnical, Husband,*,Male,0,0,50,North America,>50K
2052,"[10, 20[", Private,283342,High School,7,Never-married,Other, Other-relative,*,Male,0,0,20,North America,<=50K
2053,"[20, 30[", Private,233777,Undergraduate,10,Never-married,Nontechnical, Unmarried,*,Male,0,0,50,North America,<=50K
2054,"[20, 30[", Private,170038,High School,9,Never-married,Nontechnical, Not-in-family,*,Female,0,0,40,North America,<=50K
2055,"[30, 40[", Local-gov,261319,High School,4,Married-civ-spouse,Other, Husband,*,Male,0,0,40,North America,<=50K
2056,"[30, 40[", State-gov,367237,Professional Education,11,Never-married,Technical, Not-in-family,*,Male,8614,0,40,North America,>50K
2057,"[30, 40[", Private,126838,High School,9,Married-civ-spouse,Other, Husband,*,Male,0,0,40,North America,<=50K
2058,"[10, 20[", Private,354104,High School,9,Never-married,Nontechnical, Own-child,*,Male,0,0,30,North America,<=50K
2059,"[20, 30[", Private,176321,High School,8,Never-married,Other, Own-child,*,Female,0,0,40,North America,<=50K
2060,"[40, 50[", Private,85129,High School,9,Divorced,Other, Not-in-family,*,Female,0,0,40,North America,<=50K
2061,"[20, 30[", ?,376474,Undergraduate,10,Never-married,Other, Own-child,*,Male,0,0,32,North America,<=50K
2062,"[20, 30[", Private,62507,Undergraduate,13,Never-married,Technical, Own-child,*,Female,0,0,40,North America,<=50K
2063,"[40, 50[", Local-gov,111252,Graduate,14,Married-civ-spouse,Nontechnical, Husband,*,Male,0,1977,40,North America,>50K
2064,"[60, 70[", Private,156889,Undergraduate,10,Divorced,Other, Not-in-family,*,Female,0,0,40,North America,<=50K
2065,"[30, 40[", Private,549430,High School,9,Never-married,Other, Unmarried,*,Female,0,0,40,North America,<=50K
2066,"[40, 50[", Private,29696,High School,9,Married-civ-spouse,Nontechnical, Husband,*,Male,0,0,40,North America,>50K
2067,"[60, 70[", Private,98837,High School,9,Widowed,Other, Not-in-family,*,Female,0,0,40,North America,<=50K
2068,"[30, 40[", Private,86150,Undergraduate,13,Married-civ-spouse,Other, Wife,*,Female,0,0,30,North America,>50K
2069,"[30, 40[", Private,204991,Undergraduate,10,Divorced,Nontechnical, Own-child,*,Male,0,0,44,North America,<=50K
2070,"[40, 50[", Private,371886,Undergraduate,13,Never-married,Technical, Not-in-family,*,Male,0,0,46,North America,<=50K
2071,"[30, 40[", Private,103605,High School,7,Married-civ-spouse,Other, Husband,*,Male,0,0,40,North America,<=50K
2072,"[60, 70[", ?,54851,High School,9,Married-civ-spouse,Other, Husband,*,Male,0,0,40,North America,<=50K
2073,"[50, 60[", Local-gov,133050,Undergraduate,10,Married-civ-spouse,Nontechnical, Husband,*,Male,0,0,40,North America,>50K
2074,"[30, 40[", Local-gov,126569,Undergraduate,10,Married-civ-spouse,Other, Husband,*,Male,0,0,40,North America,>50K
2075,"[20, 30[", Federal-gov,144259,High School,9,Never-married,Other, Own-child,*,Male,0,0,40,North America,<=50K
2076,"[50, 60[", Private,161482,High School,9,Divorced,Other, Unmarried,*,Female,0,0,38,North America,<=50K
2077,"[20, 30[", Self-emp-not-inc,305449,Undergraduate,10,Never-married,Technical, Own-child,*,Male,0,0,40,North America,<=50K
2078,"[10, 20[", Private,125010,High School,9,Never-married,Other, Own-child,*,Male,0,0,45,North America,<=50K
2079,"[40, 50[", Private,304133,Undergraduate,10,Married-civ-spouse,Nontechnical, Husband,*,Male,0,0,45,North America,<=50K
2080,"[50, 60[", Local-gov,120617,High School,9,Separated,Other, Unmarried,*,Female,0,0,40,North America,<=50K
2081,"[30, 40[", Private,157747,Undergraduate,13,Married-civ-spouse,Nontechnical, Husband,*,Male,0,0,40,North America,>50K
2082,"[40, 50[", Private,297396,Undergraduate,10,Separated,Nontechnical, Unmarried,*,Female,0,0,60,North America,<=50K
2083,"[40, 50[", Private,121287,High School,9,Divorced,Technical, Not-in-family,*,Male,0,0,45,North America,<=50K
2084,"[20, 30[", ?,308493,High School,9,Married-civ-spouse,Other, Wife,*,Female,0,0,17,North America,<=50K
2085,"[30, 40[", Private,49115,Graduate,14,Married-civ-spouse,Nontechnical, Husband,*,Male,0,0,60,North America,>50K
2086,"[50, 60[", Self-emp-inc,208302,Professional Education,12,Married-civ-spouse,Nontechnical, Husband,*,Male,0,0,38,North America,>50K
2087,"[20, 30[", Private,304032,High School,9,Never-married,Other, Own-child,*,Male,0,0,36,North America,<=50K
2088,"[30, 40[", Federal-gov,207301,High School,9,Married-civ-spouse,Other, Wife,*,Female,0,0,40,North America,>50K
2089,"[30, 40[", Private,123211,High School,9,Married-civ-spouse,Other, Husband,*,Male,0,0,44,North America,>50K
2090,"[40, 50[", Private,33521,Professional Education,12,Married-civ-spouse,Nontechnical, Husband,*,Male,0,0,45,North America,>50K
2091,"[20, 30[", ?,410351,Undergraduate,13,Never-married,Other, Not-in-family,*,Male,0,0,40,North America,<=50K
2092,"[30, 40[", Private,410034,Undergraduate,10,Divorced,Nontechnical, Not-in-family,*,Male,0,0,50,North America,<=50K
2093,"[50, 60[", Private,175339,Undergraduate,13,Married-civ-spouse,Nontechnical, Husband,*,Male,0,0,47,North America,>50K
2094,"[20, 30[", ?,27937,Undergraduate,10,Never-married,Other, Own-child,*,Male,0,0,36,North America,<=50K
2095,"[40, 50[", Private,168211,Undergraduate,10,Married-civ-spouse,Technical, Husband,*,Male,0,1485,40,North America,>50K
2096,"[20, 30[", Private,125680,Undergraduate,13,Never-married,Technical, Not-in-family,*,Male,0,0,16,Asia,<=50K
2097,"[50, 60[", Local-gov,160829,High School,9,Divorced,Other, Not-in-family,*,Female,0,0,46,North America,<=50K
2098,"[50, 60[", Private,266529,Undergraduate,10,Married-civ-spouse,Technical, Husband,*,Male,0,0,45,North America,>50K
2100,"[40, 50[", State-gov,224149,Undergraduate,13,Divorced,Nontechnical, Not-in-family,*,Female,0,0,40,North America,>50K
2101,"[50, 60[", Private,150930,Professional Education,11,Married-civ-spouse,Technical, Husband,*,Male,0,0,40,North America,<=50K
2102,"[30, 40[", Private,343699,High School,9,Divorced,Technical, Unmarried,*,Female,0,0,40,North America,<=50K
2103,"[40, 50[", Self-emp-inc,172826,Undergraduate,10,Married-civ-spouse,Nontechnical, Husband,*,Male,99999,0,55,North America,>50K
2105,"[10, 20[", ?,103810,High School,8,Never-married,Other, Own-child,*,Male,0,0,40,North America,<=50K
2106,"[40, 50[", Private,213821,High School,9,Married-civ-spouse,Technical, Husband,*,Male,0,1887,40,North America,>50K
2108,"[50, 60[", Local-gov,160586,High School,9,Married-civ-spouse,Other, Husband,*,Male,0,0,40,North America,<=50K
2109,"[60, 70[", Private,146454,Undergraduate,10,Married-civ-spouse,Nontechnical, Husband,*,Male,5556,0,40,North America,>50K
2110,"[30, 40[", Private,203277,High School,9,Married-civ-spouse,Other, Husband,*,Male,0,0,60,North America,>50K
2111,"[40, 50[", Private,309895,Undergraduate,10,Separated,Other, Unmarried,*,Female,0,0,40,North America,<=50K
2112,"[40, 50[", Private,26522,Undergraduate,10,Married-civ-spouse,Other, Wife,*,Female,0,1902,35,North America,>50K
2113,"[50, 60[", Private,103809,High School,9,Never-married,Nontechnical, Unmarried,*,Female,0,0,40,North America,<=50K
2114,"[20, 30[", Private,90291,Undergraduate,13,Never-married,Nontechnical, Own-child,*,Male,0,0,40,North America,<=50K
2115,"[20, 30[", State-gov,181761,Undergraduate,10,Never-married,Technical, Own-child,*,Female,0,0,10,North America,<=50K
2116,"[30, 40[", Private,35330,High School,9,Divorced,Technical, Not-in-family,*,Male,0,1669,55,North America,<=50K
2117,"[40, 50[", Local-gov,135776,Graduate,14,Divorced,Technical, Not-in-family,*,Female,0,0,30,North America,<=50K
2119,"[30, 40[", Private,179579,High School,9,Never-married,Technical, Own-child,*,Male,0,0,40,North America,<=50K
2120,"[40, 50[", Private,193626,High School,9,Married-civ-spouse,Other, Wife,*,Female,0,0,53,North America,<=50K
2121,"[20, 30[", Private,108887,High School,9,Never-married,Technical, Own-child,*,Female,0,0,40,North America,<=50K
2122,"[20, 30[", Private,199070,High School,9,Never-married,Other, Own-child,*,Male,0,0,16,North America,<=50K
2123,"[20, 30[", Private,441591,Undergraduate,13,Never-married,Technical, Own-child,*,Male,0,0,40,North America,<=50K
2125,"[20, 30[", Private,109307,High School,9,Never-married,Nontechnical, Own-child,*,Male,0,0,45,North America,<=50K
2126,"[20, 30[", ?,81853,Undergraduate,10,Never-married,Other, Own-child,*,Female,0,0,15,North America,<=50K
2127,"[30, 40[", Private,23621,High School,9,Never-married,Technical, Not-in-family,*,Male,0,0,70,North America,<=50K
2128,"[40, 50[", Local-gov,145178,High School,9,Married-civ-spouse,Other, Wife,*,Female,0,0,38,North America,>50K
2129,"[40, 50[", State-gov,30575,Undergraduate,10,Married-civ-spouse,Technical, Husband,*,Male,0,0,50,North America,<=50K
2131,"[40, 50[", Local-gov,22155,Graduate,14,Divorced,Technical, Unmarried,*,Female,0,0,60,North America,<=50K
2132,"[30, 40[", Private,106437,High School,9,Never-married,Other, Not-in-family,*,Female,0,0,40,North America,<=50K
2133,"[20, 30[", Private,79787,Graduate,14,Never-married,Nontechnical, Not-in-family,*,Female,0,0,25,North America,<=50K
2134,"[40, 50[", Private,326857,Professional Education,11,Married-civ-spouse,Technical, Husband,*,Male,5013,0,40,North America,<=50K
2135,"[40, 50[", Private,81853,High School,9,Never-married,Nontechnical, Not-in-family,*,Female,0,0,40,North America,<=50K
2137,"[40, 50[", Federal-gov,153143,Undergraduate,10,Divorced,Other, Other-relative,*,Female,0,0,40,North America,<=50K
2138,"[40, 50[", Private,27669,High School,9,Never-married,Other, Not-in-family,*,Female,0,0,28,North America,<=50K
2139,"[40, 50[", Private,105444,Undergraduate,13,Married-civ-spouse,Nontechnical, Husband,*,Male,0,0,50,North America,>50K
2142,"[50, 60[", Local-gov,242670,Undergraduate,10,Widowed,Other, Unmarried,*,Female,0,0,40,North America,<=50K
2143,"[50, 60[", Private,54933,Graduate,14,Divorced,Technical, Own-child,*,Female,0,0,40,North America,<=50K
2144,"[30, 40[", Private,209317,High School,9,Married-civ-spouse,Other, Husband,*,Male,0,0,40,North America,<=50K
2145,"[20, 30[", Self-emp-not-inc,282631,High School,9,Married-civ-spouse,Technical, Husband,*,Male,0,0,40,North America,<=50K
2146,"[10, 20[", Private,98044,High School,7,Never-married,Technical, Own-child,*,Female,0,0,40,North America,<=50K
2147,"[50, 60[", Private,187487,High School,9,Married-civ-spouse,Technical, Husband,*,Male,0,0,40,North America,<=50K
2148,"[30, 40[", State-gov,60186,Undergraduate,13,Divorced,Technical, Not-in-family,*,Male,0,0,40,North America,<=50K
2149,"[20, 30[", Private,75648,Undergraduate,10,Married-civ-spouse,Technical, Husband,*,Male,0,0,55,North America,<=50K
2150,"[20, 30[", Private,201175,High School,7,Never-married,Technical, Not-in-family,*,Male,0,0,40,North America,<=50K
2151,"[30, 40[", Private,19302,Undergraduate,10,Never-married,Other, Not-in-family,*,Male,0,0,48,North America,<=50K
2152,"[20, 30[", ?,300812,Undergraduate,10,Never-married,Other, Own-child,*,Male,0,0,30,North America,<=50K
2153,"[40, 50[", Private,146659,Graduate,14,Married-civ-spouse,Technical, Husband,*,Male,0,1887,35,North America,>50K
2154,"[70, 80[", Private,101887,High School,6,Widowed,Other, Not-in-family,*,Female,0,0,70,North America,<=50K
2155,"[60, 70[", ?,117778,High School,7,Married-civ-spouse,Other, Husband,*,Male,0,0,40,North America,<=50K
2156,"[20, 30[", Private,60726,Undergraduate,10,Married-civ-spouse,Technical, Husband,*,Male,0,0,40,North America,<=50K
2157,"[30, 40[", Self-emp-inc,201763,Undergraduate,13,Married-civ-spouse,Nontechnical, Husband,*,Male,0,0,50,North America,>50K
2158,"[50, 60[", Self-emp-inc,119253,Graduate,14,Married-civ-spouse,Nontechnical, Husband,*,Male,15024,0,65,North America,>50K
2160,"[40, 50[", Private,220132,High School,9,Married-civ-spouse,Nontechnical, Husband,*,Male,7298,0,40,North America,>50K
2161,"[20, 30[", Private,60639,Undergraduate,10,Never-married,Other, Not-in-family,*,Female,0,0,37,North America,<=50K
2162,"[10, 20[", Private,195262,High School,7,Never-married,Technical, Own-child,*,Male,0,0,17,North America,<=50K
2163,"[60, 70[", ?,113544,Undergraduate,13,Married-civ-spouse,Other, Husband,*,Male,0,0,55,North America,<=50K
2164,"[40, 50[", ?,331650,High School,9,Married-civ-spouse,Other, Wife,*,Female,0,0,8,North America,>50K
2165,"[20, 30[", Private,100587,Undergraduate,10,Never-married,Other, Own-child,*,Female,0,0,15,North America,<=50K
2166,"[40, 50[", Private,298130,High School,9,Married-civ-spouse,Nontechnical, Husband,*,Male,0,0,40,North America,<=50K
2167,"[40, 50[", Private,242391,Undergraduate,13,Married-civ-spouse,Nontechnical, Husband,*,Male,0,0,40,North America,>50K
2168,"[30, 40[", Self-emp-not-inc,197867,Professional Education,11,Divorced,Nontechnical, Unmarried,*,Male,0,0,50,North America,<=50K
2169,"[50, 60[", Private,151977,High School,6,Separated,Other, Not-in-family,*,Female,0,0,30,North America,<=50K
2170,"[30, 40[", Private,277347,High School,9,Married-civ-spouse,Technical, Husband,*,Male,0,0,50,North America,<=50K
2171,"[30, 40[", Private,125249,High School,9,Separated,Other, Own-child,*,Female,0,0,40,North America,<=50K
2172,"[40, 50[", Private,222142,High School,9,Married-civ-spouse,Technical, Husband,*,Male,0,0,40,North America,<=50K
2173,"[50, 60[", Private,270194,High School,5,Married-civ-spouse,Other, Husband,*,Male,0,0,40,North America,<=50K
2174,"[40, 50[", Private,169995,High School,9,Married-civ-spouse,Nontechnical, Husband,*,Male,0,0,48,North America,<=50K
2175,"[20, 30[", Private,359155,Undergraduate,13,Married-civ-spouse,Technical, Wife,*,Female,0,0,40,North America,>50K
2176,"[60, 70[", Private,123992,Undergraduate,10,Married-civ-spouse,Technical, Husband,*,Male,0,0,45,North America,<=50K
2177,"[60, 70[", Local-gov,266080,High School,9,Divorced,Other, Not-in-family,*,Female,0,0,35,North America,<=50K
2178,"[30, 40[", Private,201531,Professional Education,12,Married-civ-spouse,Technical, Husband,*,Male,0,0,40,North America,>50K
2179,"[50, 60[", Self-emp-not-inc,179704,Undergraduate,13,Married-civ-spouse,Nontechnical, Husband,*,Male,0,0,45,North America,>50K
2180,"[30, 40[", Private,393673,Professional Education,12,Married-civ-spouse,Nontechnical, Wife,*,Female,0,0,50,North America,>50K
2181,"[30, 40[", Private,244147,Undergraduate,13,Married-civ-spouse,Technical, Husband,*,Male,0,0,40,Unknown,>50K
2182,"[40, 50[", Self-emp-not-inc,438696,Graduate,14,Divorced,Nontechnical, Unmarried,*,Male,0,0,5,North America,>50K
2183,"[30, 40[", Self-emp-not-inc,207568,High School,4,Married-civ-spouse,Other, Husband,*,Male,0,0,75,North America,<=50K
2184,"[60, 70[", Self-emp-inc,54052,Graduate,14,Married-civ-spouse,Nontechnical, Husband,*,Male,0,0,68,North America,>50K
2185,"[40, 50[", Private,187581,High School,9,Divorced,Technical, Other-relative,*,Male,0,0,40,North America,<=50K
2186,"[40, 50[", Self-emp-not-inc,77102,Graduate,14,Divorced,Technical, Not-in-family,*,Male,0,0,40,North America,<=50K
2187,"[20, 30[", Private,353010,Undergraduate,13,Never-married,Technical, Not-in-family,*,Male,0,0,65,North America,<=50K
2188,"[20, 30[", Private,54131,Undergraduate,10,Never-married,Nontechnical, Not-in-family,*,Male,0,0,30,North America,<=50K
2189,"[70, 80[", Federal-gov,39890,Undergraduate,10,Widowed,Other, Not-in-family,*,Female,0,0,18,North America,<=50K
2190,"[50, 60[", Private,156877,High School,7,Married-civ-spouse,Other, Husband,*,Male,0,0,70,North America,>50K
2191,"[20, 30[", Private,355686,Undergraduate,10,Never-married,Other, Not-in-family,*,Female,0,0,40,North America,<=50K
2192,"[40, 50[", Private,300168,High School,8,Separated,Other, Own-child,*,Female,0,0,40,North America,<=50K
2193,"[30, 40[", Private,488720,High School,5,Married-civ-spouse,Nontechnical, Other-relative,*,Male,0,0,40,North America,<=50K
2194,"[30, 40[", Private,157287,Undergraduate,13,Married-civ-spouse,Nontechnical, Husband,*,Male,0,0,40,North America,<=50K
2195,"[30, 40[", Private,184659,High School,9,Married-civ-spouse,Technical, Husband,*,Male,0,0,40,North America,<=50K
2196,"[40, 50[", Private,214169,Undergraduate,10,Married-civ-spouse,Technical, Husband,*,Male,0,0,40,North America,>50K
2197,"[20, 30[", Private,192149,Undergraduate,13,Never-married,Other, Own-child,*,Female,0,0,40,North America,<=50K
2198,"[50, 60[", Private,137253,Undergraduate,13,Married-civ-spouse,Other, Wife,*,Female,0,0,40,North America,>50K
2199,"[40, 50[", Private,373050,High School,9,Married-civ-spouse,Other, Husband,*,Male,0,0,40,North America,<=50K
2200,"[60, 70[", Private,90377,Professional Education,11,Married-civ-spouse,Other, Husband,*,Male,6767,0,60,North America,<=50K
2201,"[20, 30[", Federal-gov,183151,Professional Education,12,Married-civ-spouse,Other, Husband,*,Male,0,0,60,North America,<=50K
2202,"[50, 60[", Private,227158,Undergraduate,13,Widowed,Other, Unmarried,*,Female,0,0,40,North America,<=50K
2203,"[40, 50[", Local-gov,34021,Undergraduate,13,Never-married,Technical, Own-child,*,Female,0,0,50,North America,<=50K
2204,"[30, 40[", Private,165148,High School,9,Separated,Nontechnical, Unmarried,*,Female,0,0,12,North America,<=50K
2205,"[40, 50[", Private,211668,High School,9,Married-civ-spouse,Technical, Wife,*,Female,0,0,40,North America,>50K
2206,"[40, 50[", Private,358886,High School,9,Married-civ-spouse,Other, Husband,*,Male,0,0,40,North America,>50K
2207,"[30, 40[", Private,47707,High School,9,Never-married,Other, Not-in-family,*,Female,0,0,40,North America,<=50K
2210,"[30, 40[", ?,179352,Undergraduate,10,Divorced,Other, Not-in-family,*,Female,0,0,35,North America,<=50K
2211,"[20, 30[", Private,158156,High School,9,Never-married,Other, Not-in-family,*,Female,0,0,42,North America,<=50K
2212,"[40, 50[", Private,70055,High School,9,Married-civ-spouse,Nontechnical, Husband,*,Male,0,0,40,North America,<=50K
2213,"[60, 70[", ?,131852,Primary School,3,Married-civ-spouse,Other, Husband,*,Male,0,0,30,North America,>50K
2214,"[60, 70[", Self-emp-not-inc,177825,High School,9,Never-married,Other, Not-in-family,*,Male,1055,0,40,North America,<=50K
2215,"[30, 40[", Private,127215,Undergraduate,10,Married-civ-spouse,Nontechnical, Husband,*,Male,0,0,48,North America,>50K
2216,"[20, 30[", Private,175183,Undergraduate,10,Never-married,Other, Not-in-family,*,Female,0,0,40,North America,<=50K
2217,"[40, 50[", Private,142287,Graduate,14,Married-civ-spouse,Nontechnical, Husband,*,Male,0,0,50,North America,>50K
2218,"[30, 40[", Private,221324,High School,9,Never-married,Technical, Unmarried,*,Female,0,0,40,North America,<=50K
2219,"[50, 60[", Private,227602,High School,9,Divorced,Nontechnical, Not-in-family,*,Female,0,0,37,North America,<=50K
2220,"[20, 30[", Private,228452,High School,6,Never-married,Technical, Not-in-family,*,Male,0,0,30,North America,<=50K
2221,"[50, 60[", State-gov,39380,High School,9,Separated,Other, Not-in-family,*,Female,0,0,35,North America,<=50K
2222,"[20, 30[", ?,96862,Undergraduate,10,Never-married,Other, Own-child,*,Female,0,0,8,North America,<=50K
2223,"[20, 30[", Private,336360,High School,4,Never-married,Technical, Own-child,*,Male,0,0,40,North America,<=50K
2224,"[30, 40[", Private,257644,High School,7,Never-married,Other, Unmarried,*,Male,0,0,40,North America,<=50K
2225,"[20, 30[", State-gov,235853,Undergraduate,13,Never-married,Technical, Not-in-family,*,Male,0,0,22,North America,<=50K
2226,"[30, 40[", Private,270577,High School,9,Separated,Other, Unmarried,*,Female,0,0,40,North America,<=50K
2227,"[30, 40[", Local-gov,222900,Undergraduate,13,Separated,Technical, Not-in-family,*,Female,0,0,50,North America,>50K
2228,"[40, 50[", Private,99254,Professional Education,12,Married-civ-spouse,Other, Wife,*,Female,0,0,40,North America,>50K
2229,"[50, 60[", Private,224763,High School,4,Married-civ-spouse,Other, Husband,*,Male,0,0,40,North America,<=50K
2230,"[50, 60[", Self-emp-not-inc,174056,Undergraduate,13,Married-civ-spouse,Nontechnical, Husband,*,Male,15024,0,40,North America,>50K
2231,"[30, 40[", Private,127306,Undergraduate,13,Never-married,Nontechnical, Own-child,*,Female,0,0,40,North America,<=50K
2232,"[40, 50[", Private,339506,High School,9,Never-married,Nontechnical, Not-in-family,*,Male,0,0,40,North America,<=50K
2234,"[30, 40[", Private,189843,High School,4,Married-civ-spouse,Technical, Husband,*,Male,0,0,40,North America,<=50K
2235,"[40, 50[", Private,160815,Professional Education,11,Divorced,Technical, Unmarried,*,Female,0,0,40,North America,<=50K
2237,"[30, 40[", State-gov,160402,Undergraduate,13,Married-civ-spouse,Technical, Husband,*,Male,0,0,55,North America,>50K
2238,"[30, 40[", Private,170263,Undergraduate,10,Never-married,Technical, Unmarried,*,Female,0,0,40,North America,<=50K
2239,"[30, 40[", Private,184659,Undergraduate,10,Married-civ-spouse,Other, Husband,*,Male,0,0,52,North America,<=50K
2240,"[30, 40[", Federal-gov,338320,Professional Education,15,Married-civ-spouse,Technical, Husband,*,Male,0,1977,50,North America,>50K
2241,"[50, 60[", Private,101017,High School,4,Married-civ-spouse,Technical, Husband,*,Male,0,0,40,North America,<=50K
2242,"[50, 60[", Private,204322,Professional Education,11,Married-civ-spouse,Nontechnical, Husband,*,Male,0,0,40,North America,>50K
2243,"[40, 50[", Private,241350,Professional Education,12,Married-civ-spouse,Technical, Husband,*,Male,0,0,45,North America,>50K
2244,"[60, 70[", Federal-gov,217994,Undergraduate,10,Divorced,Nontechnical, Unmarried,*,Female,0,0,40,North America,<=50K
2245,"[50, 60[", Private,128143,Undergraduate,10,Married-civ-spouse,Technical, Husband,*,Male,0,0,40,North America,>50K
2246,"[50, 60[", Self-emp-not-inc,164065,Graduate,14,Divorced,Nontechnical, Not-in-family,*,Male,0,0,18,North America,<=50K
2247,"[60, 70[", Local-gov,78866,High School,9,Divorced,Other, Not-in-family,*,Female,0,0,40,North America,<=50K
2248,"[20, 30[", Private,236769,Undergraduate,10,Never-married,Nontechnical, Own-child,*,Male,0,0,40,North America,<=50K
2250,"[30, 40[", Private,34028,Undergraduate,13,Divorced,Nontechnical, Unmarried,*,Female,0,0,48,North America,<=50K
2251,"[40, 50[", State-gov,207847,Undergraduate,10,Never-married,Other, Unmarried,*,Female,0,0,40,North America,<=50K
2252,"[40, 50[", Private,175935,Graduate,16,Married-civ-spouse,Other, Husband,*,Male,0,0,55,North America,>50K
2253,"[20, 30[", Federal-gov,218445,Undergraduate,10,Never-married,Nontechnical, Not-in-family,*,Female,0,0,40,North America,<=50K
2254,"[60, 70[", Self-emp-inc,215833,High School,9,Married-civ-spouse,Nontechnical, Husband,*,Male,0,0,40,North America,>50K
2256,"[40, 50[", Self-emp-not-inc,220647,Undergraduate,13,Married-civ-spouse,Other, Husband,*,Male,0,0,45,North America,<=50K
2257,"[20, 30[", Private,218343,High School,9,Never-married,Other, Own-child,*,Female,0,0,25,North America,<=50K
2260,"[20, 30[", Private,73289,High School,9,Never-married,Other, Own-child,*,Male,0,0,40,North America,<=50K
2261,"[20, 30[", Private,408623,Undergraduate,13,Married-civ-spouse,Technical, Other-relative,*,Male,0,0,50,North America,<=50K
2262,"[40, 50[", Private,169180,Professional Education,11,Divorced,Other, Not-in-family,*,Female,0,0,40,North America,<=50K
2263,"[30, 40[", Private,54929,Undergraduate,10,Divorced,Technical, Not-in-family,*,Male,0,0,60,North America,<=50K
2264,"[20, 30[", Private,306779,Professional Education,11,Never-married,Nontechnical, Own-child,*,Male,0,0,35,North America,<=50K
2265,"[40, 50[", Private,159549,Undergraduate,10,Married-civ-spouse,Nontechnical, Husband,*,Male,0,0,50,North America,>50K
2266,"[20, 30[", Private,482082,High School,8,Never-married,Technical, Own-child,*,Male,0,0,21,North America,<=50K
2267,"[30, 40[", Local-gov,286101,High School,9,Never-married,Other, Unmarried,*,Female,0,0,37,North America,<=50K
2269,"[40, 50[", Self-emp-not-inc,209040,Undergraduate,13,Married-civ-spouse,Nontechnical, Husband,*,Male,0,0,40,North America,<=50K
2270,"[30, 40[", Private,105017,High School,9,Divorced,Technical, Unmarried,*,Male,0,0,40,North America,<=50K
2271,"[20, 30[", Private,27776,Professional Education,11,Never-married,Technical, Not-in-family,*,Male,0,0,40,North America,<=50K
2272,"[10, 20[", Private,242941,Undergraduate,10,Never-married,Nontechnical, Own-child,*,Female,0,1602,10,North America,<=50K
2273,"[40, 50[", Private,118853,Undergraduate,10,Married-civ-spouse,Nontechnical, Husband,*,Male,0,0,40,North America,<=50K
2274,"[40, 50[", Private,119565,High School,9,Married-civ-spouse,Technical, Husband,*,Male,0,0,40,North America,<=50K
2275,"[20, 30[", Private,196827,Undergraduate,10,Married-civ-spouse,Technical, Husband,*,Male,0,1902,40,North America,<=50K
2277,"[40, 50[", Private,225193,High School,9,Married-civ-spouse,Technical, Husband,*,Male,0,0,40,North America,<=50K
2278,"[10, 20[", Private,329783,High School,6,Never-married,Nontechnical, Other-relative,*,Female,0,0,10,North America,<=50K
2279,"[20, 30[", Local-gov,107411,Professional Education,15,Never-married,Technical, Not-in-family,*,Female,0,0,70,North America,<=50K
2280,"[20, 30[", State-gov,258490,Undergraduate,10,Never-married,Technical, Not-in-family,*,Female,0,0,20,North America,<=50K
2281,"[10, 20[", ?,120243,High School,7,Never-married,Other, Own-child,*,Male,0,0,27,North America,<=50K
2282,"[30, 40[", Private,219509,High School,9,Married-civ-spouse,Other, Husband,*,Male,0,0,40,North America,>50K
2283,"[20, 30[", Local-gov,29174,Undergraduate,13,Never-married,Technical, Unmarried,*,Female,0,0,40,North America,<=50K
2284,"[20, 30[", Private,40083,Graduate,16,Never-married,Technical, Not-in-family,*,Male,0,0,40,North America,<=50K
2285,"[20, 30[", Private,87528,Undergraduate,13,Never-married,Nontechnical, Not-in-family,*,Female,0,0,45,North America,<=50K
2286,"[40, 50[", Private,116379,Graduate,14,Married-civ-spouse,Technical, Husband,*,Male,0,0,55,Asia,>50K
2287,"[40, 50[", Local-gov,216214,Undergraduate,13,Married-civ-spouse,Technical, Husband,*,Male,0,0,35,North America,>50K
2288,"[30, 40[", Private,268051,Undergraduate,10,Married-civ-spouse,Other, Other-relative,*,Female,0,0,25,North America,<=50K
2289,"[40, 50[", Self-emp-not-inc,121718,High School,9,Married-civ-spouse,Technical, Husband,*,Male,0,0,24,North America,<=50K
2290,"[10, 20[", Private,201901,High School,9,Never-married,Nontechnical, Own-child,*,Female,0,1719,15,North America,<=50K
2291,"[40, 50[", Private,109089,High School,9,Divorced,Technical, Not-in-family,*,Male,0,0,37,North America,<=50K
2292,"[10, 20[", ?,346382,High School,7,Never-married,Other, Own-child,*,Male,0,0,15,North America,<=50K
2293,"[50, 60[", Private,284129,Undergraduate,10,Married-civ-spouse,Technical, Husband,*,Male,0,0,40,North America,>50K
2294,"[50, 60[", Private,143030,High School,9,Divorced,Technical, Unmarried,*,Female,0,0,40,North America,<=50K
2295,"[20, 30[", Private,212619,Professional Education,11,Never-married,Technical, Own-child,*,Male,0,0,40,North America,<=50K
2296,"[20, 30[", Self-emp-not-inc,199011,High School,9,Never-married,Technical, Other-relative,*,Male,0,0,20,North America,<=50K
2297,"[30, 40[", Private,118901,Undergraduate,13,Divorced,Other, Unmarried,*,Female,0,0,45,North America,<=50K
2298,"[40, 50[", Self-emp-not-inc,129865,High School,9,Married-civ-spouse,Other, Husband,*,Male,0,0,60,North America,<=50K
2299,"[20, 30[", Private,157900,Undergraduate,10,Separated,Other, Unmarried,*,Female,0,0,40,North America,<=50K
2300,"[40, 50[", Self-emp-not-inc,349341,Undergraduate,13,Divorced,Nontechnical, Not-in-family,*,Male,0,0,60,North America,<=50K
2301,"[40, 50[", Private,158685,High School,9,Separated,Nontechnical, Not-in-family,*,Female,0,0,40,North America,<=50K
2302,"[20, 30[", Private,386585,Undergraduate,10,Divorced,Technical, Not-in-family,*,Male,0,0,60,North America,<=50K
2304,"[40, 50[", Private,246891,Undergraduate,13,Married-civ-spouse,Nontechnical, Husband,*,Male,0,1902,40,North America,>50K
2305,"[30, 40[", Private,190385,Undergraduate,13,Married-civ-spouse,Other, Wife,*,Female,0,0,40,North America,>50K
2306,"[40, 50[", Private,37869,Undergraduate,10,Married-civ-spouse,Technical, Husband,*,Male,0,0,40,North America,<=50K
2307,"[20, 30[", Private,217807,Undergraduate,10,Never-married,Nontechnical, Own-child,*,Male,0,0,35,North America,<=50K
2308,"[50, 60[", Private,149784,Undergraduate,13,Married-civ-spouse,Technical, Husband,*,Male,7688,0,40,North America,>50K
2309,"[60, 70[", State-gov,201293,High School,9,Widowed,Other, Not-in-family,*,Female,0,0,38,North America,<=50K
2310,"[50, 60[", Private,128764,High School,4,Widowed,Other, Not-in-family,*,Male,0,0,20,North America,<=50K
2312,"[20, 30[", Private,62438,Undergraduate,13,Married-civ-spouse,Nontechnical, Wife,*,Female,0,0,40,North America,>50K
2313,"[30, 40[", Local-gov,151726,Professional Education,12,Never-married,Other, Own-child,*,Female,0,0,40,North America,<=50K
2314,"[40, 50[", Private,29841,Undergraduate,13,Married-civ-spouse,Other, Wife,*,Female,0,0,40,North America,<=50K
2316,"[40, 50[", Private,110562,Undergraduate,13,Married-civ-spouse,Nontechnical, Husband,*,Male,0,0,40,North America,<=50K
2317,"[50, 60[", Self-emp-inc,190541,High School,9,Never-married,Nontechnical, Not-in-family,*,Male,0,0,47,North America,<=50K
2318,"[60, 70[", State-gov,33142,Graduate,14,Married-civ-spouse,Technical, Husband,*,Male,0,0,60,North America,>50K
2319,"[60, 70[", Self-emp-inc,139272,Undergraduate,13,Married-civ-spouse,Nontechnical, Husband,*,Male,99999,0,60,North America,>50K
2320,"[40, 50[", Private,234633,Undergraduate,10,Never-married,Technical, Not-in-family,*,Male,0,0,40,North America,<=50K
2321,"[40, 50[", Local-gov,238386,Undergraduate,10,Married-civ-spouse,Other, Husband,*,Male,0,0,40,North America,>50K
2322,"[20, 30[", Private,460835,High School,9,Never-married,Technical, Own-child,*,Male,0,0,55,North America,<=50K
2323,"[20, 30[", ?,243190,Undergraduate,10,Never-married,Other, Own-child,*,Male,0,0,20,Asia,<=50K
2324,"[60, 70[", Federal-gov,97855,Graduate,14,Married-civ-spouse,Nontechnical, Husband,*,Male,0,0,50,North America,>50K
2325,"[30, 40[", Private,77146,Undergraduate,13,Married-civ-spouse,Nontechnical, Husband,*,Male,0,1887,50,North America,>50K
2328,"[50, 60[", Private,77415,High School,7,Married-civ-spouse,Other, Husband,*,Male,0,0,50,North America,<=50K
2329,"[30, 40[", Private,236770,Undergraduate,10,Divorced,Nontechnical, Not-in-family,*,Male,0,0,50,North America,<=50K
2331,"[30, 40[", Private,235124,Professional Education,11,Divorced,Technical, Not-in-family,*,Male,0,0,40,North America,<=50K
2332,"[20, 30[", Self-emp-not-inc,282604,High School,7,Married-civ-spouse,Other, Husband,*,Male,7688,0,60,North America,>50K
2333,"[30, 40[", Private,199288,High School,7,Separated,Other, Not-in-family,*,Male,0,0,90,North America,<=50K
2334,"[50, 60[", Private,191659,Undergraduate,10,Married-civ-spouse,Nontechnical, Husband,*,Male,0,1887,65,North America,>50K
2335,"[10, 20[", Private,43285,Undergraduate,10,Never-married,Other, Own-child,*,Female,0,0,20,North America,<=50K
2337,"[20, 30[", Private,230574,High School,6,Never-married,Other, Own-child,*,Male,0,0,25,North America,<=50K
2338,"[20, 30[", Private,176178,High School,9,Never-married,Technical, Own-child,*,Female,0,0,40,North America,<=50K
2340,"[20, 30[", ?,253873,Undergraduate,10,Divorced,Other, Not-in-family,*,Female,0,0,25,North America,<=50K
2341,"[40, 50[", Private,107787,Professional Education,11,Married-civ-spouse,Technical, Husband,*,Male,0,0,40,North America,<=50K
2342,"[20, 30[", Self-emp-not-inc,519627,High School,9,Never-married,Other, Not-in-family,*,Male,0,0,25,North America,<=50K
2343,"[20, 30[", Private,191460,High School,7,Never-married,Other, Unmarried,*,Female,0,0,40,North America,<=50K
2344,"[40, 50[", Private,198282,Graduate,14,Married-civ-spouse,Nontechnical, Husband,*,Male,15024,0,40,North America,>50K
2345,"[20, 30[", Private,214858,Undergraduate,13,Married-civ-spouse,Nontechnical, Husband,*,Male,0,0,40,North America,>50K
2346,"[30, 40[", Self-emp-not-inc,64875,Professional Education,11,Married-civ-spouse,Technical, Husband,*,Male,0,0,60,North America,<=50K
2347,"[10, 20[", Private,675421,High School,5,Never-married,Nontechnical, Own-child,*,Male,594,0,40,North America,<=50K
2348,"[60, 70[", Self-emp-not-inc,134768,High School,8,Married-civ-spouse,Technical, Husband,*,Male,0,0,40,North America,>50K
2349,"[20, 30[", Federal-gov,207342,Undergraduate,10,Never-married,Nontechnical, Not-in-family,*,Male,0,0,40,North America,<=50K
2350,"[30, 40[", Private,64830,Professional Education,12,Divorced,Nontechnical, Not-in-family,*,Female,0,0,45,North America,<=50K
2351,"[30, 40[", Private,220066,Undergraduate,13,Never-married,Nontechnical, Not-in-family,*,Female,14344,0,50,North America,>50K
2352,"[30, 40[", Private,82521,Undergraduate,13,Married-civ-spouse,Nontechnical, Husband,*,Male,15024,0,40,North America,>50K
2354,"[20, 30[", ?,217421,Undergraduate,10,Never-married,Other, Own-child,*,Female,0,0,30,North America,<=50K
2355,"[20, 30[", Private,111900,Professional Education,12,Married-civ-spouse,Nontechnical, Husband,*,Male,0,0,30,North America,<=50K
2357,"[40, 50[", Private,481987,High School,9,Married-civ-spouse,Other, Husband,*,Male,0,0,40,North America,>50K
2358,"[60, 70[", ?,184506,High School,7,Married-civ-spouse,Other, Husband,*,Male,0,419,3,North America,<=50K
2359,"[20, 30[", ?,121313,High School,6,Never-married,Other, Own-child,*,Male,0,0,40,North America,<=50K
2360,"[30, 40[", Private,158420,Undergraduate,13,Married-civ-spouse,Nontechnical, Husband,*,Male,0,0,70,North America,<=50K
2361,"[20, 30[", Private,256000,Professional Education,15,Married-civ-spouse,Technical, Husband,*,Male,99999,0,60,North America,>50K
2362,"[30, 40[", Private,183892,Undergraduate,10,Married-civ-spouse,Technical, Husband,*,Male,7298,0,44,North America,>50K
2363,"[20, 30[", Private,42734,High School,9,Never-married,Nontechnical, Own-child,*,Male,0,0,40,North America,<=50K
2364,"[20, 30[", Private,181773,High School,9,Never-married,Other, Own-child,*,Male,0,0,40,North America,<=50K
2365,"[40, 50[", Private,184945,Undergraduate,10,Separated,Other, Not-in-family,*,Female,0,0,35,North America,<=50K
2366,"[30, 40[", Private,107248,Professional Education,11,Never-married,Other, Not-in-family,*,Male,0,0,45,North America,<=50K
2368,"[20, 30[", Private,122999,High School,9,Never-married,Technical, Own-child,*,Male,0,0,40,North America,<=50K
2369,"[30, 40[", Private,758700,High School,5,Married-civ-spouse,Nontechnical, Husband,*,Male,3781,0,50,North America,<=50K
2370,"[30, 40[", State-gov,166606,High School,9,Married-civ-spouse,Other, Husband,*,Male,0,0,40,North America,<=50K
2372,"[70, 80[", ?,340939,High School,5,Married-civ-spouse,Other, Husband,*,Male,3471,0,40,North America,<=50K
2375,"[20, 30[", Private,242077,High School,9,Divorced,Nontechnical, Not-in-family,*,Female,0,0,40,North America,<=50K
2376,"[40, 50[", Private,129573,High School,9,Never-married,Nontechnical, Not-in-family,*,Female,0,0,44,North America,<=50K
2378,"[20, 30[", Private,212302,Undergraduate,10,Separated,Other, Unmarried,*,Female,0,0,40,North America,<=50K
2379,"[40, 50[", Private,83411,Undergraduate,10,Divorced,Nontechnical, Not-in-family,*,Male,0,1408,40,North America,<=50K
2380,"[20, 30[", ?,148751,Undergraduate,10,Never-married,Other, Not-in-family,*,Female,0,0,35,North America,<=50K
2381,"[10, 20[", Private,317681,High School,7,Never-married,Technical, Own-child,*,Male,0,0,10,North America,<=50K
2382,"[30, 40[", ?,103986,High School,9,Never-married,Other, Not-in-family,*,Male,0,1590,40,North America,<=50K
2384,"[10, 20[", Private,172893,Undergraduate,10,Never-married,Nontechnical, Own-child,*,Female,0,0,30,North America,<=50K
2385,"[50, 60[", Self-emp-inc,211804,Undergraduate,13,Married-civ-spouse,Nontechnical, Husband,*,Male,15024,0,50,North America,>50K
2386,"[30, 40[", Self-emp-not-inc,312055,Undergraduate,13,Married-civ-spouse,Nontechnical, Husband,*,Male,0,0,45,North America,>50K
2387,"[30, 40[", Private,65390,Undergraduate,13,Married-civ-spouse,Other, Husband,*,Male,0,0,50,North America,<=50K
2388,"[20, 30[", Private,200500,High School,4,Married-civ-spouse,Other, Husband,*,Male,0,0,45,North America,<=50K
2389,"[30, 40[", Local-gov,241962,Undergraduate,13,Married-civ-spouse,Other, Husband,*,Male,0,0,40,North America,<=50K
2390,"[30, 40[", Self-emp-inc,78530,High School,9,Married-civ-spouse,Nontechnical, Husband,*,Male,0,0,65,North America,>50K
2391,"[20, 30[", Private,189950,Undergraduate,13,Never-married,Technical, Not-in-family,*,Male,0,0,55,North America,<=50K
2392,"[30, 40[", Private,111387,Undergraduate,10,Married-civ-spouse,Nontechnical, Husband,*,Male,0,1579,40,North America,<=50K
2393,"[20, 30[", Private,241951,High School,9,Never-married,Nontechnical, Not-in-family,*,Male,0,0,45,North America,<=50K
2394,"[10, 20[", Private,343059,Undergraduate,10,Never-married,Nontechnical, Own-child,*,Female,0,0,40,North America,<=50K
2395,"[20, 30[", Private,302465,High School,8,Never-married,Technical, Not-in-family,*,Male,0,1741,40,North America,<=50K
2397,"[20, 30[", ?,79728,Undergraduate,10,Never-married,Other, Own-child,*,Female,0,0,40,North America,<=50K
2398,"[10, 20[", Private,55284,High School,9,Never-married,Nontechnical, Own-child,*,Female,0,0,35,North America,<=50K
2399,"[30, 40[", Private,509364,High School,9,Divorced,Technical, Not-in-family,*,Male,0,0,30,North America,<=50K
2400,"[30, 40[", State-gov,117927,Undergraduate,10,Never-married,Other, Not-in-family,*,Female,0,0,40,North America,<=50K
2401,"[20, 30[", Private,137651,Undergraduate,10,Never-married,Technical, Own-child,*,Male,0,0,40,North America,<=50K
2402,"[70, 80[", Private,131060,High School,4,Married-civ-spouse,Other, Husband,*,Male,0,0,25,North America,<=50K
2403,"[50, 60[", Private,346963,Undergraduate,13,Married-civ-spouse,Nontechnical, Husband,*,Male,0,0,40,North America,>50K
2404,"[50, 60[", Private,183611,Undergraduate,10,Married-civ-spouse,Nontechnical, Husband,*,Male,3137,0,50,North America,<=50K
2405,"[30, 40[", Private,134737,Professional Education,11,Married-civ-spouse,Technical, Husband,*,Male,0,0,40,North America,<=50K
2406,"[40, 50[", Private,36503,Undergraduate,10,Married-civ-spouse,Nontechnical, Husband,*,Male,0,0,40,North America,>50K
2407,"[40, 50[", Private,250121,High School,7,Married-civ-spouse,Other, Wife,*,Female,0,0,40,North America,<=50K
2408,"[40, 50[", Private,330535,High School,9,Never-married,Other, Not-in-family,*,Male,3325,0,40,North America,<=50K
2409,"[20, 30[", Private,387776,Undergraduate,10,Never-married,Other, Own-child,*,Male,0,0,40,North America,<=50K
2410,"[50, 60[", Private,41474,High School,6,Married-civ-spouse,Other, Husband,*,Male,0,0,40,North America,<=50K
2411,"[30, 40[", Local-gov,318972,Undergraduate,10,Divorced,Other, Unmarried,*,Female,0,0,65,North America,<=50K
2413,"[50, 60[", Private,181139,Undergraduate,10,Never-married,Other, Not-in-family,*,Male,0,0,40,North America,<=50K
2414,"[40, 50[", Private,326232,Undergraduate,13,Divorced,Nontechnical, Unmarried,*,Male,0,2547,50,North America,>50K
2415,"[30, 40[", Local-gov,153976,Graduate,14,Married-civ-spouse,Technical, Husband,*,Male,0,0,40,North America,>50K
2416,"[50, 60[", Self-emp-not-inc,59469,High School,5,Married-civ-spouse,Other, Husband,*,Male,0,0,25,North America,<=50K
2417,"[20, 30[", Private,127139,Undergraduate,10,Never-married,Other, Own-child,*,Female,0,0,40,North America,<=50K
2418,"[30, 40[", Private,136343,High School,9,Never-married,Nontechnical, Not-in-family,*,Male,0,0,40,North America,<=50K
2419,"[30, 40[", Self-emp-not-inc,350624,High School,8,Married-civ-spouse,Technical, Husband,*,Male,0,0,40,North America,<=50K
2420,"[60, 70[", ?,177351,Undergraduate,13,Married-civ-spouse,Other, Husband,*,Male,0,2174,40,North America,>50K
2421,"[60, 70[", Private,166149,High School,9,Widowed,Other, Not-in-family,*,Female,0,2206,30,North America,<=50K
2422,"[20, 30[", Private,121523,High School,7,Married-civ-spouse,Other, Husband,*,Male,0,0,60,North America,<=50K
2423,"[20, 30[", Self-emp-not-inc,267396,Undergraduate,13,Never-married,Nontechnical, Not-in-family,*,Male,0,0,40,North America,<=50K
2424,"[60, 70[", Private,83045,High School,5,Married-civ-spouse,Technical, Husband,*,Male,0,0,40,North America,<=50K
2425,"[30, 40[", Private,160449,High School,9,Married-civ-spouse,Technical, Husband,*,Male,0,0,44,North America,>50K
2427,"[20, 30[", ?,287681,Undergraduate,10,Never-married,Other, Own-child,*,Male,0,0,36,North America,<=50K
2428,"[40, 50[", Private,154194,High School,9,Never-married,Nontechnical, Own-child,*,Female,0,0,40,North America,<=50K
2429,"[30, 40[", Self-emp-not-inc,295127,High School,9,Married-civ-spouse,Other, Husband,*,Male,0,0,84,North America,<=50K
2430,"[60, 70[", Private,240521,High School,9,Married-civ-spouse,Technical, Husband,*,Male,7298,0,40,North America,>50K
2431,"[60, 70[", Self-emp-not-inc,244087,High School,9,Married-civ-spouse,Technical, Husband,*,Male,0,0,52,North America,>50K
2433,"[40, 50[", State-gov,293791,Undergraduate,13,Married-civ-spouse,Nontechnical, Husband,*,Male,0,0,50,North America,>50K
2434,"[20, 30[", Private,44308,Undergraduate,13,Never-married,Technical, Not-in-family,*,Male,0,0,40,North America,<=50K
2435,"[40, 50[", Local-gov,210527,Undergraduate,10,Never-married,Other, Unmarried,*,Female,0,0,40,North America,<=50K
2437,"[30, 40[", State-gov,267581,High School,9,Never-married,Other, Not-in-family,*,Male,0,0,40,North America,<=50K
2438,"[20, 30[", Private,100188,Undergraduate,10,Never-married,Technical, Own-child,*,Female,0,0,24,North America,<=50K
2439,"[30, 40[", Self-emp-inc,111746,Undergraduate,10,Married-civ-spouse,Technical, Husband,*,Male,0,0,40,North America,<=50K
2440,"[30, 40[", Self-emp-not-inc,171091,High School,9,Married-civ-spouse,Nontechnical, Husband,*,Male,0,0,40,North America,<=50K
2442,"[50, 60[", Local-gov,137678,Undergraduate,10,Divorced,Other, Unmarried,*,Female,0,0,40,North America,<=50K
2443,"[20, 30[", Private,70894,Professional Education,12,Never-married,Technical, Other-relative,*,Male,0,0,40,North America,<=50K
2444,"[10, 20[", Private,171306,High School,9,Never-married,Nontechnical, Own-child,*,Male,0,0,3,North America,<=50K
2445,"[30, 40[", Private,100997,Undergraduate,10,Married-civ-spouse,Technical, Husband,*,Male,0,0,40,North America,<=50K
2447,"[20, 30[", Private,32897,High School,9,Divorced,Other, Not-in-family,*,Female,0,0,25,North America,<=50K
2448,"[20, 30[", Local-gov,251854,High School,9,Never-married,Other, Not-in-family,*,Female,0,0,40,North America,<=50K
2449,"[20, 30[", Private,345121,High School,6,Separated,Other, Own-child,*,Female,0,0,25,North America,<=50K
2450,"[40, 50[", Private,86220,Undergraduate,13,Divorced,Nontechnical, Not-in-family,*,Female,0,0,40,North America,<=50K
2451,"[30, 40[", Private,172845,Professional Education,11,Never-married,Other, Unmarried,*,Female,0,0,30,North America,<=50K
2452,"[20, 30[", Private,171398,High School,6,Never-married,Nontechnical, Not-in-family,*,Male,0,0,40,North America,<=50K
2453,"[20, 30[", Self-emp-not-inc,174391,High School,9,Married-civ-spouse,Other, Wife,*,Female,0,0,40,North America,<=50K
2454,"[40, 50[", Private,207058,High School,9,Divorced,Other, Unmarried,*,Female,0,0,37,North America,<=50K
2455,"[30, 40[", Private,291251,High School,9,Divorced,Technical, Not-in-family,*,Female,0,0,40,North America,<=50K
2456,"[60, 70[", Self-emp-not-inc,224377,High School,9,Married-civ-spouse,Nontechnical, Husband,*,Male,0,0,40,North America,<=50K
2457,"[30, 40[", Private,105813,High School,9,Married-civ-spouse,Technical, Husband,*,Male,0,0,40,North America,<=50K
2458,"[20, 30[", Local-gov,180916,Undergraduate,10,Separated,Other, Unmarried,*,Female,0,0,38,North America,<=50K
2459,"[30, 40[", Self-emp-not-inc,122749,Professional Education,11,Divorced,Technical, Own-child,*,Male,0,0,20,North America,<=50K
2460,"[30, 40[", Private,31069,Professional Education,11,Married-civ-spouse,Technical, Husband,*,Male,4386,0,40,North America,>50K
2461,"[20, 30[", Self-emp-not-inc,284343,Professional Education,12,Never-married,Technical, Not-in-family,*,Male,0,0,40,North America,<=50K
2462,"[60, 70[", Private,319371,Undergraduate,13,Married-civ-spouse,Nontechnical, Husband,*,Male,15024,0,40,North America,>50K
2463,"[40, 50[", Private,174224,Professional Education,11,Divorced,Other, Not-in-family,*,Male,0,0,40,North America,<=50K
2464,"[60, 70[", ?,183958,High School,9,Married-civ-spouse,Other, Husband,*,Male,0,0,8,North America,<=50K
2465,"[30, 40[", Private,127772,High School,9,Married-civ-spouse,Nontechnical, Husband,*,Male,3103,0,44,North America,>50K
2466,"[40, 50[", Private,80651,High School,9,Divorced,Technical, Not-in-family,*,Female,0,0,55,North America,<=50K
2467,"[40, 50[", Private,62793,High School,9,Divorced,Nontechnical, Other-relative,*,Female,0,0,40,North America,<=50K
2468,"[40, 50[", Private,191712,Undergraduate,13,Divorced,Nontechnical, Not-in-family,*,Male,0,1590,40,North America,<=50K
2469,"[30, 40[", Self-emp-not-inc,237532,High School,9,Married-civ-spouse,Nontechnical, Wife,*,Female,0,0,54,North America,>50K
2470,"[50, 60[", Federal-gov,20179,Graduate,14,Married-civ-spouse,Technical, Husband,*,Male,0,0,40,North America,>50K
2471,"[20, 30[", Private,311376,Undergraduate,13,Never-married,Technical, Not-in-family,*,Female,0,0,40,North America,<=50K
2472,"[30, 40[", Private,432565,Professional Education,11,Married-civ-spouse,Technical, Other-relative,*,Female,0,0,40,North America,>50K
2473,"[30, 40[", Self-emp-inc,329980,Undergraduate,13,Married-civ-spouse,Nontechnical, Husband,*,Male,0,2415,60,North America,>50K
2474,"[20, 30[", Self-emp-not-inc,125190,High School,9,Married-civ-spouse,Technical, Husband,*,Male,0,0,40,North America,<=50K
2475,"[20, 30[", Private,342946,High School,7,Never-married,Other, Own-child,*,Female,0,0,38,North America,<=50K
2476,"[20, 30[", ?,219835,Professional Education,11,Never-married,Other, Not-in-family,*,Male,0,0,40,North America,<=50K
2477,"[30, 40[", Private,123429,High School,6,Separated,Technical, Not-in-family,*,Male,0,0,40,North America,<=50K
2478,"[60, 70[", Self-emp-inc,69209,Undergraduate,13,Married-civ-spouse,Technical, Husband,*,Male,3818,0,30,North America,<=50K
2480,"[40, 50[", Private,195897,Undergraduate,10,Married-civ-spouse,Nontechnical, Husband,*,Male,0,0,50,North America,<=50K
2481,"[40, 50[", Self-emp-inc,153132,Undergraduate,13,Married-civ-spouse,Nontechnical, Husband,*,Male,7688,0,52,North America,>50K
2482,"[10, 20[", Private,230875,High School,7,Never-married,Other, Not-in-family,*,Male,0,0,40,North America,<=50K
2483,"[70, 80[", Self-emp-not-inc,92298,Undergraduate,13,Married-civ-spouse,Nontechnical, Husband,*,Male,0,0,10,North America,<=50K
2484,"[40, 50[", Private,185145,Graduate,16,Married-civ-spouse,Technical, Husband,*,Male,0,0,40,North America,>50K
2485,"[20, 30[", Private,297296,High School,9,Married-civ-spouse,Technical, Husband,*,Male,0,0,40,North America,<=50K
2486,"[70, 80[", ?,164849,High School,5,Married-civ-spouse,Other, Husband,*,Male,1409,0,5,North America,<=50K
2487,"[50, 60[", Private,145214,High School,9,Divorced,Other, Not-in-family,*,Female,0,0,40,North America,<=50K
2488,"[50, 60[", Self-emp-not-inc,242341,High School,4,Married-civ-spouse,Technical, Husband,*,Male,0,0,40,North America,<=50K
2489,"[50, 60[", Private,240542,Undergraduate,10,Divorced,Nontechnical, Unmarried,*,Female,0,0,48,North America,<=50K
2490,"[30, 40[", Private,104772,High School,9,Divorced,Technical, Unmarried,*,Male,0,0,48,North America,<=50K
2491,"[70, 80[", ?,152802,Undergraduate,10,Married-civ-spouse,Other, Husband,*,Male,0,0,8,North America,<=50K
2492,"[20, 30[", Private,181666,High School,9,Never-married,Nontechnical, Own-child,*,Female,0,0,40,North America,<=50K
2493,"[10, 20[", Private,415520,High School,7,Never-married,Technical, Own-child,*,Male,0,0,20,North America,<=50K
2494,"[30, 40[", Private,258761,High School,9,Divorced,Nontechnical, Not-in-family,*,Male,0,0,50,North America,<=50K
2495,"[50, 60[", Private,88842,Undergraduate,13,Married-civ-spouse,Other, Husband,*,Male,7298,0,40,North America,>50K
2496,"[10, 20[", ?,356717,Undergraduate,10,Never-married,Other, Own-child,*,Female,0,0,25,North America,<=50K
2497,"[30, 40[", Private,158438,Undergraduate,10,Married-civ-spouse,Nontechnical, Husband,*,Male,0,0,60,North America,>50K
2498,"[50, 60[", Private,206206,Undergraduate,13,Married-civ-spouse,Nontechnical, Husband,*,Male,0,0,40,North America,>50K
2499,"[20, 30[", Private,51816,High School,9,Never-married,Other, Own-child,*,Male,0,0,40,North America,<=50K
2500,"[20, 30[", Private,253814,Undergraduate,10,Never-married,Other, Not-in-family,*,Female,0,0,40,North America,<=50K
2503,"[50, 60[", Private,163027,High School,9,Divorced,Technical, Unmarried,*,Female,0,0,50,North America,<=50K
2504,"[60, 70[", Private,146788,High School,4,Married-civ-spouse,Other, Husband,*,Male,0,0,40,North America,<=50K
2505,"[50, 60[", Self-emp-not-inc,73309,High School,9,Widowed,Technical, Not-in-family,*,Male,0,0,55,North America,>50K
2506,"[10, 20[", ?,143867,Undergraduate,10,Never-married,Other, Own-child,*,Male,0,0,40,North America,<=50K
2507,"[50, 60[", Self-emp-not-inc,104216,Professional Education,15,Married-civ-spouse,Nontechnical, Husband,*,Male,0,0,25,North America,<=50K
2508,"[30, 40[", Self-emp-not-inc,345705,High School,9,Never-married,Technical, Not-in-family,*,Male,0,0,45,North America,>50K
2509,"[30, 40[", Private,133770,Professional Education,12,Married-civ-spouse,Technical, Not-in-family,*,Male,0,0,50,North America,>50K
2510,"[40, 50[", Private,209392,High School,9,Divorced,Other, Not-in-family,*,Male,0,0,35,North America,<=50K
2513,"[40, 50[", ?,174525,High School,9,Married-civ-spouse,Other, Husband,*,Male,3942,0,40,Unknown,<=50K
2514,"[20, 30[", Private,490332,Undergraduate,10,Married-civ-spouse,Other, Husband,*,Male,0,0,45,North America,>50K
2515,"[20, 30[", Private,211570,High School,7,Never-married,Nontechnical, Other-relative,*,Male,0,0,40,North America,<=50K
2516,"[20, 30[", Private,374918,High School,8,Married-civ-spouse,Other, Wife,*,Female,0,0,40,North America,<=50K
2517,"[50, 60[", Private,106728,Undergraduate,13,Married-civ-spouse,Nontechnical, Husband,*,Male,5178,0,60,North America,>50K
2519,"[30, 40[", Private,174597,Undergraduate,13,Married-civ-spouse,Technical, Husband,*,Male,0,0,40,North America,<=50K
2520,"[30, 40[", Self-emp-not-inc,233533,Undergraduate,10,Married-civ-spouse,Technical, Husband,*,Male,0,0,60,North America,>50K
2522,"[40, 50[", Private,133169,Professional Education,11,Married-civ-spouse,Technical, Husband,*,Male,0,0,40,North America,<=50K
2524,"[60, 70[", Private,174056,High School,4,Married-civ-spouse,Technical, Husband,*,Male,0,0,40,North America,<=50K
2525,"[40, 50[", Private,188696,Professional Education,11,Divorced,Technical, Not-in-family,*,Male,0,0,40,North America,<=50K
2526,"[40, 50[", Local-gov,90692,High School,9,Divorced,Technical, Unmarried,*,Female,0,0,40,North America,<=50K
2527,"[30, 40[", Private,271933,Undergraduate,13,Never-married,Nontechnical, Other-relative,*,Female,0,1741,45,North America,<=50K
2528,"[40, 50[", Self-emp-not-inc,102359,Undergraduate,13,Married-civ-spouse,Nontechnical, Husband,*,Male,0,0,30,North America,<=50K
2529,"[40, 50[", Federal-gov,213668,Graduate,14,Never-married,Nontechnical, Not-in-family,*,Male,0,0,56,North America,>50K
2530,"[20, 30[", Private,294789,Undergraduate,10,Never-married,Other, Not-in-family,*,Female,0,0,25,North America,<=50K
2531,"[20, 30[", Private,157599,Undergraduate,10,Never-married,Other, Not-in-family,*,Female,0,0,25,North America,<=50K
2532,"[10, 20[", Local-gov,134935,High School,8,Never-married,Other, Own-child,*,Male,0,0,40,North America,<=50K
2533,"[20, 30[", Private,466224,Undergraduate,10,Never-married,Nontechnical, Not-in-family,*,Male,0,0,40,North America,<=50K
2534,"[30, 40[", Self-emp-not-inc,111985,High School,9,Married-civ-spouse,Technical, Husband,*,Male,0,0,50,North America,<=50K
2535,"[30, 40[", Private,264627,Undergraduate,10,Divorced,Other, Unmarried,*,Female,0,0,40,North America,<=50K
2536,"[20, 30[", Private,213427,High School,9,Never-married,Other, Not-in-family,*,Male,0,0,40,North America,<=50K
2537,"[30, 40[", Private,279015,Undergraduate,10,Never-married,Nontechnical, Not-in-family,*,Male,0,0,65,North America,<=50K
2538,"[40, 50[", Private,165937,High School,9,Married-civ-spouse,Technical, Husband,*,Male,0,0,50,North America,>50K
2539,"[20, 30[", Federal-gov,188343,High School,9,Separated,Nontechnical, Unmarried,*,Female,0,0,40,North America,<=50K
2541,"[30, 40[", Private,193036,Undergraduate,10,Married-civ-spouse,Other, Husband,*,Male,0,0,40,North America,>50K
2543,"[50, 60[", Private,175912,High School,9,Widowed,Technical, Unmarried,*,Male,914,0,40,North America,<=50K
2544,"[10, 20[", ?,192773,Undergraduate,10,Never-married,Other, Own-child,*,Female,0,0,35,North America,<=50K
2545,"[30, 40[", Private,101387,High School,9,Divorced,Nontechnical, Not-in-family,*,Female,0,0,50,North America,<=50K
2546,"[20, 30[", Private,60783,Undergraduate,10,Married-civ-spouse,Other, Husband,*,Male,0,0,70,North America,>50K
2547,"[20, 30[", Private,183224,Undergraduate,10,Never-married,Other, Own-child,*,Female,0,0,35,North America,<=50K
2548,"[50, 60[", Local-gov,100776,Professional Education,11,Divorced,Other, Not-in-family,*,Female,0,0,40,North America,<=50K
2550,"[20, 30[", Private,174063,Undergraduate,10,Never-married,Other, Own-child,*,Female,0,0,40,North America,<=50K
2551,"[40, 50[", Private,306495,High School,9,Married-civ-spouse,Other, Husband,*,Male,0,0,40,North America,<=50K
2552,"[50, 60[", Private,249741,Undergraduate,10,Married-civ-spouse,Nontechnical, Husband,*,Male,0,0,40,North America,<=50K
2553,"[20, 30[", Private,93021,High School,9,Never-married,Other, Unmarried,*,Female,0,0,40,North America,<=50K
2554,"[30, 40[", Private,49626,High School,9,Married-civ-spouse,Nontechnical, Husband,*,Male,0,0,40,North America,<=50K
2555,"[20, 30[", Private,63062,Undergraduate,10,Never-married,Other, Own-child,*,Male,0,0,60,North America,<=50K
2556,"[50, 60[", Private,320835,Undergraduate,13,Married-civ-spouse,Nontechnical, Husband,*,Male,0,0,50,North America,>50K
2557,"[20, 30[", Local-gov,123727,Undergraduate,10,Never-married,Technical, Not-in-family,*,Female,0,0,21,North America,<=50K
2558,"[50, 60[", State-gov,110517,Graduate,16,Married-civ-spouse,Technical, Husband,*,Male,4064,0,40,Asia,<=50K
2559,"[40, 50[", Private,149670,Undergraduate,10,Married-civ-spouse,Other, Wife,*,Female,4064,0,15,North America,<=50K
2560,"[30, 40[", Private,172425,Professional Education,11,Married-civ-spouse,Other, Wife,*,Female,0,0,20,North America,>50K
2561,"[40, 50[", Private,216116,High School,5,Never-married,Technical, Unmarried,*,Female,0,0,40,North America,<=50K
2562,"[40, 50[", Private,174209,High School,9,Divorced,Nontechnical, Not-in-family,*,Male,0,0,45,North America,<=50K
2563,"[50, 60[", Federal-gov,175083,High School,9,Never-married,Other, Unmarried,*,Female,0,0,20,North America,<=50K
2564,"[10, 20[", Private,129059,Undergraduate,10,Never-married,Nontechnical, Own-child,*,Male,0,0,30,North America,<=50K
2565,"[20, 30[", Private,121313,High School,9,Married-civ-spouse,Other, Husband,*,Male,0,0,40,North America,<=50K
2566,"[50, 60[", ?,181317,High School,9,Married-civ-spouse,Other, Husband,*,Male,0,0,40,North America,<=50K
2567,"[20, 30[", State-gov,166851,Graduate,14,Never-married,Technical, Not-in-family,*,Male,0,0,13,North America,<=50K
2568,"[20, 30[", Self-emp-not-inc,29616,High School,9,Never-married,Other, Own-child,*,Male,0,0,65,North America,<=50K
2569,"[50, 60[", Self-emp-inc,105582,Undergraduate,10,Married-civ-spouse,Nontechnical, Husband,*,Male,7688,0,50,North America,>50K
2570,"[50, 60[", ?,124993,High School,9,Married-civ-spouse,Other, Husband,*,Male,0,0,40,North America,>50K
2571,"[20, 30[", ?,148509,Undergraduate,10,Never-married,Other, Not-in-family,*,Female,0,0,30,North America,<=50K
2573,"[50, 60[", Private,117881,High School,7,Divorced,Technical, Not-in-family,*,Female,0,0,40,North America,<=50K
2574,"[30, 40[", Private,203408,Undergraduate,13,Married-civ-spouse,Technical, Husband,*,Male,7688,0,50,North America,>50K
2575,"[10, 20[", Private,446219,High School,6,Never-married,Nontechnical, Unmarried,*,Female,0,0,40,North America,<=50K
2576,"[30, 40[", Self-emp-inc,110331,High School,9,Married-civ-spouse,Nontechnical, Husband,*,Male,0,0,65,North America,>50K
2577,"[40, 50[", Private,207946,High School,9,Divorced,Other, Unmarried,*,Female,0,0,52,North America,<=50K
2578,"[60, 70[", ?,45537,Graduate,14,Married-civ-spouse,Other, Husband,*,Male,0,0,40,North America,>50K
2579,"[40, 50[", Private,188330,High School,9,Married-civ-spouse,Other, Husband,*,Male,0,0,25,North America,<=50K
2580,"[50, 60[", Private,147629,High School,9,Married-civ-spouse,Other, Husband,*,Male,0,0,60,North America,>50K
2582,"[20, 30[", Private,203776,High School,6,Married-civ-spouse,Technical, Husband,*,Male,0,0,50,North America,<=50K
2583,"[40, 50[", Private,168071,Undergraduate,13,Married-civ-spouse,Nontechnical, Husband,*,Male,7298,0,50,North America,>50K
2585,"[50, 60[", Private,103407,High School,9,Divorced,Other, Not-in-family,*,Female,0,0,40,North America,<=50K
2587,"[30, 40[", Private,153205,Undergraduate,13,Married-civ-spouse,Technical, Husband,*,Male,0,0,45,Unknown,<=50K
2588,"[30, 40[", Private,326104,Undergraduate,10,Married-civ-spouse,Nontechnical, Husband,*,Male,0,0,50,North America,>50K
2589,"[40, 50[", Private,238162,Undergraduate,13,Married-civ-spouse,Technical, Husband,*,Male,0,0,45,North America,>50K
2593,"[30, 40[", Private,315776,Graduate,14,Never-married,Nontechnical, Not-in-family,*,Male,8614,0,52,North America,>50K
2594,"[60, 70[", ?,150516,High School,9,Widowed,Other, Unmarried,*,Male,0,0,3,North America,<=50K
2595,"[30, 40[", Private,325802,Professional Education,12,Divorced,Nontechnical, Unmarried,*,Female,0,0,24,North America,<=50K
2596,"[20, 30[", Private,133985,High School,6,Never-married,Technical, Own-child,*,Female,0,0,40,North America,<=50K
2597,"[30, 40[", Private,269329,Professional Education,11,Divorced,Technical, Not-in-family,*,Female,8614,0,45,North America,>50K
2598,"[40, 50[", Private,183203,High School,9,Married-civ-spouse,Other, Husband,*,Male,0,0,50,North America,>50K
2599,"[60, 70[", Private,76127,Professional Education,12,Married-civ-spouse,Other, Husband,*,Male,0,0,35,North America,>50K
2600,"[30, 40[", Private,195891,Undergraduate,13,Never-married,Other, Not-in-family,*,Male,0,0,55,North America,<=50K
2601,"[50, 60[", Federal-gov,162137,High School,9,Married-civ-spouse,Other, Husband,*,Male,0,0,40,North America,<=50K
2602,"[40, 50[", State-gov,37672,Professional Education,11,Divorced,Technical, Unmarried,*,Female,0,0,40,North America,<=50K
2603,"[20, 30[", Private,161708,High School,9,Divorced,Nontechnical, Not-in-family,*,Female,0,0,45,North America,>50K
2604,"[10, 20[", Private,80616,High School,6,Never-married,Nontechnical, Own-child,*,Male,0,0,27,North America,<=50K
2605,"[30, 40[", Private,209276,High School,9,Married-civ-spouse,Other, Husband,*,Male,0,0,40,North America,<=50K
2606,"[20, 30[", ?,34443,Undergraduate,10,Never-married,Other, Own-child,*,Male,0,0,50,North America,<=50K
2607,"[40, 50[", Private,192835,Undergraduate,13,Married-civ-spouse,Nontechnical, Husband,*,Male,0,1977,55,North America,>50K
2608,"[20, 30[", Private,203240,Undergraduate,10,Never-married,Other, Not-in-family,*,Female,0,0,40,North America,<=50K
2609,"[40, 50[", State-gov,102308,Undergraduate,10,Married-civ-spouse,Nontechnical, Husband,*,Male,0,0,40,North America,<=50K
2610,"[10, 20[", Private,40829,High School,7,Never-married,Nontechnical, Other-relative,*,Female,0,0,25,North America,<=50K
2611,"[20, 30[", Private,60726,High School,9,Married-civ-spouse,Other, Husband,*,Male,0,0,30,North America,<=50K
2612,"[30, 40[", State-gov,116677,High School,9,Married-civ-spouse,Nontechnical, Husband,*,Male,0,0,40,North America,<=50K
2613,"[10, 20[", Private,57067,High School,9,Never-married,Technical, Other-relative,*,Male,0,0,45,North America,<=50K
2614,"[40, 50[", Private,304906,Undergraduate,13,Married-civ-spouse,Nontechnical, Husband,*,Male,0,0,40,North America,>50K
2616,"[20, 30[", Private,258102,Primary School,3,Never-married,Other, Not-in-family,*,Male,0,0,40,North America,<=50K
2617,"[20, 30[", Private,241185,High School,9,Never-married,Other, Not-in-family,*,Female,0,0,40,North America,<=50K
2618,"[30, 40[", Private,124827,Professional Education,11,Married-civ-spouse,Nontechnical, Husband,*,Male,0,0,40,North America,>50K
2619,"[40, 50[", Self-emp-inc,76625,High School,9,Married-civ-spouse,Nontechnical, Husband,*,Male,0,0,40,North America,<=50K
2620,"[40, 50[", Federal-gov,263339,High School,9,Married-civ-spouse,Other, Husband,*,Male,0,0,40,North America,>50K
2621,"[20, 30[", Private,135645,Graduate,14,Never-married,Nontechnical, Not-in-family,*,Male,0,0,20,North America,<=50K
2622,"[40, 50[", Private,245626,High School,9,Married-civ-spouse,Technical, Husband,*,Male,0,0,60,North America,<=50K
2623,"[20, 30[", Private,210781,Undergraduate,13,Never-married,Technical, Not-in-family,*,Female,0,0,40,North America,<=50K
2624,"[40, 50[", Private,235786,Professional Education,12,Married-civ-spouse,Technical, Husband,*,Male,0,0,50,North America,>50K
2625,"[40, 50[", Self-emp-not-inc,160167,High School,6,Married-civ-spouse,Technical, Husband,*,Male,0,0,70,North America,<=50K
2626,"[50, 60[", Federal-gov,30731,High School,9,Married-civ-spouse,Nontechnical, Husband,*,Male,7298,0,40,North America,>50K
2627,"[30, 40[", Private,314375,Professional Education,11,Divorced,Technical, Not-in-family,*,Male,0,0,40,North America,<=50K
2628,"[30, 40[", Private,81528,High School,9,Never-married,Nontechnical, Other-relative,*,Male,0,0,60,North America,<=50K
2629,"[50, 60[", Private,182854,High School,9,Married-civ-spouse,Technical, Husband,*,Male,0,0,45,North America,<=50K
2630,"[40, 50[", Federal-gov,296798,High School,7,Never-married,Technical, Not-in-family,*,Male,0,1340,40,North America,<=50K
2631,"[30, 40[", Private,194426,Undergraduate,13,Married-civ-spouse,Technical, Husband,*,Male,15024,0,40,North America,>50K
2632,"[40, 50[", ?,70645,Undergraduate,10,Married-civ-spouse,Other, Wife,*,Female,0,0,20,North America,<=50K
2633,"[50, 60[", Self-emp-inc,141807,Undergraduate,13,Married-civ-spouse,Nontechnical, Husband,*,Male,0,0,60,North America,>50K
2634,"[60, 70[", ?,112871,High School,7,Never-married,Other, Not-in-family,*,Male,0,0,30,North America,<=50K
2635,"[50, 60[", State-gov,71344,Graduate,14,Married-civ-spouse,Technical, Husband,*,Male,0,0,40,North America,<=50K
2636,"[20, 30[", State-gov,341410,Undergraduate,10,Never-married,Other, Not-in-family,*,Female,0,0,15,North America,<=50K
2637,"[30, 40[", Private,118941,Undergraduate,13,Married-civ-spouse,Nontechnical, Wife,*,Female,0,0,40,North America,>50K
2638,"[50, 60[", ?,159755,Professional Education,11,Married-civ-spouse,Other, Husband,*,Male,0,0,50,North America,>50K
2640,"[20, 30[", Self-emp-not-inc,229125,High School,7,Married-civ-spouse,Technical, Husband,*,Male,0,0,40,North America,<=50K
2641,"[40, 50[", Local-gov,142756,Undergraduate,13,Divorced,Technical, Not-in-family,*,Female,0,0,50,North America,<=50K
2642,"[20, 30[", Self-emp-inc,243871,Undergraduate,10,Never-married,Other, Own-child,*,Female,0,0,45,North America,<=50K
2643,"[40, 50[", Private,213140,Professional Education,11,Married-civ-spouse,Technical, Husband,*,Male,7688,0,40,North America,>50K
2644,"[10, 20[", Private,196857,High School,9,Never-married,Other, Not-in-family,*,Female,0,0,40,North America,<=50K
2645,"[40, 50[", Private,138626,Undergraduate,10,Married-civ-spouse,Technical, Husband,*,Male,0,0,40,North America,<=50K
2647,"[50, 60[", Private,273536,High School,4,Married-civ-spouse,Nontechnical, Husband,*,Male,0,0,49,North America,<=50K
2648,"[30, 40[", Private,115631,Undergraduate,10,Never-married,Other, Not-in-family,*,Female,4101,0,50,North America,<=50K
2649,"[20, 30[", Private,185957,High School,9,Married-civ-spouse,Other, Wife,*,Female,0,0,40,North America,<=50K
2650,"[20, 30[", Private,334357,High School,9,Never-married,Other, Own-child,*,Female,0,0,40,North America,<=50K
2652,"[30, 40[", Private,213226,Undergraduate,13,Married-civ-spouse,Technical, Husband,*,Male,0,0,40,Asia,>50K
2654,"[30, 40[", Private,185061,Undergraduate,10,Married-civ-spouse,Nontechnical, Husband,*,Male,0,0,55,North America,<=50K
2655,"[20, 30[", Private,147638,Undergraduate,13,Never-married,Other, Other-relative,*,Female,0,0,40,Asia,<=50K
2656,"[10, 20[", Private,280298,High School,9,Never-married,Nontechnical, Own-child,*,Female,0,0,24,North America,<=50K
2658,"[40, 50[", Private,277434,High School,9,Married-civ-spouse,Other, Husband,*,Male,0,0,50,North America,<=50K
2660,"[40, 50[", Private,108993,High School,9,Married-civ-spouse,Technical, Husband,*,Male,0,0,45,North America,>50K
2661,"[30, 40[", Private,288551,High School,9,Married-civ-spouse,Technical, Husband,*,Male,0,0,40,North America,<=50K
2662,"[40, 50[", Private,176069,High School,9,Separated,Technical, Unmarried,*,Female,0,0,40,North America,<=50K
2663,"[40, 50[", State-gov,183486,Professional Education,11,Divorced,Technical, Unmarried,*,Female,0,0,56,North America,>50K
2664,"[40, 50[", Private,163215,Undergraduate,13,Divorced,Nontechnical, Not-in-family,*,Female,10520,0,40,North America,>50K
2665,"[70, 80[", Private,94692,Undergraduate,13,Married-civ-spouse,Nontechnical, Husband,*,Male,0,0,70,North America,>50K
2666,"[20, 30[", Private,118462,High School,9,Never-married,Nontechnical, Own-child,*,Male,0,0,43,North America,<=50K
2667,"[30, 40[", Private,407068,Primary School,3,Married-civ-spouse,Other, Husband,*,Male,0,0,75,North America,<=50K
2668,"[30, 40[", Self-emp-not-inc,243587,Undergraduate,10,Separated,Other, Own-child,*,Female,0,0,40,North America,<=50K
2669,"[40, 50[", Private,23074,Undergraduate,10,Widowed,Nontechnical, Not-in-family,*,Female,0,0,40,North America,>50K
2670,"[50, 60[", Private,237735,High School,9,Married-civ-spouse,Nontechnical, Husband,*,Male,3103,0,40,North America,>50K
2672,"[30, 40[", Private,284166,Professional Education,15,Never-married,Technical, Not-in-family,*,Male,0,0,50,North America,<=50K
2673,"[10, 20[", ?,423460,High School,7,Never-married,Other, Own-child,*,Male,0,0,36,North America,<=50K
2674,"[20, 30[", Private,287681,High School,4,Never-married,Other, Not-in-family,*,Male,0,0,25,North America,<=50K
2675,"[30, 40[", Private,509364,High School,9,Married-civ-spouse,Technical, Husband,*,Male,0,0,40,North America,<=50K
2676,"[60, 70[", ?,139391,Undergraduate,10,Married-civ-spouse,Other, Husband,*,Male,0,0,24,North America,<=50K
2677,"[30, 40[", Private,91964,Undergraduate,10,Never-married,Other, Unmarried,*,Male,0,0,40,North America,<=50K
2678,"[30, 40[", Private,117526,Undergraduate,10,Never-married,Other, Not-in-family,*,Female,0,0,45,North America,<=50K
2679,"[60, 70[", Private,91343,Undergraduate,10,Widowed,Technical, Unmarried,*,Female,0,0,40,North America,<=50K
2680,"[20, 30[", Local-gov,336969,Undergraduate,13,Married-civ-spouse,Technical, Husband,*,Male,0,0,28,North America,<=50K
2681,"[50, 60[", Private,255364,Undergraduate,10,Married-civ-spouse,Technical, Husband,*,Male,0,0,40,North America,<=50K
2683,"[30, 40[", Private,211494,High School,9,Married-civ-spouse,Technical, Husband,*,Male,0,0,40,North America,>50K
2684,"[70, 80[", Local-gov,136198,Undergraduate,13,Married-civ-spouse,Nontechnical, Husband,*,Male,0,0,15,North America,<=50K
2685,"[20, 30[", Federal-gov,409815,Undergraduate,10,Never-married,Other, Unmarried,*,Female,0,0,40,North America,<=50K
2686,"[40, 50[", Private,188823,High School,9,Divorced,Technical, Not-in-family,*,Male,0,0,42,North America,<=50K
2687,"[50, 60[", State-gov,146326,Graduate,14,Married-civ-spouse,Technical, Husband,*,Male,7688,0,45,North America,>50K
2688,"[40, 50[", Private,154374,Undergraduate,13,Married-civ-spouse,Other, Husband,*,Male,0,0,58,North America,<=50K
2689,"[20, 30[", ?,216563,High School,9,Never-married,Other, Other-relative,*,Female,0,0,40,North America,<=50K
2690,"[60, 70[", Private,197286,High School,5,Married-civ-spouse,Technical, Husband,*,Male,0,0,40,North America,<=50K
2691,"[60, 70[", Self-emp-not-inc,100722,Undergraduate,13,Married-civ-spouse,Other, Husband,*,Male,0,0,5,North America,<=50K
2692,"[40, 50[", Local-gov,377622,High School,9,Married-civ-spouse,Other, Husband,*,Male,0,0,40,North America,<=50K
2693,"[20, 30[", Private,145964,Undergraduate,13,Never-married,Nontechnical, Not-in-family,*,Male,0,0,40,North America,<=50K
2694,"[20, 30[", Private,358636,Undergraduate,10,Married-civ-spouse,Technical, Husband,*,Male,2829,0,70,North America,<=50K
2695,"[40, 50[", Private,155489,High School,9,Married-civ-spouse,Other, Husband,*,Male,7688,0,55,North America,>50K
2697,"[40, 50[", Private,320421,High School,9,Married-civ-spouse,Nontechnical, Husband,*,Male,0,0,50,North America,<=50K
2698,"[50, 60[", Self-emp-not-inc,174752,High School,9,Divorced,Other, Not-in-family,*,Male,0,0,40,North America,<=50K
2699,"[40, 50[", State-gov,229364,Graduate,14,Divorced,Technical, Not-in-family,*,Female,0,0,45,North America,<=50K
2700,"[50, 60[", Self-emp-not-inc,157486,High School,6,Divorced,Nontechnical, Own-child,*,Male,0,0,40,North America,<=50K
2701,"[30, 40[", Private,92682,High School,9,Never-married,Other, Not-in-family,*,Female,4865,0,40,North America,<=50K
2702,"[50, 60[", Federal-gov,101338,Undergraduate,13,Married-civ-spouse,Nontechnical, Husband,*,Male,0,0,40,North America,<=50K
2703,"[10, 20[", Private,132652,High School,7,Never-married,Other, Own-child,*,Male,0,0,20,North America,<=50K
2704,"[20, 30[", Private,34616,Undergraduate,10,Never-married,Other, Own-child,*,Female,0,0,25,North America,<=50K
2705,"[40, 50[", Private,218903,High School,9,Divorced,Technical, Unmarried,*,Female,0,0,40,North America,<=50K
2706,"[20, 30[", Local-gov,204098,High School,9,Married-civ-spouse,Nontechnical, Other-relative,*,Male,0,0,50,North America,<=50K
2707,"[50, 60[", Self-emp-not-inc,64045,Professional Education,15,Married-civ-spouse,Technical, Husband,*,Male,99999,0,45,North America,>50K
2708,"[40, 50[", Private,189763,High School,9,Divorced,Nontechnical, Not-in-family,*,Female,0,0,30,North America,<=50K
2709,"[20, 30[", Private,26248,High School,9,Never-married,Other, Own-child,*,Female,0,0,40,North America,<=50K
2710,"[50, 60[", Private,92079,Undergraduate,10,Married-civ-spouse,Technical, Husband,*,Male,0,0,45,North America,>50K
2711,"[10, 20[", Private,280071,Undergraduate,10,Never-married,Technical, Other-relative,*,Male,0,0,50,North America,<=50K
2712,"[20, 30[", Private,224059,High School,9,Never-married,Other, Not-in-family,*,Male,0,0,40,North America,<=50K
2713,"[30, 40[", Private,185520,Undergraduate,10,Divorced,Nontechnical, Not-in-family,*,Female,8614,0,40,North America,>50K
2714,"[20, 30[", Private,265567,High School,7,Never-married,Technical, Own-child,*,Male,0,0,35,North America,<=50K
2716,"[40, 50[", State-gov,39586,Graduate,14,Married-civ-spouse,Technical, Wife,*,Female,0,0,20,North America,>50K
2718,"[50, 60[", Private,209912,Undergraduate,13,Divorced,Nontechnical, Not-in-family,*,Male,0,0,50,North America,<=50K
2719,"[30, 40[", Private,144169,High School,9,Married-civ-spouse,Nontechnical, Husband,*,Male,0,0,50,North America,>50K
2720,"[40, 50[", Local-gov,50442,Undergraduate,10,Never-married,Other, Unmarried,*,Female,2977,0,35,North America,<=50K
2721,"[30, 40[", Private,89644,Undergraduate,10,Married-civ-spouse,Nontechnical, Husband,*,Male,0,0,55,North America,>50K
2722,"[10, 20[", Private,275889,High School,7,Never-married,Nontechnical, Own-child,*,Male,0,0,40,North America,<=50K
2723,"[20, 30[", Private,231638,High School,9,Never-married,Nontechnical, Own-child,*,Female,0,0,40,North America,<=50K
2724,"[40, 50[", Local-gov,224474,Undergraduate,13,Divorced,Technical, Unmarried,*,Female,4934,0,50,North America,>50K
2725,"[20, 30[", Private,355259,Graduate,14,Never-married,Technical, Not-in-family,*,Female,0,0,40,North America,>50K
2726,"[30, 40[", Federal-gov,68330,Undergraduate,13,Never-married,Technical, Not-in-family,*,Male,0,0,40,North America,>50K
2727,"[30, 40[", Private,185410,High School,9,Never-married,Other, Not-in-family,*,Female,0,0,40,North America,<=50K
2728,"[10, 20[", Private,87653,Undergraduate,10,Never-married,Other, Own-child,*,Female,0,0,25,North America,<=50K
2729,"[20, 30[", Private,286853,High School,9,Never-married,Other, Own-child,*,Male,0,0,35,North America,<=50K
2730,"[50, 60[", Private,96710,High School,9,Married-civ-spouse,Other, Other-relative,*,Female,0,0,20,North America,<=50K
2731,"[60, 70[", Private,160143,Professional Education,15,Married-civ-spouse,Technical, Husband,*,Male,0,0,30,North America,>50K
2732,"[20, 30[", Private,186925,Undergraduate,10,Never-married,Other, Not-in-family,*,Male,2597,0,48,North America,<=50K
2733,"[40, 50[", Self-emp-inc,109705,Undergraduate,10,Divorced,Nontechnical, Unmarried,*,Female,0,0,32,North America,<=50K
2734,"[30, 40[", Private,94235,High School,9,Married-civ-spouse,Technical, Husband,*,Male,0,0,40,North America,>50K
2736,"[30, 40[", Local-gov,297449,High School,9,Married-civ-spouse,Other, Husband,*,Male,0,0,40,North America,>50K
2737,"[50, 60[", Private,205896,High School,9,Divorced,Nontechnical, Other-relative,*,Female,0,0,40,North America,<=50K
2738,"[30, 40[", Private,93717,Undergraduate,10,Married-civ-spouse,Other, Wife,*,Female,7298,0,45,North America,>50K
2739,"[40, 50[", Private,194710,High School,9,Never-married,Nontechnical, Not-in-family,*,Female,0,0,40,North America,<=50K
2740,"[30, 40[", Private,236391,Undergraduate,13,Married-civ-spouse,Nontechnical, Husband,*,Male,7688,0,40,North America,>50K
2741,"[40, 50[", State-gov,189123,High School,9,Married-civ-spouse,Other, Husband,*,Male,0,0,40,North America,<=50K
2742,"[40, 50[", Private,358677,High School,9,Divorced,Other, Unmarried,*,Male,0,0,35,North America,<=50K
2743,"[30, 40[", State-gov,199539,High School,9,Married-civ-spouse,Other, Husband,*,Male,0,1902,40,North America,<=50K
2744,"[40, 50[", Private,128170,Undergraduate,10,Married-civ-spouse,Nontechnical, Husband,*,Male,7688,0,40,North America,>50K
2745,"[30, 40[", Private,231238,High School,9,Married-civ-spouse,Technical, Husband,*,Male,0,0,40,North America,<=50K
2746,"[50, 60[", Private,296152,Undergraduate,10,Divorced,Nontechnical, Other-relative,*,Female,594,0,10,North America,<=50K
2747,"[40, 50[", Private,166003,High School,7,Married-civ-spouse,Technical, Husband,*,Male,0,0,40,North America,<=50K
2748,"[30, 40[", Private,281437,Undergraduate,10,Married-civ-spouse,Other, Husband,*,Male,0,0,55,North America,<=50K
2750,"[40, 50[", Private,122026,Professional Education,11,Divorced,Nontechnical, Not-in-family,*,Male,0,0,50,North America,<=50K
2751,"[50, 60[", ?,205527,High School,9,Divorced,Other, Not-in-family,*,Male,0,0,20,North America,<=50K
2753,"[40, 50[", Private,125461,Undergraduate,13,Married-civ-spouse,Nontechnical, Husband,*,Male,0,0,65,North America,>50K
2754,>=80, Self-emp-not-inc,184335,High School,4,Married-civ-spouse,Other, Husband,*,Male,0,0,30,North America,<=50K
2755,"[20, 30[", Private,211345,Undergraduate,10,Never-married,Other, Own-child,*,Female,0,0,40,North America,<=50K
2756,"[40, 50[", Local-gov,147328,Graduate,14,Married-civ-spouse,Nontechnical, Husband,*,Male,0,1977,60,North America,>50K
2757,"[20, 30[", Private,222993,High School,9,Never-married,Nontechnical, Own-child,*,Male,0,0,40,North America,<=50K
2758,"[40, 50[", Private,225978,Undergraduate,10,Separated,Nontechnical, Not-in-family,*,Male,0,0,40,North America,<=50K
2759,"[40, 50[", Private,121124,High School,9,Married-civ-spouse,Nontechnical, Husband,*,Male,0,0,50,North America,>50K
2760,"[50, 60[", ?,656036,High School,9,Married-civ-spouse,Other, Husband,*,Male,0,0,25,North America,<=50K
2761,"[30, 40[", ?,346762,High School,7,Divorced,Other, Own-child,*,Male,0,0,84,North America,<=50K
2762,"[50, 60[", Private,234057,High School,9,Married-civ-spouse,Technical, Husband,*,Male,0,0,45,North America,>50K
2763,"[20, 30[", Federal-gov,306515,High School,9,Never-married,Other, Not-in-family,*,Female,0,0,40,North America,<=50K
2764,"[10, 20[", Private,116562,High School,9,Never-married,Other, Own-child,*,Female,0,0,40,North America,<=50K
2765,"[30, 40[", Private,171159,Undergraduate,10,Divorced,Other, Unmarried,*,Female,0,0,30,North America,<=50K
2766,"[20, 30[", Private,199011,High School,9,Never-married,Technical, Own-child,*,Male,0,0,40,North America,<=50K
2767,"[40, 50[", Private,443508,Undergraduate,13,Married-civ-spouse,Other, Husband,*,Male,0,0,48,North America,>50K
2768,"[20, 30[", Private,29810,High School,9,Divorced,Nontechnical, Not-in-family,*,Female,0,0,38,North America,<=50K
2769,"[20, 30[", Local-gov,238831,Undergraduate,10,Never-married,Other, Own-child,*,Male,0,0,40,North America,<=50K
2770,"[30, 40[", Federal-gov,566117,Undergraduate,10,Divorced,Other, Unmarried,*,Female,0,0,40,North America,<=50K
2771,"[40, 50[", Private,255044,Undergraduate,13,Divorced,Nontechnical, Not-in-family,*,Female,0,0,55,North America,<=50K
2772,"[20, 30[", Private,436253,Undergraduate,10,Never-married,Other, Own-child,*,Male,0,0,35,North America,<=50K
2773,"[30, 40[", Private,300687,High School,9,Never-married,Other, Not-in-family,*,Male,0,0,40,North America,<=50K
2774,"[50, 60[", Private,144071,Undergraduate,13,Married-civ-spouse,Technical, Husband,*,Male,0,0,18,North America,>50K
2776,"[20, 30[", Private,188767,Undergraduate,13,Never-married,Nontechnical, Own-child,*,Male,0,0,40,North America,<=50K
2777,"[20, 30[", Self-emp-not-inc,300777,High School,9,Divorced,Other, Not-in-family,*,Male,0,0,70,North America,<=50K
2778,"[30, 40[", Private,26987,High School,9,Separated,Other, Not-in-family,*,Female,0,0,40,North America,<=50K
2780,"[50, 60[", Private,90290,Undergraduate,10,Married-civ-spouse,Technical, Husband,*,Male,0,0,34,North America,<=50K
2781,"[60, 70[", Private,183735,Undergraduate,10,Married-civ-spouse,Nontechnical, Husband,*,Male,0,0,45,North America,>50K
2782,"[30, 40[", Private,123273,High School,9,Never-married,Nontechnical, Own-child,*,Female,0,0,40,North America,<=50K
2786,"[30, 40[", Private,255885,Undergraduate,10,Married-civ-spouse,Nontechnical, Husband,*,Male,0,0,50,North America,<=50K
2787,"[20, 30[", Private,64292,Undergraduate,10,Never-married,Nontechnical, Not-in-family,*,Female,0,0,50,North America,<=50K
2789,"[40, 50[", Self-emp-inc,133060,Undergraduate,10,Divorced,Technical, Not-in-family,*,Male,0,0,60,North America,<=50K
2790,"[60, 70[", Private,258006,Undergraduate,10,Widowed,Other, Not-in-family,*,Female,0,0,40,North America,<=50K
2791,"[50, 60[", Private,92215,High School,9,Divorced,Other, Not-in-family,*,Female,0,0,40,North America,<=50K
2792,"[30, 40[", Private,33945,High School,9,Divorced,Technical, Not-in-family,*,Male,6849,0,55,North America,<=50K
2793,"[60, 70[", Private,153048,High School,9,Widowed,Nontechnical, Not-in-family,*,Female,0,0,35,North America,<=50K
2795,"[30, 40[", Private,355571,High School,9,Divorced,Technical, Unmarried,*,Female,0,0,40,North America,<=50K
2796,"[40, 50[", Self-emp-inc,139268,Professional Education,15,Married-civ-spouse,Technical, Husband,*,Male,0,1977,60,North America,>50K
2797,"[20, 30[", Private,34402,Undergraduate,13,Never-married,Other, Not-in-family,*,Male,0,0,45,North America,<=50K
2798,"[30, 40[", Private,25955,High School,7,Never-married,Other, Unmarried,*,Male,0,0,40,North America,<=50K
2799,"[30, 40[", Private,209609,Undergraduate,13,Married-civ-spouse,Technical, Husband,*,Male,0,0,38,North America,<=50K
2800,"[40, 50[", Private,168283,Undergraduate,13,Married-civ-spouse,Technical, Husband,*,Male,0,0,40,North America,>50K
2801,"[10, 20[", Private,295488,High School,7,Never-married,Other, Own-child,*,Female,0,0,25,North America,<=50K
2802,"[30, 40[", Private,190895,Undergraduate,10,Married-civ-spouse,Technical, Husband,*,Male,0,0,60,North America,<=50K
2803,"[30, 40[", Private,164190,Graduate,14,Never-married,Technical, Own-child,*,Male,0,0,20,North America,<=50K
2804,"[20, 30[", Private,216010,Professional Education,12,Married-civ-spouse,Other, Wife,*,Female,0,0,40,North America,<=50K
2805,"[10, 20[", Private,387568,High School,6,Never-married,Nontechnical, Own-child,*,Male,0,0,10,North America,<=50K
2807,"[40, 50[", Private,174491,High School,9,Widowed,Other, Unmarried,*,Female,0,0,30,North America,<=50K
2808,"[40, 50[", Private,31221,High School,9,Divorced,Other, Unmarried,*,Female,0,0,30,North America,<=50K
2809,"[30, 40[", Private,272451,Undergraduate,13,Never-married,Other, Not-in-family,*,Female,0,0,40,North America,<=50K
2810,"[50, 60[", Self-emp-not-inc,152652,Undergraduate,10,Married-civ-spouse,Other, Husband,*,Male,0,0,50,North America,<=50K
2811,"[50, 60[", Private,104413,High School,9,Widowed,Other, Unmarried,*,Female,0,0,20,North America,<=50K
2812,"[40, 50[", Private,105936,High School,9,Married-civ-spouse,Nontechnical, Wife,*,Female,5013,0,20,North America,<=50K
2813,"[20, 30[", Private,379066,Undergraduate,10,Never-married,Other, Not-in-family,*,Male,0,2205,24,North America,<=50K
2814,"[20, 30[", Private,214858,Undergraduate,13,Never-married,Nontechnical, Own-child,*,Male,0,0,40,North America,<=50K
2815,"[50, 60[", Private,237735,Primary School,3,Married-civ-spouse,Other, Husband,*,Male,0,0,37,North America,<=50K
2816,"[30, 40[", Private,158592,High School,7,Married-civ-spouse,Technical, Husband,*,Male,0,0,50,North America,<=50K
2817,"[40, 50[", Private,237321,Primary School,2,Married-civ-spouse,Technical, Husband,*,Male,0,0,40,North America,>50K
2818,"[40, 50[", Private,23646,Graduate,14,Never-married,Technical, Not-in-family,*,Female,0,0,40,North America,<=50K
2819,"[30, 40[", Private,169240,High School,9,Never-married,Other, Not-in-family,*,Female,0,0,40,North America,<=50K
2820,"[30, 40[", Federal-gov,454508,Undergraduate,13,Married-civ-spouse,Nontechnical, Husband,*,Male,0,0,40,North America,<=50K
2821,"[20, 30[", Private,130356,Undergraduate,10,Never-married,Technical, Own-child,*,Male,0,0,48,North America,<=50K
2822,"[20, 30[", Private,427686,High School,6,Divorced,Technical, Own-child,*,Male,0,0,40,North America,<=50K
2823,"[10, 20[", Local-gov,36411,High School,8,Never-married,Technical, Own-child,*,Male,0,0,30,North America,<=50K
2824,"[30, 40[", Private,548510,Undergraduate,13,Married-civ-spouse,Technical, Husband,*,Male,0,0,30,North America,<=50K
2825,"[30, 40[", Private,187264,High School,9,Married-civ-spouse,Nontechnical, Wife,*,Female,0,0,55,North America,<=50K
2826,"[30, 40[", State-gov,140752,High School,9,Married-civ-spouse,Technical, Husband,*,Male,0,0,40,North America,<=50K
2827,"[20, 30[", Private,325596,Undergraduate,10,Never-married,Technical, Not-in-family,*,Male,0,0,40,North America,<=50K
2828,"[50, 60[", Self-emp-not-inc,175804,Undergraduate,13,Married-civ-spouse,Nontechnical, Husband,*,Male,0,0,40,North America,>50K
2829,"[30, 40[", Private,107302,Graduate,14,Married-civ-spouse,Technical, Husband,*,Male,0,0,60,North America,>50K
2830,"[60, 70[", Local-gov,41161,High School,9,Married-civ-spouse,Nontechnical, Husband,*,Male,0,0,55,North America,<=50K
2831,"[30, 40[", Private,401832,Undergraduate,10,Married-civ-spouse,Nontechnical, Husband,*,Male,0,0,48,North America,<=50K
2832,"[50, 60[", Self-emp-not-inc,353808,Undergraduate,10,Married-civ-spouse,Nontechnical, Husband,*,Male,0,0,60,North America,>50K
2833,"[50, 60[", Self-emp-inc,349910,Professional Education,15,Married-civ-spouse,Technical, Husband,*,Male,0,1977,50,North America,>50K
2834,"[20, 30[", Private,161478,Undergraduate,13,Never-married,Other, Not-in-family,*,Female,0,0,40,Asia,<=50K
2835,"[10, 20[", Private,400225,High School,7,Never-married,Nontechnical, Own-child,*,Female,0,0,20,North America,<=50K
2836,"[40, 50[", Private,367533,High School,9,Divorced,Technical, Not-in-family,*,Male,0,0,40,North America,<=50K
2837,"[60, 70[", Self-emp-not-inc,69306,Undergraduate,10,Married-civ-spouse,Other, Wife,*,Female,0,0,15,North America,<=50K
2838,"[20, 30[", Private,270366,High School,6,Divorced,Nontechnical, Not-in-family,*,Female,0,0,40,North America,<=50K
2839,"[30, 40[", Private,103751,High School,5,Married-civ-spouse,Technical, Husband,*,Male,0,0,40,North America,<=50K
2840,"[40, 50[", Private,75227,Professional Education,15,Never-married,Technical, Not-in-family,*,Male,14084,0,40,North America,>50K
2841,"[40, 50[", Local-gov,132563,Professional Education,15,Divorced,Technical, Unmarried,*,Female,0,1726,40,North America,<=50K
2842,"[30, 40[", State-gov,79580,Undergraduate,13,Married-civ-spouse,Other, Husband,*,Male,0,0,40,North America,<=50K
2843,"[40, 50[", Local-gov,344624,Undergraduate,10,Married-civ-spouse,Other, Husband,*,Male,0,1485,40,North America,>50K
2844,"[30, 40[", Self-emp-inc,186359,High School,9,Married-civ-spouse,Nontechnical, Husband,*,Male,7688,0,60,North America,>50K
2845,"[50, 60[", Private,121685,Undergraduate,10,Married-civ-spouse,Nontechnical, Husband,*,Male,0,0,45,North America,>50K
2846,"[40, 50[", Private,75104,Undergraduate,13,Married-civ-spouse,Technical, Husband,*,Male,0,0,50,North America,<=50K
2847,"[20, 30[", ?,188343,High School,9,Never-married,Other, Unmarried,*,Female,0,0,40,North America,<=50K
2848,"[30, 40[", Private,246449,Undergraduate,10,Married-civ-spouse,Nontechnical, Husband,*,Male,0,0,60,North America,>50K
2849,"[20, 30[", Private,85088,Undergraduate,10,Never-married,Other, Own-child,*,Female,0,0,37,North America,<=50K
2850,"[30, 40[", Private,545483,Professional Education,12,Married-civ-spouse,Other, Husband,*,Male,0,0,40,North America,<=50K
2851,"[20, 30[", State-gov,243986,Undergraduate,10,Never-married,Technical, Own-child,*,Female,0,0,20,North America,<=50K
2852,"[50, 60[", Self-emp-not-inc,32778,High School,9,Married-civ-spouse,Nontechnical, Wife,*,Female,0,0,30,North America,<=50K
2853,"[20, 30[", Private,369114,High School,9,Separated,Nontechnical, Other-relative,*,Female,0,0,40,North America,<=50K
2854,"[20, 30[", Private,217200,Undergraduate,10,Never-married,Technical, Not-in-family,*,Male,0,0,40,North America,<=50K
2855,"[30, 40[", Private,149220,Professional Education,11,Never-married,Other, Unmarried,*,Female,0,0,40,North America,<=50K
2856,"[40, 50[", ?,162034,High School,9,Married-civ-spouse,Other, Husband,*,Male,0,0,40,North America,<=50K
2857,"[20, 30[", ?,157813,High School,7,Divorced,Other, Unmarried,*,Female,0,0,58,North America,<=50K
2858,"[10, 20[", ?,179715,High School,6,Never-married,Other, Own-child,*,Male,0,0,40,North America,<=50K
2859,"[40, 50[", Self-emp-not-inc,335549,Professional Education,15,Never-married,Technical, Not-in-family,*,Male,0,2444,45,North America,>50K
2860,"[40, 50[", Private,102308,Graduate,14,Married-civ-spouse,Nontechnical, Husband,*,Male,0,0,40,North America,>50K
2862,"[20, 30[", Private,98281,High School,8,Never-married,Nontechnical, Unmarried,*,Male,0,0,43,North America,<=50K
2863,"[30, 40[", Private,115792,Undergraduate,13,Married-civ-spouse,Technical, Husband,*,Male,0,0,55,North America,<=50K
2864,"[20, 30[", Private,277788,Undergraduate,10,Married-civ-spouse,Nontechnical, Wife,*,Female,0,0,25,North America,<=50K
2865,"[30, 40[", Private,103435,High School,9,Divorced,Technical, Unmarried,*,Male,0,0,40,North America,<=50K
2866,"[30, 40[", Private,37646,Undergraduate,10,Married-civ-spouse,Nontechnical, Husband,*,Male,0,0,40,North America,<=50K
2867,"[50, 60[", Self-emp-not-inc,385632,High School,4,Divorced,Other, Unmarried,*,Female,0,0,40,North America,<=50K
2868,"[20, 30[", Self-emp-not-inc,210278,Undergraduate,13,Never-married,Technical, Own-child,*,Male,0,0,30,North America,<=50K
2869,"[20, 30[", Private,335357,High School,9,Never-married,Nontechnical, Own-child,*,Male,0,0,40,North America,<=50K
2870,"[40, 50[", Self-emp-not-inc,272165,High School,5,Married-civ-spouse,Technical, Husband,*,Male,0,0,40,North America,<=50K
2871,"[40, 50[", Local-gov,148995,High School,9,Married-civ-spouse,Other, Husband,*,Male,0,0,60,North America,>50K
2872,"[40, 50[", Self-emp-not-inc,113434,Undergraduate,13,Married-civ-spouse,Technical, Husband,*,Male,0,0,40,North America,<=50K
2873,"[40, 50[", State-gov,132551,Graduate,14,Divorced,Technical, Unmarried,*,Female,0,0,35,North America,<=50K
2874,"[30, 40[", Federal-gov,115433,Professional Education,12,Married-civ-spouse,Other, Wife,*,Female,7688,0,33,North America,>50K
2875,"[20, 30[", Private,227890,High School,9,Never-married,Other, Other-relative,*,Male,0,0,40,North America,<=50K
2876,"[20, 30[", Private,503012,Primary School,3,Never-married,Technical, Not-in-family,*,Male,0,0,40,North America,<=50K
2877,"[50, 60[", Private,250873,High School,7,Married-civ-spouse,Technical, Husband,*,Male,0,0,45,North America,<=50K
2878,"[30, 40[", Private,407930,High School,4,Married-civ-spouse,Nontechnical, Husband,*,Male,0,0,40,North America,<=50K
2879,"[20, 30[", Private,148187,High School,7,Never-married,Other, Other-relative,*,Male,0,0,40,North America,<=50K
2880,"[30, 40[", Private,159322,High School,9,Never-married,Nontechnical, Other-relative,*,Male,0,0,40,North America,<=50K
2881,"[20, 30[", Private,334368,Undergraduate,10,Separated,Other, Not-in-family,*,Female,0,0,40,North America,<=50K
2882,"[50, 60[", Private,196328,Undergraduate,13,Married-civ-spouse,Nontechnical, Husband,*,Male,0,0,40,North America,<=50K
2883,"[40, 50[", Private,270842,Graduate,14,Divorced,Nontechnical, Not-in-family,*,Female,0,0,50,North America,>50K
2885,"[60, 70[", ?,327154,High School,9,Widowed,Other, Unmarried,*,Female,0,0,40,North America,<=50K
2886,"[30, 40[", Private,188391,High School,9,Married-civ-spouse,Technical, Husband,*,Male,7298,0,50,North America,>50K
2888,"[30, 40[", Local-gov,255098,Undergraduate,13,Divorced,Technical, Unmarried,*,Female,0,0,40,North America,<=50K
2889,"[30, 40[", Private,248010,High School,9,Married-civ-spouse,Other, Husband,*,Male,0,0,45,North America,<=50K
2890,"[40, 50[", Private,174515,High School,9,Married-spouse-absent,Other, Own-child,*,Female,0,0,40,North America,<=50K
2892,"[50, 60[", Private,193130,Professional Education,15,Married-civ-spouse,Nontechnical, Husband,*,Male,0,0,16,North America,<=50K
2893,"[20, 30[", Private,108670,High School,9,Never-married,Technical, Not-in-family,*,Female,0,0,40,North America,<=50K
2894,"[40, 50[", Private,186172,Undergraduate,13,Married-civ-spouse,Nontechnical, Husband,*,Male,0,0,45,North America,>50K
2895,"[40, 50[", Private,348854,Undergraduate,10,Separated,Other, Unmarried,*,Female,0,0,27,North America,<=50K
2896,"[40, 50[", Private,271828,High School,9,Married-civ-spouse,Technical, Husband,*,Male,0,0,40,North America,>50K
2901,"[60, 70[", Self-emp-inc,106175,Undergraduate,13,Married-civ-spouse,Nontechnical, Husband,*,Male,0,2392,75,North America,>50K
2902,"[40, 50[", Private,307767,High School,9,Married-civ-spouse,Nontechnical, Husband,*,Male,0,0,40,North America,<=50K
2903,"[40, 50[", Private,200574,Undergraduate,10,Married-civ-spouse,Nontechnical, Husband,*,Male,0,0,40,North America,<=50K
2904,"[30, 40[", Private,59083,Undergraduate,10,Married-civ-spouse,Other, Husband,*,Male,0,1672,50,North America,<=50K
2905,"[50, 60[", Private,358056,High School,7,Divorced,Other, Unmarried,*,Female,0,0,40,North America,<=50K
2907,"[30, 40[", Local-gov,262042,High School,9,Divorced,Other, Own-child,*,Female,0,1138,40,North America,<=50K
2908,"[10, 20[", Private,206010,High School,8,Never-married,Other, Own-child,*,Female,0,0,8,North America,<=50K
2910,"[20, 30[", Private,159001,High School,9,Never-married,Nontechnical, Own-child,*,Male,0,0,30,North America,<=50K
2911,"[20, 30[", Private,155818,Undergraduate,10,Never-married,Nontechnical, Own-child,*,Female,0,0,40,North America,<=50K
2912,"[40, 50[", Private,96055,High School,9,Separated,Other, Unmarried,*,Female,0,0,45,North America,<=50K
2914,"[20, 30[", Private,228613,High School,7,Never-married,Technical, Unmarried,*,Female,0,0,40,North America,<=50K
2916,"[30, 40[", Private,37028,Undergraduate,10,Divorced,Nontechnical, Unmarried,*,Female,0,0,38,North America,<=50K
2917,"[30, 40[", Private,177304,High School,9,Married-civ-spouse,Technical, Husband,*,Male,0,0,40,North America,>50K
2918,"[30, 40[", Private,144064,Undergraduate,13,Married-civ-spouse,Nontechnical, Husband,*,Male,0,0,50,North America,<=50K
2919,"[40, 50[", Private,146659,High School,9,Married-civ-spouse,Nontechnical, Husband,*,Male,0,0,60,North America,>50K
2920,"[60, 70[", Self-emp-not-inc,26904,High School,9,Married-civ-spouse,Other, Husband,*,Male,0,0,98,North America,<=50K
2921,"[20, 30[", Private,238917,High School,4,Never-married,Technical, Other-relative,*,Male,0,0,36,North America,<=50K
2922,"[50, 60[", Private,170148,High School,9,Divorced,Technical, Unmarried,*,Male,0,0,40,North America,<=50K
2923,"[40, 50[", Self-emp-not-inc,27821,Professional Education,11,Married-civ-spouse,Nontechnical, Husband,*,Male,0,0,60,North America,<=50K
2924,"[40, 50[", Private,220460,High School,9,Never-married,Technical, Not-in-family,*,Male,0,0,40,North America,<=50K
2925,"[40, 50[", Private,101320,Professional Education,12,Married-civ-spouse,Nontechnical, Wife,*,Female,0,1902,40,North America,>50K
2927,"[50, 60[", Private,91048,High School,9,Divorced,Technical, Own-child,*,Female,0,0,35,North America,<=50K
2928,"[20, 30[", Private,298696,Undergraduate,13,Never-married,Other, Own-child,*,Female,0,0,40,North America,<=50K
2929,"[30, 40[", Private,207202,High School,6,Married-civ-spouse,Other, Husband,*,Male,0,0,70,North America,<=50K
2930,"[20, 30[", ?,230397,Undergraduate,10,Never-married,Other, Own-child,*,Female,0,0,5,North America,<=50K
2931,"[40, 50[", Self-emp-not-inc,180599,High School,9,Never-married,Technical, Not-in-family,*,Male,0,0,35,North America,<=50K
2932,"[30, 40[", ?,199046,Professional Education,11,Never-married,Other, Unmarried,*,Female,0,0,2,North America,<=50K
2934,"[20, 30[", Private,240063,Undergraduate,13,Never-married,Technical, Own-child,*,Male,0,0,25,North America,<=50K
2935,"[50, 60[", Local-gov,177705,Undergraduate,10,Married-civ-spouse,Other, Husband,*,Male,0,1740,48,North America,<=50K
2936,"[30, 40[", Private,511361,Undergraduate,10,Never-married,Other, Own-child,*,Male,0,0,40,North America,<=50K
2937,"[10, 20[", Private,89397,High School,9,Never-married,Other, Own-child,*,Male,0,0,40,North America,<=50K
2938,"[40, 50[", Private,239439,High School,7,Married-civ-spouse,Technical, Wife,*,Female,0,0,40,North America,<=50K
2939,"[30, 40[", Self-emp-not-inc,36989,Undergraduate,10,Married-civ-spouse,Other, Husband,*,Male,0,0,40,North America,<=50K
2940,"[20, 30[", Private,76978,High School,9,Never-married,Nontechnical, Unmarried,*,Female,0,0,35,North America,<=50K
2941,"[70, 80[", Private,200068,Undergraduate,10,Married-civ-spouse,Nontechnical, Husband,*,Male,0,0,35,North America,>50K
2942,"[20, 30[", Private,454941,High School,9,Married-civ-spouse,Technical, Husband,*,Male,0,0,40,North America,<=50K
2943,"[20, 30[", State-gov,107218,Undergraduate,13,Never-married,Technical, Own-child,*,Male,0,0,20,North America,<=50K
2944,"[10, 20[", Local-gov,182070,High School,7,Never-married,Other, Own-child,*,Female,0,0,16,North America,<=50K
2945,"[30, 40[", Private,176360,High School,9,Never-married,Technical, Own-child,*,Male,0,0,40,North America,<=50K
2946,"[30, 40[", Private,452405,Primary School,1,Never-married,Other, Other-relative,*,Female,0,0,35,North America,<=50K
2947,"[10, 20[", ?,297396,High School,9,Never-married,Other, Own-child,*,Male,0,0,10,North America,<=50K
2948,"[40, 50[", Private,84790,Undergraduate,13,Married-civ-spouse,Technical, Husband,*,Male,0,0,55,North America,>50K
2949,"[30, 40[", Private,186787,High School,9,Never-married,Technical, Own-child,*,Male,0,0,42,North America,<=50K
2950,"[20, 30[", Private,169662,Undergraduate,13,Married-civ-spouse,Technical, Husband,*,Male,0,0,42,North America,>50K
2951,"[40, 50[", Private,125933,Undergraduate,10,Widowed,Nontechnical, Unmarried,*,Female,0,1669,38,North America,<=50K
2952,"[20, 30[", ?,35448,High School,9,Married-civ-spouse,Other, Wife,*,Female,0,0,22,North America,<=50K
2953,"[30, 40[", Private,225548,Undergraduate,13,Married-civ-spouse,Other, Husband,*,Male,0,0,30,North America,<=50K
2954,"[20, 30[", Private,240842,High School,9,Never-married,Technical, Unmarried,*,Female,0,0,40,North America,<=50K
2955,"[50, 60[", Private,103931,Undergraduate,10,Married-civ-spouse,Technical, Husband,*,Male,0,0,40,North America,<=50K
2956,"[60, 70[", Private,232618,Undergraduate,13,Married-civ-spouse,Nontechnical, Husband,*,Male,0,0,35,North America,>50K
2958,"[40, 50[", Private,220609,Undergraduate,10,Divorced,Nontechnical, Not-in-family,*,Female,0,0,40,North America,<=50K
2959,"[40, 50[", Self-emp-inc,26145,High School,6,Married-civ-spouse,Other, Husband,*,Male,0,0,80,North America,<=50K
2960,"[20, 30[", Private,268525,Undergraduate,13,Never-married,Technical, Not-in-family,*,Male,0,0,50,North America,<=50K
2961,"[60, 70[", ?,133758,High School,4,Widowed,Other, Not-in-family,*,Male,0,0,10,North America,<=50K
2962,"[40, 50[", Private,121264,Professional Education,11,Married-civ-spouse,Technical, Husband,*,Male,0,0,40,North America,>50K
2963,"[30, 40[", Self-emp-not-inc,29814,High School,9,Never-married,Other, Own-child,*,Male,0,0,85,North America,<=50K
2964,"[20, 30[", Private,193701,High School,9,Never-married,Technical, Own-child,*,Female,0,0,45,North America,<=50K
2965,"[30, 40[", Private,183279,Undergraduate,10,Married-civ-spouse,Nontechnical, Husband,*,Male,0,0,44,North America,>50K
2967,"[70, 80[", Private,188612,High School,9,Widowed,Other, Not-in-family,*,Female,0,0,40,North America,<=50K
2968,"[40, 50[", Self-emp-inc,102771,Undergraduate,13,Married-civ-spouse,Nontechnical, Husband,*,Male,0,0,52,North America,>50K
2969,"[20, 30[", Private,85625,Undergraduate,10,Never-married,Nontechnical, Not-in-family,*,Male,0,0,20,North America,<=50K
2970,"[30, 40[", Self-emp-not-inc,245090,Undergraduate,13,Never-married,Other, Not-in-family,*,Male,0,0,50,North America,<=50K
2971,"[30, 40[", Private,131239,Undergraduate,13,Married-civ-spouse,Technical, Husband,*,Male,3103,0,45,North America,>50K
2972,"[30, 40[", Private,182074,High School,9,Divorced,Nontechnical, Own-child,*,Male,0,0,35,North America,<=50K
2973,"[30, 40[", Private,187046,High School,9,Married-civ-spouse,Nontechnical, Husband,*,Male,0,0,40,North America,>50K
2974,"[50, 60[", Private,90624,High School,7,Married-civ-spouse,Technical, Husband,*,Male,0,0,40,North America,<=50K
2975,"[20, 30[", Private,37933,Undergraduate,10,Never-married,Other, Unmarried,*,Female,0,0,40,North America,<=50K
2976,"[30, 40[", Private,182177,High School,9,Divorced,Technical, Not-in-family,*,Male,3325,0,35,North America,<=50K
2977,"[60, 70[", Private,716416,Undergraduate,10,Married-civ-spouse,Nontechnical, Husband,*,Male,0,0,44,North America,>50K
2978,"[20, 30[", Private,190562,High School,9,Divorced,Technical, Unmarried,*,Male,0,0,56,North America,<=50K
2979,"[40, 50[", State-gov,141583,Undergraduate,10,Divorced,Other, Unmarried,*,Female,0,0,35,North America,<=50K
2980,"[30, 40[", Private,98941,Graduate,14,Never-married,Nontechnical, Not-in-family,*,Male,0,0,40,North America,>50K
2981,"[20, 30[", Private,201729,High School,5,Never-married,Nontechnical, Other-relative,*,Male,0,0,30,North America,<=50K
2982,"[40, 50[", Self-emp-inc,175485,Undergraduate,10,Married-civ-spouse,Nontechnical, Husband,*,Male,0,0,40,North America,<=50K
2983,"[50, 60[", Self-emp-not-inc,149168,High School,9,Married-civ-spouse,Other, Husband,*,Male,0,0,30,North America,<=50K
2984,"[20, 30[", Private,115971,Undergraduate,10,Divorced,Other, Unmarried,*,Female,0,0,40,North America,<=50K
2985,"[20, 30[", Private,161708,Undergraduate,13,Never-married,Other, Own-child,*,Female,0,0,30,North America,<=50K
2986,"[60, 70[", Local-gov,244903,High School,7,Married-civ-spouse,Technical, Husband,*,Male,0,0,40,North America,>50K
2987,"[40, 50[", Private,155664,Undergraduate,10,Never-married,Nontechnical, Not-in-family,*,Male,0,0,40,North America,<=50K
2988,"[20, 30[", Private,112754,Undergraduate,10,Never-married,Technical, Own-child,*,Male,0,0,40,North America,<=50K
2990,"[20, 30[", Private,44064,Undergraduate,10,Never-married,Technical, Own-child,*,Male,0,0,25,North America,<=50K
2991,"[60, 70[", Self-emp-not-inc,120939,Undergraduate,10,Divorced,Nontechnical, Not-in-family,*,Male,0,0,40,North America,<=50K
2993,"[20, 30[", Private,100405,High School,6,Married-civ-spouse,Other, Wife,*,Female,0,0,40,North America,<=50K
2994,"[30, 40[", Self-emp-not-inc,361888,Undergraduate,13,Married-civ-spouse,Nontechnical, Husband,*,Male,0,0,60,Asia,<=50K
2995,"[30, 40[", Local-gov,167864,High School,7,Married-civ-spouse,Other, Husband,*,Male,0,0,30,North America,<=50K
2996,"[30, 40[", Private,202950,Undergraduate,13,Never-married,Nontechnical, Not-in-family,*,Male,0,0,45,North America,<=50K
2997,"[30, 40[", Private,218188,High School,9,Divorced,Technical, Other-relative,*,Female,0,0,32,North America,<=50K
2998,"[30, 40[", Private,234962,High School,9,Married-civ-spouse,Nontechnical, Husband,*,Male,2829,0,30,North America,<=50K
2999,"[70, 80[", ?,177226,High School,9,Married-civ-spouse,Other, Husband,*,Male,0,0,8,North America,<=50K
3000,"[30, 40[", Private,259931,High School,4,Married-civ-spouse,Technical, Husband,*,Male,0,0,40,North America,<=50K
3001,"[50, 60[", Private,189528,High School,4,Married-civ-spouse,Technical, Husband,*,Male,0,0,60,North America,<=50K
3002,"[30, 40[", Private,34996,Undergraduate,10,Separated,Other, Unmarried,*,Female,0,0,40,North America,<=50K
3003,"[30, 40[", Private,112584,Undergraduate,10,Divorced,Nontechnical, Not-in-family,*,Female,0,0,25,North America,<=50K
3004,"[20, 30[", Private,117589,Professional Education,12,Never-married,Other, Not-in-family,*,Female,0,0,40,North America,<=50K
3005,"[10, 20[", ?,145234,Undergraduate,10,Never-married,Other, Own-child,*,Male,0,0,30,North America,<=50K
3006,"[30, 40[", Private,267086,Professional Education,11,Divorced,Technical, Unmarried,*,Female,0,0,52,North America,<=50K
3007,"[40, 50[", Private,44434,Undergraduate,10,Divorced,Technical, Other-relative,*,Male,0,0,35,North America,<=50K
3008,"[20, 30[", Private,96130,High School,9,Never-married,Technical, Other-relative,*,Male,0,0,40,North America,<=50K
3009,"[30, 40[", Private,181382,High School,9,Married-civ-spouse,Technical, Husband,*,Male,0,0,43,North America,<=50K
3010,"[40, 50[", Self-emp-inc,168845,High School,9,Married-civ-spouse,Nontechnical, Wife,*,Female,0,0,60,North America,<=50K
3012,"[40, 50[", Private,194636,Undergraduate,13,Married-civ-spouse,Technical, Husband,*,Male,0,0,45,North America,>50K
3014,"[20, 30[", Private,132686,High School,9,Married-civ-spouse,Nontechnical, Husband,*,Male,0,0,40,North America,>50K
3015,"[30, 40[", Self-emp-not-inc,185848,High School,9,Never-married,Nontechnical, Not-in-family,*,Male,4650,0,50,North America,<=50K
3016,"[40, 50[", State-gov,184378,Undergraduate,13,Married-civ-spouse,Other, Husband,*,Male,0,0,40,North America,<=50K
3017,"[50, 60[", Federal-gov,270859,Undergraduate,13,Married-civ-spouse,Technical, Husband,*,Male,0,0,40,North America,>50K
3018,"[20, 30[", Private,231866,High School,9,Never-married,Other, Own-child,*,Male,0,0,65,North America,<=50K
3019,"[40, 50[", Private,36032,Undergraduate,10,Never-married,Nontechnical, Not-in-family,*,Female,0,0,40,North America,<=50K
3020,"[50, 60[", State-gov,172962,Graduate,16,Married-civ-spouse,Technical, Husband,*,Male,0,0,40,North America,>50K
3022,"[50, 60[", Private,24185,Undergraduate,13,Married-civ-spouse,Technical, Husband,*,Male,0,0,40,North America,>50K
3024,"[20, 30[", Private,85088,High School,9,Never-married,Nontechnical, Own-child,*,Female,0,1762,32,North America,<=50K
3026,"[20, 30[", Private,480861,High School,9,Married-civ-spouse,Technical, Husband,*,Male,0,0,45,North America,<=50K
3027,"[40, 50[", Self-emp-inc,187702,Professional Education,15,Married-civ-spouse,Technical, Husband,*,Male,0,2415,60,North America,>50K
3028,"[20, 30[", Private,52262,Undergraduate,10,Never-married,Other, Not-in-family,*,Male,0,0,40,North America,<=50K
3030,"[60, 70[", Private,175273,High School,9,Widowed,Technical, Unmarried,*,Female,0,0,40,North America,<=50K
3031,"[30, 40[", Private,327825,High School,9,Separated,Technical, Unmarried,*,Female,0,2238,40,North America,<=50K
3032,"[40, 50[", Private,125892,Undergraduate,10,Married-civ-spouse,Technical, Husband,*,Male,0,0,75,North America,>50K
3033,"[40, 50[", ?,78255,High School,9,Divorced,Other, Not-in-family,*,Male,0,0,25,North America,<=50K
3035,"[60, 70[", Private,208919,Graduate,14,Married-civ-spouse,Nontechnical, Husband,*,Male,0,0,60,North America,>50K
3037,"[40, 50[", Private,307638,High School,9,Divorced,Other, Own-child,*,Female,0,0,40,North America,<=50K
3038,"[40, 50[", Local-gov,33068,High School,8,Married-civ-spouse,Technical, Husband,*,Male,0,0,55,North America,<=50K
3039,"[40, 50[", Self-emp-not-inc,254291,Undergraduate,10,Married-civ-spouse,Nontechnical, Husband,*,Male,0,0,60,North America,>50K
3041,"[20, 30[", State-gov,28848,Undergraduate,13,Never-married,Technical, Not-in-family,*,Male,0,0,9,North America,<=50K
3042,"[40, 50[", ?,273425,Professional Education,11,Married-civ-spouse,Other, Husband,*,Male,0,0,15,North America,<=50K
3043,"[20, 30[", Private,194723,Undergraduate,10,Never-married,Other, Other-relative,*,Female,0,0,40,North America,<=50K
3044,"[20, 30[", Private,195118,High School,9,Never-married,Nontechnical, Other-relative,*,Male,0,0,35,North America,<=50K
3046,"[50, 60[", Private,220115,Undergraduate,10,Divorced,Other, Not-in-family,*,Male,0,0,30,North America,<=50K
3047,"[30, 40[", Private,265706,Undergraduate,13,Never-married,Nontechnical, Not-in-family,*,Male,0,0,40,North America,<=50K
3048,"[50, 60[", Self-emp-not-inc,279129,Undergraduate,10,Married-civ-spouse,Other, Husband,*,Male,0,0,30,North America,<=50K
3049,"[30, 40[", Self-emp-inc,122742,Professional Education,12,Married-civ-spouse,Nontechnical, Husband,*,Male,15024,0,55,North America,>50K
3050,"[50, 60[", Self-emp-inc,172654,Professional Education,15,Married-civ-spouse,Other, Husband,*,Male,15024,0,50,North America,>50K
3051,"[40, 50[", Private,119199,Undergraduate,13,Divorced,Nontechnical, Unmarried,*,Female,0,0,44,North America,<=50K
3052,"[30, 40[", Private,107793,Undergraduate,10,Married-civ-spouse,Other, Husband,*,Male,0,0,56,North America,>50K
3053,"[30, 40[", Private,237943,High School,9,Married-civ-spouse,Nontechnical, Husband,*,Male,0,0,60,North America,<=50K
3054,"[40, 50[", Self-emp-not-inc,64632,High School,9,Married-civ-spouse,Nontechnical, Husband,*,Male,0,0,50,North America,<=50K
3055,"[30, 40[", Self-emp-not-inc,96245,High School,9,Married-civ-spouse,Technical, Husband,*,Male,0,0,40,North America,<=50K
3056,"[50, 60[", Private,361494,High School,9,Married-civ-spouse,Nontechnical, Husband,*,Male,0,0,40,North America,>50K
3057,"[60, 70[", Local-gov,122850,High School,6,Married-civ-spouse,Nontechnical, Husband,*,Male,0,0,20,North America,<=50K
3058,"[20, 30[", Private,173652,Undergraduate,10,Never-married,Other, Own-child,*,Female,0,0,40,North America,<=50K
3059,"[40, 50[", Private,164663,High School,9,Married-civ-spouse,Other, Husband,*,Male,0,0,40,North America,<=50K
3060,"[20, 30[", Private,98678,Undergraduate,10,Never-married,Other, Own-child,*,Male,0,0,15,North America,<=50K
3061,"[40, 50[", Private,245529,Professional Education,12,Divorced,Technical, Not-in-family,*,Female,0,0,40,North America,<=50K
3062,"[40, 50[", Private,55294,Undergraduate,10,Married-civ-spouse,Technical, Husband,*,Male,0,0,40,North America,<=50K
3063,"[30, 40[", Private,140583,High School,9,Divorced,Nontechnical, Not-in-family,*,Male,0,0,40,North America,<=50K
3065,"[70, 80[", ?,113044,High School,9,Widowed,Other, Not-in-family,*,Male,0,0,30,North America,<=50K
3066,"[20, 30[", Private,283499,Undergraduate,10,Never-married,Other, Own-child,*,Male,0,0,30,North America,<=50K
3067,"[40, 50[", Local-gov,51111,Undergraduate,13,Widowed,Other, Not-in-family,*,Female,0,0,40,North America,<=50K
3068,"[30, 40[", Private,232475,Undergraduate,10,Divorced,Nontechnical, Not-in-family,*,Male,0,0,50,North America,<=50K
3069,"[40, 50[", Private,176140,High School,7,Divorced,Other, Unmarried,*,Female,0,0,40,North America,<=50K
3070,"[20, 30[", Private,301654,High School,9,Never-married,Nontechnical, Own-child,*,Female,0,0,40,North America,<=50K
3071,"[30, 40[", Private,376455,Undergraduate,10,Married-civ-spouse,Nontechnical, Husband,*,Male,15024,0,60,North America,>50K
3072,"[20, 30[", ?,192569,High School,9,Never-married,Other, Own-child,*,Male,0,0,40,North America,<=50K
3073,"[20, 30[", Private,229803,High School,9,Never-married,Technical, Own-child,*,Male,0,0,40,North America,<=50K
3074,"[20, 30[", Private,337639,Undergraduate,10,Never-married,Nontechnical, Own-child,*,Male,0,0,40,North America,<=50K
3075,"[10, 20[", Private,130849,Undergraduate,10,Never-married,Nontechnical, Own-child,*,Female,0,0,15,North America,<=50K
3076,"[30, 40[", Private,296282,Undergraduate,13,Married-civ-spouse,Nontechnical, Husband,*,Male,0,0,40,North America,<=50K
3077,"[30, 40[", Private,266645,Graduate,14,Married-civ-spouse,Nontechnical, Husband,*,Male,0,0,60,North America,>50K
3078,"[20, 30[", State-gov,110128,Undergraduate,10,Never-married,Other, Own-child,*,Male,0,0,40,North America,<=50K
3079,"[20, 30[", Private,90196,Undergraduate,13,Married-civ-spouse,Nontechnical, Husband,*,Male,0,0,45,North America,>50K
3080,"[40, 50[", State-gov,40024,Professional Education,15,Married-civ-spouse,Technical, Husband,*,Male,0,0,38,North America,>50K
3081,"[30, 40[", Private,144322,High School,9,Divorced,Technical, Unmarried,*,Female,0,0,40,North America,<=50K
3083,"[20, 30[", Private,169069,High School,9,Never-married,Technical, Own-child,*,Male,0,0,40,North America,<=50K
3084,"[20, 30[", Private,113601,Undergraduate,10,Never-married,Nontechnical, Own-child,*,Male,0,0,30,North America,<=50K
3085,"[20, 30[", Self-emp-not-inc,157145,Undergraduate,10,Never-married,Other, Own-child,*,Male,0,2258,10,North America,<=50K
3086,"[40, 50[", Private,111275,High School,9,Divorced,Technical, Unmarried,*,Female,0,0,56,North America,<=50K
3087,"[40, 50[", Local-gov,102076,High School,9,Divorced,Other, Unmarried,*,Female,0,0,25,North America,<=50K
3088,"[20, 30[", ?,182117,Undergraduate,10,Never-married,Other, Own-child,*,Male,0,0,40,North America,<=50K
3089,"[50, 60[", Self-emp-not-inc,145409,Undergraduate,13,Married-civ-spouse,Nontechnical, Husband,*,Male,15024,0,50,North America,>50K
3090,"[40, 50[", Private,190122,Undergraduate,10,Separated,Other, Not-in-family,*,Female,0,0,40,North America,<=50K
3091,"[40, 50[", Private,331482,Professional Education,15,Married-civ-spouse,Technical, Husband,*,Male,0,1977,40,North America,>50K
3092,"[60, 70[", Self-emp-not-inc,170114,High School,5,Married-civ-spouse,Other, Husband,*,Male,0,1672,84,North America,<=50K
3093,"[40, 50[", Self-emp-inc,193188,Undergraduate,13,Married-civ-spouse,Nontechnical, Husband,*,Male,0,0,40,North America,>50K
3094,"[40, 50[", Local-gov,267588,Undergraduate,13,Married-civ-spouse,Technical, Wife,*,Female,0,0,70,North America,<=50K
3095,"[40, 50[", Self-emp-inc,200471,Undergraduate,13,Married-civ-spouse,Nontechnical, Husband,*,Male,0,0,40,North America,>50K
3096,"[20, 30[", ?,175586,High School,9,Never-married,Other, Unmarried,*,Female,0,0,35,North America,<=50K
3097,"[20, 30[", Local-gov,322658,Undergraduate,13,Never-married,Technical, Not-in-family,*,Female,0,0,40,North America,<=50K
3098,"[40, 50[", State-gov,263982,Undergraduate,10,Divorced,Technical, Unmarried,*,Female,0,0,40,North America,<=50K
3099,"[10, 20[", Private,266287,High School,8,Never-married,Nontechnical, Own-child,*,Female,0,0,35,North America,<=50K
3100,"[30, 40[", Private,278187,High School,9,Married-civ-spouse,Technical, Husband,*,Male,0,0,40,North America,<=50K
3101,"[60, 70[", Self-emp-inc,81413,High School,9,Married-civ-spouse,Other, Husband,*,Male,0,2352,65,North America,<=50K
3102,"[20, 30[", Private,221745,Undergraduate,10,Divorced,Technical, Own-child,*,Female,0,0,40,North America,<=50K
3103,"[20, 30[", Private,140764,Undergraduate,10,Never-married,Other, Own-child,*,Female,0,0,20,North America,<=50K
3104,"[20, 30[", Private,206351,Undergraduate,10,Married-civ-spouse,Nontechnical, Husband,*,Male,0,0,40,North America,<=50K
3105,"[40, 50[", Private,176814,Professional Education,15,Married-civ-spouse,Technical, Husband,*,Male,99999,0,50,North America,>50K
3106,"[40, 50[", Local-gov,245307,Undergraduate,13,Married-civ-spouse,Nontechnical, Husband,*,Male,0,1977,48,North America,>50K
3108,"[20, 30[", Private,119545,Undergraduate,10,Married-civ-spouse,Nontechnical, Own-child,*,Male,7688,0,50,North America,>50K
3109,"[10, 20[", Private,179203,Undergraduate,10,Never-married,Nontechnical, Own-child,*,Female,0,0,20,North America,<=50K
3110,"[20, 30[", Federal-gov,44075,Undergraduate,13,Never-married,Technical, Not-in-family,*,Male,0,0,40,North America,<=50K
3111,"[40, 50[", Private,178319,Graduate,16,Married-civ-spouse,Technical, Husband,*,Male,0,0,56,North America,>50K
3112,"[20, 30[", Private,219754,High School,9,Never-married,Other, Own-child,*,Male,0,0,40,North America,<=50K
3113,"[40, 50[", Private,198316,Undergraduate,13,Married-civ-spouse,Nontechnical, Husband,*,Male,15024,0,50,North America,>50K
3114,"[20, 30[", Private,168165,Undergraduate,10,Never-married,Other, Own-child,*,Male,0,0,30,North America,<=50K
3116,"[50, 60[", Self-emp-inc,210736,Undergraduate,13,Married-civ-spouse,Nontechnical, Husband,*,Male,0,0,60,North America,<=50K
3117,"[20, 30[", Private,173212,Professional Education,12,Never-married,Other, Not-in-family,*,Male,2354,0,45,North America,<=50K
3119,"[30, 40[", ?,169809,Undergraduate,13,Married-civ-spouse,Other, Husband,*,Male,0,0,20,North America,<=50K
3120,"[50, 60[", Private,197481,Undergraduate,10,Divorced,Other, Unmarried,*,Female,0,0,40,North America,<=50K
3121,"[20, 30[", Private,155066,Undergraduate,10,Never-married,Technical, Own-child,*,Male,0,0,40,North America,<=50K
3122,"[20, 30[", Private,31290,High School,9,Married-civ-spouse,Other, Wife,*,Female,0,0,40,North America,>50K
3123,"[40, 50[", Private,54102,Professional Education,11,Divorced,Other, Unmarried,*,Female,0,0,40,North America,<=50K
3124,"[10, 20[", Private,181546,Undergraduate,10,Never-married,Other, Own-child,*,Female,0,0,40,North America,<=50K
3125,"[50, 60[", Private,153484,Graduate,14,Married-civ-spouse,Nontechnical, Husband,*,Male,0,1977,50,North America,>50K
3126,"[40, 50[", State-gov,351228,High School,9,Married-civ-spouse,Other, Husband,*,Male,0,0,40,North America,<=50K
3127,"[20, 30[", Private,131976,Undergraduate,13,Never-married,Nontechnical, Own-child,*,Male,0,0,55,North America,<=50K
3128,"[20, 30[", Private,200639,Undergraduate,10,Married-civ-spouse,Technical, Husband,*,Male,0,0,40,North America,<=50K
3130,"[40, 50[", Private,179875,High School,7,Divorced,Other, Unmarried,*,Female,0,0,40,North America,<=50K
3131,"[20, 30[", ?,237865,Undergraduate,10,Never-married,Other, Own-child,*,Male,0,0,40,Unknown,<=50K
3132,"[40, 50[", Private,300528,Undergraduate,10,Married-civ-spouse,Other, Husband,*,Male,0,0,40,North America,<=50K
3133,"[40, 50[", Private,67716,High School,9,Never-married,Technical, Own-child,*,Male,10520,0,48,North America,>50K
3134,"[40, 50[", Federal-gov,326048,Undergraduate,13,Married-civ-spouse,Technical, Husband,*,Male,0,0,44,North America,>50K
3135,"[60, 70[", Private,191188,High School,9,Married-civ-spouse,Other, Husband,*,Male,0,0,40,North America,<=50K
3136,"[40, 50[", Self-emp-not-inc,32172,Undergraduate,10,Never-married,Other, Not-in-family,*,Male,0,0,50,North America,<=50K
3137,"[50, 60[", Private,252903,High School,6,Married-civ-spouse,Nontechnical, Husband,*,Male,0,1977,40,North America,>50K
3138,"[30, 40[", Federal-gov,334314,High School,9,Divorced,Other, Unmarried,*,Female,0,0,40,North America,<=50K
3139,"[20, 30[", Private,83704,Undergraduate,10,Never-married,Other, Own-child,*,Male,0,0,30,North America,<=50K
3140,"[40, 50[", Private,160574,High School,9,Married-civ-spouse,Technical, Husband,*,Male,0,0,65,North America,>50K
3141,"[20, 30[", Private,203776,High School,9,Married-civ-spouse,Technical, Husband,*,Male,0,0,50,North America,<=50K
3142,"[40, 50[", Local-gov,328610,High School,9,Married-civ-spouse,Technical, Husband,*,Male,0,0,40,North America,<=50K
3143,"[30, 40[", Private,295589,Graduate,14,Married-civ-spouse,Nontechnical, Husband,*,Male,0,1977,40,North America,>50K
3144,"[40, 50[", Private,174373,Undergraduate,13,Married-civ-spouse,Nontechnical, Husband,*,Male,0,0,50,North America,>50K
3145,"[40, 50[", Private,247752,High School,9,Married-civ-spouse,Nontechnical, Husband,*,Male,0,0,40,North America,<=50K
3146,"[30, 40[", ?,199244,High School,6,Divorced,Other, Not-in-family,*,Female,0,0,40,North America,<=50K
3147,"[20, 30[", Private,139992,Undergraduate,13,Never-married,Technical, Not-in-family,*,Female,0,0,40,North America,<=50K
3148,"[40, 50[", Private,95680,Undergraduate,10,Married-civ-spouse,Nontechnical, Husband,*,Male,0,0,40,North America,<=50K
3149,"[50, 60[", Self-emp-inc,189933,High School,9,Married-civ-spouse,Nontechnical, Husband,*,Male,0,0,45,North America,<=50K
3150,"[30, 40[", Private,498785,High School,9,Married-civ-spouse,Nontechnical, Husband,*,Male,0,0,40,North America,<=50K
3151,"[20, 30[", State-gov,177526,Undergraduate,13,Never-married,Technical, Not-in-family,*,Male,0,0,15,North America,<=50K
3152,"[60, 70[", Self-emp-not-inc,150121,Graduate,16,Married-civ-spouse,Nontechnical, Husband,*,Male,0,0,25,North America,>50K
3153,"[50, 60[", Federal-gov,130454,Undergraduate,13,Married-civ-spouse,Technical, Husband,*,Male,0,0,40,North America,>50K
3154,"[40, 50[", Private,119079,High School,9,Married-civ-spouse,Nontechnical, Husband,*,Male,0,0,49,North America,>50K
3155,"[30, 40[", Private,220939,High School,9,Married-civ-spouse,Nontechnical, Husband,*,Male,7298,0,45,North America,>50K
3156,"[30, 40[", Private,94235,Professional Education,15,Never-married,Technical, Own-child,*,Male,0,0,42,North America,>50K
3157,"[20, 30[", Private,305874,Undergraduate,10,Married-civ-spouse,Other, Husband,*,Male,0,0,40,North America,<=50K
3158,"[50, 60[", Local-gov,62020,High School,9,Widowed,Technical, Not-in-family,*,Male,0,0,40,North America,<=50K
3160,"[40, 50[", Local-gov,247514,Graduate,14,Divorced,Technical, Unmarried,*,Male,0,0,40,North America,<=50K
3161,"[20, 30[", Private,275726,High School,9,Never-married,Technical, Own-child,*,Male,0,0,40,North America,<=50K
3162,"[40, 50[", Private,72896,High School,9,Never-married,Technical, Not-in-family,*,Male,0,0,40,North America,<=50K
3163,"[50, 60[", Local-gov,110510,High School,9,Married-civ-spouse,Nontechnical, Wife,*,Female,0,0,50,North America,>50K
3165,"[20, 30[", Private,200641,High School,6,Married-civ-spouse,Nontechnical, Wife,*,Female,0,0,40,North America,<=50K
3167,"[30, 40[", Private,242720,Graduate,14,Married-civ-spouse,Technical, Husband,*,Male,0,0,35,North America,>50K
3168,"[30, 40[", Private,111567,Undergraduate,13,Married-civ-spouse,Nontechnical, Husband,*,Male,0,0,70,North America,>50K
3169,"[40, 50[", Private,179533,High School,9,Married-civ-spouse,Other, Husband,*,Male,0,0,35,North America,<=50K
3170,"[20, 30[", State-gov,334693,Undergraduate,10,Never-married,Other, Own-child,*,Female,0,0,40,North America,<=50K
3171,"[40, 50[", Self-emp-not-inc,198096,Graduate,14,Married-civ-spouse,Nontechnical, Husband,*,Male,0,0,60,North America,<=50K
3172,"[40, 50[", State-gov,355756,Undergraduate,10,Never-married,Technical, Not-in-family,*,Male,0,0,40,North America,<=50K
3173,"[20, 30[", Private,19395,Undergraduate,10,Married-civ-spouse,Nontechnical, Wife,*,Female,0,0,35,North America,<=50K
3174,"[40, 50[", Local-gov,242586,Undergraduate,10,Married-civ-spouse,Nontechnical, Husband,*,Male,0,0,40,North America,<=50K
3175,"[30, 40[", Private,208358,Professional Education,15,Divorced,Technical, Not-in-family,*,Male,99999,0,45,North America,>50K
3176,"[40, 50[", Private,160647,Undergraduate,13,Married-civ-spouse,Other, Wife,*,Female,0,0,40,North America,>50K
3177,"[20, 30[", Private,227943,High School,9,Never-married,Nontechnical, Own-child,*,Male,0,0,45,North America,<=50K
3180,"[30, 40[", Local-gov,326104,High School,9,Married-civ-spouse,Other, Husband,*,Male,0,0,40,North America,>50K
3181,"[20, 30[", Private,57211,High School,9,Never-married,Technical, Own-child,*,Male,0,0,40,North America,<=50K
3182,"[20, 30[", Private,100219,Professional Education,12,Never-married,Technical, Unmarried,*,Male,0,0,45,North America,<=50K
3184,"[50, 60[", State-gov,93415,Undergraduate,13,Never-married,Technical, Unmarried,*,Female,0,0,40,North America,>50K
3185,"[30, 40[", Private,191502,Undergraduate,13,Married-civ-spouse,Nontechnical, Husband,*,Male,0,0,60,North America,>50K
3186,"[30, 40[", Private,261382,Undergraduate,13,Married-civ-spouse,Nontechnical, Husband,*,Male,0,0,50,North America,<=50K
3189,"[40, 50[", Self-emp-inc,320984,Undergraduate,10,Married-civ-spouse,Technical, Husband,*,Male,0,0,50,North America,<=50K
3190,"[30, 40[", Private,338320,High School,6,Married-civ-spouse,Technical, Husband,*,Male,0,0,60,North America,>50K
3193,"[30, 40[", Private,637222,High School,8,Divorced,Technical, Unmarried,*,Female,0,0,40,North America,<=50K
3194,"[20, 30[", Private,430084,High School,9,Divorced,Other, Own-child,*,Male,0,0,35,North America,<=50K
3197,"[50, 60[", Self-emp-inc,180195,High School,9,Married-civ-spouse,Nontechnical, Husband,*,Male,0,0,50,North America,<=50K
3198,"[30, 40[", Private,208778,High School,9,Married-civ-spouse,Technical, Wife,*,Female,0,0,40,North America,>50K
3199,"[60, 70[", Private,81534,Undergraduate,10,Married-civ-spouse,Nontechnical, Husband,*,Male,0,0,40,North America,>50K
3201,"[20, 30[", Private,142264,High School,5,Never-married,Technical, Not-in-family,*,Male,0,0,50,North America,<=50K
3203,"[30, 40[", Private,277886,Undergraduate,13,Married-civ-spouse,Nontechnical, Wife,*,Female,0,0,30,North America,<=50K
3205,"[30, 40[", Private,169269,High School,4,Never-married,Technical, Unmarried,*,Male,0,0,40,North America,<=50K
3206,"[40, 50[", Local-gov,160472,Undergraduate,13,Married-civ-spouse,Nontechnical, Husband,*,Male,0,1977,50,North America,>50K
3207,"[20, 30[", ?,123983,Undergraduate,13,Never-married,Other, Own-child,*,Male,0,0,40,North America,<=50K
3209,"[50, 60[", Private,99131,High School,9,Widowed,Technical, Not-in-family,*,Female,0,0,18,North America,<=50K
3210,"[30, 40[", Private,44392,Professional Education,12,Married-civ-spouse,Nontechnical, Husband,*,Male,0,0,40,North America,<=50K
3212,"[40, 50[", Private,199029,Undergraduate,13,Married-civ-spouse,Nontechnical, Husband,*,Male,0,2415,55,North America,>50K
3213,"[70, 80[", Federal-gov,181508,High School,9,Widowed,Other, Not-in-family,*,Male,0,0,17,North America,<=50K
3214,"[20, 30[", Private,190625,Undergraduate,10,Never-married,Other, Own-child,*,Male,0,0,35,North America,<=50K
3216,"[30, 40[", Private,27380,Undergraduate,13,Married-civ-spouse,Other, Husband,*,Male,0,0,50,North America,>50K
3217,"[50, 60[", Private,160631,Undergraduate,13,Married-civ-spouse,Technical, Husband,*,Male,0,0,60,North America,>50K
3218,"[30, 40[", Private,224531,Undergraduate,13,Married-civ-spouse,Nontechnical, Husband,*,Male,0,0,50,North America,>50K
3219,"[50, 60[", Private,283005,High School,7,Divorced,Other, Unmarried,*,Female,0,0,40,North America,<=50K
3220,"[40, 50[", Self-emp-inc,101926,Undergraduate,13,Divorced,Nontechnical, Not-in-family,*,Male,0,0,70,North America,>50K
3221,"[50, 60[", Local-gov,135102,High School,9,Married-civ-spouse,Other, Husband,*,Male,0,2002,45,North America,<=50K
3222,"[20, 30[", Self-emp-not-inc,113436,Undergraduate,10,Never-married,Technical, Unmarried,*,Male,0,0,35,North America,<=50K
3223,"[40, 50[", Private,248973,Undergraduate,13,Divorced,Other, Not-in-family,*,Male,0,0,65,North America,<=50K
3225,"[40, 50[", Self-emp-not-inc,157562,Undergraduate,13,Married-civ-spouse,Other, Husband,*,Male,0,1902,80,North America,>50K
3226,"[50, 60[", Local-gov,310085,High School,6,Married-civ-spouse,Other, Husband,*,Male,0,0,40,North America,<=50K
3227,"[30, 40[", Private,129597,Undergraduate,13,Married-civ-spouse,Nontechnical, Husband,*,Male,3464,0,40,North America,<=50K
3228,"[30, 40[", ?,53042,High School,9,Never-married,Other, Own-child,*,Male,0,0,40,North America,<=50K
3229,"[40, 50[", Private,204205,High School,4,Divorced,Technical, Not-in-family,*,Male,0,0,48,North America,<=50K
3230,"[40, 50[", Private,169324,Undergraduate,13,Married-civ-spouse,Nontechnical, Wife,*,Female,0,0,35,North America,>50K
3231,"[50, 60[", ?,134447,Undergraduate,10,Married-civ-spouse,Other, Husband,*,Male,0,0,50,North America,<=50K
3233,"[50, 60[", Private,141301,High School,9,Divorced,Technical, Not-in-family,*,Female,0,0,40,North America,<=50K
3234,"[30, 40[", Private,235124,High School,9,Never-married,Other, Unmarried,*,Female,0,0,35,North America,<=50K
3235,"[30, 40[", Self-emp-not-inc,367020,High School,4,Married-civ-spouse,Technical, Husband,*,Male,0,0,35,North America,<=50K
3237,"[30, 40[", Private,423770,Undergraduate,10,Never-married,Technical, Own-child,*,Male,0,0,40,North America,<=50K
3238,"[40, 50[", Private,211759,Undergraduate,13,Married-civ-spouse,Nontechnical, Husband,*,Male,0,0,40,North America,<=50K
3240,"[30, 40[", Private,56883,Undergraduate,10,Never-married,Other, Unmarried,*,Female,0,0,40,North America,<=50K
3242,"[20, 30[", Private,406662,High School,9,Never-married,Nontechnical, Not-in-family,*,Male,0,0,40,North America,<=50K
3243,"[20, 30[", Private,206600,High School,5,Never-married,Technical, Other-relative,*,Male,0,0,48,North America,<=50K
3244,"[40, 50[", Local-gov,147510,Undergraduate,13,Separated,Technical, Unmarried,*,Male,0,0,40,North America,<=50K
3245,"[40, 50[", Private,235646,Undergraduate,10,Married-civ-spouse,Nontechnical, Husband,*,Male,3103,0,40,North America,>50K
3246,"[20, 30[", Private,187577,Professional Education,11,Never-married,Nontechnical, Not-in-family,*,Male,0,0,55,North America,<=50K
3248,"[40, 50[", Self-emp-inc,278322,Undergraduate,13,Married-civ-spouse,Nontechnical, Husband,*,Male,0,0,45,North America,<=50K
3249,"[30, 40[", Private,278924,Undergraduate,13,Married-civ-spouse,Nontechnical, Husband,*,Male,0,1887,50,North America,>50K
3250,"[40, 50[", State-gov,203039,High School,7,Married-civ-spouse,Other, Husband,*,Male,0,0,40,North America,<=50K
3251,"[20, 30[", Private,145651,Undergraduate,10,Never-married,Nontechnical, Own-child,*,Female,0,0,20,North America,<=50K
3252,"[40, 50[", Local-gov,144531,Undergraduate,13,Never-married,Technical, Not-in-family,*,Female,0,0,40,North America,>50K
3253,"[30, 40[", Private,91145,High School,9,Never-married,Nontechnical, Unmarried,*,Male,0,0,55,North America,<=50K
3254,"[40, 50[", Self-emp-not-inc,211762,High School,9,Married-civ-spouse,Technical, Husband,*,Male,0,0,40,North America,>50K
3255,"[40, 50[", ?,111563,Professional Education,11,Divorced,Other, Not-in-family,*,Male,0,0,40,North America,<=50K
3256,"[40, 50[", Private,180985,Undergraduate,13,Married-civ-spouse,Technical, Husband,*,Male,0,0,50,Unknown,>50K
3257,"[30, 40[", Private,207537,High School,9,Divorced,Technical, Own-child,*,Male,0,1669,50,North America,<=50K
3258,"[10, 20[", Private,417657,High School,9,Never-married,Nontechnical, Own-child,*,Male,0,0,50,North America,<=50K
3259,"[40, 50[", Private,189890,Professional Education,12,Divorced,Technical, Unmarried,*,Female,5455,0,38,North America,<=50K
3261,"[20, 30[", Private,108658,High School,9,Never-married,Technical, Not-in-family,*,Male,0,0,40,North America,<=50K
3262,"[30, 40[", Self-emp-not-inc,190023,High School,9,Married-civ-spouse,Other, Husband,*,Male,0,0,40,North America,>50K
3263,"[30, 40[", Private,222130,Undergraduate,10,Never-married,Other, Not-in-family,*,Female,0,0,43,North America,<=50K
3265,"[30, 40[", Private,170983,Undergraduate,13,Married-civ-spouse,Nontechnical, Husband,*,Male,0,0,60,North America,>50K
3266,"[30, 40[", Private,186269,Undergraduate,13,Married-civ-spouse,Technical, Husband,*,Male,0,0,40,North America,<=50K
3267,"[30, 40[", Private,286026,High School,9,Married-civ-spouse,Technical, Husband,*,Male,0,0,40,North America,>50K
3268,"[30, 40[", Private,403433,Undergraduate,13,Never-married,Technical, Not-in-family,*,Male,0,0,50,North America,>50K
3269,"[20, 30[", ?,224209,High School,9,Married-civ-spouse,Other, Wife,*,Female,0,0,30,North America,<=50K
3270,"[70, 80[", Private,123160,High School,6,Widowed,Other, Not-in-family,*,Female,0,0,10,North America,<=50K
3271,"[30, 40[", Federal-gov,99527,Graduate,14,Married-civ-spouse,Nontechnical, Husband,*,Male,0,0,40,North America,>50K
3272,"[30, 40[", Private,123178,High School,6,Never-married,Technical, Not-in-family,*,Male,0,0,50,North America,<=50K
3273,"[30, 40[", Private,231043,High School,9,Married-civ-spouse,Technical, Husband,*,Male,0,0,50,North America,>50K
3274,"[50, 60[", Local-gov,317733,Undergraduate,13,Married-civ-spouse,Technical, Husband,*,Male,7688,0,40,North America,>50K
3275,"[50, 60[", Private,241056,Undergraduate,10,Divorced,Other, Unmarried,*,Female,0,0,46,North America,<=50K
3276,"[30, 40[", Local-gov,220066,Graduate,14,Never-married,Technical, Not-in-family,*,Female,0,0,50,North America,<=50K
3277,"[30, 40[", Private,180342,High School,9,Married-civ-spouse,Technical, Husband,*,Male,0,0,40,North America,<=50K
3278,"[50, 60[", Federal-gov,31840,High School,9,Married-civ-spouse,Technical, Husband,*,Male,0,0,40,North America,>50K
3279,"[40, 50[", Private,183168,Undergraduate,13,Divorced,Nontechnical, Unmarried,*,Female,0,0,40,North America,<=50K
3280,"[20, 30[", Private,386036,Undergraduate,10,Never-married,Other, Not-in-family,*,Male,0,0,48,North America,<=50K
3281,"[30, 40[", Local-gov,446358,Graduate,16,Never-married,Technical, Not-in-family,*,Male,0,0,50,North America,>50K
3282,"[40, 50[", Private,28035,Undergraduate,10,Never-married,Other, Other-relative,*,Male,0,0,50,North America,<=50K
3283,"[40, 50[", Private,282155,High School,9,Separated,Other, Other-relative,*,Female,0,0,25,North America,<=50K
3284,"[20, 30[", Private,192384,Professional Education,15,Married-civ-spouse,Other, Husband,*,Male,0,0,40,North America,<=50K
3285,"[10, 20[", Private,383637,High School,9,Never-married,Other, Own-child,*,Male,0,0,20,North America,<=50K
3286,"[20, 30[", Private,457402,Primary School,3,Never-married,Other, Not-in-family,*,Male,0,0,25,North America,<=50K
3287,"[30, 40[", Self-emp-inc,80249,Undergraduate,10,Married-civ-spouse,Other, Husband,*,Male,0,0,72,North America,<=50K
3288,"[30, 40[", State-gov,159537,Professional Education,12,Married-civ-spouse,Technical, Husband,*,Male,0,0,40,North America,<=50K
3289,"[40, 50[", Private,240859,High School,7,Married-civ-spouse,Technical, Husband,*,Male,0,0,40,North America,<=50K
3290,"[30, 40[", Private,83446,High School,7,Divorced,Nontechnical, Unmarried,*,Female,0,0,40,North America,>50K
3291,"[70, 80[", ?,29866,High School,4,Married-civ-spouse,Other, Husband,*,Male,0,0,2,North America,<=50K
3292,"[60, 70[", Private,185503,Undergraduate,13,Married-civ-spouse,Technical, Husband,*,Male,0,0,50,North America,>50K
3293,"[30, 40[", Self-emp-not-inc,68781,High School,9,Married-civ-spouse,Nontechnical, Husband,*,Male,0,0,40,North America,<=50K
3294,"[40, 50[", Private,220589,High School,9,Divorced,Nontechnical, Unmarried,*,Female,0,0,40,North America,<=50K
3295,"[20, 30[", Private,51136,Undergraduate,10,Never-married,Technical, Not-in-family,*,Female,0,0,60,North America,<=50K
3296,"[20, 30[", Private,54560,High School,9,Married-civ-spouse,Other, Husband,*,Male,0,0,45,North America,<=50K
3297,"[70, 80[", ?,28221,High School,9,Married-civ-spouse,Other, Husband,*,Male,0,0,40,North America,>50K
3298,"[20, 30[", Private,201413,Undergraduate,10,Never-married,Other, Unmarried,*,Female,0,0,40,North America,<=50K
3299,"[10, 20[", Private,40425,Undergraduate,10,Never-married,Nontechnical, Not-in-family,*,Female,0,0,28,North America,<=50K
3300,"[30, 40[", Private,189461,Professional Education,12,Divorced,Other, Unmarried,*,Female,0,0,41,North America,<=50K
3301,"[50, 60[", Private,200576,High School,7,Divorced,Technical, Other-relative,*,Female,0,0,40,North America,<=50K
3302,"[60, 70[", Private,92691,High School,9,Married-civ-spouse,Other, Husband,*,Male,0,0,3,North America,<=50K
3303,"[40, 50[", Private,664821,Undergraduate,13,Married-civ-spouse,Other, Husband,*,Male,0,0,40,North America,<=50K
3304,"[30, 40[", Private,175130,High School,9,Divorced,Other, Unmarried,*,Female,0,0,45,North America,<=50K
3305,"[50, 60[", Self-emp-not-inc,391016,Undergraduate,13,Divorced,Nontechnical, Not-in-family,*,Male,0,0,30,North America,<=50K
3306,"[20, 30[", Private,249315,Undergraduate,10,Never-married,Nontechnical, Not-in-family,*,Male,0,0,44,North America,<=50K
3307,"[50, 60[", Private,111169,High School,9,Divorced,Other, Not-in-family,*,Female,0,0,40,North America,<=50K
3308,"[40, 50[", Private,334946,High School,9,Married-civ-spouse,Nontechnical, Husband,*,Male,0,0,40,North America,<=50K
3309,"[30, 40[", Private,352248,Professional Education,12,Married-civ-spouse,Other, Husband,*,Male,0,0,40,North America,<=50K
3310,"[30, 40[", Private,173804,Undergraduate,10,Never-married,Nontechnical, Not-in-family,*,Female,0,0,35,North America,<=50K
3311,"[50, 60[", Private,155449,Undergraduate,13,Married-civ-spouse,Technical, Husband,*,Male,0,0,50,North America,<=50K
3312,"[20, 30[", Private,73689,High School,9,Married-civ-spouse,Other, Husband,*,Male,0,0,55,North America,<=50K
3313,"[20, 30[", Private,227594,Undergraduate,13,Never-married,Technical, Own-child,*,Female,0,0,38,North America,<=50K
3314,"[40, 50[", Private,161676,High School,7,Never-married,Other, Not-in-family,*,Male,0,0,40,North America,<=50K
3315,"[60, 70[", Private,75913,High School,8,Widowed,Nontechnical, Not-in-family,*,Female,0,0,30,North America,<=50K
3316,"[40, 50[", Local-gov,242552,Undergraduate,10,Never-married,Other, Not-in-family,*,Male,0,0,40,North America,<=50K
3317,"[40, 50[", Federal-gov,352094,Undergraduate,10,Married-civ-spouse,Technical, Husband,*,Male,7688,0,40,North America,>50K
3318,"[20, 30[", Private,159732,Undergraduate,10,Married-civ-spouse,Nontechnical, Husband,*,Male,0,0,60,North America,<=50K
3319,"[20, 30[", Private,131230,High School,9,Never-married,Technical, Own-child,*,Male,0,1590,40,North America,<=50K
3320,"[40, 50[", Private,180695,Undergraduate,10,Never-married,Other, Own-child,*,Female,0,0,40,North America,<=50K
3321,"[30, 40[", Private,189922,Professional Education,12,Married-civ-spouse,Technical, Husband,*,Male,0,0,50,North America,>50K
3322,"[30, 40[", Private,409189,Undergraduate,10,Married-civ-spouse,Technical, Husband,*,Male,0,0,45,North America,<=50K
3323,"[40, 50[", Private,111252,Undergraduate,10,Married-civ-spouse,Other, Husband,*,Male,0,0,42,North America,<=50K
3325,"[30, 40[", Private,172718,High School,9,Divorced,Other, Unmarried,*,Female,0,0,40,North America,<=50K
3326,"[30, 40[", Private,43403,Undergraduate,10,Divorced,Other, Not-in-family,*,Female,0,1590,54,North America,<=50K
3327,"[60, 70[", Private,111963,Undergraduate,10,Married-civ-spouse,Technical, Husband,*,Male,0,0,16,North America,<=50K
3328,"[40, 50[", Private,247869,Undergraduate,13,Married-civ-spouse,Technical, Husband,*,Male,0,0,60,North America,>50K
3329,"[50, 60[", Private,114032,Undergraduate,13,Divorced,Other, Unmarried,*,Female,0,0,40,North America,<=50K
3330,"[30, 40[", ?,356838,High School,8,Never-married,Other, Not-in-family,*,Male,0,0,35,North America,<=50K
3331,"[20, 30[", Private,179633,High School,9,Never-married,Technical, Other-relative,*,Male,0,0,40,North America,<=50K
3332,"[30, 40[", Private,19847,High School,9,Divorced,Other, Unmarried,*,Female,0,0,40,North America,<=50K
3333,"[40, 50[", Private,231689,High School,9,Married-civ-spouse,Technical, Husband,*,Male,0,0,40,North America,>50K
3334,"[20, 30[", Private,209942,High School,9,Never-married,Nontechnical, Own-child,*,Male,0,0,40,North America,<=50K
3335,"[50, 60[", Private,197492,High School,9,Divorced,Technical, Not-in-family,*,Female,0,0,40,North America,<=50K
3336,"[30, 40[", Private,262439,High School,9,Married-civ-spouse,Other, Wife,*,Female,0,0,35,North America,>50K
3337,"[40, 50[", Private,283037,Undergraduate,13,Married-civ-spouse,Nontechnical, Husband,*,Male,0,0,50,North America,>50K
3338,"[70, 80[", ?,144533,High School,9,Widowed,Other, Not-in-family,*,Female,0,0,30,North America,<=50K
3340,"[20, 30[", Private,215443,High School,9,Separated,Other, Not-in-family,*,Male,0,0,40,North America,<=50K
3341,"[50, 60[", Local-gov,268252,High School,9,Divorced,Other, Unmarried,*,Female,0,0,62,North America,<=50K
3342,"[40, 50[", Private,181015,High School,9,Separated,Other, Unmarried,*,Female,0,0,47,North America,<=50K
3343,"[40, 50[", Self-emp-inc,139916,Professional Education,11,Married-civ-spouse,Nontechnical, Husband,*,Male,0,2179,84,North America,<=50K
3344,"[20, 30[", Private,195770,Undergraduate,10,Never-married,Other, Own-child,*,Male,0,0,26,North America,<=50K
3345,"[40, 50[", Private,125194,High School,7,Never-married,Technical, Not-in-family,*,Female,0,0,40,North America,<=50K
3348,"[30, 40[", Private,116508,High School,9,Married-civ-spouse,Technical, Husband,*,Male,0,0,40,Europe,<=50K
3349,"[30, 40[", Private,166988,Undergraduate,13,Married-civ-spouse,Technical, Wife,*,Female,0,0,40,North America,>50K
3351,"[30, 40[", ?,96851,Undergraduate,10,Never-married,Other, Not-in-family,*,Female,0,1719,25,North America,<=50K
3352,"[30, 40[", Private,196788,High School,9,Married-civ-spouse,Other, Wife,*,Female,0,0,40,North America,<=50K
3353,"[40, 50[", Private,186172,High School,9,Married-civ-spouse,Technical, Husband,*,Male,7688,0,45,North America,>50K
3354,"[20, 30[", Private,245628,High School,7,Never-married,Nontechnical, Unmarried,*,Male,0,0,20,North America,<=50K
3355,"[20, 30[", Private,159732,Undergraduate,13,Never-married,Technical, Not-in-family,*,Male,0,0,40,North America,<=50K
3356,"[20, 30[", Private,129856,Professional Education,11,Never-married,Other, Own-child,*,Female,0,0,40,North America,<=50K
3357,"[20, 30[", Private,182812,Undergraduate,10,Never-married,Other, Own-child,*,Female,3325,0,52,North America,<=50K
3358,"[40, 50[", Private,314322,High School,9,Married-civ-spouse,Other, Husband,*,Male,0,0,40,North America,>50K
3359,"[30, 40[", Private,102976,Graduate,14,Never-married,Nontechnical, Not-in-family,*,Male,0,0,40,North America,>50K
3360,"[50, 60[", Self-emp-inc,42959,Undergraduate,13,Married-civ-spouse,Nontechnical, Wife,*,Female,0,0,40,North America,>50K
3361,"[20, 30[", Private,256356,High School,7,Never-married,Other, Other-relative,*,Female,0,0,40,North America,<=50K
3362,"[20, 30[", Private,136277,High School,6,Never-married,Other, Own-child,*,Female,0,0,32,North America,<=50K
3363,"[30, 40[", Private,284616,Undergraduate,10,Married-civ-spouse,Nontechnical, Husband,*,Male,0,0,40,North America,<=50K
3364,"[20, 30[", Private,185554,Undergraduate,10,Never-married,Other, Own-child,*,Female,0,0,25,North America,<=50K
3365,"[50, 60[", Private,138847,Undergraduate,13,Married-civ-spouse,Nontechnical, Husband,*,Male,0,0,40,North America,>50K
3366,"[30, 40[", Private,33487,High School,7,Married-civ-spouse,Technical, Husband,*,Male,0,0,40,North America,<=50K
3367,"[30, 40[", Private,84306,Undergraduate,13,Married-civ-spouse,Nontechnical, Husband,*,Male,5013,0,50,North America,<=50K
3368,"[40, 50[", Self-emp-not-inc,223881,Professional Education,15,Married-civ-spouse,Technical, Husband,*,Male,99999,0,70,North America,>50K
3369,"[60, 70[", Private,149653,High School,9,Married-civ-spouse,Nontechnical, Husband,*,Male,0,0,50,North America,<=50K
3370,"[30, 40[", Private,348739,Professional Education,15,Married-civ-spouse,Technical, Husband,*,Male,0,0,60,North America,<=50K
3371,"[20, 30[", ?,235442,Undergraduate,10,Never-married,Other, Own-child,*,Male,0,0,35,North America,<=50K
3372,"[20, 30[", Private,34506,High School,9,Separated,Other, Own-child,*,Female,0,0,35,North America,<=50K
3373,"[40, 50[", Private,346964,High School,9,Divorced,Technical, Unmarried,*,Female,0,0,40,North America,<=50K
3374,"[40, 50[", Private,192208,High School,6,Married-civ-spouse,Technical, Husband,*,Male,0,0,45,North America,<=50K
3375,"[20, 30[", Private,305874,Undergraduate,10,Married-civ-spouse,Technical, Husband,*,Male,0,0,54,North America,<=50K
3376,"[30, 40[", Self-emp-not-inc,462890,High School,6,Married-civ-spouse,Other, Husband,*,Male,0,0,50,North America,<=50K
3377,"[30, 40[", Private,89508,Undergraduate,13,Married-civ-spouse,Nontechnical, Husband,*,Male,0,0,40,North America,<=50K
3378,"[30, 40[", Self-emp-not-inc,200153,High School,9,Married-civ-spouse,Technical, Husband,*,Male,0,0,60,North America,<=50K
3379,"[30, 40[", Private,179446,High School,9,Separated,Other, Unmarried,*,Female,0,0,40,North America,<=50K
3380,"[20, 30[", Private,208965,High School,5,Never-married,Technical, Unmarried,*,Male,0,0,40,North America,<=50K
3381,"[30, 40[", Private,40142,Undergraduate,13,Married-civ-spouse,Nontechnical, Husband,*,Male,0,0,40,North America,>50K
3382,"[40, 50[", Self-emp-not-inc,57452,Professional Education,11,Married-civ-spouse,Technical, Husband,*,Male,0,0,40,North America,>50K
3383,"[40, 50[", Private,327573,Professional Education,11,Married-civ-spouse,Technical, Husband,*,Male,0,0,40,North America,<=50K
3384,"[40, 50[", Private,151267,High School,9,Married-civ-spouse,Technical, Wife,*,Female,15024,0,40,North America,>50K
3385,"[40, 50[", Private,265266,High School,6,Married-civ-spouse,Other, Husband,*,Male,0,0,40,North America,<=50K
3388,"[40, 50[", Self-emp-not-inc,28281,Undergraduate,13,Married-civ-spouse,Other, Husband,*,Male,0,0,40,North America,>50K
3389,"[50, 60[", Private,293196,Graduate,16,Married-civ-spouse,Technical, Husband,*,Male,15024,0,60,Asia,>50K
3391,"[20, 30[", Private,368852,Undergraduate,10,Never-married,Other, Own-child,*,Female,0,0,20,North America,<=50K
3392,"[40, 50[", Private,353396,Undergraduate,13,Married-civ-spouse,Technical, Husband,*,Male,0,0,45,North America,<=50K
3393,"[30, 40[", Private,161745,Professional Education,11,Married-civ-spouse,Other, Husband,*,Male,0,0,45,North America,<=50K
3394,"[10, 20[", Private,97963,High School,9,Never-married,Other, Own-child,*,Female,0,0,30,North America,<=50K
3396,"[50, 60[", State-gov,198103,Undergraduate,13,Never-married,Nontechnical, Not-in-family,*,Female,0,0,40,North America,<=50K
3397,"[40, 50[", Federal-gov,55377,High School,9,Never-married,Technical, Own-child,*,Male,0,0,40,North America,<=50K
3398,"[30, 40[", Private,173730,Undergraduate,13,Married-civ-spouse,Nontechnical, Husband,*,Male,0,0,50,North America,>50K
3399,"[50, 60[", Private,374588,High School,9,Married-civ-spouse,Other, Husband,*,Male,0,0,60,North America,<=50K
3400,"[30, 40[", Self-emp-not-inc,174330,Undergraduate,10,Married-civ-spouse,Technical, Husband,*,Male,0,0,40,North America,<=50K
3401,"[50, 60[", Private,78141,High School,9,Married-civ-spouse,Technical, Husband,*,Male,0,0,40,North America,>50K
3402,"[60, 70[", ?,190324,High School,9,Married-civ-spouse,Other, Husband,*,Male,0,0,18,North America,<=50K
3403,"[20, 30[", Private,31350,High School,7,Never-married,Other, Not-in-family,*,Male,0,0,50,North America,<=50K
3404,"[40, 50[", Private,243607,Primary School,3,Married-civ-spouse,Other, Husband,*,Male,0,0,40,North America,<=50K
3405,"[40, 50[", Local-gov,134671,Undergraduate,10,Married-civ-spouse,Nontechnical, Husband,*,Male,0,0,40,North America,<=50K
3406,"[30, 40[", Private,197023,Professional Education,11,Married-civ-spouse,Technical, Husband,*,Male,0,0,40,North America,<=50K
3407,"[50, 60[", Private,117674,Undergraduate,10,Married-civ-spouse,Nontechnical, Husband,*,Male,0,0,40,North America,>50K
3408,"[20, 30[", Private,169815,Professional Education,12,Married-civ-spouse,Nontechnical, Husband,*,Male,0,0,50,North America,>50K
3409,"[40, 50[", Private,598606,High School,5,Separated,Nontechnical, Unmarried,*,Female,0,0,50,North America,<=50K
3410,"[40, 50[", Federal-gov,122861,Graduate,14,Married-civ-spouse,Nontechnical, Husband,*,Male,0,0,40,North America,>50K
3411,"[30, 40[", Private,166235,Undergraduate,10,Never-married,Technical, Not-in-family,*,Female,0,0,30,North America,<=50K
3412,"[40, 50[", Private,187821,High School,9,Married-civ-spouse,Technical, Husband,*,Male,2885,0,40,North America,<=50K
3413,"[30, 40[", Private,340940,Undergraduate,13,Married-civ-spouse,Nontechnical, Husband,*,Male,7298,0,60,North America,>50K
3414,"[50, 60[", Self-emp-not-inc,194791,Undergraduate,10,Married-civ-spouse,Technical, Husband,*,Male,0,0,40,North America,<=50K
3415,"[60, 70[", Private,231323,Undergraduate,10,Married-civ-spouse,Technical, Husband,*,Male,0,0,40,North America,<=50K
3416,"[30, 40[", Local-gov,305597,High School,9,Separated,Nontechnical, Unmarried,*,Male,0,0,40,North America,<=50K
3417,"[10, 20[", Private,25429,Undergraduate,10,Never-married,Nontechnical, Not-in-family,*,Female,0,0,25,North America,<=50K
3418,"[40, 50[", State-gov,192779,Undergraduate,13,Married-civ-spouse,Nontechnical, Husband,*,Male,7688,0,40,North America,>50K
3419,"[30, 40[", Private,346478,Undergraduate,10,Never-married,Nontechnical, Not-in-family,*,Male,0,0,45,North America,<=50K
3420,"[20, 30[", Private,341368,Undergraduate,10,Never-married,Other, Not-in-family,*,Male,0,0,50,North America,<=50K
3421,"[30, 40[", State-gov,295612,High School,9,Separated,Other, Not-in-family,*,Female,0,0,40,North America,<=50K
3422,"[40, 50[", Private,168936,Professional Education,11,Divorced,Other, Not-in-family,*,Female,0,0,32,North America,<=50K
3424,"[30, 40[", Private,336598,Primary School,3,Married-civ-spouse,Other, Husband,*,Male,0,0,36,North America,<=50K
3425,"[20, 30[", Private,308205,Professional Education,12,Never-married,Other, Own-child,*,Male,0,0,20,North America,<=50K
3426,"[30, 40[", Local-gov,357173,Professional Education,12,Divorced,Technical, Not-in-family,*,Male,0,0,59,North America,<=50K
3427,"[50, 60[", Private,457237,Graduate,14,Married-civ-spouse,Nontechnical, Husband,*,Male,0,0,40,North America,<=50K
3428,"[40, 50[", Self-emp-inc,284799,Undergraduate,10,Married-civ-spouse,Nontechnical, Husband,*,Male,0,0,60,North America,<=50K
3429,"[20, 30[", Private,179423,Undergraduate,10,Never-married,Other, Own-child,*,Female,0,0,40,North America,<=50K
3430,"[50, 60[", Self-emp-not-inc,363405,Undergraduate,13,Married-civ-spouse,Technical, Wife,*,Female,0,0,50,North America,>50K
3431,"[10, 20[", Private,139183,High School,6,Never-married,Nontechnical, Own-child,*,Female,0,0,15,North America,<=50K
3432,"[30, 40[", Private,203482,High School,9,Married-civ-spouse,Technical, Husband,*,Male,0,0,40,North America,<=50K
3433,"[30, 40[", Private,112554,High School,9,Married-civ-spouse,Nontechnical, Husband,*,Male,0,0,45,North America,<=50K
3434,"[50, 60[", Private,99476,High School,9,Divorced,Other, Not-in-family,*,Female,0,0,38,North America,<=50K
3435,"[50, 60[", Private,93690,High School,9,Married-civ-spouse,Other, Husband,*,Male,0,0,40,North America,>50K
3436,"[30, 40[", Private,220585,High School,9,Married-civ-spouse,Technical, Husband,*,Male,0,0,40,North America,<=50K
3437,"[60, 70[", Self-emp-not-inc,194638,High School,9,Married-civ-spouse,Technical, Husband,*,Male,0,0,32,North America,<=50K
3438,"[50, 60[", Private,154785,High School,9,Married-civ-spouse,Technical, Husband,*,Male,0,0,50,North America,>50K
3439,"[40, 50[", ?,162108,Undergraduate,13,Divorced,Other, Not-in-family,*,Female,0,0,50,North America,<=50K
3440,"[20, 30[", Self-emp-inc,214542,Undergraduate,10,Never-married,Technical, Not-in-family,*,Male,0,0,50,North America,<=50K
3441,"[20, 30[", Private,161922,High School,9,Never-married,Nontechnical, Not-in-family,*,Male,0,0,43,North America,<=50K
3442,"[40, 50[", Private,207940,Undergraduate,10,Married-civ-spouse,Technical, Husband,*,Male,0,0,40,North America,>50K
3443,"[20, 30[", Private,259351,High School,6,Never-married,Other, Other-relative,*,Male,0,0,40,North America,<=50K
3444,"[50, 60[", Private,208395,Graduate,14,Divorced,Technical, Not-in-family,*,Male,0,0,50,North America,<=50K
3445,"[40, 50[", Private,116391,Undergraduate,13,Married-civ-spouse,Nontechnical, Husband,*,Male,0,0,40,North America,>50K
3446,"[30, 40[", Private,239781,Primary School,1,Married-civ-spouse,Other, Husband,*,Male,0,0,40,North America,<=50K
3448,"[50, 60[", Self-emp-not-inc,44368,High School,9,Married-civ-spouse,Nontechnical, Husband,*,Male,15024,0,55,North America,>50K
3449,"[30, 40[", Local-gov,188798,Undergraduate,13,Never-married,Nontechnical, Not-in-family,*,Female,0,0,50,North America,<=50K
3450,"[40, 50[", Private,50122,Professional Education,11,Divorced,Nontechnical, Own-child,*,Male,0,0,50,North America,<=50K
3451,"[30, 40[", Private,111398,Undergraduate,13,Married-civ-spouse,Technical, Wife,*,Female,7688,0,40,North America,>50K
3452,"[20, 30[", State-gov,152035,Professional Education,12,Never-married,Other, Own-child,*,Female,0,0,40,North America,<=50K
3453,"[10, 20[", ?,139003,High School,9,Never-married,Other, Other-relative,*,Female,0,0,12,North America,<=50K
3454,"[40, 50[", Local-gov,249289,Undergraduate,13,Divorced,Technical, Unmarried,*,Female,0,0,40,North America,<=50K
3455,"[30, 40[", Private,257726,Undergraduate,10,Never-married,Technical, Own-child,*,Male,0,0,40,North America,<=50K
3456,"[20, 30[", ?,113175,Undergraduate,10,Never-married,Other, Own-child,*,Female,0,0,20,North America,<=50K
3457,"[20, 30[", Private,151158,Undergraduate,10,Never-married,Technical, Own-child,*,Female,0,0,25,North America,<=50K
3458,"[30, 40[", Private,465326,Undergraduate,13,Married-civ-spouse,Nontechnical, Husband,*,Male,0,0,40,North America,<=50K
3459,"[20, 30[", ?,356772,High School,9,Never-married,Other, Unmarried,*,Female,0,0,40,North America,<=50K
3460,"[30, 40[", Private,364782,High School,9,Married-civ-spouse,Technical, Husband,*,Male,0,0,40,North America,>50K
3462,"[30, 40[", Private,329301,High School,9,Divorced,Other, Not-in-family,*,Male,0,0,55,North America,<=50K
3463,"[10, 20[", Self-emp-inc,254859,High School,7,Never-married,Technical, Own-child,*,Male,0,0,20,North America,<=50K
3464,"[30, 40[", Private,203488,Undergraduate,13,Married-civ-spouse,Other, Husband,*,Male,7298,0,50,North America,>50K
3465,"[20, 30[", Local-gov,222800,Undergraduate,13,Never-married,Technical, Not-in-family,*,Male,0,0,40,North America,<=50K
3466,"[30, 40[", Private,96452,Graduate,14,Married-civ-spouse,Nontechnical, Husband,*,Male,0,0,55,North America,>50K
3467,"[50, 60[", Private,170050,High School,4,Married-civ-spouse,Technical, Husband,*,Male,0,0,40,North America,<=50K
3468,"[30, 40[", Local-gov,116580,Undergraduate,13,Married-civ-spouse,Technical, Wife,*,Female,0,0,20,North America,>50K
3469,"[50, 60[", Private,400004,Undergraduate,10,Married-civ-spouse,Nontechnical, Husband,*,Male,0,0,60,North America,<=50K
3470,"[60, 70[", Private,183608,High School,6,Married-civ-spouse,Nontechnical, Husband,*,Male,0,0,40,North America,<=50K
3471,"[30, 40[", Private,194055,High School,9,Married-civ-spouse,Other, Husband,*,Male,0,0,50,North America,<=50K
3472,"[20, 30[", Private,210443,Undergraduate,13,Never-married,Technical, Own-child,*,Female,0,0,40,North America,<=50K
3473,"[10, 20[", Private,43272,Undergraduate,10,Never-married,Other, Own-child,*,Male,0,0,20,North America,<=50K
3474,"[40, 50[", Local-gov,108945,Undergraduate,13,Divorced,Technical, Unmarried,*,Female,0,0,48,North America,<=50K
3475,"[30, 40[", Private,114691,Undergraduate,10,Married-civ-spouse,Nontechnical, Husband,*,Male,0,0,50,North America,>50K
3476,"[10, 20[", Private,304169,High School,7,Never-married,Nontechnical, Own-child,*,Male,0,0,35,North America,<=50K
3477,"[40, 50[", Private,503923,High School,9,Married-civ-spouse,Technical, Husband,*,Male,4386,0,40,North America,>50K
3478,"[30, 40[", Private,340428,Undergraduate,13,Never-married,Nontechnical, Unmarried,*,Female,0,0,40,North America,>50K
3479,"[40, 50[", State-gov,106705,Graduate,14,Never-married,Nontechnical, Not-in-family,*,Female,0,0,38,North America,<=50K
3480,"[50, 60[", Private,146391,Professional Education,11,Married-civ-spouse,Technical, Husband,*,Male,7298,0,40,North America,>50K
3482,"[20, 30[", Private,39665,High School,9,Divorced,Nontechnical, Unmarried,*,Female,0,0,37,North America,<=50K
3485,"[50, 60[", Private,349304,Undergraduate,13,Married-civ-spouse,Nontechnical, Husband,*,Male,0,0,40,North America,>50K
3486,"[30, 40[", ?,197688,High School,9,Never-married,Other, Not-in-family,*,Female,0,0,40,North America,<=50K
3487,"[40, 50[", Private,54507,High School,9,Never-married,Technical, Not-in-family,*,Female,0,0,40,North America,<=50K
3488,"[20, 30[", Private,117833,Undergraduate,13,Never-married,Nontechnical, Not-in-family,*,Female,0,1669,50,North America,<=50K
3489,"[30, 40[", Private,163396,Professional Education,11,Married-civ-spouse,Technical, Wife,*,Female,0,0,40,North America,>50K
3490,"[60, 70[", Private,88566,High School,5,Married-civ-spouse,Other, Husband,*,Male,1424,0,35,North America,<=50K
3491,"[30, 40[", Private,323619,Undergraduate,10,Never-married,Other, Unmarried,*,Female,0,0,40,North America,<=50K
3492,"[30, 40[", Private,75755,Professional Education,11,Married-civ-spouse,Technical, Husband,*,Male,0,0,40,North America,<=50K
3493,"[30, 40[", Private,148903,High School,9,Married-civ-spouse,Other, Wife,*,Female,0,0,16,North America,>50K
3494,"[20, 30[", Private,40915,Undergraduate,13,Never-married,Nontechnical, Not-in-family,*,Female,0,0,40,North America,>50K
3495,"[20, 30[", Private,182606,Undergraduate,10,Never-married,Other, Own-child,*,Male,0,0,40,Unknown,<=50K
3496,"[10, 20[", Private,131033,High School,7,Never-married,Other, Other-relative,*,Male,0,0,15,North America,<=50K
3497,"[30, 40[", Self-emp-not-inc,168475,Undergraduate,10,Married-civ-spouse,Technical, Husband,*,Male,0,0,60,North America,>50K
3498,"[20, 30[", Private,121568,High School,9,Married-civ-spouse,Nontechnical, Husband,*,Male,0,0,50,North America,<=50K
3499,"[20, 30[", Private,139098,Graduate,14,Married-civ-spouse,Technical, Husband,*,Male,5013,0,40,North America,<=50K
3500,"[40, 50[", Private,357338,Undergraduate,13,Married-civ-spouse,Technical, Husband,*,Male,0,0,40,North America,<=50K
3501,"[30, 40[", Private,283268,Undergraduate,13,Never-married,Technical, Unmarried,*,Female,0,0,36,North America,<=50K
3502,"[40, 50[", Private,572751,Professional Education,15,Married-civ-spouse,Technical, Husband,*,Male,5178,0,40,North America,>50K
3503,"[40, 50[", Private,315321,High School,9,Divorced,Nontechnical, Unmarried,*,Female,0,625,52,North America,<=50K
3504,"[30, 40[", Private,120461,Undergraduate,13,Never-married,Nontechnical, Not-in-family,*,Female,0,0,40,North America,<=50K
3505,"[30, 40[", Self-emp-not-inc,65278,Graduate,16,Married-civ-spouse,Nontechnical, Husband,*,Male,0,0,40,North America,<=50K
3506,"[20, 30[", Self-emp-not-inc,208503,Undergraduate,10,Divorced,Other, Own-child,*,Male,0,0,40,North America,<=50K
3508,"[30, 40[", Private,265038,Undergraduate,10,Married-civ-spouse,Other, Husband,*,Male,0,0,50,North America,<=50K
3509,"[10, 20[", Private,89478,Undergraduate,10,Never-married,Nontechnical, Own-child,*,Female,0,0,20,North America,<=50K
3510,"[50, 60[", Private,276229,High School,9,Widowed,Nontechnical, Not-in-family,*,Female,0,0,38,North America,<=50K
3511,"[50, 60[", Private,366232,High School,5,Divorced,Technical, Unmarried,*,Female,0,0,40,North America,<=50K
3512,"[20, 30[", Private,152035,High School,9,Never-married,Other, Own-child,*,Female,0,0,40,North America,<=50K
3513,"[30, 40[", Private,205339,Undergraduate,10,Never-married,Technical, Not-in-family,*,Male,0,0,40,North America,>50K
3514,"[30, 40[", Private,75995,High School,9,Divorced,Nontechnical, Unmarried,*,Female,0,0,45,North America,<=50K
3516,"[10, 20[", ?,188618,Undergraduate,10,Never-married,Other, Own-child,*,Female,0,0,25,North America,<=50K
3517,"[40, 50[", Private,229737,High School,9,Married-civ-spouse,Technical, Husband,*,Male,0,0,45,North America,>50K
3518,"[50, 60[", Local-gov,199688,Undergraduate,13,Married-civ-spouse,Other, Husband,*,Male,0,0,40,North America,>50K
3519,"[50, 60[", Private,52953,High School,9,Divorced,Other, Unmarried,*,Female,0,0,40,North America,<=50K
3520,"[30, 40[", Private,221043,High School,9,Married-civ-spouse,Technical, Husband,*,Male,0,0,35,North America,<=50K
3521,"[50, 60[", Federal-gov,115389,Undergraduate,10,Married-civ-spouse,Technical, Husband,*,Male,0,0,36,North America,<=50K
3522,"[40, 50[", Self-emp-not-inc,204205,High School,6,Married-civ-spouse,Technical, Husband,*,Male,0,0,65,North America,<=50K
3523,"[50, 60[", Private,338816,Undergraduate,10,Married-civ-spouse,Nontechnical, Husband,*,Male,15024,0,45,North America,>50K
3524,"[20, 30[", Private,197387,High School,9,Never-married,Nontechnical, Own-child,*,Male,0,0,20,North America,<=50K
3525,"[30, 40[", Private,42485,High School,9,Married-civ-spouse,Technical, Husband,*,Male,0,0,55,North America,<=50K
3526,"[20, 30[", Private,367706,Undergraduate,10,Never-married,Other, Own-child,*,Male,0,0,40,North America,<=50K
3527,"[20, 30[", Private,102493,High School,9,Married-civ-spouse,Nontechnical, Husband,*,Male,0,0,40,North America,<=50K
3528,"[10, 20[", Private,263746,High School,6,Never-married,Other, Own-child,*,Male,0,0,24,North America,<=50K
3529,"[40, 50[", Private,115358,High School,9,Divorced,Technical, Not-in-family,*,Female,0,0,40,North America,<=50K
3530,"[40, 50[", Private,189680,Undergraduate,10,Married-civ-spouse,Nontechnical, Husband,*,Male,0,0,50,North America,>50K
3531,"[30, 40[", ?,282622,High School,9,Divorced,Other, Unmarried,*,Female,0,0,28,North America,<=50K
3533,"[60, 70[", Private,230823,High School,8,Married-civ-spouse,Other, Husband,*,Male,0,0,40,North America,<=50K
3534,"[20, 30[", Private,300812,Undergraduate,10,Never-married,Other, Own-child,*,Male,0,0,25,North America,<=50K
3535,"[10, 20[", Private,174732,High School,9,Never-married,Other, Other-relative,*,Male,0,0,36,North America,<=50K
3536,"[40, 50[", State-gov,183710,Graduate,16,Married-civ-spouse,Nontechnical, Husband,*,Male,0,0,50,North America,>50K
3538,"[30, 40[", Self-emp-inc,213008,Professional Education,12,Married-civ-spouse,Nontechnical, Husband,*,Male,0,0,40,North America,>50K
3539,"[40, 50[", Private,357848,High School,9,Married-civ-spouse,Technical, Husband,*,Male,0,0,40,North America,>50K
3540,"[30, 40[", Private,165799,Graduate,14,Married-civ-spouse,Nontechnical, Husband,*,Male,0,0,50,North America,>50K
3541,"[30, 40[", Self-emp-not-inc,188571,Professional Education,11,Married-civ-spouse,Other, Husband,*,Male,0,0,60,North America,<=50K
3542,"[40, 50[", Private,97883,Undergraduate,13,Never-married,Nontechnical, Not-in-family,*,Female,0,0,35,North America,<=50K
3543,"[40, 50[", Local-gov,105862,Undergraduate,10,Married-civ-spouse,Other, Wife,*,Female,0,1902,40,North America,>50K
3544,"[30, 40[", Local-gov,57424,Undergraduate,13,Divorced,Other, Unmarried,*,Female,0,0,35,North America,<=50K
3545,"[20, 30[", Private,151476,Undergraduate,10,Separated,Nontechnical, Not-in-family,*,Female,0,0,40,North America,<=50K
3546,"[20, 30[", Private,129583,High School,9,Never-married,Nontechnical, Own-child,*,Female,0,0,16,North America,<=50K
3547,"[50, 60[", Private,180920,High School,6,Married-civ-spouse,Technical, Husband,*,Male,0,0,43,North America,<=50K
3548,"[30, 40[", Self-emp-not-inc,182416,High School,9,Never-married,Nontechnical, Unmarried,*,Female,0,0,42,North America,<=50K
3549,"[20, 30[", Private,251915,Undergraduate,13,Never-married,Nontechnical, Own-child,*,Female,0,0,40,North America,<=50K
3550,"[30, 40[", Local-gov,187127,Undergraduate,10,Married-civ-spouse,Nontechnical, Husband,*,Male,0,0,40,North America,<=50K
3551,"[20, 30[", Private,69045,Undergraduate,10,Never-married,Nontechnical, Not-in-family,*,Male,0,0,40,North America,<=50K
3552,"[50, 60[", Private,192869,Graduate,14,Married-civ-spouse,Technical, Husband,*,Male,0,1977,44,North America,>50K
3553,"[30, 40[", Private,74163,High School,8,Divorced,Nontechnical, Not-in-family,*,Female,0,0,40,North America,<=50K
3554,"[20, 30[", Private,60847,Professional Education,11,Never-married,Nontechnical, Unmarried,*,Female,0,0,60,North America,<=50K
3555,"[10, 20[", ?,213055,High School,7,Never-married,Other, Not-in-family,*,Female,0,0,20,North America,<=50K
3556,"[60, 70[", Self-emp-not-inc,116057,High School,9,Divorced,Nontechnical, Not-in-family,*,Female,3273,0,16,North America,<=50K
3557,"[40, 50[", Private,82393,Undergraduate,13,Never-married,Other, Not-in-family,*,Male,0,0,50,North America,<=50K
3558,"[20, 30[", Local-gov,134181,Undergraduate,13,Never-married,Technical, Own-child,*,Female,0,0,50,North America,<=50K
3559,"[50, 60[", Private,159910,Undergraduate,13,Divorced,Nontechnical, Not-in-family,*,Male,10520,0,40,North America,>50K
3560,"[30, 40[", Self-emp-inc,117570,High School,9,Divorced,Other, Not-in-family,*,Female,0,0,60,North America,<=50K
3561,"[40, 50[", Self-emp-inc,214169,High School,9,Married-civ-spouse,Other, Husband,*,Male,15024,0,40,North America,>50K
3562,"[50, 60[", Private,56331,High School,9,Never-married,Technical, Not-in-family,*,Male,0,0,32,North America,<=50K
3563,"[50, 60[", Private,35576,High School,9,Divorced,Technical, Not-in-family,*,Male,0,0,38,North America,<=50K
3564,"[50, 60[", Self-emp-not-inc,149168,Undergraduate,10,Married-civ-spouse,Nontechnical, Husband,*,Male,0,0,55,North America,<=50K
3565,"[30, 40[", Private,157165,Undergraduate,10,Divorced,Other, Unmarried,*,Female,0,0,40,North America,<=50K
3566,"[20, 30[", Private,278130,Undergraduate,13,Never-married,Technical, Not-in-family,*,Male,0,0,40,North America,<=50K
3567,"[50, 60[", Private,257200,High School,9,Married-civ-spouse,Technical, Husband,*,Male,0,0,40,North America,<=50K
3568,"[30, 40[", Private,283122,High School,9,Married-civ-spouse,Technical, Husband,*,Male,0,0,40,North America,>50K
3569,"[20, 30[", Private,580248,High School,9,Never-married,Technical, Not-in-family,*,Female,0,0,40,North America,<=50K
3570,"[30, 40[", Private,230054,High School,4,Married-civ-spouse,Technical, Husband,*,Male,0,0,40,North America,<=50K
3571,"[50, 60[", Private,519006,High School,9,Married-civ-spouse,Technical, Husband,*,Male,0,0,52,North America,<=50K
3572,"[10, 20[", ?,37332,High School,9,Never-married,Other, Own-child,*,Female,1055,0,12,North America,<=50K
3573,"[10, 20[", ?,365871,High School,4,Never-married,Other, Not-in-family,*,Male,0,0,40,North America,<=50K
3574,"[60, 70[", State-gov,235882,Graduate,16,Married-civ-spouse,Technical, Husband,*,Male,0,2377,60,North America,>50K
3575,"[40, 50[", Private,336513,Undergraduate,10,Married-civ-spouse,Nontechnical, Husband,*,Male,0,1902,40,North America,>50K
3576,"[10, 20[", Private,115551,High School,7,Never-married,Other, Own-child,*,Female,0,0,20,North America,<=50K
3577,"[50, 60[", State-gov,50048,Graduate,16,Married-civ-spouse,Technical, Husband,*,Male,7688,0,50,North America,>50K
3578,"[30, 40[", Self-emp-inc,382802,Graduate,16,Married-civ-spouse,Technical, Husband,*,Male,0,0,99,North America,>50K
3579,"[20, 30[", ?,180303,Undergraduate,13,Never-married,Other, Not-in-family,*,Male,0,0,25,Unknown,<=50K
3580,"[60, 70[", Private,106023,High School,9,Married-civ-spouse,Technical, Husband,*,Male,0,0,40,North America,>50K
3582,"[20, 30[", Private,95465,High School,9,Married-civ-spouse,Other, Husband,*,Male,0,0,40,North America,<=50K
3583,"[40, 50[", Local-gov,96102,Undergraduate,10,Married-civ-spouse,Other, Husband,*,Male,0,1887,40,North America,>50K
3584,"[20, 30[", Private,36440,Professional Education,15,Never-married,Technical, Not-in-family,*,Female,0,0,65,North America,>50K
3585,"[20, 30[", Self-emp-not-inc,209384,High School,9,Never-married,Other, Other-relative,*,Male,0,0,32,North America,<=50K
3586,"[20, 30[", Private,50814,High School,9,Never-married,Technical, Not-in-family,*,Female,0,0,40,North America,<=50K
3587,"[50, 60[", Private,143865,High School,9,Divorced,Nontechnical, Unmarried,*,Female,0,0,35,North America,<=50K
3588,"[70, 80[", ?,104661,Undergraduate,10,Widowed,Other, Not-in-family,*,Female,0,0,12,North America,<=50K
3589,"[30, 40[", Local-gov,50442,Undergraduate,10,Never-married,Nontechnical, Own-child,*,Female,0,0,32,North America,<=50K
3590,"[20, 30[", Private,236601,Undergraduate,10,Never-married,Technical, Not-in-family,*,Male,0,0,48,North America,<=50K
3591,"[10, 20[", Private,100999,Undergraduate,13,Never-married,Technical, Own-child,*,Female,0,0,30,North America,<=50K
3593,"[60, 70[", Self-emp-not-inc,32423,High School,9,Married-civ-spouse,Other, Wife,*,Female,22040,0,40,North America,<=50K
3594,"[50, 60[", ?,154236,High School,9,Married-civ-spouse,Other, Wife,*,Female,7688,0,40,North America,>50K
3595,"[20, 30[", Self-emp-inc,153546,Professional Education,11,Married-civ-spouse,Other, Wife,*,Female,0,0,36,North America,>50K
3596,"[10, 20[", Private,182355,Undergraduate,10,Never-married,Other, Own-child,*,Female,0,0,20,North America,<=50K
3597,"[20, 30[", ?,191444,High School,9,Never-married,Other, Own-child,*,Male,0,0,40,North America,<=50K
3598,"[20, 30[", Local-gov,44216,High School,9,Divorced,Other, Not-in-family,*,Female,0,0,35,North America,<=50K
3599,"[40, 50[", Private,97688,Undergraduate,10,Married-civ-spouse,Technical, Husband,*,Male,0,0,48,North America,>50K
3600,"[50, 60[", Private,209022,High School,7,Divorced,Other, Not-in-family,*,Female,0,0,37,North America,<=50K
3601,"[30, 40[", Private,96016,Undergraduate,13,Never-married,Technical, Not-in-family,*,Male,0,0,45,North America,<=50K
3603,"[60, 70[", Private,159046,High School,4,Married-civ-spouse,Other, Husband,*,Male,0,0,40,North America,<=50K
3604,"[40, 50[", Private,138634,High School,9,Married-civ-spouse,Nontechnical, Husband,*,Male,0,0,40,North America,<=50K
3605,"[10, 20[", Private,130125,High School,6,Never-married,Other, Own-child,*,Female,1055,0,20,North America,<=50K
3606,"[70, 80[", Private,247355,High School,9,Married-civ-spouse,Other, Husband,*,Male,0,0,16,North America,<=50K
3607,"[40, 50[", Self-emp-not-inc,227065,Undergraduate,10,Separated,Technical, Not-in-family,*,Male,0,0,40,North America,<=50K
3608,"[20, 30[", Private,244771,Undergraduate,10,Never-married,Technical, Own-child,*,Female,0,0,20,North America,<=50K
3609,"[20, 30[", Private,215616,High School,9,Never-married,Technical, Not-in-family,*,Female,0,0,40,North America,<=50K
3610,"[60, 70[", Private,386672,Professional Education,11,Married-civ-spouse,Other, Husband,*,Male,0,0,15,North America,<=50K
3611,"[40, 50[", Self-emp-inc,177543,High School,9,Married-civ-spouse,Nontechnical, Wife,*,Female,0,0,50,North America,<=50K
3612,"[50, 60[", Federal-gov,617021,Undergraduate,13,Married-civ-spouse,Technical, Husband,*,Male,7688,0,40,North America,>50K
3613,"[20, 30[", Local-gov,117109,Undergraduate,13,Never-married,Other, Own-child,*,Female,0,0,27,North America,<=50K
3614,"[20, 30[", Private,373550,Professional Education,11,Married-civ-spouse,Technical, Husband,*,Male,0,0,40,North America,<=50K
3615,"[30, 40[", Private,19847,Undergraduate,10,Divorced,Technical, Own-child,*,Female,0,0,40,North America,<=50K
3616,"[20, 30[", Private,189590,Undergraduate,13,Never-married,Nontechnical, Not-in-family,*,Male,0,0,40,North America,<=50K
3617,"[30, 40[", Self-emp-not-inc,58343,High School,9,Divorced,Other, Unmarried,*,Male,0,0,56,North America,<=50K
3618,"[10, 20[", Private,354201,High School,9,Never-married,Other, Own-child,*,Male,0,0,40,North America,<=50K
3619,"[30, 40[", Private,119422,High School,9,Married-civ-spouse,Nontechnical, Husband,*,Male,0,0,40,North America,<=50K
3620,"[50, 60[", Private,363405,High School,9,Separated,Other, Other-relative,*,Female,0,0,40,North America,<=50K
3622,"[20, 30[", Private,194472,High School,9,Never-married,Other, Not-in-family,*,Female,0,0,60,North America,<=50K
3623,"[30, 40[", Private,247328,High School,5,Married-civ-spouse,Technical, Husband,*,Male,3137,0,40,North America,<=50K
3624,"[70, 80[", Self-emp-not-inc,130731,High School,9,Widowed,Other, Not-in-family,*,Female,0,0,35,North America,<=50K
3625,"[30, 40[", Private,236910,Undergraduate,13,Married-civ-spouse,Nontechnical, Husband,*,Male,0,0,60,North America,<=50K
3626,"[40, 50[", Private,378251,High School,9,Married-civ-spouse,Other, Wife,*,Female,0,0,38,North America,<=50K
3627,"[30, 40[", Private,120760,Graduate,14,Married-civ-spouse,Technical, Husband,*,Male,0,0,40,Asia,<=50K
3628,"[20, 30[", Private,203182,Undergraduate,13,Never-married,Nontechnical, Other-relative,*,Female,0,0,20,North America,<=50K
3629,"[30, 40[", Private,130304,High School,9,Married-civ-spouse,Technical, Husband,*,Male,0,1485,48,North America,<=50K
3630,"[30, 40[", Local-gov,352542,Undergraduate,13,Divorced,Technical, Unmarried,*,Female,0,0,40,North America,<=50K
3631,"[60, 70[", ?,191024,High School,9,Married-civ-spouse,Other, Husband,*,Male,0,0,40,North America,<=50K
3632,"[20, 30[", Private,197728,Undergraduate,10,Never-married,Other, Own-child,*,Female,0,0,40,North America,<=50K
3633,"[70, 80[", Private,316185,High School,4,Widowed,Other, Not-in-family,*,Female,0,0,12,North America,<=50K
3634,"[40, 50[", Private,89226,High School,9,Divorced,Technical, Not-in-family,*,Male,0,0,40,North America,<=50K
3635,"[20, 30[", Private,292353,High School,4,Married-civ-spouse,Technical, Husband,*,Male,0,0,40,North America,<=50K
3636,"[40, 50[", Private,304570,High School,8,Married-civ-spouse,Technical, Husband,*,Male,0,0,40,Unknown,<=50K
3637,"[30, 40[", Private,180296,Undergraduate,10,Divorced,Other, Unmarried,*,Female,0,0,40,North America,<=50K
3638,"[20, 30[", Private,361487,High School,9,Never-married,Technical, Not-in-family,*,Male,0,0,40,North America,<=50K
3639,"[30, 40[", Private,218490,Undergraduate,13,Married-civ-spouse,Nontechnical, Husband,*,Male,0,1848,40,North America,>50K
3641,"[20, 30[", Private,189832,Professional Education,12,Never-married,Other, Unmarried,*,Female,0,0,40,North America,<=50K
3642,"[60, 70[", Private,232308,High School,6,Married-civ-spouse,Technical, Husband,*,Male,0,0,40,North America,<=50K
3643,"[30, 40[", State-gov,33308,Professional Education,11,Married-civ-spouse,Technical, Husband,*,Male,0,0,40,North America,<=50K
3644,"[20, 30[", Private,333677,High School,5,Married-civ-spouse,Technical, Husband,*,Male,0,0,45,North America,<=50K
3645,"[30, 40[", Private,170651,High School,9,Never-married,Other, Own-child,*,Female,1055,0,40,North America,<=50K
3646,"[30, 40[", Private,343403,High School,9,Married-civ-spouse,Nontechnical, Wife,*,Female,0,0,36,North America,<=50K
3648,"[20, 30[", Federal-gov,48099,Undergraduate,13,Never-married,Nontechnical, Not-in-family,*,Female,0,0,40,North America,<=50K
3649,"[20, 30[", Private,143062,Undergraduate,10,Never-married,Other, Own-child,*,Male,0,0,32,North America,<=50K
3650,"[10, 20[", Private,104704,High School,9,Never-married,Other, Own-child,*,Male,0,0,40,North America,<=50K
3651,"[30, 40[", Private,30497,Undergraduate,13,Married-civ-spouse,Nontechnical, Husband,*,Male,15024,0,60,North America,>50K
3652,"[40, 50[", State-gov,174325,Graduate,14,Married-civ-spouse,Technical, Husband,*,Male,7688,0,40,North America,>50K
3653,"[30, 40[", Private,286675,High School,9,Divorced,Technical, Own-child,*,Male,0,0,50,North America,<=50K
3654,"[40, 50[", Private,59474,High School,9,Married-civ-spouse,Other, Husband,*,Male,0,0,40,North America,>50K
3655,"[40, 50[", Private,378384,Professional Education,15,Married-civ-spouse,Technical, Husband,*,Male,0,1902,60,North America,>50K
3656,"[40, 50[", Private,245842,High School,9,Married-civ-spouse,Technical, Husband,*,Male,0,0,44,North America,<=50K
3657,"[30, 40[", Private,274222,Undergraduate,13,Married-civ-spouse,Other, Husband,*,Male,7688,0,38,North America,>50K
3658,"[20, 30[", Private,342575,Undergraduate,10,Never-married,Nontechnical, Own-child,*,Female,0,0,30,North America,<=50K
3659,"[30, 40[", Private,206051,High School,9,Married-civ-spouse,Nontechnical, Husband,*,Male,0,0,40,North America,>50K
3660,"[50, 60[", Private,234213,High School,9,Married-civ-spouse,Other, Husband,*,Male,0,0,60,North America,<=50K
3661,"[50, 60[", Private,145189,Undergraduate,10,Never-married,Other, Not-in-family,*,Female,0,0,40,North America,<=50K
3662,"[30, 40[", Private,233490,High School,9,Never-married,Other, Not-in-family,*,Male,0,0,50,North America,<=50K
3663,"[30, 40[", Private,344129,High School,9,Married-civ-spouse,Technical, Husband,*,Male,0,0,40,North America,>50K
3664,"[60, 70[", Self-emp-not-inc,171315,Undergraduate,13,Married-civ-spouse,Technical, Husband,*,Male,0,0,60,North America,>50K
3665,"[30, 40[", Self-emp-not-inc,181485,Undergraduate,13,Never-married,Nontechnical, Not-in-family,*,Male,0,0,40,North America,>50K
3668,"[40, 50[", Private,199590,Primary School,3,Married-civ-spouse,Other, Husband,*,Male,0,0,38,North America,<=50K
3669,"[40, 50[", Private,84726,Undergraduate,10,Married-civ-spouse,Technical, Husband,*,Male,0,0,40,North America,<=50K
3670,"[30, 40[", ?,226883,High School,9,Divorced,Other, Own-child,*,Male,0,0,75,North America,<=50K
3671,"[70, 80[", Self-emp-not-inc,184335,High School,7,Married-civ-spouse,Nontechnical, Husband,*,Male,0,0,30,North America,<=50K
3672,"[40, 50[", Private,102025,Graduate,14,Married-civ-spouse,Technical, Husband,*,Male,0,0,50,North America,<=50K
3674,"[30, 40[", Private,55291,Undergraduate,13,Married-civ-spouse,Technical, Husband,*,Male,0,0,40,North America,>50K
3675,"[20, 30[", Private,150025,Primary School,3,Never-married,Nontechnical, Other-relative,*,Male,0,0,40,North America,<=50K
3676,"[40, 50[", Private,100584,High School,9,Married-civ-spouse,Technical, Husband,*,Male,0,0,40,North America,<=50K
3677,"[50, 60[", Local-gov,181755,Graduate,14,Divorced,Technical, Not-in-family,*,Female,0,0,35,North America,>50K
3678,"[40, 50[", Private,150528,Undergraduate,13,Married-civ-spouse,Other, Husband,*,Male,0,0,40,North America,<=50K
3679,"[10, 20[", Private,107277,High School,7,Never-married,Nontechnical, Own-child,*,Female,0,0,20,North America,<=50K
3681,"[20, 30[", Private,291979,High School,9,Never-married,Nontechnical, Own-child,*,Male,0,0,40,North America,<=50K
3682,"[30, 40[", Private,270985,Undergraduate,10,Married-civ-spouse,Nontechnical, Husband,*,Male,0,0,50,North America,<=50K
3683,"[40, 50[", Private,62605,High School,9,Divorced,Other, Not-in-family,*,Female,0,0,35,North America,<=50K
3684,"[40, 50[", Self-emp-not-inc,176863,High School,9,Married-civ-spouse,Nontechnical, Husband,*,Male,0,0,40,North America,<=50K
3685,"[50, 60[", Private,53197,High School,9,Married-civ-spouse,Technical, Husband,*,Male,0,0,40,North America,<=50K
3686,"[30, 40[", Self-emp-not-inc,267776,High School,9,Never-married,Other, Other-relative,*,Female,0,0,30,North America,<=50K
3687,"[20, 30[", Private,308205,High School,4,Never-married,Nontechnical, Other-relative,*,Male,0,0,40,North America,<=50K
3688,"[30, 40[", Private,306383,Undergraduate,10,Divorced,Nontechnical, Not-in-family,*,Male,0,0,50,North America,<=50K
3689,"[70, 80[", Private,35494,High School,9,Married-civ-spouse,Nontechnical, Husband,*,Male,0,0,30,North America,<=50K
3690,"[20, 30[", Private,291968,High School,9,Married-civ-spouse,Other, Husband,*,Male,0,0,44,North America,<=50K
3691,"[30, 40[", Private,80933,High School,9,Married-civ-spouse,Technical, Husband,*,Male,0,1672,40,North America,<=50K
3692,"[40, 50[", Private,271828,High School,9,Married-civ-spouse,Technical, Husband,*,Male,0,0,40,North America,>50K
3694,"[30, 40[", Local-gov,31023,Undergraduate,10,Married-civ-spouse,Other, Husband,*,Male,0,0,40,North America,<=50K
3695,"[30, 40[", Self-emp-not-inc,36425,Undergraduate,10,Divorced,Nontechnical, Unmarried,*,Female,0,0,35,North America,<=50K
3696,"[20, 30[", Private,407684,High School,5,Never-married,Technical, Other-relative,*,Female,0,0,40,North America,<=50K
3697,"[20, 30[", Private,241895,High School,9,Married-civ-spouse,Nontechnical, Husband,*,Male,0,1628,40,North America,<=50K
3698,"[40, 50[", Self-emp-not-inc,158555,Undergraduate,10,Married-civ-spouse,Nontechnical, Husband,*,Male,0,0,50,North America,>50K
3699,"[50, 60[", Private,140363,High School,9,Divorced,Technical, Not-in-family,*,Male,3325,0,30,North America,<=50K
3700,"[50, 60[", Private,123429,Undergraduate,10,Married-civ-spouse,Nontechnical, Husband,*,Male,0,0,60,North America,>50K
3701,"[20, 30[", Private,40060,Undergraduate,10,Married-civ-spouse,Nontechnical, Husband,*,Male,0,0,40,North America,<=50K
3702,"[20, 30[", Private,290286,High School,9,Never-married,Technical, Not-in-family,*,Male,0,0,40,North America,<=50K
3703,"[20, 30[", ?,249271,Undergraduate,10,Married-civ-spouse,Other, Husband,*,Male,0,0,40,North America,<=50K
3704,"[30, 40[", Local-gov,106169,Graduate,14,Divorced,Technical, Not-in-family,*,Female,0,0,50,North America,<=50K
3705,"[40, 50[", Private,76487,High School,7,Married-civ-spouse,Technical, Husband,*,Male,0,0,40,North America,<=50K
3706,"[20, 30[", Private,437994,Undergraduate,10,Never-married,Other, Other-relative,*,Male,0,0,20,North America,<=50K
3707,"[40, 50[", Private,113555,Undergraduate,10,Married-civ-spouse,Technical, Husband,*,Male,7298,0,50,North America,>50K
3709,"[40, 50[", Local-gov,343079,Undergraduate,13,Married-civ-spouse,Technical, Wife,*,Female,0,1740,20,North America,<=50K
3710,"[20, 30[", Private,406662,High School,9,Never-married,Other, Not-in-family,*,Male,4416,0,40,North America,<=50K
3711,"[40, 50[", Self-emp-not-inc,37618,Undergraduate,10,Married-civ-spouse,Other, Husband,*,Male,0,0,60,North America,<=50K
3712,"[20, 30[", Private,114158,Professional Education,11,Never-married,Other, Own-child,*,Female,0,0,35,North America,<=50K
3713,"[40, 50[", Private,115562,High School,9,Divorced,Other, Own-child,*,Male,0,0,40,North America,<=50K
3715,"[20, 30[", Private,344891,Undergraduate,10,Never-married,Other, Own-child,*,Male,0,0,20,North America,<=50K
3716,"[40, 50[", Private,286750,Undergraduate,13,Married-civ-spouse,Nontechnical, Husband,*,Male,0,0,50,North America,>50K
3717,"[20, 30[", Private,194197,Undergraduate,13,Never-married,Nontechnical, Own-child,*,Male,0,0,40,North America,<=50K
3718,"[10, 20[", Self-emp-not-inc,206599,Undergraduate,10,Never-married,Other, Own-child,*,Female,0,0,22,North America,<=50K
3719,"[20, 30[", Local-gov,596776,Undergraduate,10,Never-married,Other, Own-child,*,Male,0,0,40,North America,<=50K
3720,"[40, 50[", Private,56841,High School,9,Married-civ-spouse,Other, Husband,*,Male,0,0,40,North America,<=50K
3721,"[30, 40[", Private,112561,Undergraduate,13,Married-civ-spouse,Nontechnical, Husband,*,Male,0,0,55,North America,>50K
3722,"[40, 50[", Private,147110,Undergraduate,10,Never-married,Other, Unmarried,*,Male,0,0,48,North America,>50K
3723,"[50, 60[", Self-emp-inc,175339,High School,9,Married-civ-spouse,Nontechnical, Husband,*,Male,0,0,50,North America,>50K
3724,"[30, 40[", Private,234901,Graduate,14,Married-civ-spouse,Nontechnical, Husband,*,Male,0,1977,60,North America,>50K
3725,"[10, 20[", ?,298133,Undergraduate,10,Never-married,Other, Own-child,*,Male,0,0,40,North America,<=50K
3726,"[50, 60[", Private,217083,High School,9,Married-civ-spouse,Other, Wife,*,Female,0,0,40,North America,>50K
3727,"[30, 40[", Private,97757,Professional Education,11,Married-civ-spouse,Technical, Wife,*,Female,0,0,36,North America,>50K
3728,"[30, 40[", Private,151868,High School,5,Married-civ-spouse,Technical, Husband,*,Male,0,0,40,North America,<=50K
3729,"[20, 30[", Local-gov,25864,High School,9,Never-married,Nontechnical, Unmarried,*,Female,0,0,35,North America,<=50K
3730,"[20, 30[", Private,109419,Professional Education,11,Never-married,Other, Not-in-family,*,Female,0,0,45,North America,<=50K
3731,"[30, 40[", Federal-gov,203070,Undergraduate,10,Married-civ-spouse,Technical, Husband,*,Male,0,0,43,North America,<=50K
3732,"[30, 40[", Private,107843,High School,9,Married-civ-spouse,Technical, Husband,*,Male,5178,0,50,North America,>50K
3734,"[10, 20[", Private,148644,High School,9,Never-married,Nontechnical, Own-child,*,Female,0,0,28,North America,<=50K
3735,"[30, 40[", Private,125762,Undergraduate,10,Married-civ-spouse,Other, Husband,*,Male,0,0,30,North America,<=50K
3736,"[30, 40[", ?,53606,Professional Education,11,Married-civ-spouse,Other, Wife,*,Female,3908,0,8,North America,<=50K
3737,"[10, 20[", Private,193741,High School,7,Never-married,Other, Other-relative,*,Male,0,0,30,North America,<=50K
3738,"[20, 30[", Private,588905,High School,9,Married-civ-spouse,Technical, Husband,*,Male,0,0,40,North America,<=50K
3739,"[40, 50[", Private,115613,High School,5,Married-civ-spouse,Other, Husband,*,Male,0,0,40,North America,<=50K
3740,"[40, 50[", State-gov,222374,High School,9,Married-civ-spouse,Other, Husband,*,Male,0,0,43,North America,>50K
3741,"[30, 40[", Private,185359,High School,9,Married-civ-spouse,Other, Husband,*,Male,0,0,40,North America,<=50K
3742,"[30, 40[", Private,173647,Undergraduate,10,Divorced,Other, Not-in-family,*,Male,0,0,40,North America,<=50K
3744,"[20, 30[", ?,517995,High School,9,Never-married,Other, Own-child,*,Male,0,0,40,North America,<=50K
3745,"[20, 30[", Self-emp-not-inc,189027,High School,9,Married-civ-spouse,Other, Husband,*,Male,0,0,30,North America,<=50K
3746,"[30, 40[", Private,296125,High School,9,Separated,Other, Unmarried,*,Female,0,0,30,North America,<=50K
3747,"[30, 40[", ?,640383,Undergraduate,13,Divorced,Other, Unmarried,*,Female,0,0,40,North America,<=50K
3748,"[30, 40[", Private,334291,Undergraduate,10,Married-civ-spouse,Technical, Husband,*,Male,0,0,50,North America,<=50K
3749,"[50, 60[", Private,318450,Graduate,14,Married-civ-spouse,Other, Husband,*,Male,0,0,80,North America,>50K
3750,"[20, 30[", Private,174163,Undergraduate,10,Divorced,Nontechnical, Not-in-family,*,Female,0,0,40,North America,<=50K
3751,"[40, 50[", Private,119721,High School,9,Married-civ-spouse,Technical, Husband,*,Male,0,0,40,North America,<=50K
3752,"[40, 50[", Private,142719,High School,9,Married-civ-spouse,Technical, Husband,*,Male,0,0,40,North America,<=50K
3753,"[20, 30[", Private,162593,Undergraduate,13,Never-married,Other, Not-in-family,*,Female,0,0,40,North America,<=50K
3754,"[40, 50[", Self-emp-not-inc,236852,Undergraduate,13,Married-civ-spouse,Nontechnical, Husband,*,Male,0,0,45,North America,>50K
3755,"[20, 30[", Local-gov,154863,High School,9,Never-married,Other, Other-relative,*,Male,0,1876,40,North America,<=50K
3756,"[30, 40[", Private,168894,Undergraduate,13,Divorced,Other, Unmarried,*,Female,0,0,20,North America,<=50K
3757,"[40, 50[", Self-emp-not-inc,344920,Undergraduate,10,Married-civ-spouse,Other, Wife,*,Female,0,0,50,North America,<=50K
3758,"[30, 40[", Private,33355,High School,9,Married-civ-spouse,Other, Husband,*,Male,7298,0,48,North America,>50K
3759,"[60, 70[", ?,196782,High School,4,Married-civ-spouse,Other, Husband,*,Male,0,0,30,North America,<=50K
3760,"[30, 40[", Self-emp-inc,291518,Undergraduate,13,Married-civ-spouse,Technical, Husband,*,Male,15024,0,55,North America,>50K
3762,"[20, 30[", Private,369549,Undergraduate,10,Never-married,Other, Not-in-family,*,Female,0,0,30,North America,<=50K
3763,"[20, 30[", Private,23438,Professional Education,11,Never-married,Other, Not-in-family,*,Male,0,0,30,North America,>50K
3764,"[10, 20[", Private,202673,Undergraduate,10,Never-married,Nontechnical, Own-child,*,Male,0,0,50,North America,<=50K
3766,"[30, 40[", Local-gov,264503,High School,9,Married-civ-spouse,Other, Husband,*,Male,0,0,40,North America,<=50K
3767,"[30, 40[", Local-gov,244341,Undergraduate,10,Never-married,Other, Unmarried,*,Female,0,0,40,North America,<=50K
3768,"[20, 30[", Private,209109,Undergraduate,13,Married-civ-spouse,Other, Husband,*,Male,0,0,50,North America,<=50K
3769,"[20, 30[", Private,187392,High School,9,Never-married,Other, Not-in-family,*,Female,0,0,40,North America,<=50K
3770,"[40, 50[", State-gov,119578,Undergraduate,13,Never-married,Technical, Unmarried,*,Female,0,0,20,North America,<=50K
3771,"[50, 60[", Private,195105,High School,9,Divorced,Other, Own-child,*,Female,0,0,40,North America,<=50K
3772,"[50, 60[", Private,101752,Professional Education,11,Married-civ-spouse,Other, Husband,*,Male,0,0,56,North America,<=50K
3773,"[70, 80[", ?,95825,Undergraduate,10,Widowed,Other, Not-in-family,*,Female,0,0,3,North America,<=50K
3774,"[40, 50[", Self-emp-inc,362654,Undergraduate,10,Married-civ-spouse,Nontechnical, Husband,*,Male,15024,0,50,North America,>50K
3775,"[20, 30[", ?,29810,Undergraduate,10,Never-married,Other, Own-child,*,Female,0,0,40,North America,<=50K
3776,"[40, 50[", Federal-gov,77332,Undergraduate,10,Divorced,Other, Not-in-family,*,Female,0,0,50,North America,<=50K
3778,"[60, 70[", Private,113324,Undergraduate,10,Married-civ-spouse,Other, Husband,*,Male,0,0,40,North America,<=50K
3779,"[60, 70[", Private,96299,High School,9,Divorced,Other, Unmarried,*,Male,0,0,45,North America,>50K
3780,"[50, 60[", Private,237729,Undergraduate,10,Divorced,Other, Unmarried,*,Female,0,0,40,North America,<=50K
3781,"[20, 30[", Private,200973,High School,9,Never-married,Other, Not-in-family,*,Female,0,0,40,North America,<=50K
3783,"[30, 40[", Self-emp-not-inc,131568,High School,9,Married-civ-spouse,Nontechnical, Husband,*,Male,0,0,66,North America,<=50K
3784,"[40, 50[", Private,185859,High School,9,Married-civ-spouse,Technical, Husband,*,Male,0,0,43,North America,<=50K
3785,"[20, 30[", Private,231981,Undergraduate,10,Never-married,Other, Not-in-family,*,Male,0,0,32,North America,<=50K
3786,"[30, 40[", Self-emp-inc,117963,Professional Education,12,Married-civ-spouse,Nontechnical, Husband,*,Male,0,1887,60,North America,>50K
3788,"[50, 60[", Private,164135,High School,9,Married-civ-spouse,Nontechnical, Husband,*,Male,0,0,50,North America,>50K
3789,"[30, 40[", Private,171216,Undergraduate,13,Married-civ-spouse,Nontechnical, Husband,*,Male,0,0,50,North America,>50K
3790,"[40, 50[", Private,140664,Undergraduate,13,Divorced,Nontechnical, Not-in-family,*,Male,0,0,45,North America,<=50K
3791,"[20, 30[", Private,249277,High School,9,Never-married,Nontechnical, Own-child,*,Male,0,0,75,North America,<=50K
3792,"[50, 60[", Federal-gov,117847,Professional Education,12,Married-civ-spouse,Other, Husband,*,Male,0,0,40,North America,<=50K
3793,"[10, 20[", Private,52372,Undergraduate,10,Never-married,Other, Own-child,*,Male,0,0,20,North America,<=50K
3794,"[20, 30[", Federal-gov,95806,Undergraduate,10,Never-married,Technical, Not-in-family,*,Male,3325,0,40,North America,<=50K
3795,"[50, 60[", Private,137428,High School,4,Married-civ-spouse,Other, Husband,*,Male,0,0,60,North America,>50K
3797,"[60, 70[", Private,339168,Undergraduate,13,Married-civ-spouse,Other, Husband,*,Male,0,0,30,North America,<=50K
3798,"[30, 40[", Private,504725,High School,6,Never-married,Nontechnical, Other-relative,*,Male,0,0,18,North America,<=50K
3799,"[20, 30[", Private,132870,High School,7,Married-civ-spouse,Technical, Husband,*,Male,0,0,45,North America,<=50K
3800,"[50, 60[", Local-gov,135840,High School,6,Married-civ-spouse,Other, Husband,*,Male,0,0,45,North America,<=50K
3801,"[30, 40[", Private,35644,High School,9,Never-married,Other, Own-child,*,Male,0,0,10,North America,<=50K
3802,"[20, 30[", Private,198148,Undergraduate,10,Never-married,Other, Own-child,*,Male,0,0,50,North America,<=50K
3803,"[20, 30[", Private,220098,High School,9,Never-married,Other, Own-child,*,Male,0,0,30,North America,<=50K
3804,"[10, 20[", Private,262515,High School,7,Never-married,Other, Other-relative,*,Male,0,0,20,North America,<=50K
3805,"[10, 20[", ?,423863,Undergraduate,10,Never-married,Other, Own-child,*,Female,0,0,35,North America,<=50K
3806,"[30, 40[", Federal-gov,111567,Professional Education,15,Married-civ-spouse,Technical, Husband,*,Male,0,0,40,North America,>50K
3807,"[20, 30[", Private,194096,Undergraduate,13,Never-married,Nontechnical, Own-child,*,Female,0,0,40,North America,<=50K
3808,"[50, 60[", Local-gov,420917,Undergraduate,13,Married-civ-spouse,Technical, Husband,*,Male,0,0,45,North America,<=50K
3809,"[20, 30[", Private,197871,Undergraduate,10,Married-civ-spouse,Nontechnical, Husband,*,Male,0,0,44,North America,>50K
3810,"[40, 50[", Local-gov,253116,Undergraduate,13,Never-married,Technical, Not-in-family,*,Female,0,0,40,North America,<=50K
3811,"[30, 40[", Private,206535,Undergraduate,10,Divorced,Technical, Unmarried,*,Female,0,0,50,North America,<=50K
3812,"[20, 30[", State-gov,70447,High School,9,Married-civ-spouse,Other, Husband,*,Male,0,0,40,North America,>50K
3813,"[40, 50[", Private,201217,High School,9,Divorced,Technical, Not-in-family,*,Female,0,0,40,North America,<=50K
3814,"[20, 30[", Private,209970,Undergraduate,13,Never-married,Technical, Not-in-family,*,Female,0,0,40,North America,<=50K
3815,"[20, 30[", Private,196745,Undergraduate,10,Never-married,Other, Own-child,*,Female,594,0,16,North America,<=50K
3816,"[20, 30[", Local-gov,175262,Graduate,14,Married-civ-spouse,Technical, Other-relative,*,Male,0,0,35,North America,<=50K
3817,"[50, 60[", Self-emp-inc,304955,Graduate,14,Married-civ-spouse,Nontechnical, Husband,*,Male,0,0,50,North America,>50K
3818,"[40, 50[", Private,181265,Undergraduate,10,Married-civ-spouse,Technical, Husband,*,Male,0,0,52,North America,<=50K
3819,"[20, 30[", Private,200973,Undergraduate,10,Never-married,Other, Not-in-family,*,Female,0,0,40,North America,<=50K
3820,"[20, 30[", Self-emp-not-inc,37440,Undergraduate,13,Never-married,Other, Unmarried,*,Male,0,0,50,North America,<=50K
3821,"[30, 40[", Private,395170,Professional Education,11,Married-civ-spouse,Other, Wife,*,Female,0,0,24,North America,<=50K
3822,"[50, 60[", ?,32385,High School,9,Divorced,Other, Not-in-family,*,Female,0,0,30,North America,<=50K
3824,"[10, 20[", Private,38619,Undergraduate,10,Never-married,Other, Own-child,*,Male,0,0,66,North America,<=50K
3825,"[20, 30[", Private,177711,High School,9,Never-married,Other, Own-child,*,Male,0,0,40,North America,<=50K
3826,"[20, 30[", Private,190761,High School,6,Married-civ-spouse,Other, Husband,*,Male,0,0,70,North America,<=50K
3827,"[20, 30[", Private,27776,Undergraduate,10,Married-civ-spouse,Other, Husband,*,Male,0,0,24,North America,<=50K
3828,"[30, 40[", Federal-gov,470663,Undergraduate,10,Never-married,Technical, Not-in-family,*,Male,0,0,40,North America,<=50K
3829,"[40, 50[", Private,71738,Graduate,14,Married-civ-spouse,Nontechnical, Husband,*,Male,0,0,46,North America,>50K
3830,"[50, 60[", Private,74156,High School,9,Married-civ-spouse,Other, Husband,*,Male,0,0,30,North America,<=50K
3831,"[40, 50[", Private,202467,Undergraduate,13,Married-civ-spouse,Technical, Husband,*,Male,0,1485,40,North America,>50K
3833,"[40, 50[", Private,193494,Undergraduate,10,Married-civ-spouse,Technical, Husband,*,Male,0,0,40,North America,<=50K
3835,"[40, 50[", Private,130571,High School,9,Never-married,Other, Not-in-family,*,Female,0,0,40,North America,<=50K
3836,"[50, 60[", Self-emp-inc,90363,Professional Education,15,Married-civ-spouse,Technical, Husband,*,Male,99999,0,35,North America,>50K
3837,"[40, 50[", Private,83444,High School,9,Divorced,Nontechnical, Not-in-family,*,Male,0,0,40,North America,<=50K
3838,"[40, 50[", Self-emp-not-inc,239093,Undergraduate,10,Married-civ-spouse,Nontechnical, Husband,*,Male,3137,0,40,North America,<=50K
3840,"[20, 30[", Private,56630,Professional Education,11,Married-civ-spouse,Other, Husband,*,Male,0,0,40,North America,<=50K
3841,"[40, 50[", Private,117095,High School,9,Separated,Technical, Unmarried,*,Female,0,0,40,North America,<=50K
3842,"[50, 60[", Federal-gov,189985,Undergraduate,10,Divorced,Other, Unmarried,*,Female,0,0,40,North America,<=50K
3843,"[20, 30[", ?,34862,Undergraduate,10,Never-married,Other, Own-child,*,Male,0,0,72,North America,<=50K
3844,"[30, 40[", Self-emp-inc,126675,Undergraduate,13,Never-married,Nontechnical, Own-child,*,Male,0,0,40,North America,<=50K
3845,"[40, 50[", State-gov,199806,Undergraduate,13,Married-civ-spouse,Other, Husband,*,Male,0,0,40,North America,>50K
3846,"[20, 30[", Private,57596,Undergraduate,10,Divorced,Other, Not-in-family,*,Female,0,0,40,North America,<=50K
3847,"[40, 50[", Private,103459,High School,9,Married-civ-spouse,Nontechnical, Wife,*,Female,0,0,40,North America,>50K
3849,"[30, 40[", Private,298841,Undergraduate,10,Never-married,Nontechnical, Not-in-family,*,Female,0,0,45,North America,<=50K
3850,"[40, 50[", Private,33300,Professional Education,11,Married-civ-spouse,Nontechnical, Husband,*,Male,0,1977,50,North America,>50K
3851,"[20, 30[", ?,306031,Undergraduate,10,Never-married,Other, Own-child,*,Male,0,0,40,North America,<=50K
3852,"[10, 20[", Private,306467,Undergraduate,10,Never-married,Other, Own-child,*,Female,0,0,20,North America,<=50K
3853,"[20, 30[", Private,189888,High School,8,Never-married,Other, Not-in-family,*,Male,0,0,40,North America,<=50K
3854,"[60, 70[", Private,83861,High School,9,Married-civ-spouse,Nontechnical, Husband,*,Male,0,0,40,North America,<=50K
3855,"[30, 40[", Private,117393,High School,9,Never-married,Nontechnical, Not-in-family,*,Female,0,0,40,North America,<=50K
3856,"[20, 30[", Private,129934,Undergraduate,10,Never-married,Other, Not-in-family,*,Male,0,0,40,Unknown,<=50K
3857,"[50, 60[", Private,179010,Undergraduate,10,Divorced,Nontechnical, Not-in-family,*,Female,0,0,60,North America,<=50K
3859,"[40, 50[", Private,316101,High School,9,Divorced,Nontechnical, Unmarried,*,Female,0,0,40,North America,<=50K
3860,"[40, 50[", Private,293305,Undergraduate,13,Married-civ-spouse,Nontechnical, Husband,*,Male,0,1887,40,North America,>50K
3861,"[50, 60[", Local-gov,175750,High School,9,Divorced,Other, Unmarried,*,Male,0,0,40,North America,<=50K
3862,"[40, 50[", Private,121718,Professional Education,11,Married-civ-spouse,Technical, Husband,*,Male,0,1848,48,North America,>50K
3863,"[60, 70[", ?,94931,Professional Education,11,Married-civ-spouse,Other, Husband,*,Male,3411,0,40,North America,<=50K
3864,"[50, 60[", State-gov,229272,High School,9,Married-civ-spouse,Technical, Husband,*,Male,0,0,40,North America,>50K
3865,"[40, 50[", Private,142828,High School,9,Married-civ-spouse,Nontechnical, Wife,*,Female,0,0,40,North America,>50K
3866,"[50, 60[", Private,22743,Undergraduate,10,Married-civ-spouse,Other, Husband,*,Male,15024,0,60,North America,>50K
3867,"[60, 70[", Private,76371,High School,9,Married-civ-spouse,Nontechnical, Husband,*,Male,0,0,45,North America,>50K
3868,"[20, 30[", Self-emp-not-inc,216129,Professional Education,12,Never-married,Technical, Not-in-family,*,Male,0,0,30,North America,<=50K
3869,"[40, 50[", Private,107425,Graduate,14,Never-married,Nontechnical, Not-in-family,*,Female,0,0,35,North America,<=50K
3870,"[20, 30[", Private,611029,High School,6,Married-civ-spouse,Nontechnical, Husband,*,Male,0,0,40,North America,<=50K
3871,"[30, 40[", Local-gov,363032,High School,9,Married-civ-spouse,Other, Husband,*,Male,0,0,40,North America,<=50K
3872,"[30, 40[", Private,170020,High School,9,Married-civ-spouse,Technical, Husband,*,Male,3137,0,45,North America,<=50K
3873,"[30, 40[", Private,137900,High School,9,Never-married,Nontechnical, Not-in-family,*,Female,0,0,35,North America,<=50K
3874,"[20, 30[", Private,322674,Undergraduate,10,Never-married,Nontechnical, Own-child,*,Male,0,0,40,North America,<=50K
3875,"[30, 40[", Private,23778,High School,4,Separated,Nontechnical, Not-in-family,*,Male,0,0,40,North America,<=50K
3876,"[60, 70[", Private,147845,High School,4,Married-civ-spouse,Other, Husband,*,Male,0,0,31,North America,<=50K
3877,"[30, 40[", Private,175759,High School,9,Divorced,Nontechnical, Unmarried,*,Male,0,0,40,North America,<=50K
3878,"[50, 60[", Self-emp-inc,166459,Professional Education,11,Married-civ-spouse,Nontechnical, Husband,*,Male,0,0,40,North America,<=50K
3880,"[50, 60[", Federal-gov,127455,Undergraduate,10,Married-civ-spouse,Other, Husband,*,Male,0,0,48,North America,>50K
3881,"[60, 70[", Private,134699,High School,9,Widowed,Technical, Not-in-family,*,Female,0,0,25,North America,<=50K
3882,"[50, 60[", Private,254230,Undergraduate,10,Married-civ-spouse,Nontechnical, Husband,*,Male,0,0,40,North America,>50K
3883,"[60, 70[", Self-emp-not-inc,159715,High School,6,Married-civ-spouse,Technical, Husband,*,Male,0,0,40,North America,<=50K
3884,"[50, 60[", Local-gov,116286,Graduate,14,Married-civ-spouse,Technical, Husband,*,Male,0,0,60,North America,>50K
3885,"[20, 30[", Private,146719,High School,9,Divorced,Nontechnical, Own-child,*,Female,0,0,35,North America,<=50K
3886,"[30, 40[", Private,361888,Professional Education,12,Married-civ-spouse,Technical, Husband,*,Male,0,0,40,North America,>50K
3887,"[30, 40[", ?,26553,Undergraduate,13,Married-civ-spouse,Other, Wife,*,Female,0,0,25,North America,>50K
3888,"[40, 50[", Self-emp-not-inc,32825,High School,9,Separated,Technical, Unmarried,*,Male,0,0,40,North America,<=50K
3889,"[50, 60[", Private,225768,Professional Education,11,Married-civ-spouse,Technical, Husband,*,Male,0,0,40,North America,>50K
3890,"[20, 30[", Federal-gov,393728,Undergraduate,10,Divorced,Other, Own-child,*,Male,0,0,24,North America,<=50K
3891,"[40, 50[", Private,160369,High School,9,Never-married,Technical, Own-child,*,Male,0,0,40,North America,<=50K
3892,"[30, 40[", Private,191807,High School,9,Married-civ-spouse,Nontechnical, Husband,*,Male,15024,0,50,North America,>50K
3893,"[50, 60[", Federal-gov,176969,High School,9,Divorced,Technical, Not-in-family,*,Male,0,1590,40,North America,<=50K
3894,"[50, 60[", Federal-gov,33863,High School,9,Married-civ-spouse,Other, Husband,*,Male,0,0,40,North America,>50K
3895,"[60, 70[", ?,182687,Undergraduate,10,Married-civ-spouse,Other, Wife,*,Female,0,0,45,North America,>50K
3896,"[50, 60[", State-gov,141459,Undergraduate,10,Divorced,Technical, Unmarried,*,Female,0,0,40,North America,<=50K
3897,"[10, 20[", ?,174233,Undergraduate,10,Never-married,Other, Own-child,*,Male,0,0,24,North America,<=50K
3898,"[20, 30[", Local-gov,95393,High School,9,Never-married,Other, Own-child,*,Male,0,0,20,North America,<=50K
3899,"[20, 30[", Private,221095,High School,9,Never-married,Technical, Other-relative,*,Male,0,0,40,North America,<=50K
3900,"[50, 60[", Private,104501,Undergraduate,13,Married-civ-spouse,Nontechnical, Husband,*,Male,0,1902,55,North America,>50K
3901,"[10, 20[", ?,437851,Undergraduate,10,Never-married,Other, Own-child,*,Male,0,0,40,North America,<=50K
3902,"[20, 30[", ?,131230,Undergraduate,10,Never-married,Other, Own-child,*,Male,0,0,40,North America,<=50K
3903,"[20, 30[", Private,495888,High School,9,Never-married,Other, Not-in-family,*,Male,0,0,40,North America,<=50K
3904,"[60, 70[", Private,185691,High School,7,Married-civ-spouse,Other, Husband,*,Male,0,0,20,North America,<=50K
3905,"[50, 60[", Private,201822,High School,4,Married-civ-spouse,Nontechnical, Husband,*,Male,0,2002,40,North America,<=50K
3906,"[50, 60[", Local-gov,549341,Undergraduate,13,Married-civ-spouse,Technical, Husband,*,Male,0,0,35,North America,<=50K
3907,"[20, 30[", Private,247445,High School,9,Never-married,Other, Not-in-family,*,Male,0,0,40,North America,<=50K
3908,"[20, 30[", Private,199566,Undergraduate,13,Married-civ-spouse,Other, Husband,*,Male,0,0,40,North America,<=50K
3910,"[40, 50[", Private,185039,High School,9,Divorced,Nontechnical, Unmarried,*,Female,0,0,30,North America,<=50K
3911,"[60, 70[", Private,166124,High School,9,Married-civ-spouse,Technical, Husband,*,Male,0,0,40,North America,>50K
3912,"[40, 50[", Private,82649,Undergraduate,13,Married-civ-spouse,Technical, Husband,*,Male,5013,0,45,North America,<=50K
3913,"[40, 50[", Private,109275,Undergraduate,10,Married-civ-spouse,Nontechnical, Husband,*,Male,0,0,40,North America,<=50K
3914,"[30, 40[", Private,408328,High School,4,Married-civ-spouse,Technical, Husband,*,Male,0,0,40,North America,<=50K
3915,"[50, 60[", Private,186338,High School,9,Married-civ-spouse,Technical, Husband,*,Male,0,0,40,North America,>50K
3916,"[20, 30[", ?,130856,Undergraduate,13,Never-married,Other, Not-in-family,*,Male,0,0,40,North America,<=50K
3917,"[10, 20[", Private,251579,Undergraduate,10,Never-married,Other, Own-child,*,Male,0,0,14,North America,<=50K
3918,"[40, 50[", Private,76612,High School,9,Married-civ-spouse,Technical, Husband,*,Male,0,0,50,North America,<=50K
3919,"[20, 30[", Private,22546,Undergraduate,13,Never-married,Other, Own-child,*,Male,0,0,60,North America,<=50K
3920,"[70, 80[", Private,53684,Undergraduate,10,Married-civ-spouse,Other, Husband,*,Male,0,0,40,North America,<=50K
3921,"[20, 30[", Private,183627,High School,7,Divorced,Technical, Not-in-family,*,Male,0,0,40,North America,<=50K
3922,"[20, 30[", Private,73203,High School,9,Never-married,Other, Own-child,*,Female,0,0,40,North America,<=50K
3925,"[40, 50[", Self-emp-inc,145697,Undergraduate,10,Married-civ-spouse,Nontechnical, Husband,*,Male,0,0,30,North America,<=50K
3926,"[50, 60[", Private,326156,Undergraduate,10,Divorced,Technical, Not-in-family,*,Male,0,0,40,North America,>50K
3927,"[50, 60[", Private,201127,Graduate,14,Married-civ-spouse,Nontechnical, Husband,*,Male,0,0,48,North America,>50K
3928,"[30, 40[", Private,250791,High School,9,Married-civ-spouse,Nontechnical, Husband,*,Male,0,0,48,North America,<=50K
3929,"[40, 50[", Private,328216,High School,9,Married-civ-spouse,Technical, Husband,*,Male,0,0,40,North America,>50K
3930,"[20, 30[", Private,400443,High School,9,Never-married,Nontechnical, Own-child,*,Female,0,0,20,North America,<=50K
3932,"[30, 40[", Local-gov,127651,High School,9,Married-civ-spouse,Technical, Husband,*,Male,0,0,40,North America,>50K
3933,"[20, 30[", Private,250679,High School,9,Married-civ-spouse,Technical, Husband,*,Male,0,0,40,North America,<=50K
3934,"[50, 60[", Private,103950,Graduate,14,Divorced,Technical, Not-in-family,*,Female,0,0,40,North America,<=50K
3935,"[10, 20[", Private,200199,High School,7,Never-married,Nontechnical, Own-child,*,Female,0,0,35,North America,<=50K
3936,"[40, 50[", State-gov,295791,Professional Education,11,Divorced,Other, Unmarried,*,Female,0,0,38,North America,<=50K
3938,"[30, 40[", Private,82622,Undergraduate,10,Divorced,Technical, Unmarried,*,Male,0,0,40,North America,<=50K
3939,"[30, 40[", Private,160728,High School,9,Married-civ-spouse,Technical, Husband,*,Male,0,0,60,North America,<=50K
3942,"[20, 30[", ?,37215,Undergraduate,13,Never-married,Other, Own-child,*,Male,0,0,45,North America,<=50K
3943,"[40, 50[", Private,371299,High School,9,Never-married,Other, Unmarried,*,Female,0,0,35,North America,<=50K
3944,"[40, 50[", Private,421837,Undergraduate,10,Married-civ-spouse,Technical, Husband,*,Male,0,0,40,North America,<=50K
3945,"[30, 40[", Private,29702,Undergraduate,13,Married-civ-spouse,Nontechnical, Husband,*,Male,0,0,45,North America,>50K
3947,"[40, 50[", ?,240027,High School,9,Divorced,Other, Not-in-family,*,Female,0,0,40,North America,<=50K
3948,"[40, 50[", Private,338740,High School,9,Married-civ-spouse,Nontechnical, Husband,*,Male,0,0,40,North America,<=50K
3949,"[40, 50[", ?,28359,High School,9,Separated,Other, Unmarried,*,Female,0,0,10,North America,<=50K
3950,"[20, 30[", ?,315026,High School,9,Divorced,Other, Unmarried,*,Female,0,0,40,North America,<=50K
3951,"[20, 30[", Federal-gov,314525,Undergraduate,13,Never-married,Technical, Not-in-family,*,Male,0,1741,45,North America,<=50K
3952,"[30, 40[", Private,173005,Undergraduate,10,Married-civ-spouse,Technical, Husband,*,Male,0,0,50,North America,>50K
3953,"[40, 50[", Private,286750,Undergraduate,10,Married-civ-spouse,Other, Husband,*,Male,0,0,40,North America,<=50K
3954,"[40, 50[", Private,163985,High School,9,Married-civ-spouse,Nontechnical, Husband,*,Male,0,0,24,North America,<=50K
3955,"[30, 40[", Private,219318,High School,9,Never-married,Technical, Other-relative,*,Female,0,0,35,North America,<=50K
3956,"[40, 50[", Private,44121,Graduate,14,Divorced,Technical, Not-in-family,*,Female,0,1876,40,North America,<=50K
3957,"[50, 60[", Self-emp-not-inc,103794,Professional Education,11,Divorced,Technical, Not-in-family,*,Female,0,0,35,North America,<=50K
3958,"[40, 50[", Private,310632,Undergraduate,10,Married-civ-spouse,Technical, Husband,*,Male,0,0,40,North America,>50K
3959,"[30, 40[", Private,153976,Undergraduate,10,Married-civ-spouse,Technical, Husband,*,Male,0,0,52,North America,>50K
3960,"[40, 50[", Private,174575,Undergraduate,10,Divorced,Technical, Unmarried,*,Male,0,0,45,North America,<=50K
3961,"[60, 70[", Self-emp-not-inc,82388,High School,9,Married-civ-spouse,Technical, Husband,*,Male,10566,0,40,North America,<=50K
3964,"[30, 40[", Private,746786,Undergraduate,13,Married-civ-spouse,Technical, Husband,*,Male,0,0,55,North America,>50K
3965,"[40, 50[", Private,308296,High School,9,Married-civ-spouse,Other, Wife,*,Female,0,0,20,North America,<=50K
3966,"[40, 50[", Private,101825,Graduate,14,Married-civ-spouse,Technical, Wife,*,Female,0,1977,40,North America,>50K
3967,"[20, 30[", Private,109009,High School,7,Married-civ-spouse,Technical, Husband,*,Male,0,0,40,North America,<=50K
3968,"[40, 50[", Private,413363,High School,7,Married-civ-spouse,Other, Husband,*,Male,0,2002,40,North America,<=50K
3970,"[40, 50[", State-gov,296326,Undergraduate,13,Never-married,Other, Not-in-family,*,Male,0,0,40,North America,<=50K
3971,"[30, 40[", Private,208358,High School,5,Divorced,Nontechnical, Not-in-family,*,Male,4650,0,56,North America,<=50K
3973,"[20, 30[", Private,193219,High School,9,Never-married,Other, Own-child,*,Female,0,0,35,North America,<=50K
3974,"[40, 50[", Private,86399,Undergraduate,10,Separated,Other, Not-in-family,*,Female,0,0,38,North America,<=50K
3975,"[20, 30[", Private,215251,Undergraduate,13,Never-married,Nontechnical, Not-in-family,*,Female,0,0,50,North America,<=50K
3976,"[60, 70[", Self-emp-not-inc,124470,High School,9,Married-civ-spouse,Other, Husband,*,Male,0,0,60,North America,<=50K
3977,"[20, 30[", Private,228649,Undergraduate,13,Never-married,Other, Own-child,*,Male,0,0,38,North America,<=50K
3978,"[50, 60[", Self-emp-not-inc,386397,Undergraduate,13,Married-civ-spouse,Nontechnical, Husband,*,Male,0,0,60,North America,<=50K
3979,"[40, 50[", Private,96798,Graduate,14,Divorced,Nontechnical, Not-in-family,*,Male,0,0,35,North America,<=50K
3980,"[50, 60[", ?,106707,Professional Education,12,Married-civ-spouse,Other, Husband,*,Male,0,0,20,North America,>50K
3983,"[60, 70[", State-gov,550848,High School,6,Married-civ-spouse,Nontechnical, Husband,*,Male,0,0,40,North America,>50K
3984,"[40, 50[", Private,68505,High School,5,Divorced,Other, Not-in-family,*,Male,0,0,37,North America,<=50K
3985,"[20, 30[", Private,122215,High School,9,Never-married,Other, Own-child,*,Male,0,0,52,North America,<=50K
3986,"[30, 40[", Private,159442,High School,9,Separated,Other, Not-in-family,*,Female,0,0,40,North America,<=50K
3987,"[30, 40[", Private,80638,Undergraduate,13,Married-civ-spouse,Other, Husband,*,Male,0,0,30,Asia,<=50K
3988,"[50, 60[", Private,192390,High School,9,Married-civ-spouse,Technical, Husband,*,Male,0,0,40,North America,>50K
3989,"[20, 30[", Private,191324,Undergraduate,10,Never-married,Other, Own-child,*,Male,0,0,25,North America,<=50K
3990,"[70, 80[", ?,147284,High School,9,Widowed,Other, Not-in-family,*,Female,0,0,14,North America,<=50K
3991,"[10, 20[", State-gov,73009,Undergraduate,10,Never-married,Other, Own-child,*,Male,0,0,15,North America,<=50K
3992,"[50, 60[", Private,177858,High School,9,Divorced,Technical, Other-relative,*,Male,0,0,55,North America,>50K
3994,"[30, 40[", Private,95551,High School,9,Separated,Nontechnical, Not-in-family,*,Female,0,0,36,North America,<=50K
3995,"[20, 30[", Private,125298,Undergraduate,10,Never-married,Other, Unmarried,*,Female,0,0,50,North America,<=50K
3996,"[50, 60[", State-gov,198186,High School,9,Never-married,Other, Not-in-family,*,Female,0,0,38,North America,<=50K
3997,"[30, 40[", Private,295949,High School,9,Married-civ-spouse,Technical, Husband,*,Male,0,1628,40,North America,<=50K
3998,"[30, 40[", Private,182668,High School,6,Married-civ-spouse,Other, Husband,*,Male,0,0,35,North America,<=50K
3999,"[20, 30[", Private,124905,High School,4,Married-civ-spouse,Technical, Husband,*,Male,0,0,30,North America,<=50K
4000,"[60, 70[", Private,171635,Undergraduate,13,Married-civ-spouse,Nontechnical, Husband,*,Male,0,0,40,North America,<=50K
4001,"[10, 20[", Private,376240,High School,9,Never-married,Technical, Own-child,*,Male,0,0,42,North America,<=50K
4002,"[20, 30[", Private,157391,Undergraduate,13,Never-married,Nontechnical, Own-child,*,Female,0,0,40,North America,<=50K
4003,"[20, 30[", ?,114357,Undergraduate,10,Never-married,Other, Not-in-family,*,Male,0,0,40,North America,<=50K
4004,"[40, 50[", Private,178134,Professional Education,15,Never-married,Technical, Not-in-family,*,Female,0,0,40,North America,>50K
4005,"[30, 40[", Private,207201,Undergraduate,10,Married-civ-spouse,Technical, Husband,*,Male,0,0,40,North America,>50K
4007,"[60, 70[", Private,102103,High School,9,Divorced,Other, Not-in-family,*,Female,0,0,50,North America,<=50K
4008,"[40, 50[", Private,92036,High School,9,Married-civ-spouse,Nontechnical, Husband,*,Male,0,0,40,North America,>50K
4009,"[50, 60[", Local-gov,236426,Professional Education,12,Divorced,Technical, Not-in-family,*,Female,0,0,50,North America,<=50K
4010,"[20, 30[", Private,400966,Undergraduate,10,Never-married,Other, Own-child,*,Female,0,0,40,North America,<=50K
4011,"[40, 50[", Private,404573,Undergraduate,10,Never-married,Nontechnical, Not-in-family,*,Female,0,0,44,North America,<=50K
4012,"[30, 40[", Private,227571,High School,4,Married-civ-spouse,Nontechnical, Husband,*,Male,0,0,40,North America,<=50K
4013,"[20, 30[", Private,145917,Undergraduate,10,Never-married,Other, Own-child,*,Female,0,0,15,North America,<=50K
4014,"[30, 40[", Local-gov,190226,High School,9,Never-married,Other, Own-child,*,Male,0,0,40,North America,<=50K
4015,"[20, 30[", Private,356555,Undergraduate,10,Married-civ-spouse,Nontechnical, Husband,*,Male,0,0,48,North America,<=50K
4016,"[20, 30[", Private,66473,High School,9,Divorced,Technical, Own-child,*,Male,0,0,40,North America,<=50K
4017,"[30, 40[", ?,172256,Undergraduate,10,Married-civ-spouse,Other, Husband,*,Male,0,0,20,North America,<=50K
4019,"[20, 30[", Self-emp-inc,163039,Professional Education,12,Never-married,Nontechnical, Not-in-family,*,Male,0,0,60,North America,<=50K
4020,"[30, 40[", Private,89559,High School,9,Divorced,Other, Unmarried,*,Female,0,0,40,North America,<=50K
4021,"[10, 20[", ?,35507,Undergraduate,10,Never-married,Other, Own-child,*,Female,0,0,45,North America,<=50K
4022,"[30, 40[", Private,163303,Professional Education,11,Divorced,Nontechnical, Own-child,*,Female,0,0,38,North America,<=50K
4023,"[40, 50[", Private,192712,High School,9,Never-married,Other, Other-relative,*,Female,0,0,40,North America,<=50K
4024,"[30, 40[", Private,381153,High School,6,Married-civ-spouse,Technical, Husband,*,Male,0,0,40,North America,>50K
4025,"[40, 50[", Private,222434,High School,9,Married-civ-spouse,Technical, Husband,*,Male,0,0,40,North America,<=50K
4026,"[20, 30[", Private,34706,Undergraduate,10,Never-married,Nontechnical, Not-in-family,*,Male,0,0,47,North America,<=50K
4027,"[50, 60[", Self-emp-not-inc,47857,Undergraduate,10,Married-civ-spouse,Other, Husband,*,Male,0,0,50,North America,<=50K
4028,"[20, 30[", Private,195216,High School,9,Divorced,Other, Not-in-family,*,Female,0,0,12,North America,<=50K
4030,"[20, 30[", Local-gov,329426,High School,9,Never-married,Other, Not-in-family,*,Male,0,0,40,North America,<=50K
4031,"[30, 40[", Private,183612,High School,9,Married-civ-spouse,Technical, Husband,*,Male,0,1977,40,North America,>50K
4032,"[40, 50[", Private,184105,Professional Education,11,Married-civ-spouse,Technical, Husband,*,Male,0,0,40,North America,>50K
4033,"[20, 30[", Private,211385,Professional Education,12,Never-married,Other, Not-in-family,*,Male,0,0,35,North America,<=50K
4034,"[20, 30[", Private,61777,Undergraduate,10,Never-married,Technical, Not-in-family,*,Male,0,0,70,North America,<=50K
4036,"[20, 30[", Private,199444,Undergraduate,13,Never-married,Nontechnical, Own-child,*,Female,0,0,15,North America,<=50K
4037,"[20, 30[", Private,312588,High School,6,Divorced,Other, Not-in-family,*,Female,0,0,40,North America,<=50K
4038,"[30, 40[", Private,168675,High School,9,Separated,Other, Own-child,*,Male,0,0,50,North America,<=50K
4039,"[30, 40[", Private,87556,High School,9,Divorced,Technical, Not-in-family,*,Male,0,0,40,North America,<=50K
4040,"[30, 40[", State-gov,220421,Undergraduate,13,Never-married,Nontechnical, Not-in-family,*,Female,0,0,40,North America,<=50K
4041,"[40, 50[", Federal-gov,404599,High School,9,Divorced,Other, Unmarried,*,Female,0,0,40,North America,<=50K
4043,"[50, 60[", Local-gov,109973,High School,9,Divorced,Other, Not-in-family,*,Female,0,0,40,North America,<=50K
4044,"[10, 20[", Private,246652,Undergraduate,10,Never-married,Nontechnical, Own-child,*,Female,0,0,40,North America,<=50K
4045,"[20, 30[", Private,57423,Professional Education,11,Married-civ-spouse,Technical, Husband,*,Male,0,0,48,North America,<=50K
4046,"[20, 30[", Private,291248,High School,9,Never-married,Technical, Other-relative,*,Male,0,0,40,North America,<=50K
4047,"[50, 60[", Private,163708,High School,9,Widowed,Other, Unmarried,*,Female,0,0,40,North America,<=50K
4048,"[50, 60[", Self-emp-not-inc,240358,Undergraduate,10,Married-civ-spouse,Technical, Husband,*,Male,0,0,20,North America,<=50K
4050,"[40, 50[", Private,101593,Undergraduate,13,Married-civ-spouse,Nontechnical, Husband,*,Male,0,0,60,North America,<=50K
4051,"[20, 30[", Self-emp-not-inc,227890,Undergraduate,13,Never-married,Technical, Not-in-family,*,Male,0,0,40,North America,<=50K
4052,"[30, 40[", Private,225053,High School,9,Divorced,Other, Not-in-family,*,Male,0,0,45,North America,<=50K
4053,"[20, 30[", Private,228472,Undergraduate,13,Married-civ-spouse,Technical, Husband,*,Male,0,0,45,North America,>50K
4054,"[30, 40[", Private,245378,Undergraduate,13,Married-civ-spouse,Nontechnical, Husband,*,Male,0,0,45,North America,<=50K
4056,"[20, 30[", Private,35032,Undergraduate,10,Married-civ-spouse,Nontechnical, Husband,*,Male,0,0,40,North America,>50K
4057,"[30, 40[", Private,258849,Professional Education,11,Never-married,Other, Unmarried,*,Female,0,0,40,North America,<=50K
4058,"[40, 50[", Private,190115,Professional Education,12,Married-civ-spouse,Technical, Husband,*,Male,0,0,40,North America,>50K
4059,"[30, 40[", Private,63910,Undergraduate,10,Never-married,Other, Own-child,*,Female,0,0,40,North America,<=50K
4060,"[40, 50[", Private,510072,Undergraduate,13,Married-civ-spouse,Nontechnical, Husband,*,Male,0,0,55,North America,>50K
4061,"[20, 30[", Private,210867,High School,7,Divorced,Nontechnical, Own-child,*,Male,0,0,40,North America,<=50K
4062,"[10, 20[", Private,263024,High School,9,Never-married,Nontechnical, Own-child,*,Female,0,0,40,North America,<=50K
4063,"[50, 60[", Private,306785,High School,9,Divorced,Other, Not-in-family,*,Female,0,0,40,North America,<=50K
4064,"[50, 60[", Self-emp-inc,104333,High School,9,Divorced,Nontechnical, Not-in-family,*,Male,0,0,50,North America,<=50K
4065,"[60, 70[", Private,340734,High School,9,Married-civ-spouse,Nontechnical, Husband,*,Male,0,0,40,North America,<=50K
4067,"[30, 40[", Private,241765,High School,7,Divorced,Nontechnical, Not-in-family,*,Female,0,0,60,North America,<=50K
4068,"[20, 30[", Private,111058,Professional Education,12,Never-married,Nontechnical, Own-child,*,Male,0,0,40,North America,<=50K
4069,"[20, 30[", Private,104662,High School,9,Never-married,Other, Unmarried,*,Female,0,0,22,North America,<=50K
4071,"[40, 50[", Local-gov,52037,Undergraduate,10,Divorced,Other, Unmarried,*,Female,0,0,40,North America,<=50K
4072,"[30, 40[", ?,146589,High School,9,Never-married,Other, Unmarried,*,Female,0,0,40,North America,<=50K
4074,"[30, 40[", Private,254221,High School,9,Never-married,Other, Not-in-family,*,Female,0,0,40,North America,<=50K
4075,"[30, 40[", Private,152909,Undergraduate,13,Married-civ-spouse,Nontechnical, Husband,*,Male,0,1887,45,North America,>50K
4076,"[30, 40[", Self-emp-not-inc,211785,High School,9,Never-married,Technical, Own-child,*,Female,0,0,20,North America,<=50K
4077,"[50, 60[", Private,160362,High School,9,Married-civ-spouse,Nontechnical, Husband,*,Male,0,0,60,North America,<=50K
4078,"[10, 20[", Private,387215,Undergraduate,10,Never-married,Technical, Own-child,*,Male,0,1719,16,North America,<=50K
4079,"[30, 40[", Private,187046,High School,9,Married-civ-spouse,Nontechnical, Husband,*,Male,4064,0,38,North America,<=50K
4080,"[10, 20[", ?,208874,Undergraduate,10,Never-married,Other, Own-child,*,Male,0,0,40,North America,<=50K
4081,"[20, 30[", Private,169631,High School,9,Never-married,Nontechnical, Own-child,*,Female,0,0,40,North America,<=50K
4082,"[50, 60[", Private,202956,High School,4,Married-civ-spouse,Technical, Husband,*,Male,0,0,40,North America,<=50K
4083,"[50, 60[", Self-emp-not-inc,80467,High School,9,Divorced,Other, Own-child,*,Female,0,0,24,North America,<=50K
4084,"[20, 30[", Private,407672,Undergraduate,10,Divorced,Technical, Unmarried,*,Female,0,0,40,North America,<=50K
4086,"[50, 60[", ?,174964,High School,6,Married-civ-spouse,Other, Husband,*,Male,0,0,99,North America,<=50K
4087,"[30, 40[", Private,347491,Undergraduate,13,Married-civ-spouse,Nontechnical, Husband,*,Male,0,0,50,North America,>50K
4088,"[30, 40[", Private,146161,Undergraduate,13,Married-civ-spouse,Technical, Husband,*,Male,0,0,60,North America,>50K
4089,"[20, 30[", Private,449432,Undergraduate,10,Never-married,Other, Own-child,*,Male,0,0,40,North America,<=50K
4090,"[10, 20[", ?,175499,High School,7,Never-married,Other, Own-child,*,Female,0,0,30,North America,<=50K
4091,"[30, 40[", Private,288825,High School,9,Divorced,Technical, Not-in-family,*,Male,0,2258,84,North America,<=50K
4092,"[20, 30[", Local-gov,134813,Graduate,14,Never-married,Technical, Own-child,*,Male,0,0,52,North America,<=50K
4093,"[30, 40[", Local-gov,190401,Graduate,14,Married-civ-spouse,Technical, Husband,*,Male,0,0,40,North America,<=50K
4094,"[20, 30[", Private,260617,High School,6,Married-civ-spouse,Technical, Husband,*,Male,0,0,36,North America,<=50K
4095,"[30, 40[", Private,45604,High School,9,Married-civ-spouse,Nontechnical, Husband,*,Male,0,0,54,North America,<=50K
4096,"[50, 60[", Private,67841,High School,9,Married-civ-spouse,Nontechnical, Husband,*,Male,0,0,40,North America,>50K
4097,"[40, 50[", Local-gov,244522,Graduate,14,Married-civ-spouse,Technical, Husband,*,Male,0,1902,48,North America,>50K
4098,"[10, 20[", Private,430471,High School,7,Never-married,Nontechnical, Own-child,*,Male,0,0,40,North America,<=50K
4099,"[40, 50[", Private,194698,High School,9,Married-civ-spouse,Other, Husband,*,Male,0,0,50,North America,<=50K
4100,"[30, 40[", Private,94235,Undergraduate,13,Never-married,Technical, Unmarried,*,Male,0,0,40,North America,<=50K
4101,"[50, 60[", Private,188330,High School,9,Married-civ-spouse,Other, Husband,*,Male,0,0,78,North America,<=50K
4102,"[50, 60[", Local-gov,146181,High School,5,Married-civ-spouse,Other, Husband,*,Male,0,0,40,North America,<=50K
4103,"[20, 30[", Private,177125,Undergraduate,10,Never-married,Nontechnical, Not-in-family,*,Male,0,0,20,North America,<=50K
4104,"[30, 40[", Self-emp-inc,68330,Undergraduate,10,Married-civ-spouse,Nontechnical, Husband,*,Male,0,0,50,North America,<=50K
4105,"[40, 50[", Private,95636,Undergraduate,10,Divorced,Nontechnical, Not-in-family,*,Male,0,0,45,North America,<=50K
4106,"[40, 50[", Private,238329,Undergraduate,13,Never-married,Nontechnical, Not-in-family,*,Female,0,0,45,North America,<=50K
4107,"[50, 60[", Private,416129,Primary School,1,Married-civ-spouse,Other, Not-in-family,*,Male,0,0,40,North America,<=50K
4108,"[20, 30[", Private,285004,Undergraduate,13,Never-married,Nontechnical, Not-in-family,*,Male,0,0,50,Asia,<=50K
4110,"[20, 30[", Private,186294,High School,9,Never-married,Other, Not-in-family,*,Female,0,0,50,North America,<=50K
4111,"[40, 50[", Private,188786,Undergraduate,10,Divorced,Other, Not-in-family,*,Male,0,0,45,North America,<=50K
4112,"[30, 40[", State-gov,31352,Undergraduate,10,Divorced,Other, Unmarried,*,Female,0,0,40,North America,>50K
4113,"[20, 30[", Private,197613,Professional Education,11,Never-married,Other, Not-in-family,*,Female,0,0,30,North America,<=50K
4114,"[30, 40[", Local-gov,161942,Undergraduate,13,Never-married,Other, Not-in-family,*,Female,1055,0,40,North America,<=50K
4115,"[30, 40[", Private,275438,Undergraduate,10,Married-civ-spouse,Technical, Husband,*,Male,5178,0,40,North America,>50K
4116,"[60, 70[", Private,361721,Professional Education,11,Married-civ-spouse,Other, Husband,*,Male,0,0,20,North America,<=50K
4117,"[50, 60[", Private,144968,High School,9,Never-married,Technical, Own-child,*,Male,0,0,15,North America,<=50K
4118,"[20, 30[", Private,190539,Undergraduate,13,Never-married,Nontechnical, Not-in-family,*,Male,6849,0,48,North America,<=50K
4119,"[20, 30[", Private,178037,High School,9,Married-civ-spouse,Other, Husband,*,Male,0,0,40,North America,<=50K
4120,"[50, 60[", Private,306985,Undergraduate,10,Divorced,Other, Not-in-family,*,Female,0,0,40,North America,<=50K
4121,"[40, 50[", Private,87928,High School,9,Married-civ-spouse,Other, Husband,*,Male,0,0,40,North America,>50K
4122,"[40, 50[", Private,242619,Undergraduate,10,Married-civ-spouse,Technical, Husband,*,Male,0,0,40,North America,<=50K
4123,"[20, 30[", Private,154165,High School,5,Divorced,Other, Own-child,*,Female,0,0,40,North America,<=50K
4124,"[20, 30[", Private,511331,Undergraduate,13,Never-married,Nontechnical, Not-in-family,*,Male,0,0,38,North America,<=50K
4125,"[60, 70[", Local-gov,221026,High School,9,Married-civ-spouse,Other, Husband,*,Male,0,0,20,North America,<=50K
4126,"[50, 60[", Self-emp-not-inc,222182,High School,9,Married-civ-spouse,Nontechnical, Husband,*,Male,0,0,45,North America,<=50K
4127,"[30, 40[", Self-emp-not-inc,126569,Professional Education,15,Married-civ-spouse,Technical, Husband,*,Male,15024,0,60,North America,>50K
4128,"[20, 30[", Private,202344,Undergraduate,13,Never-married,Technical, Own-child,*,Female,0,0,40,North America,<=50K
4129,"[20, 30[", Private,190423,Undergraduate,10,Never-married,Other, Not-in-family,*,Female,0,0,20,North America,<=50K
4130,"[20, 30[", Private,238917,Primary School,3,Never-married,Technical, Unmarried,*,Male,0,0,40,North America,<=50K
4131,"[40, 50[", Private,221947,Undergraduate,10,Married-civ-spouse,Nontechnical, Husband,*,Male,0,1887,50,North America,>50K
4132,"[40, 50[", Self-emp-inc,37997,Undergraduate,10,Married-civ-spouse,Other, Husband,*,Male,0,0,50,North America,<=50K
4133,"[50, 60[", Private,147098,High School,9,Married-civ-spouse,Technical, Husband,*,Male,0,0,50,North America,>50K
4134,"[30, 40[", Private,278253,High School,9,Divorced,Other, Unmarried,*,Female,0,0,48,North America,<=50K
4135,"[20, 30[", Private,195411,High School,9,Never-married,Other, Unmarried,*,Female,0,0,40,North America,<=50K
4136,"[40, 50[", Private,76196,Undergraduate,13,Married-civ-spouse,Nontechnical, Husband,*,Male,0,0,50,North America,<=50K
4137,"[40, 50[", Private,120131,Undergraduate,10,Married-civ-spouse,Technical, Husband,*,Male,0,1887,40,North America,>50K
4138,"[20, 30[", Self-emp-not-inc,186014,Undergraduate,10,Never-married,Other, Own-child,*,Female,0,0,12,Europe,<=50K
4139,"[20, 30[", Private,205903,High School,9,Never-married,Other, Own-child,*,Male,0,0,40,North America,<=50K
4140,"[40, 50[", State-gov,125405,High School,9,Married-civ-spouse,Other, Husband,*,Male,0,0,40,North America,<=50K
4141,"[30, 40[", Private,219838,High School,8,Divorced,Technical, Not-in-family,*,Male,0,0,40,North America,<=50K
4142,"[20, 30[", State-gov,19395,Undergraduate,10,Never-married,Other, Not-in-family,*,Female,0,0,38,North America,<=50K
4143,"[30, 40[", Private,223327,High School,9,Married-civ-spouse,Nontechnical, Husband,*,Male,0,0,40,North America,>50K
4144,"[50, 60[", Private,114062,High School,9,Divorced,Technical, Unmarried,*,Female,0,0,40,North America,<=50K
4146,"[30, 40[", Private,177305,High School,9,Married-civ-spouse,Technical, Husband,*,Male,0,0,45,North America,<=50K
4147,"[60, 70[", ?,299616,Undergraduate,10,Married-civ-spouse,Other, Husband,*,Male,0,0,40,North America,<=50K
4148,"[60, 70[", Self-emp-not-inc,117681,Professional Education,11,Married-civ-spouse,Other, Husband,*,Male,0,0,40,North America,<=50K
4149,"[20, 30[", Private,237651,Undergraduate,10,Never-married,Other, Own-child,*,Male,0,0,35,North America,<=50K
4150,"[30, 40[", State-gov,150570,High School,9,Divorced,Other, Not-in-family,*,Male,0,0,40,North America,<=50K
4151,"[40, 50[", State-gov,106705,Undergraduate,10,Divorced,Technical, Unmarried,*,Female,1506,0,50,North America,<=50K
4152,"[20, 30[", ?,174714,Undergraduate,10,Never-married,Other, Own-child,*,Male,0,0,20,North America,<=50K
4153,"[40, 50[", Self-emp-inc,175958,Undergraduate,13,Never-married,Nontechnical, Not-in-family,*,Male,3325,0,60,North America,<=50K
4154,"[30, 40[", Private,144064,Graduate,16,Married-civ-spouse,Technical, Husband,*,Male,0,0,55,North America,>50K
4155,"[60, 70[", ?,107112,High School,4,Never-married,Other, Other-relative,*,Male,0,0,30,North America,<=50K
4156,"[20, 30[", Private,54152,Undergraduate,10,Never-married,Other, Own-child,*,Female,0,0,30,Unknown,<=50K
4157,"[20, 30[", Private,152951,High School,9,Divorced,Nontechnical, Not-in-family,*,Male,0,0,40,North America,<=50K
4159,"[20, 30[", Private,306666,Undergraduate,10,Married-civ-spouse,Nontechnical, Husband,*,Male,0,0,45,North America,<=50K
4160,"[30, 40[", Private,195148,High School,9,Married-civ-spouse,Technical, Own-child,*,Male,3137,0,40,North America,<=50K
4161,"[30, 40[", Self-emp-not-inc,226624,High School,5,Married-civ-spouse,Technical, Husband,*,Male,0,0,60,North America,<=50K
4162,"[40, 50[", Private,157569,High School,9,Married-civ-spouse,Technical, Husband,*,Male,0,0,40,North America,<=50K
4166,"[10, 20[", Private,41794,High School,7,Never-married,Other, Own-child,*,Female,0,0,20,North America,<=50K
4167,"[30, 40[", Local-gov,90409,Undergraduate,10,Married-civ-spouse,Nontechnical, Husband,*,Male,0,0,35,North America,<=50K
4168,"[20, 30[", Private,125491,Undergraduate,10,Never-married,Other, Not-in-family,*,Female,0,0,35,Asia,<=50K
4169,"[20, 30[", ?,129661,Professional Education,11,Married-civ-spouse,Other, Wife,*,Female,0,0,40,North America,>50K
4170,"[50, 60[", Self-emp-not-inc,104748,High School,6,Married-civ-spouse,Nontechnical, Husband,*,Male,0,0,65,North America,<=50K
4171,"[50, 60[", Local-gov,169182,High School,9,Divorced,Other, Unmarried,*,Female,0,0,49,North America,<=50K
4173,"[20, 30[", Private,122272,Undergraduate,13,Never-married,Other, Own-child,*,Female,0,0,40,North America,<=50K
4174,"[10, 20[", ?,114798,High School,7,Never-married,Other, Own-child,*,Female,0,0,18,North America,<=50K
4175,"[40, 50[", Self-emp-inc,289707,High School,9,Separated,Other, Not-in-family,*,Male,0,0,45,North America,<=50K
4176,"[50, 60[", Local-gov,137691,High School,9,Married-civ-spouse,Technical, Husband,*,Male,0,0,40,North America,>50K
4177,"[40, 50[", Private,84610,Undergraduate,13,Married-civ-spouse,Nontechnical, Husband,*,Male,0,1902,60,North America,>50K
4178,"[40, 50[", Private,166789,High School,9,Married-civ-spouse,Other, Husband,*,Male,0,0,40,North America,<=50K
4179,"[30, 40[", Local-gov,348728,Undergraduate,13,Never-married,Technical, Not-in-family,*,Female,0,0,35,North America,<=50K
4180,"[20, 30[", Private,348092,High School,9,Never-married,Other, Own-child,*,Male,0,0,40,North America,<=50K
4181,"[60, 70[", Private,154526,Undergraduate,10,Widowed,Other, Not-in-family,*,Female,0,0,40,North America,<=50K
4182,"[60, 70[", Private,288371,High School,9,Married-civ-spouse,Nontechnical, Husband,*,Male,0,0,40,North America,>50K
4183,"[20, 30[", Private,182342,High School,9,Never-married,Technical, Not-in-family,*,Male,0,0,40,North America,<=50K
4184,"[20, 30[", Private,244366,Undergraduate,13,Never-married,Technical, Own-child,*,Male,0,0,40,North America,<=50K
4185,"[60, 70[", Private,102423,Professional Education,11,Married-civ-spouse,Other, Husband,*,Male,0,0,30,North America,<=50K
4186,"[20, 30[", Private,259688,High School,7,Married-civ-spouse,Technical, Husband,*,Male,0,0,50,North America,<=50K
4187,"[30, 40[", Private,98733,Undergraduate,10,Divorced,Technical, Unmarried,*,Female,0,0,20,North America,<=50K
4188,"[30, 40[", Private,174856,High School,9,Married-civ-spouse,Other, Husband,*,Male,2885,0,40,North America,<=50K
4189,"[60, 70[", Self-emp-not-inc,141797,High School,4,Married-civ-spouse,Nontechnical, Husband,*,Male,0,0,40,North America,<=50K
4190,"[30, 40[", Private,327202,High School,8,Never-married,Technical, Not-in-family,*,Male,0,0,40,North America,<=50K
4191,"[20, 30[", Private,76996,Undergraduate,10,Never-married,Technical, Not-in-family,*,Female,0,0,38,North America,<=50K
4192,"[30, 40[", Private,260560,High School,9,Married-civ-spouse,Technical, Husband,*,Male,0,0,40,North America,<=50K
4193,"[20, 30[", Private,370990,Undergraduate,10,Never-married,Nontechnical, Own-child,*,Male,0,0,40,North America,<=50K
4194,"[10, 20[", Private,129010,High School,8,Never-married,Technical, Own-child,*,Male,0,0,10,North America,<=50K
4195,"[20, 30[", Private,452640,High School,9,Never-married,Technical, Not-in-family,*,Male,0,0,40,North America,<=50K
4196,"[70, 80[", Self-emp-inc,120796,High School,5,Married-civ-spouse,Technical, Husband,*,Male,0,0,40,North America,<=50K
4198,"[20, 30[", Private,229523,High School,9,Married-civ-spouse,Technical, Wife,*,Female,0,0,56,North America,<=50K
4199,"[10, 20[", Private,127388,High School,8,Never-married,Other, Not-in-family,*,Female,0,0,25,North America,<=50K
4200,"[10, 20[", ?,395567,High School,7,Never-married,Other, Own-child,*,Male,0,0,40,North America,<=50K
4201,"[30, 40[", Private,119422,Professional Education,11,Married-civ-spouse,Technical, Husband,*,Male,0,1672,50,North America,<=50K
4202,"[50, 60[", Private,193895,High School,9,Divorced,Nontechnical, Not-in-family,*,Female,0,0,40,North America,<=50K
4204,"[30, 40[", Self-emp-not-inc,155343,Undergraduate,10,Never-married,Other, Not-in-family,*,Male,0,0,72,North America,<=50K
4205,"[20, 30[", Private,73895,High School,9,Never-married,Other, Own-child,*,Female,0,0,10,North America,<=50K
4206,"[40, 50[", Private,107682,High School,9,Widowed,Technical, Not-in-family,*,Female,0,0,10,North America,<=50K
4207,"[60, 70[", Private,321166,Undergraduate,13,Divorced,Nontechnical, Not-in-family,*,Female,0,0,5,North America,<=50K
4208,"[40, 50[", Local-gov,154940,Graduate,14,Never-married,Technical, Not-in-family,*,Female,0,0,45,North America,>50K
4209,"[20, 30[", Private,103700,Undergraduate,10,Never-married,Technical, Own-child,*,Female,0,0,40,North America,<=50K
4210,"[30, 40[", Private,63509,Professional Education,12,Married-civ-spouse,Technical, Husband,*,Male,0,0,48,North America,>50K
4211,"[20, 30[", Private,243842,High School,9,Married-civ-spouse,Other, Husband,*,Male,0,0,40,North America,<=50K
4212,"[50, 60[", ?,187221,High School,4,Never-married,Other, Not-in-family,*,Female,0,0,25,North America,<=50K
4213,"[30, 40[", Private,58597,High School,9,Never-married,Technical, Own-child,*,Male,0,0,44,North America,<=50K
4214,"[40, 50[", Self-emp-not-inc,190290,High School,9,Divorced,Technical, Not-in-family,*,Male,0,0,40,North America,<=50K
4216,"[30, 40[", Private,62165,Undergraduate,10,Never-married,Nontechnical, Other-relative,*,Male,0,0,30,North America,<=50K
4217,"[20, 30[", ?,307149,Undergraduate,10,Never-married,Other, Own-child,*,Female,0,0,35,North America,<=50K
4218,"[20, 30[", Private,280134,High School,6,Never-married,Nontechnical, Not-in-family,*,Male,0,0,49,North America,<=50K
4219,"[20, 30[", Private,118736,Undergraduate,13,Never-married,Technical, Not-in-family,*,Female,0,0,20,North America,<=50K
4220,"[20, 30[", Private,171114,High School,9,Never-married,Other, Not-in-family,*,Female,0,0,48,North America,<=50K
4221,"[30, 40[", Private,169638,Undergraduate,10,Divorced,Nontechnical, Unmarried,*,Female,0,0,36,North America,<=50K
4222,"[40, 50[", Private,125461,Undergraduate,10,Divorced,Technical, Not-in-family,*,Male,0,0,40,North America,>50K
4223,"[30, 40[", Private,145434,High School,7,Never-married,Technical, Own-child,*,Male,0,0,40,North America,<=50K
4224,"[10, 20[", Private,152182,Undergraduate,10,Never-married,Other, Own-child,*,Female,0,0,25,North America,<=50K
4225,"[20, 30[", Self-emp-inc,233724,High School,9,Separated,Other, Not-in-family,*,Male,0,0,38,North America,<=50K
4226,"[30, 40[", Private,153963,High School,9,Divorced,Other, Unmarried,*,Female,0,0,35,North America,<=50K
4227,"[50, 60[", Local-gov,88120,High School,9,Never-married,Other, Not-in-family,*,Male,0,0,40,North America,<=50K
4228,"[30, 40[", Private,96330,Professional Education,11,Divorced,Other, Unmarried,*,Female,0,0,40,North America,<=50K
4229,"[40, 50[", Local-gov,66118,Undergraduate,10,Married-civ-spouse,Other, Wife,*,Female,0,0,25,North America,<=50K
4230,"[20, 30[", Private,182178,Undergraduate,10,Married-civ-spouse,Technical, Husband,*,Male,2829,0,40,North America,<=50K
4231,"[30, 40[", Self-emp-not-inc,53628,Professional Education,11,Divorced,Nontechnical, Unmarried,*,Male,0,0,35,North America,<=50K
4232,"[50, 60[", Private,174865,High School,5,Married-civ-spouse,Nontechnical, Husband,*,Male,0,0,45,North America,>50K
4233,"[30, 40[", Private,66194,Undergraduate,13,Never-married,Technical, Not-in-family,*,Female,0,0,60,North America,<=50K
4235,"[20, 30[", State-gov,28366,Undergraduate,13,Never-married,Technical, Not-in-family,*,Male,0,0,40,North America,<=50K
4238,"[60, 70[", Private,195453,High School,9,Married-civ-spouse,Nontechnical, Husband,*,Male,0,0,50,North America,>50K
4239,"[20, 30[", Private,116934,Undergraduate,10,Separated,Nontechnical, Unmarried,*,Female,0,0,45,North America,<=50K
4240,"[20, 30[", ?,87867,High School,8,Never-married,Other, Not-in-family,*,Male,0,0,30,North America,<=50K
4241,"[30, 40[", Private,456399,Professional Education,12,Never-married,Technical, Not-in-family,*,Male,0,0,40,North America,<=50K
4242,"[40, 50[", Private,263608,Undergraduate,10,Divorced,Technical, Own-child,*,Male,0,0,40,North America,<=50K
4243,"[20, 30[", Private,263498,High School,7,Never-married,Technical, Not-in-family,*,Male,0,0,40,North America,<=50K
4245,"[20, 30[", Federal-gov,469705,High School,9,Never-married,Technical, Not-in-family,*,Male,0,1980,40,North America,<=50K
4246,"[30, 40[", Local-gov,113253,Undergraduate,13,Married-civ-spouse,Technical, Wife,*,Female,0,0,50,North America,>50K
4247,"[20, 30[", Private,138768,High School,9,Never-married,Nontechnical, Own-child,*,Male,0,0,40,North America,<=50K
4248,"[50, 60[", Private,302146,High School,7,Never-married,Other, Not-in-family,*,Female,0,0,40,North America,<=50K
4249,"[60, 70[", Private,253866,Undergraduate,13,Married-civ-spouse,Nontechnical, Husband,*,Male,0,0,30,North America,<=50K
4250,"[20, 30[", Federal-gov,214858,High School,9,Never-married,Technical, Own-child,*,Male,0,0,48,North America,<=50K
4251,"[40, 50[", Private,243476,High School,9,Divorced,Technical, Not-in-family,*,Female,0,0,40,North America,<=50K
4253,"[40, 50[", Private,103218,High School,9,Divorced,Other, Unmarried,*,Female,0,0,40,North America,<=50K
4254,"[40, 50[", Private,57233,Undergraduate,13,Never-married,Nontechnical, Not-in-family,*,Male,0,0,40,North America,<=50K
4255,"[40, 50[", Private,228320,High School,9,Married-civ-spouse,Technical, Husband,*,Male,0,0,45,North America,>50K
4256,"[20, 30[", Private,217421,High School,9,Married-civ-spouse,Other, Other-relative,*,Female,0,0,40,North America,<=50K
4257,"[40, 50[", Private,185041,High School,9,Married-civ-spouse,Technical, Husband,*,Male,0,0,75,North America,>50K
4258,"[20, 30[", Self-emp-not-inc,37302,Professional Education,12,Married-civ-spouse,Other, Husband,*,Male,7688,0,70,North America,>50K
4259,"[30, 40[", Private,261059,Undergraduate,10,Never-married,Other, Not-in-family,*,Male,0,0,50,North America,<=50K
4260,"[40, 50[", Private,59767,Undergraduate,10,Divorced,Nontechnical, Not-in-family,*,Male,0,0,50,North America,<=50K
4261,"[20, 30[", Private,333541,High School,9,Never-married,Other, Not-in-family,*,Male,0,0,24,North America,<=50K
4262,"[20, 30[", Private,133352,Undergraduate,10,Never-married,Other, Own-child,*,Female,0,0,40,Asia,<=50K
4263,"[30, 40[", Private,99270,High School,9,Married-civ-spouse,Other, Wife,*,Female,0,0,40,North America,<=50K
4264,"[40, 50[", Private,204629,Undergraduate,13,Married-civ-spouse,Nontechnical, Husband,*,Male,0,0,40,North America,>50K
4265,"[30, 40[", Private,34104,High School,9,Married-civ-spouse,Nontechnical, Husband,*,Male,3103,0,55,North America,>50K
4266,"[30, 40[", Private,312667,Undergraduate,13,Married-civ-spouse,Technical, Husband,*,Male,15024,0,50,North America,>50K
4267,"[40, 50[", Private,329603,Undergraduate,13,Married-civ-spouse,Technical, Husband,*,Male,0,1902,40,North America,>50K
4268,"[30, 40[", Private,281021,High School,9,Never-married,Other, Not-in-family,*,Male,0,0,45,North America,<=50K
4269,"[20, 30[", Private,275385,Undergraduate,10,Never-married,Other, Other-relative,*,Male,0,0,25,North America,<=50K
4270,"[50, 60[", Federal-gov,129177,High School,9,Divorced,Other, Not-in-family,*,Female,0,0,40,North America,<=50K
4271,"[40, 50[", Private,385591,High School,9,Married-civ-spouse,Nontechnical, Husband,*,Male,0,0,50,North America,>50K
4272,"[20, 30[", ?,201179,Undergraduate,10,Never-married,Other, Own-child,*,Male,0,0,40,North America,<=50K
4273,"[70, 80[", Private,38360,High School,9,Widowed,Other, Unmarried,*,Female,0,0,16,North America,<=50K
4274,"[30, 40[", Local-gov,73796,Undergraduate,13,Separated,Technical, Not-in-family,*,Female,0,0,40,North America,<=50K
4275,"[40, 50[", Private,67671,Undergraduate,10,Married-civ-spouse,Nontechnical, Husband,*,Male,0,0,40,North America,<=50K
4276,"[20, 30[", Private,257621,Undergraduate,13,Never-married,Nontechnical, Not-in-family,*,Female,0,0,45,North America,<=50K
4277,"[20, 30[", Private,180052,Undergraduate,10,Never-married,Nontechnical, Own-child,*,Male,0,0,20,North America,<=50K
4279,"[40, 50[", Private,215943,High School,9,Divorced,Technical, Unmarried,*,Female,0,0,40,North America,<=50K
4280,"[30, 40[", Private,488720,Professional Education,11,Married-civ-spouse,Nontechnical, Husband,*,Male,0,0,40,North America,<=50K
4281,"[60, 70[", Federal-gov,199298,High School,4,Widowed,Other, Unmarried,*,Female,0,0,30,North America,<=50K
4282,"[30, 40[", Private,305692,Undergraduate,10,Married-civ-spouse,Nontechnical, Wife,*,Female,0,0,40,North America,<=50K
4283,"[60, 70[", Private,114994,High School,9,Married-civ-spouse,Other, Husband,*,Male,0,0,20,North America,<=50K
4284,"[40, 50[", Private,88265,High School,9,Never-married,Technical, Own-child,*,Female,0,0,40,North America,<=50K
4285,"[50, 60[", Private,168569,High School,9,Married-civ-spouse,Technical, Husband,*,Male,0,1887,40,North America,>50K
4286,"[30, 40[", Private,175413,High School,9,Never-married,Other, Other-relative,*,Female,0,0,40,North America,<=50K
4287,"[40, 50[", Private,161226,Undergraduate,13,Married-civ-spouse,Technical, Husband,*,Male,0,0,40,North America,<=50K
4288,"[60, 70[", ?,160995,High School,6,Divorced,Other, Not-in-family,*,Female,1086,0,20,North America,<=50K
4289,"[20, 30[", Private,208598,Undergraduate,10,Never-married,Nontechnical, Not-in-family,*,Male,0,0,45,North America,<=50K
4290,"[40, 50[", Self-emp-not-inc,200471,High School,9,Married-civ-spouse,Technical, Husband,*,Male,0,0,40,North America,<=50K
4291,"[30, 40[", Private,256609,High School,8,Married-civ-spouse,Technical, Husband,*,Male,0,0,40,North America,<=50K
4293,"[30, 40[", Private,206512,Undergraduate,10,Divorced,Technical, Not-in-family,*,Male,0,0,40,North America,<=50K
4294,"[20, 30[", Private,212640,Professional Education,15,Never-married,Technical, Not-in-family,*,Female,0,0,85,North America,<=50K
4295,"[40, 50[", Private,148724,High School,9,Married-civ-spouse,Nontechnical, Husband,*,Male,0,0,40,North America,<=50K
4296,"[40, 50[", Private,266510,High School,9,Never-married,Other, Own-child,*,Male,0,0,40,North America,<=50K
4297,"[30, 40[", Local-gov,240252,Graduate,14,Married-civ-spouse,Nontechnical, Husband,*,Male,0,0,40,North America,>50K
4298,"[20, 30[", Private,358975,High School,9,Never-married,Other, Not-in-family,*,Female,0,0,35,North America,<=50K
4299,"[20, 30[", ?,124242,Undergraduate,10,Never-married,Other, Own-child,*,Female,0,0,40,North America,<=50K
4300,"[20, 30[", Private,434710,Undergraduate,10,Never-married,Nontechnical, Not-in-family,*,Female,0,0,15,North America,<=50K
4301,"[20, 30[", Private,204338,High School,9,Never-married,Other, Unmarried,*,Male,0,0,30,Unknown,<=50K
4302,"[40, 50[", Private,241844,High School,5,Married-civ-spouse,Other, Husband,*,Male,0,0,40,North America,<=50K
4304,"[40, 50[", Private,221947,Undergraduate,10,Married-civ-spouse,Technical, Husband,*,Male,0,0,56,North America,>50K
4305,"[40, 50[", Private,111483,High School,9,Never-married,Other, Own-child,*,Male,0,1504,50,North America,<=50K
4306,"[30, 40[", Private,65278,High School,9,Married-civ-spouse,Technical, Husband,*,Male,0,0,40,North America,>50K
4307,"[50, 60[", Private,133403,Undergraduate,10,Married-civ-spouse,Technical, Husband,*,Male,0,0,40,North America,<=50K
4308,"[30, 40[", Self-emp-not-inc,166416,High School,9,Married-civ-spouse,Other, Husband,*,Male,0,0,99,North America,<=50K
4309,"[50, 60[", ?,142158,High School,9,Widowed,Other, Not-in-family,*,Female,0,0,12,North America,<=50K
4311,"[30, 40[", Self-emp-not-inc,189878,Graduate,14,Married-civ-spouse,Nontechnical, Husband,*,Male,0,0,40,North America,>50K
4312,"[30, 40[", Private,278403,Professional Education,15,Married-civ-spouse,Technical, Husband,*,Male,0,0,80,North America,>50K
4313,"[10, 20[", Private,184710,Undergraduate,10,Never-married,Technical, Own-child,*,Male,0,0,20,North America,<=50K
4314,"[40, 50[", Private,177775,High School,9,Divorced,Nontechnical, Not-in-family,*,Female,0,0,40,North America,<=50K
4316,"[60, 70[", Self-emp-not-inc,225473,Undergraduate,10,Widowed,Technical, Not-in-family,*,Female,0,0,35,North America,<=50K
4318,"[20, 30[", Private,269060,High School,9,Never-married,Other, Not-in-family,*,Female,0,0,40,North America,<=50K
4319,"[40, 50[", Private,449354,Undergraduate,10,Married-civ-spouse,Nontechnical, Husband,*,Male,0,0,40,North America,<=50K
4320,"[20, 30[", Private,214413,Undergraduate,10,Never-married,Technical, Own-child,*,Male,0,0,40,North America,<=50K
4321,"[30, 40[", Private,80058,High School,9,Married-civ-spouse,Other, Husband,*,Male,0,0,40,North America,<=50K
4322,"[30, 40[", Private,202027,Undergraduate,13,Divorced,Nontechnical, Not-in-family,*,Male,27828,0,50,North America,>50K
4323,"[20, 30[", Self-emp-not-inc,123440,Undergraduate,10,Never-married,Technical, Not-in-family,*,Male,0,0,48,North America,<=50K
4325,"[20, 30[", Private,308144,Undergraduate,13,Never-married,Technical, Not-in-family,*,Male,0,0,40,North America,<=50K
4327,"[40, 50[", Private,205100,Professional Education,11,Married-civ-spouse,Nontechnical, Husband,*,Male,0,0,48,North America,>50K
4328,"[30, 40[", Private,195750,High School,9,Never-married,Nontechnical, Own-child,*,Male,0,0,27,North America,<=50K
4330,"[50, 60[", Local-gov,240358,High School,9,Married-civ-spouse,Other, Husband,*,Male,0,0,40,North America,>50K
4331,"[60, 70[", Self-emp-not-inc,241174,High School,4,Married-civ-spouse,Nontechnical, Husband,*,Male,0,0,16,North America,<=50K
4332,"[30, 40[", Private,356838,Graduate,16,Married-civ-spouse,Technical, Husband,*,Male,0,0,50,North America,<=50K
4333,"[20, 30[", Self-emp-inc,115705,Undergraduate,10,Never-married,Nontechnical, Not-in-family,*,Male,0,0,50,North America,<=50K
4334,"[40, 50[", Local-gov,137142,Undergraduate,10,Married-civ-spouse,Nontechnical, Husband,*,Male,0,0,40,North America,<=50K
4335,"[40, 50[", Private,296066,Undergraduate,10,Married-civ-spouse,Technical, Husband,*,Male,0,0,40,North America,<=50K
4336,"[20, 30[", Private,401335,Undergraduate,10,Never-married,Other, Unmarried,*,Female,0,0,30,North America,<=50K
4338,"[30, 40[", Self-emp-inc,186824,Professional Education,15,Married-civ-spouse,Technical, Husband,*,Male,15024,0,40,North America,>50K
4339,"[40, 50[", Federal-gov,162187,Undergraduate,13,Married-civ-spouse,Technical, Husband,*,Male,0,0,40,North America,>50K
4340,"[20, 30[", Private,98010,Undergraduate,10,Married-spouse-absent,Other, Own-child,*,Female,0,0,40,North America,<=50K
4341,"[30, 40[", Private,172538,High School,9,Married-civ-spouse,Technical, Husband,*,Male,0,0,52,North America,>50K
4342,"[10, 20[", Private,80163,Undergraduate,10,Never-married,Nontechnical, Own-child,*,Female,0,0,20,North America,<=50K
4343,"[30, 40[", Local-gov,43959,Graduate,14,Married-civ-spouse,Technical, Husband,*,Male,7688,0,50,North America,>50K
4344,"[50, 60[", Private,162632,High School,9,Married-civ-spouse,Other, Husband,*,Male,7298,0,60,North America,>50K
4345,"[50, 60[", Self-emp-not-inc,115422,High School,9,Married-civ-spouse,Nontechnical, Husband,*,Male,0,0,35,North America,<=50K
4346,"[50, 60[", Private,100933,High School,9,Never-married,Other, Unmarried,*,Female,0,0,40,North America,<=50K
4347,"[20, 30[", Private,270379,High School,9,Never-married,Nontechnical, Unmarried,*,Female,0,0,40,North America,<=50K
4348,"[40, 50[", Private,20109,Undergraduate,10,Divorced,Nontechnical, Not-in-family,*,Female,0,0,84,North America,<=50K
4349,"[50, 60[", Private,114758,Graduate,14,Married-civ-spouse,Nontechnical, Husband,*,Male,15024,0,65,North America,>50K
4350,"[20, 30[", Private,100345,High School,9,Never-married,Nontechnical, Own-child,*,Male,0,0,35,North America,<=50K
4351,"[30, 40[", Private,184901,High School,9,Married-civ-spouse,Technical, Husband,*,Male,0,0,40,North America,>50K
4352,"[20, 30[", Private,87239,High School,9,Divorced,Other, Not-in-family,*,Male,0,0,50,North America,<=50K
4355,"[30, 40[", Private,143058,High School,6,Married-civ-spouse,Technical, Husband,*,Male,0,0,50,North America,<=50K
4356,"[50, 60[", Federal-gov,36489,Undergraduate,10,Divorced,Nontechnical, Unmarried,*,Male,0,0,40,North America,<=50K
4357,"[20, 30[", Private,141698,High School,9,Never-married,Technical, Own-child,*,Male,0,0,40,North America,<=50K
4358,"[40, 50[", Federal-gov,26358,Professional Education,12,Never-married,Other, Not-in-family,*,Female,0,0,40,North America,<=50K
4359,"[20, 30[", Private,195532,Undergraduate,13,Never-married,Technical, Not-in-family,*,Female,8614,0,40,North America,>50K
4360,"[20, 30[", Private,30039,Undergraduate,10,Never-married,Technical, Own-child,*,Male,0,0,40,North America,<=50K
4361,"[20, 30[", Private,125159,Professional Education,12,Married-civ-spouse,Nontechnical, Husband,*,Male,0,0,40,North America,<=50K
4362,"[20, 30[", Private,246250,Undergraduate,10,Never-married,Technical, Not-in-family,*,Female,0,0,40,North America,<=50K
4363,"[40, 50[", Federal-gov,77370,High School,9,Married-civ-spouse,Other, Husband,*,Male,0,0,40,North America,<=50K
4364,"[20, 30[", Private,355569,Professional Education,11,Never-married,Nontechnical, Unmarried,*,Female,0,0,50,North America,<=50K
4365,"[30, 40[", Private,180603,Undergraduate,13,Married-civ-spouse,Nontechnical, Husband,*,Male,0,0,40,North America,>50K
4366,"[40, 50[", Private,201785,Graduate,14,Married-civ-spouse,Nontechnical, Husband,*,Male,0,0,50,North America,>50K
4368,"[20, 30[", Private,146764,Undergraduate,10,Married-civ-spouse,Nontechnical, Wife,*,Female,0,0,40,North America,>50K
4369,"[20, 30[", ?,211968,Undergraduate,10,Never-married,Other, Own-child,*,Female,0,0,40,Asia,<=50K
4370,"[20, 30[", Private,200515,Undergraduate,10,Married-civ-spouse,Technical, Husband,*,Male,0,0,38,North America,<=50K
4371,"[20, 30[", Private,52636,High School,9,Married-civ-spouse,Other, Husband,*,Male,0,0,40,North America,<=50K
4372,"[20, 30[", Private,27049,Undergraduate,10,Never-married,Nontechnical, Own-child,*,Female,0,0,20,North America,<=50K
4373,"[30, 40[", Private,111128,High School,6,Never-married,Other, Own-child,*,Male,0,0,40,North America,<=50K
4374,"[30, 40[", Self-emp-not-inc,348038,Undergraduate,13,Married-civ-spouse,Technical, Husband,*,Male,0,1902,50,North America,>50K
4375,"[30, 40[", Private,93930,High School,9,Never-married,Technical, Not-in-family,*,Male,0,0,50,North America,<=50K
4376,"[60, 70[", Private,397831,Undergraduate,10,Married-civ-spouse,Nontechnical, Husband,*,Male,0,1539,40,North America,<=50K
4377,"[40, 50[", Private,33794,Undergraduate,10,Married-civ-spouse,Technical, Husband,*,Male,0,0,10,North America,<=50K
4378,"[40, 50[", Private,178215,High School,5,Married-civ-spouse,Technical, Wife,*,Female,0,0,40,North America,>50K
4379,"[10, 20[", Local-gov,191910,High School,7,Never-married,Nontechnical, Own-child,*,Male,0,0,20,North America,<=50K
4380,"[30, 40[", Private,340110,Undergraduate,13,Married-civ-spouse,Nontechnical, Husband,*,Male,0,1848,70,North America,>50K
4382,"[40, 50[", Private,148398,High School,9,Divorced,Technical, Not-in-family,*,Female,0,0,40,North America,<=50K
4383,"[20, 30[", Private,133515,Undergraduate,10,Never-married,Nontechnical, Other-relative,*,Female,0,0,40,North America,<=50K
4384,"[20, 30[", Private,181667,High School,9,Married-civ-spouse,Technical, Husband,*,Male,5013,0,46,North America,<=50K
4385,"[60, 70[", Private,159715,Undergraduate,10,Married-civ-spouse,Technical, Husband,*,Male,0,0,20,North America,<=50K
4387,"[50, 60[", Private,117700,High School,9,Divorced,Other, Not-in-family,*,Female,0,0,40,North America,<=50K
4388,"[20, 30[", Private,37215,High School,9,Married-civ-spouse,Technical, Husband,*,Male,0,0,55,North America,<=50K
4389,"[30, 40[", Self-emp-inc,46807,High School,9,Married-civ-spouse,Technical, Husband,*,Male,99999,0,40,North America,>50K
4390,"[40, 50[", Self-emp-not-inc,317360,Undergraduate,13,Married-civ-spouse,Technical, Wife,*,Female,0,0,20,North America,>50K
4391,"[30, 40[", Private,425627,Undergraduate,10,Never-married,Technical, Other-relative,*,Male,0,0,40,North America,<=50K
4392,"[30, 40[", Private,82623,High School,9,Married-civ-spouse,Other, Husband,*,Male,0,0,20,North America,<=50K
4393,"[10, 20[", ?,63574,Undergraduate,10,Never-married,Other, Own-child,*,Male,0,0,50,North America,<=50K
4394,"[30, 40[", Private,140854,High School,9,Never-married,Technical, Not-in-family,*,Male,0,0,50,North America,<=50K
4395,"[20, 30[", Private,185061,High School,7,Never-married,Nontechnical, Other-relative,*,Male,0,0,40,North America,<=50K
4397,"[50, 60[", Private,282680,Undergraduate,13,Never-married,Technical, Not-in-family,*,Female,0,0,50,North America,<=50K
4398,"[20, 30[", Private,137591,Undergraduate,10,Never-married,Nontechnical, Own-child,*,Male,0,1762,40,North America,<=50K
4399,"[20, 30[", Private,198163,High School,9,Never-married,Nontechnical, Own-child,*,Female,0,0,40,North America,<=50K
4400,"[20, 30[", Private,132749,High School,7,Divorced,Other, Unmarried,*,Female,0,0,12,North America,<=50K
4401,"[40, 50[", Local-gov,31264,Undergraduate,10,Married-civ-spouse,Nontechnical, Wife,*,Female,5178,0,40,North America,>50K
4402,"[20, 30[", Private,399449,Undergraduate,13,Never-married,Nontechnical, Own-child,*,Female,0,0,40,North America,<=50K
4403,"[30, 40[", Private,27494,Undergraduate,10,Married-civ-spouse,Nontechnical, Husband,*,Male,0,0,50,Asia,<=50K
4404,"[40, 50[", Private,368561,Undergraduate,10,Married-civ-spouse,Technical, Husband,*,Male,0,0,40,North America,>50K
4405,"[40, 50[", Private,102096,Undergraduate,13,Married-civ-spouse,Nontechnical, Husband,*,Male,0,0,40,Unknown,>50K
4406,"[10, 20[", Private,406078,Undergraduate,10,Never-married,Other, Own-child,*,Female,0,0,25,North America,<=50K
4407,"[50, 60[", Self-emp-inc,100506,Undergraduate,10,Married-civ-spouse,Nontechnical, Husband,*,Male,15024,0,50,North America,>50K
4408,"[50, 60[", Private,29658,High School,9,Married-civ-spouse,Other, Husband,*,Male,0,0,40,North America,<=50K
4410,"[60, 70[", Private,181953,High School,9,Married-civ-spouse,Other, Husband,*,Male,0,0,28,North America,<=50K
4411,"[40, 50[", Private,304175,Graduate,14,Married-civ-spouse,Technical, Husband,*,Male,0,0,50,North America,>50K
4412,"[20, 30[", Private,170070,Professional Education,12,Divorced,Other, Own-child,*,Female,0,0,30,North America,<=50K
4413,"[20, 30[", ?,193416,Undergraduate,10,Never-married,Other, Own-child,*,Female,0,0,40,North America,<=50K
4414,"[50, 60[", Private,194908,High School,9,Never-married,Other, Not-in-family,*,Female,0,0,40,North America,<=50K
4415,"[30, 40[", Self-emp-not-inc,357962,High School,5,Divorced,Technical, Not-in-family,*,Male,0,0,40,North America,<=50K
4416,"[20, 30[", Private,214716,Undergraduate,10,Never-married,Other, Own-child,*,Female,0,0,10,North America,<=50K
4417,"[40, 50[", Self-emp-inc,207578,High School,9,Married-civ-spouse,Other, Husband,*,Male,0,0,50,North America,>50K
4418,"[50, 60[", Private,146409,Undergraduate,10,Widowed,Nontechnical, Unmarried,*,Female,0,0,40,North America,<=50K
4419,"[30, 40[", Private,341643,Undergraduate,13,Never-married,Other, Other-relative,*,Male,0,0,50,North America,<=50K
4420,"[50, 60[", Private,131631,High School,7,Separated,Technical, Unmarried,*,Male,0,0,40,North America,<=50K
4421,"[50, 60[", Private,88842,High School,9,Married-civ-spouse,Nontechnical, Husband,*,Male,99999,0,40,North America,>50K
4422,"[50, 60[", ?,128900,Undergraduate,10,Widowed,Other, Not-in-family,*,Female,0,0,40,North America,<=50K
4423,"[30, 40[", Private,417136,High School,9,Divorced,Technical, Unmarried,*,Male,0,0,40,North America,<=50K
4424,"[40, 50[", Self-emp-not-inc,336763,Undergraduate,10,Divorced,Nontechnical, Unmarried,*,Female,0,880,42,North America,<=50K
4425,"[20, 30[", Private,209301,Undergraduate,13,Married-civ-spouse,Technical, Husband,*,Male,0,0,40,North America,<=50K
4426,"[20, 30[", Private,120986,High School,9,Married-civ-spouse,Other, Husband,*,Male,0,0,65,North America,<=50K
4427,"[20, 30[", Private,51025,High School,9,Never-married,Other, Not-in-family,*,Female,0,0,40,North America,<=50K
4428,"[50, 60[", Private,218281,Undergraduate,13,Married-civ-spouse,Other, Husband,*,Male,0,0,40,North America,<=50K
4429,"[60, 70[", Private,114994,High School,9,Married-civ-spouse,Nontechnical, Husband,*,Male,0,0,18,North America,<=50K
4430,"[50, 60[", Private,335481,High School,9,Married-civ-spouse,Other, Wife,*,Female,0,0,32,North America,<=50K
4431,"[20, 30[", Private,174503,High School,9,Never-married,Other, Not-in-family,*,Female,0,0,30,North America,<=50K
4432,"[40, 50[", Self-emp-not-inc,230478,Professional Education,12,Divorced,Nontechnical, Not-in-family,*,Male,0,0,30,North America,<=50K
4433,"[50, 60[", State-gov,149650,Graduate,16,Married-civ-spouse,Technical, Husband,*,Male,0,0,40,Asia,>50K
4434,"[30, 40[", Private,149419,Professional Education,11,Never-married,Technical, Not-in-family,*,Male,0,0,50,North America,<=50K
4435,"[40, 50[", ?,341539,Undergraduate,10,Divorced,Other, Not-in-family,*,Female,0,0,30,North America,<=50K
4436,"[30, 40[", Private,185099,High School,9,Married-civ-spouse,Nontechnical, Husband,*,Male,0,0,40,North America,<=50K
4438,"[60, 70[", Private,128472,Graduate,16,Married-civ-spouse,Technical, Husband,*,Male,0,0,55,North America,>50K
4439,"[20, 30[", Private,124971,High School,9,Never-married,Nontechnical, Not-in-family,*,Male,0,0,38,North America,<=50K
4440,"[40, 50[", Self-emp-inc,344060,Professional Education,15,Married-civ-spouse,Technical, Husband,*,Male,0,0,50,North America,>50K
4441,"[40, 50[", Self-emp-inc,286750,Professional Education,15,Married-civ-spouse,Technical, Husband,*,Male,0,0,99,North America,>50K
4442,"[30, 40[", Private,296999,Undergraduate,13,Never-married,Nontechnical, Not-in-family,*,Female,0,0,70,North America,<=50K
4443,"[40, 50[", Private,123681,High School,9,Married-civ-spouse,Nontechnical, Husband,*,Male,0,0,40,North America,>50K
4444,"[10, 20[", Private,232024,High School,7,Never-married,Technical, Own-child,*,Male,0,0,55,North America,<=50K
4445,"[50, 60[", Local-gov,52267,Graduate,14,Married-civ-spouse,Nontechnical, Husband,*,Male,0,0,50,North America,>50K
4446,"[40, 50[", Private,119182,High School,9,Separated,Other, Not-in-family,*,Female,0,0,35,North America,<=50K
4448,"[50, 60[", Federal-gov,23780,Undergraduate,10,Divorced,Other, Not-in-family,*,Male,0,0,40,North America,<=50K
4449,"[50, 60[", Private,184553,High School,6,Divorced,Technical, Not-in-family,*,Male,0,0,56,North America,<=50K
4450,"[20, 30[", Self-emp-inc,242651,Undergraduate,10,Never-married,Nontechnical, Not-in-family,*,Male,0,0,48,North America,<=50K
4451,"[10, 20[", Private,246226,High School,9,Never-married,Technical, Not-in-family,*,Female,0,0,40,North America,<=50K
4452,"[20, 30[", Self-emp-inc,86745,Undergraduate,13,Never-married,Other, Own-child,*,Female,0,0,40,North America,<=50K
4453,"[20, 30[", Private,106889,High School,9,Married-civ-spouse,Other, Wife,*,Female,0,0,30,North America,<=50K
4454,"[20, 30[", Private,460835,High School,9,Never-married,Nontechnical, Other-relative,*,Male,0,0,45,North America,<=50K
4456,"[30, 40[", State-gov,37070,Graduate,14,Married-civ-spouse,Technical, Husband,*,Male,0,0,60,North America,<=50K
4457,"[30, 40[", State-gov,93589,High School,9,Divorced,Other, Own-child,*,Male,0,0,40,North America,<=50K
4458,"[20, 30[", Self-emp-not-inc,213258,High School,9,Divorced,Other, Unmarried,*,Male,0,0,65,North America,<=50K
4459,"[30, 40[", State-gov,46814,Undergraduate,13,Never-married,Technical, Not-in-family,*,Male,0,0,38,North America,<=50K
4460,"[20, 30[", ?,168873,Undergraduate,10,Divorced,Other, Unmarried,*,Female,0,0,30,North America,<=50K
4461,"[20, 30[", Private,284737,Undergraduate,10,Never-married,Other, Own-child,*,Male,0,0,20,North America,<=50K
4463,"[40, 50[", Private,197418,High School,9,Widowed,Other, Unmarried,*,Female,0,0,20,North America,<=50K
4465,"[40, 50[", Private,185041,Graduate,14,Married-civ-spouse,Nontechnical, Husband,*,Male,0,1977,40,North America,>50K
4466,"[50, 60[", Private,159604,Undergraduate,10,Married-civ-spouse,Technical, Wife,*,Female,0,0,40,North America,>50K
4467,"[40, 50[", Private,123557,Undergraduate,10,Married-civ-spouse,Nontechnical, Husband,*,Male,0,0,40,North America,<=50K
4468,"[20, 30[", Private,275421,Professional Education,11,Never-married,Technical, Own-child,*,Female,0,0,40,North America,<=50K
4469,"[10, 20[", Private,167147,High School,8,Never-married,Nontechnical, Own-child,*,Male,0,0,24,North America,<=50K
4470,"[40, 50[", Private,197583,High School,6,Married-civ-spouse,Other, Husband,*,Male,0,0,40,North America,>50K
4471,"[40, 50[", Private,175109,High School,9,Married-civ-spouse,Other, Husband,*,Male,0,1485,40,North America,>50K
4472,"[40, 50[", Private,117502,High School,9,Married-civ-spouse,Other, Wife,*,Female,0,0,40,North America,<=50K
4473,"[60, 70[", Private,180401,High School,6,Married-civ-spouse,Other, Husband,*,Male,0,0,40,North America,>50K
4474,"[50, 60[", Self-emp-not-inc,146603,Professional Education,15,Married-civ-spouse,Technical, Husband,*,Male,0,0,40,North America,>50K
4475,"[50, 60[", State-gov,143822,Graduate,14,Married-civ-spouse,Technical, Husband,*,Male,0,0,36,North America,>50K
4476,"[20, 30[", Private,51985,High School,9,Never-married,Technical, Not-in-family,*,Male,0,0,40,North America,<=50K
4477,"[20, 30[", State-gov,48121,Undergraduate,10,Married-civ-spouse,Other, Husband,*,Male,0,0,25,North America,<=50K
4478,"[30, 40[", Private,234807,Undergraduate,13,Divorced,Nontechnical, Unmarried,*,Female,7430,0,45,North America,>50K
4479,"[30, 40[", Federal-gov,65324,Professional Education,15,Never-married,Technical, Not-in-family,*,Male,0,0,55,North America,>50K
4480,"[30, 40[", Private,302149,Undergraduate,13,Married-civ-spouse,Nontechnical, Husband,*,Male,0,0,40,Asia,<=50K
4481,"[20, 30[", Private,168403,Undergraduate,13,Never-married,Technical, Not-in-family,*,Male,0,1741,40,North America,<=50K
4482,"[20, 30[", Private,159897,Undergraduate,10,Never-married,Nontechnical, Unmarried,*,Female,0,0,40,North America,<=50K
4483,"[40, 50[", Private,416338,Undergraduate,13,Never-married,Nontechnical, Not-in-family,*,Male,0,0,50,North America,<=50K
4484,"[50, 60[", Private,370615,High School,9,Widowed,Other, Unmarried,*,Female,0,0,60,North America,<=50K
4485,"[20, 30[", Private,219371,High School,9,Married-spouse-absent,Other, Unmarried,*,Female,0,0,40,North America,<=50K
4486,"[50, 60[", Private,120970,High School,6,Married-civ-spouse,Technical, Husband,*,Male,0,0,40,North America,>50K
4487,"[20, 30[", Private,22966,Undergraduate,10,Never-married,Other, Own-child,*,Male,0,0,12,North America,<=50K
4488,"[20, 30[", Private,34541,Professional Education,11,Never-married,Technical, Not-in-family,*,Female,0,0,36,North America,<=50K
4490,"[20, 30[", Private,107458,Undergraduate,13,Never-married,Nontechnical, Not-in-family,*,Male,0,0,50,North America,<=50K
4491,"[60, 70[", Private,121832,High School,7,Married-civ-spouse,Nontechnical, Husband,*,Male,0,0,40,North America,>50K
4492,"[30, 40[", Local-gov,233825,Undergraduate,13,Married-civ-spouse,Technical, Wife,*,Female,15024,0,50,North America,>50K
4493,"[20, 30[", Private,73839,High School,7,Divorced,Nontechnical, Own-child,*,Female,0,0,40,North America,<=50K
4494,"[20, 30[", Private,109165,Undergraduate,10,Married-civ-spouse,Technical, Husband,*,Male,0,0,60,North America,<=50K
4495,"[50, 60[", State-gov,103063,Undergraduate,13,Married-civ-spouse,Nontechnical, Husband,*,Male,0,0,40,North America,>50K
4496,"[40, 50[", Self-emp-not-inc,29762,Undergraduate,10,Married-civ-spouse,Other, Husband,*,Male,5013,0,70,North America,<=50K
4497,"[40, 50[", Private,111979,High School,4,Married-civ-spouse,Technical, Husband,*,Male,0,0,47,North America,<=50K
4498,"[30, 40[", Private,150125,Professional Education,11,Divorced,Other, Unmarried,*,Female,0,0,40,North America,<=50K
4499,"[20, 30[", ?,301853,Undergraduate,10,Never-married,Other, Own-child,*,Male,0,0,40,North America,<=50K
4500,"[30, 40[", ?,296738,High School,7,Separated,Other, Not-in-family,*,Female,6849,0,60,North America,<=50K
4501,"[40, 50[", Private,118001,High School,9,Never-married,Nontechnical, Not-in-family,*,Male,0,0,40,North America,<=50K
4502,"[40, 50[", Private,149337,Undergraduate,13,Married-civ-spouse,Nontechnical, Husband,*,Male,0,0,40,North America,>50K
4503,"[20, 30[", Private,36601,Undergraduate,13,Never-married,Technical, Not-in-family,*,Female,0,0,50,North America,<=50K
4504,"[40, 50[", Local-gov,118600,Undergraduate,13,Divorced,Technical, Unmarried,*,Female,0,625,40,North America,<=50K
4505,"[30, 40[", Private,279272,Professional Education,12,Never-married,Other, Not-in-family,*,Male,0,0,60,North America,<=50K
4506,"[30, 40[", Private,181020,High School,9,Never-married,Nontechnical, Own-child,*,Male,0,0,60,North America,<=50K
4507,"[50, 60[", Private,165998,Undergraduate,10,Married-civ-spouse,Technical, Husband,*,Male,0,0,40,North America,<=50K
4508,"[20, 30[", Private,218136,Undergraduate,10,Never-married,Nontechnical, Not-in-family,*,Male,0,0,40,North America,<=50K
4509,"[20, 30[", Self-emp-inc,182200,High School,9,Never-married,Technical, Own-child,*,Female,0,0,30,North America,<=50K
4511,"[20, 30[", Private,140001,Undergraduate,13,Never-married,Nontechnical, Not-in-family,*,Male,0,0,40,North America,<=50K
4513,"[20, 30[", Private,191243,Undergraduate,10,Never-married,Other, Own-child,*,Male,0,0,40,North America,<=50K
4514,"[30, 40[", Federal-gov,207887,Undergraduate,13,Divorced,Nontechnical, Other-relative,*,Female,0,0,50,North America,<=50K
4515,"[40, 50[", Federal-gov,211450,High School,9,Never-married,Other, Own-child,*,Male,0,0,40,North America,<=50K
4516,"[10, 20[", Private,184759,High School,9,Never-married,Other, Not-in-family,*,Female,0,0,26,North America,<=50K
4517,"[40, 50[", Private,197836,High School,9,Married-civ-spouse,Nontechnical, Husband,*,Male,0,0,45,North America,<=50K
4518,"[60, 70[", Private,232308,High School,9,Married-civ-spouse,Other, Husband,*,Male,0,0,45,North America,>50K
4519,"[20, 30[", ?,189888,Professional Education,12,Never-married,Other, Not-in-family,*,Male,0,0,55,North America,<=50K
4520,"[30, 40[", Private,301614,High School,9,Married-civ-spouse,Other, Husband,*,Male,0,0,60,North America,<=50K
4521,"[60, 70[", Private,146674,High School,6,Married-civ-spouse,Nontechnical, Husband,*,Male,0,0,40,North America,<=50K
4522,"[20, 30[", Private,225291,Undergraduate,10,Never-married,Other, Not-in-family,*,Female,0,0,40,North America,<=50K
4524,"[50, 60[", Private,136413,Primary School,2,Married-civ-spouse,Technical, Husband,*,Male,0,0,40,North America,<=50K
4525,"[20, 30[", Private,126060,High School,9,Never-married,Nontechnical, Not-in-family,*,Female,0,0,40,North America,<=50K
4526,"[40, 50[", Private,73064,High School,4,Married-civ-spouse,Technical, Wife,*,Female,0,0,35,North America,<=50K
4527,"[10, 20[", Private,39026,High School,9,Never-married,Other, Not-in-family,*,Male,0,0,30,North America,<=50K
4528,"[20, 30[", Self-emp-not-inc,33035,High School,8,Divorced,Other, Unmarried,*,Female,0,0,30,North America,<=50K
4529,"[40, 50[", Private,193494,High School,6,Married-civ-spouse,Other, Husband,*,Male,0,0,40,North America,<=50K
4530,"[60, 70[", Local-gov,147440,Undergraduate,10,Divorced,Nontechnical, Not-in-family,*,Female,0,0,35,North America,<=50K
4531,"[20, 30[", ?,153131,Undergraduate,10,Never-married,Other, Own-child,*,Male,0,0,40,North America,<=50K
4533,"[30, 40[", Self-emp-not-inc,225399,High School,9,Never-married,Technical, Own-child,*,Male,8614,0,40,North America,>50K
4534,"[20, 30[", Private,174391,High School,9,Never-married,Nontechnical, Own-child,*,Female,0,0,40,North America,<=50K
4535,"[40, 50[", Private,377757,High School,6,Married-civ-spouse,Nontechnical, Husband,*,Male,0,0,70,North America,<=50K
4537,"[30, 40[", Private,110643,Undergraduate,13,Married-civ-spouse,Technical, Husband,*,Male,0,0,40,North America,>50K
4539,"[50, 60[", State-gov,32694,Graduate,14,Married-civ-spouse,Technical, Husband,*,Male,0,0,50,North America,>50K
4540,"[40, 50[", Private,95047,Professional Education,11,Married-civ-spouse,Other, Wife,*,Female,7688,0,44,North America,>50K
4541,"[30, 40[", Private,264936,High School,9,Divorced,Other, Other-relative,*,Female,0,0,40,North America,<=50K
4542,"[20, 30[", Private,367329,Professional Education,11,Married-civ-spouse,Other, Husband,*,Male,0,0,40,North America,<=50K
4543,"[30, 40[", Private,56026,High School,9,Married-civ-spouse,Other, Husband,*,Male,0,0,60,North America,>50K
4544,"[20, 30[", Private,186452,High School,6,Never-married,Technical, Not-in-family,*,Male,0,0,30,North America,<=50K
4546,"[40, 50[", Self-emp-not-inc,242082,Undergraduate,13,Married-civ-spouse,Technical, Husband,*,Male,0,0,45,North America,>50K
4547,"[30, 40[", Private,31023,High School,9,Married-civ-spouse,Technical, Husband,*,Male,0,0,51,North America,<=50K
4548,"[40, 50[", ?,397346,Professional Education,12,Divorced,Other, Not-in-family,*,Male,0,0,40,North America,<=50K
4549,"[50, 60[", Private,424079,Graduate,14,Married-civ-spouse,Nontechnical, Husband,*,Male,15024,0,55,North America,>50K
4550,"[30, 40[", Self-emp-not-inc,108947,Undergraduate,10,Married-civ-spouse,Technical, Husband,*,Male,7688,0,40,North America,>50K
4551,"[20, 30[", State-gov,261979,High School,9,Never-married,Technical, Not-in-family,*,Male,0,0,40,North America,<=50K
4552,"[50, 60[", Private,55507,High School,9,Married-civ-spouse,Technical, Husband,*,Male,0,0,40,North America,<=50K
4553,"[20, 30[", ?,291407,High School,8,Never-married,Other, Own-child,*,Male,0,0,40,North America,<=50K
4554,"[10, 20[", Private,353358,Undergraduate,10,Never-married,Other, Own-child,*,Male,0,0,16,North America,<=50K
4555,"[40, 50[", Private,67339,High School,7,Married-civ-spouse,Nontechnical, Husband,*,Male,7688,0,40,North America,>50K
4556,"[30, 40[", Private,235109,High School,9,Never-married,Other, Unmarried,*,Female,0,0,40,North America,<=50K
4557,"[30, 40[", Private,208180,Undergraduate,13,Never-married,Nontechnical, Not-in-family,*,Female,0,0,40,North America,<=50K
4558,"[60, 70[", State-gov,423561,Undergraduate,10,Married-civ-spouse,Other, Husband,*,Male,0,0,40,North America,<=50K
4559,"[40, 50[", Self-emp-not-inc,145290,High School,9,Married-civ-spouse,Nontechnical, Husband,*,Male,0,2415,50,North America,>50K
4560,"[20, 30[", Private,403671,Undergraduate,10,Never-married,Technical, Not-in-family,*,Male,0,0,40,North America,<=50K
4561,"[30, 40[", Local-gov,49325,High School,4,Married-civ-spouse,Other, Husband,*,Male,0,0,40,North America,<=50K
4562,"[20, 30[", Private,370494,High School,9,Never-married,Other, Unmarried,*,Female,0,0,40,North America,<=50K
4563,"[20, 30[", Private,267012,Professional Education,11,Never-married,Nontechnical, Not-in-family,*,Male,0,0,45,North America,<=50K
4564,"[30, 40[", Private,191856,Undergraduate,10,Divorced,Other, Not-in-family,*,Female,0,0,40,North America,<=50K
4565,"[50, 60[", Private,80445,Undergraduate,13,Married-civ-spouse,Technical, Husband,*,Male,0,0,40,North America,<=50K
4566,"[30, 40[", Private,379798,Undergraduate,10,Married-civ-spouse,Nontechnical, Husband,*,Male,0,0,40,North America,>50K
4567,"[30, 40[", Local-gov,168387,Graduate,14,Married-civ-spouse,Technical, Husband,*,Male,0,0,50,North America,<=50K
4568,"[10, 20[", Private,301948,High School,9,Never-married,Other, Own-child,*,Male,34095,0,3,North America,<=50K
4569,"[30, 40[", Private,274809,High School,9,Divorced,Other, Unmarried,*,Female,0,0,50,North America,<=50K
4570,"[50, 60[", Private,233193,High School,9,Widowed,Other, Not-in-family,*,Female,0,0,27,North America,<=50K
4571,"[30, 40[", Private,299635,Graduate,14,Married-civ-spouse,Nontechnical, Husband,*,Male,0,1902,50,North America,>50K
4572,"[10, 20[", Private,236396,High School,7,Never-married,Nontechnical, Not-in-family,*,Male,0,0,40,North America,<=50K
4573,"[20, 30[", Private,688355,High School,9,Never-married,Other, Unmarried,*,Female,0,0,40,North America,<=50K
4574,"[30, 40[", Self-emp-inc,37019,High School,9,Never-married,Other, Not-in-family,*,Male,0,0,50,North America,<=50K
4575,"[30, 40[", Private,148015,Undergraduate,13,Married-civ-spouse,Technical, Wife,*,Female,15024,0,40,North America,>50K
4577,"[50, 60[", State-gov,349795,Undergraduate,13,Married-civ-spouse,Other, Husband,*,Male,0,0,40,North America,<=50K
4579,"[40, 50[", Private,108945,Undergraduate,10,Divorced,Technical, Unmarried,*,Female,0,0,38,North America,<=50K
4580,"[20, 30[", Private,237498,High School,9,Never-married,Other, Own-child,*,Male,0,0,40,North America,<=50K
4582,"[30, 40[", Private,324019,Professional Education,12,Never-married,Other, Not-in-family,*,Female,0,0,40,North America,<=50K
4583,"[30, 40[", Private,82488,Undergraduate,10,Divorced,Nontechnical, Unmarried,*,Female,0,0,38,North America,<=50K
4584,"[50, 60[", Private,206964,Undergraduate,10,Married-civ-spouse,Nontechnical, Husband,*,Male,0,0,40,North America,>50K
4585,"[20, 30[", Private,37088,Professional Education,12,Never-married,Other, Not-in-family,*,Male,0,0,40,North America,<=50K
4586,"[20, 30[", Private,152540,High School,9,Never-married,Other, Not-in-family,*,Female,0,0,35,North America,<=50K
4588,"[30, 40[", Private,126242,Undergraduate,10,Married-civ-spouse,Other, Wife,*,Female,0,0,40,North America,<=50K
4589,"[20, 30[", Private,127185,High School,5,Never-married,Technical, Not-in-family,*,Female,0,0,40,North America,<=50K
4590,"[20, 30[", Private,164018,Undergraduate,13,Married-civ-spouse,Nontechnical, Husband,*,Male,4064,0,50,North America,<=50K
4591,"[20, 30[", Private,210184,High School,7,Separated,Technical, Own-child,*,Male,0,0,40,North America,<=50K
4592,"[30, 40[", ?,117528,Professional Education,11,Married-civ-spouse,Other, Wife,*,Female,0,0,40,North America,>50K
4593,"[40, 50[", Private,124973,Professional Education,11,Married-civ-spouse,Nontechnical, Husband,*,Male,15024,0,50,North America,>50K
4594,"[20, 30[", Private,182117,Professional Education,12,Never-married,Other, Own-child,*,Male,0,0,60,North America,<=50K
4595,"[40, 50[", Private,220049,High School,9,Married-civ-spouse,Nontechnical, Husband,*,Male,0,0,40,North America,>50K
4596,"[30, 40[", Self-emp-not-inc,247975,Undergraduate,10,Never-married,Technical, Not-in-family,*,Male,0,0,30,North America,<=50K
4597,"[50, 60[", Private,50164,Graduate,16,Married-civ-spouse,Nontechnical, Husband,*,Male,0,0,60,North America,>50K
4599,"[40, 50[", Self-emp-inc,219962,Undergraduate,13,Married-civ-spouse,Technical, Husband,*,Male,7298,0,40,Unknown,>50K
4600,"[50, 60[", Private,79324,High School,9,Married-civ-spouse,Technical, Husband,*,Male,0,0,40,North America,>50K
4601,"[40, 50[", Private,129100,High School,7,Separated,Other, Unmarried,*,Female,0,0,60,North America,<=50K
4602,"[40, 50[", Private,210275,High School,9,Separated,Other, Unmarried,*,Female,0,0,40,North America,<=50K
4603,"[40, 50[", Private,189462,Undergraduate,10,Married-civ-spouse,Technical, Husband,*,Male,7688,0,40,North America,>50K
4605,"[20, 30[", Private,201799,High School,9,Never-married,Nontechnical, Own-child,*,Female,0,0,40,North America,<=50K
4606,"[30, 40[", ?,200426,High School,9,Married-civ-spouse,Other, Wife,*,Female,0,0,12,North America,<=50K
4607,"[20, 30[", ?,24395,Undergraduate,10,Never-married,Other, Unmarried,*,Female,0,0,20,North America,<=50K
4608,"[40, 50[", Private,191149,High School,9,Divorced,Nontechnical, Not-in-family,*,Female,0,0,40,North America,<=50K
4609,"[30, 40[", Local-gov,34173,High School,9,Married-civ-spouse,Other, Wife,*,Female,0,0,25,North America,<=50K
4611,"[40, 50[", Private,147314,High School,9,Married-civ-spouse,Nontechnical, Husband,*,Male,0,0,50,North America,<=50K
4612,"[30, 40[", Private,136081,Professional Education,15,Married-civ-spouse,Technical, Husband,*,Male,0,0,60,North America,>50K
4613,"[70, 80[", ?,232894,High School,5,Married-civ-spouse,Other, Husband,*,Male,0,0,40,North America,<=50K
4614,"[40, 50[", Self-emp-not-inc,373403,High School,9,Married-civ-spouse,Other, Husband,*,Male,0,0,50,North America,<=50K
4615,"[20, 30[", Private,120601,High School,9,Never-married,Other, Own-child,*,Male,0,0,40,North America,<=50K
4616,"[30, 40[", Private,130926,Undergraduate,13,Divorced,Other, Not-in-family,*,Female,3674,0,40,North America,<=50K
4617,"[30, 40[", Federal-gov,72338,Professional Education,11,Never-married,Technical, Other-relative,*,Male,0,0,40,North America,<=50K
4618,"[20, 30[", Private,129624,Undergraduate,13,Married-civ-spouse,Nontechnical, Husband,*,Male,0,0,40,North America,>50K
4619,"[20, 30[", State-gov,328697,Undergraduate,10,Divorced,Other, Other-relative,*,Male,0,0,45,North America,<=50K
4620,"[40, 50[", Private,191196,Graduate,14,Never-married,Nontechnical, Not-in-family,*,Male,0,0,40,North America,<=50K
4621,"[10, 20[", ?,191117,High School,7,Never-married,Other, Own-child,*,Male,0,0,25,North America,<=50K
4622,"[40, 50[", Private,110243,Undergraduate,13,Married-civ-spouse,Nontechnical, Husband,*,Male,0,0,45,North America,>50K
4623,"[10, 20[", Private,181580,High School,7,Never-married,Other, Own-child,*,Female,0,0,16,North America,<=50K
4624,"[20, 30[", Private,89030,High School,9,Never-married,Nontechnical, Unmarried,*,Female,0,0,40,North America,<=50K
4627,"[50, 60[", ?,198478,High School,4,Married-civ-spouse,Other, Husband,*,Male,0,0,24,North America,<=50K
4628,"[20, 30[", Private,250679,High School,9,Never-married,Technical, Not-in-family,*,Male,0,0,40,North America,<=50K
4629,"[40, 50[", Private,168837,Undergraduate,10,Married-civ-spouse,Other, Wife,*,Female,0,0,24,North America,>50K
4630,"[30, 40[", Private,142675,High School,8,Married-civ-spouse,Technical, Husband,*,Male,0,0,50,North America,<=50K
4631,"[10, 20[", Private,299050,Undergraduate,10,Never-married,Other, Own-child,*,Male,0,0,20,North America,<=50K
4632,"[50, 60[", Private,107833,High School,6,Married-civ-spouse,Other, Husband,*,Male,0,1485,40,North America,>50K
4633,"[40, 50[", Private,121958,High School,4,Married-spouse-absent,Other, Unmarried,*,Female,0,0,30,North America,<=50K
4634,"[40, 50[", Private,282948,Undergraduate,10,Married-civ-spouse,Technical, Husband,*,Male,3137,0,40,North America,<=50K
4636,"[40, 50[", Private,34377,Professional Education,12,Married-civ-spouse,Technical, Husband,*,Male,0,0,40,North America,>50K
4637,"[40, 50[", Self-emp-not-inc,209833,Undergraduate,10,Married-civ-spouse,Technical, Husband,*,Male,0,0,60,North America,<=50K
4638,"[60, 70[", State-gov,41506,High School,6,Divorced,Other, Not-in-family,*,Female,0,0,40,North America,<=50K
4640,"[40, 50[", Self-emp-not-inc,147206,Undergraduate,10,Never-married,Technical, Own-child,*,Male,0,0,12,North America,<=50K
4641,"[50, 60[", Self-emp-not-inc,93664,High School,9,Married-civ-spouse,Nontechnical, Husband,*,Male,15024,0,60,North America,>50K
4642,"[20, 30[", Private,315065,High School,4,Never-married,Other, Other-relative,*,Male,0,0,48,North America,<=50K
4643,"[50, 60[", Private,381851,High School,5,Widowed,Other, Unmarried,*,Female,0,0,40,North America,<=50K
4644,"[30, 40[", Local-gov,185769,Undergraduate,10,Married-civ-spouse,Other, Husband,*,Male,0,0,40,North America,<=50K
4645,"[40, 50[", Private,186272,High School,5,Married-civ-spouse,Other, Husband,*,Male,5178,0,40,North America,>50K
4646,"[30, 40[", Private,312667,High School,9,Married-civ-spouse,Other, Husband,*,Male,0,0,40,North America,<=50K
4647,"[30, 40[", Private,343925,High School,9,Never-married,Nontechnical, Not-in-family,*,Male,0,0,40,North America,<=50K
4648,"[20, 30[", Private,195994,Undergraduate,10,Never-married,Nontechnical, Not-in-family,*,Female,0,0,15,North America,<=50K
4649,"[40, 50[", Private,398843,Undergraduate,10,Separated,Nontechnical, Unmarried,*,Female,0,0,35,North America,<=50K
4650,"[30, 40[", Private,73514,High School,9,Never-married,Nontechnical, Own-child,*,Female,0,0,40,North America,<=50K
4651,"[30, 40[", Private,288049,High School,9,Married-civ-spouse,Nontechnical, Husband,*,Male,0,0,45,North America,<=50K
4652,"[40, 50[", Private,54759,High School,9,Divorced,Technical, Unmarried,*,Female,0,0,38,North America,<=50K
4653,"[30, 40[", Private,155343,High School,9,Married-civ-spouse,Technical, Husband,*,Male,5013,0,40,North America,<=50K
4654,"[30, 40[", Private,401104,High School,9,Married-civ-spouse,Nontechnical, Husband,*,Male,0,0,50,North America,>50K
4655,"[10, 20[", ?,124884,High School,5,Never-married,Other, Not-in-family,*,Female,0,0,25,North America,<=50K
4657,"[50, 60[", Private,113995,Undergraduate,13,Married-civ-spouse,Nontechnical, Husband,*,Male,0,0,45,North America,>50K
4659,"[30, 40[", Private,111499,Undergraduate,10,Married-civ-spouse,Other, Husband,*,Male,7298,0,50,North America,>50K
4660,"[30, 40[", Private,34374,Undergraduate,10,Never-married,Other, Not-in-family,*,Male,0,0,50,North America,<=50K
4661,"[40, 50[", Private,162187,Undergraduate,13,Married-civ-spouse,Nontechnical, Husband,*,Male,0,0,52,North America,>50K
4662,"[30, 40[", Local-gov,147654,Professional Education,11,Married-civ-spouse,Technical, Husband,*,Male,0,0,60,North America,<=50K
4663,"[30, 40[", Private,182467,Professional Education,11,Married-civ-spouse,Technical, Wife,*,Female,0,0,44,North America,<=50K
4664,"[20, 30[", Private,183970,High School,9,Never-married,Nontechnical, Own-child,*,Male,0,0,40,North America,<=50K
4665,"[30, 40[", Private,332588,High School,9,Divorced,Other, Unmarried,*,Female,0,0,30,North America,<=50K
4666,"[40, 50[", Private,26781,High School,9,Married-civ-spouse,Technical, Husband,*,Male,0,0,8,North America,<=50K
4667,"[10, 20[", Private,48610,High School,7,Never-married,Other, Own-child,*,Male,0,0,45,North America,<=50K
4668,"[50, 60[", Private,162632,High School,9,Married-civ-spouse,Nontechnical, Husband,*,Male,0,0,45,North America,<=50K
4669,"[30, 40[", Local-gov,91711,Undergraduate,13,Married-civ-spouse,Technical, Husband,*,Male,0,0,50,North America,>50K
4670,"[30, 40[", Private,198003,Undergraduate,10,Married-civ-spouse,Technical, Husband,*,Male,7298,0,50,North America,>50K
4672,"[20, 30[", Private,262778,Undergraduate,13,Never-married,Nontechnical, Not-in-family,*,Female,6849,0,50,North America,<=50K
4673,"[60, 70[", Private,102470,High School,9,Married-civ-spouse,Technical, Husband,*,Male,0,0,40,North America,<=50K
4674,"[60, 70[", Self-emp-not-inc,123170,Undergraduate,10,Married-civ-spouse,Nontechnical, Husband,*,Male,0,0,10,North America,<=50K
4675,"[30, 40[", Private,164243,High School,9,Married-civ-spouse,Technical, Husband,*,Male,0,0,60,North America,>50K
4676,"[10, 20[", Private,262511,High School,7,Never-married,Nontechnical, Own-child,*,Male,0,0,20,North America,<=50K
4677,"[60, 70[", Private,51170,High School,9,Married-civ-spouse,Technical, Husband,*,Male,0,0,55,North America,<=50K
4678,"[40, 50[", State-gov,91949,Graduate,16,Never-married,Technical, Not-in-family,*,Female,0,0,40,North America,<=50K
4679,"[20, 30[", Private,123727,High School,9,Never-married,Nontechnical, Other-relative,*,Female,0,0,40,North America,<=50K
4680,"[30, 40[", Private,173175,Undergraduate,13,Married-civ-spouse,Nontechnical, Husband,*,Male,15024,0,50,North America,>50K
4681,"[30, 40[", Self-emp-not-inc,120301,Undergraduate,10,Married-civ-spouse,Nontechnical, Husband,*,Male,0,0,45,North America,<=50K
4682,"[20, 30[", Private,250967,Professional Education,11,Married-civ-spouse,Technical, Husband,*,Male,0,0,40,North America,<=50K
4683,"[20, 30[", Federal-gov,285432,Professional Education,12,Never-married,Other, Not-in-family,*,Male,0,0,40,North America,<=50K
4684,"[20, 30[", Private,36235,Professional Education,12,Never-married,Other, Not-in-family,*,Female,0,0,40,North America,<=50K
4685,"[30, 40[", ?,317219,Undergraduate,10,Married-civ-spouse,Other, Wife,*,Female,0,0,20,North America,>50K
4686,"[50, 60[", Local-gov,110965,Graduate,14,Never-married,Technical, Own-child,*,Male,0,0,40,North America,<=50K
4687,"[40, 50[", Private,123283,High School,9,Separated,Technical, Unmarried,*,Female,0,0,15,North America,<=50K
4688,"[20, 30[", ?,249087,Undergraduate,10,Never-married,Other, Own-child,*,Female,0,0,40,North America,<=50K
4689,"[30, 40[", Private,152940,Undergraduate,10,Married-civ-spouse,Technical, Husband,*,Male,0,0,40,North America,<=50K
4690,"[20, 30[", Private,376680,High School,9,Never-married,Technical, Own-child,*,Male,0,0,40,North America,<=50K
4691,"[50, 60[", Private,231232,Undergraduate,13,Married-civ-spouse,Other, Husband,*,Male,0,0,30,North America,<=50K
4692,"[50, 60[", Self-emp-not-inc,168625,Undergraduate,10,Divorced,Technical, Not-in-family,*,Female,0,0,12,North America,>50K
4693,"[20, 30[", Private,33939,Undergraduate,10,Never-married,Technical, Own-child,*,Male,0,0,20,North America,<=50K
4694,"[40, 50[", Private,155659,Undergraduate,10,Married-civ-spouse,Technical, Husband,*,Male,15024,0,45,North America,>50K
4695,"[30, 40[", Local-gov,190228,High School,9,Married-civ-spouse,Other, Husband,*,Male,0,0,40,North America,<=50K
4696,"[20, 30[", Private,216178,High School,9,Married-civ-spouse,Nontechnical, Husband,*,Male,0,0,40,North America,<=50K
4697,"[20, 30[", Private,587310,High School,4,Never-married,Other, Other-relative,*,Male,0,0,35,North America,<=50K
4699,"[50, 60[", Private,227386,High School,6,Married-civ-spouse,Technical, Husband,*,Male,0,0,40,North America,<=50K
4700,"[20, 30[", Private,138152,High School,8,Never-married,Technical, Other-relative,*,Male,0,0,48,North America,<=50K
4701,"[30, 40[", Private,167482,High School,6,Never-married,Nontechnical, Not-in-family,*,Male,0,0,40,North America,<=50K
4702,"[10, 20[", Private,57957,High School,9,Never-married,Nontechnical, Own-child,*,Female,0,0,15,North America,<=50K
4703,"[30, 40[", Private,157747,High School,5,Divorced,Nontechnical, Not-in-family,*,Male,0,0,70,North America,<=50K
4705,"[40, 50[", Private,273308,High School,9,Divorced,Technical, Unmarried,*,Female,0,0,48,North America,<=50K
4706,"[40, 50[", Private,216292,High School,9,Married-civ-spouse,Other, Husband,*,Male,0,0,43,North America,<=50K
4707,"[20, 30[", Self-emp-not-inc,131298,High School,6,Married-civ-spouse,Technical, Husband,*,Male,0,0,48,North America,<=50K
4708,"[10, 20[", Private,386378,Undergraduate,10,Never-married,Other, Own-child,*,Male,0,0,20,North America,<=50K
4709,"[30, 40[", Private,179668,Undergraduate,13,Married-civ-spouse,Technical, Husband,*,Male,0,0,50,North America,>50K
4710,"[20, 30[", Private,210812,Undergraduate,10,Divorced,Technical, Not-in-family,*,Male,0,0,43,North America,<=50K
4711,"[40, 50[", Federal-gov,311671,Professional Education,11,Married-civ-spouse,Other, Husband,*,Male,3908,0,40,North America,<=50K
4712,"[20, 30[", Private,215247,Undergraduate,10,Never-married,Other, Own-child,*,Female,0,0,20,North America,<=50K
4713,"[30, 40[", Federal-gov,125856,High School,9,Divorced,Technical, Unmarried,*,Male,0,0,40,North America,<=50K
4714,"[20, 30[", Private,74631,Undergraduate,10,Never-married,Nontechnical, Own-child,*,Female,0,0,13,North America,<=50K
4715,"[20, 30[", Private,24008,High School,9,Never-married,Other, Not-in-family,*,Male,0,0,40,North America,<=50K
4716,"[30, 40[", State-gov,354591,High School,9,Never-married,Other, Unmarried,*,Female,114,0,38,North America,<=50K
4717,"[30, 40[", Private,155343,High School,9,Married-civ-spouse,Technical, Husband,*,Male,0,1848,50,North America,>50K
4719,"[30, 40[", Private,245361,Undergraduate,13,Divorced,Nontechnical, Not-in-family,*,Female,0,0,25,North America,<=50K
4720,"[70, 80[", Self-emp-not-inc,158319,High School,9,Widowed,Other, Not-in-family,*,Female,0,0,24,North America,<=50K
4721,"[60, 70[", ?,204486,Undergraduate,13,Married-civ-spouse,Other, Husband,*,Male,0,0,8,North America,>50K
4722,"[20, 30[", Private,314823,High School,9,Never-married,Nontechnical, Own-child,*,Male,0,0,40,North America,<=50K
4723,"[30, 40[", Private,211334,Undergraduate,10,Married-civ-spouse,Technical, Husband,*,Male,2407,0,65,North America,<=50K
4724,"[30, 40[", Self-emp-not-inc,73199,Undergraduate,13,Married-civ-spouse,Nontechnical, Husband,*,Male,3137,0,77,Asia,<=50K
4725,"[20, 30[", Private,126550,High School,9,Never-married,Technical, Other-relative,*,Male,0,0,40,North America,<=50K
4726,"[30, 40[", Private,260782,Undergraduate,10,Married-civ-spouse,Other, Husband,*,Male,0,1579,45,North America,<=50K
4727,"[20, 30[", Private,114224,Undergraduate,13,Married-civ-spouse,Technical, Husband,*,Male,0,0,40,North America,>50K
4728,"[20, 30[", State-gov,64292,Undergraduate,13,Never-married,Technical, Own-child,*,Female,0,0,43,North America,<=50K
4729,"[60, 70[", ?,628797,Undergraduate,10,Widowed,Other, Not-in-family,*,Female,0,0,20,North America,<=50K
4730,"[50, 60[", Local-gov,219775,High School,9,Divorced,Other, Unmarried,*,Female,0,0,38,North America,<=50K
4731,"[40, 50[", Private,212894,High School,9,Divorced,Technical, Other-relative,*,Male,0,0,40,North America,<=50K
4732,"[20, 30[", Private,260019,High School,4,Never-married,Other, Unmarried,*,Male,0,0,36,North America,<=50K
4733,"[20, 30[", Private,228075,High School,9,Never-married,Other, Unmarried,*,Male,0,0,35,North America,<=50K
4734,"[20, 30[", Private,239806,Professional Education,11,Never-married,Other, Other-relative,*,Female,0,0,40,North America,<=50K
4735,"[20, 30[", Private,324637,Undergraduate,10,Never-married,Nontechnical, Not-in-family,*,Male,0,0,42,North America,<=50K
4736,"[20, 30[", Private,163620,High School,9,Married-civ-spouse,Nontechnical, Husband,*,Male,7298,0,84,North America,>50K
4737,"[20, 30[", Private,194200,Undergraduate,10,Never-married,Technical, Own-child,*,Male,0,0,45,North America,<=50K
4738,"[20, 30[", State-gov,129200,Undergraduate,10,Never-married,Other, Not-in-family,*,Male,0,0,40,North America,<=50K
4739,"[30, 40[", Federal-gov,207172,High School,9,Never-married,Nontechnical, Not-in-family,*,Female,0,0,40,North America,<=50K
4740,"[30, 40[", Private,135312,Undergraduate,13,Never-married,Technical, Not-in-family,*,Male,0,0,40,North America,>50K
4741,"[30, 40[", Private,100734,Graduate,16,Never-married,Technical, Not-in-family,*,Female,0,0,28,North America,<=50K
4742,"[30, 40[", Local-gov,226443,Graduate,14,Married-civ-spouse,Technical, Husband,*,Male,0,1887,45,North America,>50K
4743,"[50, 60[", Private,110871,Undergraduate,13,Married-civ-spouse,Nontechnical, Husband,*,Male,0,0,40,North America,<=50K
4744,"[30, 40[", Private,192704,High School,8,Never-married,Nontechnical, Not-in-family,*,Male,4650,0,50,North America,<=50K
4745,"[40, 50[", ?,224108,High School,9,Widowed,Other, Unmarried,*,Female,0,0,40,North America,<=50K
4746,"[20, 30[", Private,78870,Undergraduate,13,Never-married,Nontechnical, Not-in-family,*,Male,8614,0,40,North America,>50K
4747,"[40, 50[", Private,107762,Graduate,14,Married-civ-spouse,Technical, Husband,*,Male,0,0,40,North America,>50K
4750,"[60, 70[", Self-emp-inc,208452,Undergraduate,10,Married-civ-spouse,Nontechnical, Husband,*,Male,0,0,35,North America,>50K
4751,"[20, 30[", Private,302195,Undergraduate,13,Married-civ-spouse,Technical, Husband,*,Male,0,0,40,North America,<=50K
4752,"[60, 70[", ?,199947,High School,9,Married-civ-spouse,Other, Husband,*,Male,0,0,32,North America,<=50K
4753,"[40, 50[", Private,379118,High School,4,Married-civ-spouse,Technical, Husband,*,Male,0,0,60,North America,>50K
4754,"[50, 60[", Self-emp-inc,174855,High School,9,Divorced,Nontechnical, Unmarried,*,Female,0,0,40,North America,<=50K
4755,"[70, 80[", ?,173736,Undergraduate,13,Married-civ-spouse,Other, Husband,*,Male,0,0,6,North America,<=50K
4756,"[30, 40[", Self-emp-not-inc,39369,Undergraduate,13,Married-civ-spouse,Technical, Husband,*,Male,0,0,40,North America,<=50K
4757,"[30, 40[", Federal-gov,196348,Undergraduate,10,Married-civ-spouse,Technical, Husband,*,Male,0,0,40,North America,<=50K
4758,"[30, 40[", Private,340917,High School,9,Never-married,Technical, Unmarried,*,Male,14344,0,40,North America,>50K
4760,"[50, 60[", Private,200098,Undergraduate,13,Divorced,Nontechnical, Not-in-family,*,Female,0,0,60,North America,<=50K
4761,"[30, 40[", Federal-gov,127651,Undergraduate,13,Married-civ-spouse,Technical, Husband,*,Male,0,0,40,North America,>50K
4762,"[30, 40[", Private,315128,Undergraduate,10,Never-married,Other, Not-in-family,*,Female,0,0,52,North America,<=50K
4763,"[30, 40[", Federal-gov,206823,Undergraduate,13,Divorced,Other, Not-in-family,*,Male,0,0,50,North America,>50K
4765,"[30, 40[", Private,112115,High School,9,Married-civ-spouse,Technical, Husband,*,Male,0,0,60,Europe,>50K
4766,"[60, 70[", ?,203821,High School,9,Married-civ-spouse,Other, Husband,*,Male,0,0,40,North America,<=50K
4767,"[20, 30[", Private,250051,Undergraduate,10,Never-married,Technical, Own-child,*,Female,0,0,10,North America,<=50K
4768,"[40, 50[", Federal-gov,298635,Graduate,14,Married-civ-spouse,Technical, Husband,*,Male,0,1902,40,Asia,>50K
4769,"[20, 30[", State-gov,109193,Undergraduate,10,Never-married,Technical, Not-in-family,*,Female,0,0,40,North America,<=50K
4770,"[10, 20[", Private,130849,High School,7,Never-married,Other, Own-child,*,Female,0,0,8,North America,<=50K
4771,"[30, 40[", Local-gov,43959,High School,9,Married-civ-spouse,Other, Husband,*,Male,0,0,50,North America,<=50K
4773,"[40, 50[", Self-emp-not-inc,27242,Undergraduate,10,Never-married,Other, Own-child,*,Male,0,0,60,North America,<=50K
4774,"[30, 40[", Private,53158,Professional Education,12,Never-married,Technical, Not-in-family,*,Female,0,0,40,North America,<=50K
4775,"[30, 40[", Self-emp-not-inc,206520,Undergraduate,13,Never-married,Technical, Own-child,*,Male,0,0,40,North America,<=50K
4776,"[30, 40[", Private,164190,Undergraduate,10,Married-civ-spouse,Technical, Husband,*,Male,0,0,50,North America,>50K
4777,"[20, 30[", Private,287988,Undergraduate,10,Never-married,Nontechnical, Not-in-family,*,Male,0,0,20,North America,<=50K
4778,"[20, 30[", ?,200819,High School,4,Divorced,Other, Own-child,*,Male,0,0,84,North America,<=50K
4779,"[20, 30[", Private,83891,High School,9,Never-married,Nontechnical, Own-child,*,Male,0,0,40,North America,<=50K
4780,"[40, 50[", Private,65087,Graduate,14,Married-civ-spouse,Nontechnical, Husband,*,Male,15024,0,50,North America,>50K
4781,"[30, 40[", Self-emp-not-inc,363418,Undergraduate,13,Separated,Technical, Own-child,*,Male,0,0,35,North America,<=50K
4782,"[60, 70[", ?,182378,Undergraduate,13,Married-civ-spouse,Other, Husband,*,Male,9386,0,60,North America,>50K
4783,"[10, 20[", Private,278870,Undergraduate,10,Never-married,Nontechnical, Own-child,*,Male,0,0,16,North America,<=50K
4784,"[30, 40[", Private,174789,Professional Education,12,Married-civ-spouse,Nontechnical, Husband,*,Male,0,1848,50,North America,>50K
4785,"[20, 30[", Private,228608,Undergraduate,10,Never-married,Technical, Other-relative,*,Female,0,0,40,Asia,<=50K
4786,"[20, 30[", Private,184400,High School,9,Never-married,Other, Own-child,*,Male,0,0,30,Unknown,<=50K
4787,"[40, 50[", Private,263568,High School,9,Married-civ-spouse,Technical, Husband,*,Male,0,0,40,North America,<=50K
4788,"[30, 40[", Private,117381,Graduate,14,Married-civ-spouse,Technical, Husband,*,Male,0,0,45,North America,<=50K
4789,"[40, 50[", Federal-gov,83411,High School,9,Married-civ-spouse,Other, Husband,*,Male,0,0,40,North America,<=50K
4790,"[40, 50[", Self-emp-not-inc,49156,Undergraduate,10,Married-civ-spouse,Technical, Husband,*,Male,0,0,20,North America,<=50K
4791,"[40, 50[", Private,421449,High School,9,Divorced,Other, Unmarried,*,Female,0,0,40,North America,<=50K
4792,"[30, 40[", Private,238944,High School,9,Married-civ-spouse,Technical, Husband,*,Male,0,0,40,North America,<=50K
4793,"[50, 60[", Private,188982,High School,9,Married-civ-spouse,Nontechnical, Husband,*,Male,0,0,20,North America,>50K
4794,"[40, 50[", Private,175925,High School,9,Married-civ-spouse,Technical, Husband,*,Male,0,0,48,North America,<=50K
4795,"[30, 40[", Private,164190,Undergraduate,13,Married-civ-spouse,Nontechnical, Husband,*,Male,0,0,40,North America,<=50K
4796,"[20, 30[", Private,232914,Professional Education,11,Never-married,Other, Own-child,*,Female,0,0,40,North America,<=50K
4797,"[40, 50[", Self-emp-inc,120121,Undergraduate,13,Married-civ-spouse,Nontechnical, Husband,*,Male,0,0,50,North America,>50K
4798,"[30, 40[", Local-gov,180805,High School,9,Never-married,Other, Not-in-family,*,Male,0,0,40,North America,<=50K
4799,"[50, 60[", Local-gov,161944,Undergraduate,13,Never-married,Other, Not-in-family,*,Male,0,0,38,North America,<=50K
4800,"[20, 30[", Private,319149,High School,8,Married-civ-spouse,Other, Husband,*,Male,0,0,40,North America,<=50K
4802,"[20, 30[", Private,290528,High School,9,Married-civ-spouse,Technical, Husband,*,Male,0,0,40,North America,<=50K
4804,"[40, 50[", Private,34186,High School,9,Married-civ-spouse,Other, Husband,*,Male,0,0,70,North America,<=50K
4806,"[30, 40[", Private,183892,High School,9,Divorced,Other, Not-in-family,*,Male,8614,0,45,North America,>50K
4807,"[40, 50[", Local-gov,195124,High School,7,Divorced,Nontechnical, Unmarried,*,Male,7430,0,50,North America,>50K
4808,"[40, 50[", State-gov,55938,Undergraduate,13,Married-civ-spouse,Other, Husband,*,Male,0,0,40,North America,>50K
4809,"[30, 40[", Private,209900,Undergraduate,10,Never-married,Technical, Own-child,*,Male,0,0,20,North America,<=50K
4810,"[40, 50[", Private,179717,Undergraduate,13,Divorced,Nontechnical, Not-in-family,*,Male,0,1564,60,North America,>50K
4811,"[20, 30[", Private,150361,Undergraduate,13,Never-married,Technical, Not-in-family,*,Female,0,0,40,North America,<=50K
4812,"[60, 70[", ?,164102,High School,9,Divorced,Other, Not-in-family,*,Female,0,0,40,North America,>50K
4814,"[30, 40[", Private,205204,High School,9,Never-married,Other, Own-child,*,Female,0,0,40,North America,<=50K
4815,"[30, 40[", Local-gov,168906,Professional Education,12,Married-civ-spouse,Other, Wife,*,Female,0,0,35,North America,<=50K
4816,"[30, 40[", Private,112115,Undergraduate,13,Married-civ-spouse,Nontechnical, Husband,*,Male,0,0,50,North America,>50K
4817,"[20, 30[", Private,116531,Undergraduate,13,Never-married,Nontechnical, Not-in-family,*,Female,0,0,40,North America,<=50K
4818,"[20, 30[", ?,202994,Undergraduate,10,Never-married,Other, Own-child,*,Female,0,0,16,North America,<=50K
4819,"[50, 60[", Private,191917,Professional Education,12,Divorced,Other, Unmarried,*,Female,4101,0,40,North America,<=50K
4820,"[20, 30[", Private,341294,High School,9,Married-civ-spouse,Technical, Husband,*,Male,0,0,40,North America,<=50K
4821,"[40, 50[", Private,216734,Undergraduate,13,Divorced,Nontechnical, Unmarried,*,Female,0,0,50,North America,<=50K
4822,"[50, 60[", Private,182187,Undergraduate,13,Never-married,Technical, Not-in-family,*,Male,0,0,35,North America,<=50K
4823,"[30, 40[", Private,424988,High School,9,Married-civ-spouse,Technical, Husband,*,Male,0,0,45,North America,<=50K
4824,"[40, 50[", Private,379118,High School,9,Divorced,Other, Unmarried,*,Male,0,0,9,North America,<=50K
4825,"[40, 50[", Private,168232,Undergraduate,10,Married-civ-spouse,Other, Husband,*,Male,0,0,44,North America,>50K
4826,"[20, 30[", Private,147171,Undergraduate,10,Never-married,Other, Unmarried,*,Female,0,0,40,Asia,<=50K
4828,"[30, 40[", Private,193650,High School,7,Divorced,Other, Not-in-family,*,Female,0,0,40,North America,<=50K
4829,"[40, 50[", Private,200187,Professional Education,11,Divorced,Other, Unmarried,*,Female,0,0,32,North America,<=50K
4831,"[50, 60[", Private,398067,High School,9,Widowed,Other, Not-in-family,*,Female,0,0,40,North America,<=50K
4832,"[50, 60[", Private,29658,High School,9,Married-civ-spouse,Technical, Husband,*,Male,0,0,40,North America,>50K
4833,"[20, 30[", Private,154966,Undergraduate,10,Married-civ-spouse,Nontechnical, Husband,*,Male,0,0,50,North America,>50K
4835,"[20, 30[", ?,291374,High School,6,Never-married,Other, Unmarried,*,Female,0,0,40,North America,<=50K
4836,"[50, 60[", Federal-gov,97837,Undergraduate,10,Divorced,Technical, Not-in-family,*,Male,0,0,48,North America,>50K
4837,"[30, 40[", Private,117983,High School,9,Never-married,Other, Not-in-family,*,Female,0,0,40,North America,<=50K
4838,"[30, 40[", ?,345497,High School,6,Married-civ-spouse,Other, Husband,*,Male,0,0,40,North America,<=50K
4839,"[20, 30[", Private,64167,Professional Education,11,Never-married,Technical, Unmarried,*,Female,0,0,40,North America,<=50K
4840,"[20, 30[", Private,315877,High School,9,Never-married,Other, Unmarried,*,Male,0,2001,40,North America,<=50K
4841,"[60, 70[", Federal-gov,232151,Undergraduate,10,Divorced,Other, Other-relative,*,Female,2346,0,40,North America,<=50K
4843,"[30, 40[", Federal-gov,289653,Undergraduate,10,Married-civ-spouse,Technical, Husband,*,Male,0,0,40,North America,<=50K
4844,"[20, 30[", Private,179462,High School,4,Never-married,Nontechnical, Unmarried,*,Male,0,0,40,North America,<=50K
4845,"[30, 40[", Federal-gov,67317,High School,9,Married-civ-spouse,Other, Husband,*,Male,0,0,40,North America,<=50K
4846,"[40, 50[", Private,77764,Professional Education,12,Married-civ-spouse,Technical, Husband,*,Male,0,0,40,North America,<=50K
4847,"[30, 40[", Private,253438,Undergraduate,10,Married-civ-spouse,Nontechnical, Husband,*,Male,0,0,60,North America,>50K
4848,"[30, 40[", Private,150309,Undergraduate,13,Separated,Nontechnical, Not-in-family,*,Female,0,0,70,North America,<=50K
4849,"[40, 50[", Self-emp-not-inc,83064,Undergraduate,13,Married-civ-spouse,Other, Husband,*,Male,0,0,60,North America,<=50K
4850,"[60, 70[", Self-emp-not-inc,376973,High School,9,Married-civ-spouse,Technical, Husband,*,Male,0,0,42,North America,>50K
4851,"[70, 80[", Private,311184,Undergraduate,13,Married-civ-spouse,Nontechnical, Husband,*,Male,0,0,24,North America,<=50K
4852,"[40, 50[", Local-gov,159449,Undergraduate,10,Married-civ-spouse,Other, Husband,*,Male,0,0,40,North America,<=50K
4853,"[10, 20[", Private,168288,High School,9,Never-married,Nontechnical, Own-child,*,Male,0,0,40,North America,<=50K
4854,"[20, 30[", Private,74883,Undergraduate,13,Never-married,Technical, Not-in-family,*,Female,0,1092,40,Asia,<=50K
4855,"[20, 30[", Private,275190,High School,9,Never-married,Other, Own-child,*,Female,0,0,40,North America,<=50K
4856,"[30, 40[", Private,189838,High School,9,Never-married,Nontechnical, Not-in-family,*,Female,0,0,50,North America,<=50K
4857,"[50, 60[", Self-emp-inc,101338,Undergraduate,13,Married-civ-spouse,Nontechnical, Husband,*,Male,0,0,20,North America,<=50K
4858,"[40, 50[", Private,331894,Undergraduate,10,Married-civ-spouse,Other, Husband,*,Male,0,0,60,North America,>50K
4859,"[10, 20[", Self-emp-not-inc,40293,High School,9,Never-married,Other, Other-relative,*,Male,0,0,40,North America,<=50K
4860,"[40, 50[", Local-gov,88904,Undergraduate,13,Separated,Technical, Unmarried,*,Female,0,0,40,North America,<=50K
4861,"[40, 50[", Private,145041,High School,9,Never-married,Technical, Other-relative,*,Male,0,0,40,North America,<=50K
4862,"[30, 40[", Private,46385,High School,9,Married-civ-spouse,Other, Husband,*,Male,5178,0,90,North America,>50K
4863,"[40, 50[", State-gov,363591,Professional Education,11,Married-civ-spouse,Nontechnical, Husband,*,Male,0,0,40,North America,<=50K
4864,"[20, 30[", Private,183327,High School,9,Never-married,Technical, Own-child,*,Female,0,1594,20,North America,<=50K
4865,"[30, 40[", State-gov,182556,Undergraduate,13,Married-civ-spouse,Other, Husband,*,Male,0,1887,45,North America,>50K
4866,"[30, 40[", Private,267859,High School,9,Never-married,Technical, Own-child,*,Male,0,0,40,North America,<=50K
4867,"[50, 60[", Private,190747,High School,9,Married-civ-spouse,Technical, Husband,*,Male,0,0,40,North America,<=50K
4868,"[20, 30[", Private,162869,Undergraduate,10,Never-married,Nontechnical, Other-relative,*,Male,0,0,65,North America,<=50K
4869,"[30, 40[", Private,141229,Undergraduate,10,Divorced,Other, Not-in-family,*,Female,0,0,50,North America,<=50K
4870,"[40, 50[", Self-emp-not-inc,174216,Professional Education,15,Married-civ-spouse,Technical, Husband,*,Male,0,0,38,North America,>50K
4871,"[20, 30[", Private,366416,High School,9,Never-married,Other, Own-child,*,Female,0,0,40,North America,<=50K
4872,"[30, 40[", Private,172538,High School,9,Married-civ-spouse,Technical, Husband,*,Male,0,0,50,North America,>50K
4873,"[30, 40[", Private,193026,Undergraduate,13,Married-civ-spouse,Nontechnical, Husband,*,Male,0,0,45,North America,>50K
4874,"[50, 60[", Private,184424,Undergraduate,10,Married-civ-spouse,Other, Wife,*,Female,0,1902,38,North America,>50K
4875,"[40, 50[", Local-gov,337768,Graduate,14,Married-civ-spouse,Nontechnical, Husband,*,Male,0,0,50,North America,>50K
4876,"[20, 30[", Local-gov,179059,Undergraduate,13,Never-married,Technical, Own-child,*,Male,0,0,40,North America,<=50K
4877,"[40, 50[", Federal-gov,99549,Undergraduate,10,Divorced,Other, Unmarried,*,Female,0,0,40,North America,<=50K
4878,"[40, 50[", Private,72619,Undergraduate,10,Married-civ-spouse,Nontechnical, Wife,*,Female,0,0,40,North America,>50K
4879,"[40, 50[", State-gov,55764,Professional Education,12,Divorced,Technical, Not-in-family,*,Male,0,0,40,North America,<=50K
4880,"[30, 40[", Private,30267,High School,7,Never-married,Other, Not-in-family,*,Male,0,0,60,North America,>50K
4881,"[20, 30[", Private,308144,Undergraduate,13,Never-married,Technical, Not-in-family,*,Male,0,0,40,North America,<=50K
4882,"[20, 30[", Private,206351,High School,6,Married-civ-spouse,Technical, Husband,*,Male,5013,0,40,North America,<=50K
4883,"[20, 30[", Private,282304,Undergraduate,10,Never-married,Nontechnical, Not-in-family,*,Male,0,0,45,North America,<=50K
4884,"[20, 30[", ?,176077,Undergraduate,10,Never-married,Other, Unmarried,*,Female,0,0,40,North America,<=50K
4885,"[40, 50[", Self-emp-inc,142719,Undergraduate,13,Married-civ-spouse,Nontechnical, Husband,*,Male,0,0,40,North America,>50K
4886,"[30, 40[", Private,114973,High School,9,Separated,Nontechnical, Unmarried,*,Female,0,0,30,North America,<=50K
4887,"[30, 40[", Federal-gov,159548,Professional Education,12,Never-married,Other, Unmarried,*,Female,0,0,40,North America,<=50K
4888,"[40, 50[", Private,91209,Undergraduate,13,Married-civ-spouse,Nontechnical, Husband,*,Male,0,0,40,North America,>50K
4889,"[20, 30[", Private,196564,High School,9,Married-civ-spouse,Technical, Husband,*,Male,0,0,45,North America,<=50K
4890,"[50, 60[", Self-emp-not-inc,149220,Undergraduate,10,Married-civ-spouse,Other, Husband,*,Male,0,0,75,North America,<=50K
4891,"[20, 30[", Private,169699,Undergraduate,10,Never-married,Other, Not-in-family,*,Female,0,0,35,North America,<=50K
4892,"[20, 30[", Private,218215,Professional Education,12,Never-married,Other, Own-child,*,Female,0,0,35,North America,<=50K
4893,"[30, 40[", Private,156718,High School,9,Never-married,Technical, Not-in-family,*,Female,0,0,40,North America,<=50K
4894,"[40, 50[", Private,55720,Graduate,14,Married-civ-spouse,Nontechnical, Husband,*,Male,0,0,45,North America,>50K
4895,"[30, 40[", Self-emp-inc,257250,High School,9,Never-married,Other, Not-in-family,*,Male,0,0,50,North America,<=50K
4896,"[20, 30[", Private,194630,High School,9,Never-married,Nontechnical, Not-in-family,*,Male,0,0,40,North America,<=50K
4897,"[30, 40[", Private,398931,Undergraduate,13,Married-civ-spouse,Technical, Husband,*,Male,0,1485,50,North America,>50K
4898,"[30, 40[", Self-emp-not-inc,362062,Professional Education,15,Married-civ-spouse,Technical, Husband,*,Male,99999,0,50,North America,>50K
4899,"[40, 50[", Local-gov,101593,Graduate,14,Never-married,Technical, Not-in-family,*,Male,0,1876,42,North America,<=50K
4900,"[30, 40[", Private,196266,High School,9,Married-civ-spouse,Technical, Husband,*,Male,0,0,40,North America,>50K
4901,"[40, 50[", Local-gov,197332,Undergraduate,13,Never-married,Nontechnical, Not-in-family,*,Male,0,0,40,North America,<=50K
4902,"[40, 50[", Private,97842,Undergraduate,10,Married-civ-spouse,Technical, Husband,*,Male,0,0,40,North America,<=50K
4903,"[50, 60[", Private,86837,High School,9,Married-civ-spouse,Technical, Husband,*,Male,0,1902,40,North America,>50K
4904,"[10, 20[", Private,57324,High School,6,Never-married,Other, Own-child,*,Male,0,0,30,North America,<=50K
4907,"[30, 40[", Private,38468,Undergraduate,10,Never-married,Other, Not-in-family,*,Female,0,0,40,North America,<=50K
4908,"[40, 50[", Local-gov,188808,Professional Education,11,Married-civ-spouse,Technical, Husband,*,Male,0,0,40,North America,>50K
4910,"[40, 50[", Private,187322,High School,9,Married-civ-spouse,Technical, Husband,*,Male,0,0,48,North America,<=50K
4911,"[20, 30[", Private,107578,Undergraduate,13,Never-married,Other, Own-child,*,Female,2174,0,40,North America,<=50K
4912,"[30, 40[", Private,168680,Undergraduate,10,Never-married,Other, Own-child,*,Female,0,0,40,North America,<=50K
4913,"[20, 30[", Private,256755,Undergraduate,13,Never-married,Nontechnical, Other-relative,*,Female,0,0,40,North America,<=50K
4914,"[30, 40[", Private,360799,High School,9,Married-civ-spouse,Technical, Husband,*,Male,7298,0,40,North America,>50K
4915,"[10, 20[", Private,188476,High School,7,Never-married,Nontechnical, Own-child,*,Male,0,0,20,North America,<=50K
4916,"[40, 50[", Private,30457,Professional Education,11,Married-civ-spouse,Other, Husband,*,Male,0,0,40,North America,<=50K
4917,"[20, 30[", Private,252752,Undergraduate,10,Never-married,Technical, Not-in-family,*,Female,0,0,8,North America,<=50K
4918,"[40, 50[", Self-emp-not-inc,443508,High School,9,Married-civ-spouse,Nontechnical, Husband,*,Male,0,0,50,North America,<=50K
4919,"[20, 30[", Private,244408,Undergraduate,10,Never-married,Other, Other-relative,*,Female,0,0,24,Asia,<=50K
4920,"[40, 50[", Private,178983,High School,9,Married-civ-spouse,Other, Wife,*,Female,0,0,40,North America,<=50K
4921,"[20, 30[", Private,143068,Undergraduate,10,Married-civ-spouse,Nontechnical, Husband,*,Male,2407,0,50,North America,<=50K
4922,"[30, 40[", Local-gov,247328,Undergraduate,10,Never-married,Other, Not-in-family,*,Male,0,0,40,North America,<=50K
4923,"[40, 50[", Private,201732,Undergraduate,10,Married-civ-spouse,Nontechnical, Husband,*,Male,0,0,40,North America,>50K
4924,"[30, 40[", Private,246829,High School,9,Divorced,Nontechnical, Unmarried,*,Female,0,0,40,North America,<=50K
4925,"[20, 30[", ?,290267,Undergraduate,13,Never-married,Other, Not-in-family,*,Male,0,0,18,North America,<=50K
4927,"[20, 30[", Private,207923,Undergraduate,10,Married-spouse-absent,Other, Own-child,*,Female,0,0,15,North America,<=50K
4928,"[40, 50[", State-gov,170142,Graduate,14,Divorced,Technical, Not-in-family,*,Male,0,0,40,North America,>50K
4929,"[40, 50[", Self-emp-not-inc,187164,High School,9,Divorced,Other, Unmarried,*,Male,0,0,60,North America,<=50K
4930,"[30, 40[", Local-gov,303867,High School,5,Never-married,Other, Own-child,*,Male,0,0,40,North America,<=50K
4931,"[10, 20[", Private,291429,High School,9,Never-married,Other, Own-child,*,Female,0,0,25,North America,<=50K
4932,"[30, 40[", Private,213179,Undergraduate,10,Divorced,Technical, Own-child,*,Male,0,0,40,North America,>50K
4934,"[20, 30[", Private,297154,High School,9,Married-civ-spouse,Nontechnical, Husband,*,Male,2407,0,40,North America,<=50K
4935,"[40, 50[", Federal-gov,68493,High School,9,Married-civ-spouse,Other, Husband,*,Male,0,0,40,North America,>50K
4936,"[40, 50[", Federal-gov,340718,High School,7,Widowed,Other, Not-in-family,*,Female,0,0,40,North America,<=50K
4937,"[10, 20[", Private,194059,High School,8,Never-married,Other, Own-child,*,Male,0,0,40,North America,<=50K
4938,"[30, 40[", Private,47296,Undergraduate,10,Married-civ-spouse,Other, Wife,*,Female,0,1740,20,North America,<=50K
4939,"[20, 30[", State-gov,286310,High School,9,Married-civ-spouse,Other, Own-child,*,Female,0,0,40,North America,<=50K
4940,"[30, 40[", Private,207202,High School,9,Married-civ-spouse,Technical, Husband,*,Male,0,0,48,North America,>50K
4941,"[30, 40[", Self-emp-inc,132601,High School,9,Married-civ-spouse,Technical, Husband,*,Male,0,0,40,North America,>50K
4942,"[10, 20[", ?,139183,High School,6,Never-married,Other, Own-child,*,Female,0,0,15,North America,<=50K
4943,"[40, 50[", Private,160785,Professional Education,11,Married-civ-spouse,Nontechnical, Husband,*,Male,0,0,40,North America,>50K
4944,"[40, 50[", Private,117849,Undergraduate,10,Married-civ-spouse,Nontechnical, Husband,*,Male,15024,0,40,North America,>50K
4945,"[30, 40[", Local-gov,225605,Undergraduate,10,Married-civ-spouse,Technical, Husband,*,Male,0,0,44,North America,<=50K
4946,"[20, 30[", Private,190290,Undergraduate,13,Never-married,Nontechnical, Not-in-family,*,Male,0,0,60,North America,<=50K
4947,"[40, 50[", Private,164799,High School,9,Married-civ-spouse,Technical, Husband,*,Male,0,0,40,North America,>50K
4949,"[40, 50[", Private,160785,Undergraduate,13,Married-civ-spouse,Nontechnical, Husband,*,Male,0,0,60,North America,>50K
4950,"[60, 70[", Self-emp-inc,272425,Professional Education,11,Married-civ-spouse,Nontechnical, Husband,*,Male,0,0,40,North America,>50K
4951,"[40, 50[", Private,168538,High School,9,Married-civ-spouse,Nontechnical, Husband,*,Male,0,0,60,North America,>50K
4952,"[40, 50[", Self-emp-inc,204205,Undergraduate,10,Married-civ-spouse,Nontechnical, Husband,*,Male,0,0,50,North America,>50K
4953,"[40, 50[", Private,142287,Undergraduate,10,Married-civ-spouse,Other, Husband,*,Male,0,1902,50,North America,>50K
4954,"[30, 40[", Private,169926,High School,9,Divorced,Nontechnical, Not-in-family,*,Female,0,0,40,North America,<=50K
4955,"[60, 70[", Local-gov,205024,High School,9,Married-civ-spouse,Other, Husband,*,Male,0,0,8,North America,<=50K
4958,"[20, 30[", ?,293136,Undergraduate,10,Never-married,Other, Own-child,*,Female,0,0,35,North America,<=50K
4960,"[10, 20[", Local-gov,246308,High School,7,Never-married,Technical, Own-child,*,Female,0,0,20,North America,<=50K
4962,"[30, 40[", Private,153078,Professional Education,12,Never-married,Technical, Own-child,*,Male,0,0,50,North America,<=50K
4963,"[40, 50[", Private,169180,Graduate,14,Never-married,Technical, Not-in-family,*,Female,0,0,35,North America,<=50K
4964,"[40, 50[", Self-emp-not-inc,193451,Undergraduate,10,Married-civ-spouse,Other, Husband,*,Male,0,0,45,North America,<=50K
4965,"[50, 60[", Private,305147,Undergraduate,13,Never-married,Technical, Not-in-family,*,Male,0,0,40,North America,<=50K
4966,"[20, 30[", Private,138892,High School,9,Never-married,Technical, Own-child,*,Male,0,0,40,North America,<=50K
4967,"[40, 50[", Self-emp-not-inc,402397,Graduate,14,Married-civ-spouse,Nontechnical, Wife,*,Female,0,1902,60,North America,>50K
4968,"[30, 40[", Private,223267,High School,9,Never-married,Nontechnical, Other-relative,*,Male,0,0,50,North America,<=50K
4969,"[10, 20[", Private,29250,Undergraduate,10,Never-married,Technical, Own-child,*,Male,0,0,10,North America,<=50K
4970,"[50, 60[", ?,203953,High School,9,Married-civ-spouse,Other, Husband,*,Male,0,0,40,North America,>50K
4971,"[40, 50[", State-gov,29696,High School,9,Married-civ-spouse,Other, Husband,*,Male,0,0,40,North America,<=50K
4972,"[30, 40[", Private,315640,Graduate,16,Married-civ-spouse,Technical, Husband,*,Male,0,1977,40,Asia,>50K
4973,"[30, 40[", Private,632613,High School,6,Married-civ-spouse,Other, Husband,*,Male,0,0,35,North America,<=50K
4974,"[50, 60[", Private,282023,Professional Education,15,Married-civ-spouse,Technical, Husband,*,Male,0,0,45,North America,>50K
4975,"[20, 30[", Private,77760,High School,9,Married-civ-spouse,Other, Husband,*,Male,0,0,45,North America,<=50K
4976,"[40, 50[", Self-emp-not-inc,148599,Graduate,14,Married-civ-spouse,Technical, Husband,*,Male,0,0,50,North America,>50K
4977,"[50, 60[", Private,414994,High School,9,Married-civ-spouse,Technical, Husband,*,Male,0,0,40,North America,<=50K
4978,"[40, 50[", Private,339863,Undergraduate,13,Divorced,Nontechnical, Not-in-family,*,Male,8614,0,48,North America,>50K
4980,"[40, 50[", ?,144354,High School,5,Separated,Other, Own-child,*,Male,0,0,40,North America,<=50K
4981,"[40, 50[", Private,252058,Undergraduate,13,Never-married,Other, Not-in-family,*,Male,0,0,40,North America,<=50K
4982,"[20, 30[", ?,99543,Undergraduate,10,Never-married,Other, Own-child,*,Male,0,0,20,North America,<=50K
4983,"[30, 40[", Private,117963,Professional Education,15,Married-civ-spouse,Technical, Husband,*,Male,0,0,50,North America,>50K
4984,"[20, 30[", Private,194652,High School,9,Never-married,Technical, Own-child,*,Male,0,0,40,North America,<=50K
4985,"[20, 30[", Private,299705,Undergraduate,10,Never-married,Nontechnical, Unmarried,*,Male,0,0,37,North America,<=50K
4986,"[10, 20[", Federal-gov,27433,High School,8,Never-married,Other, Own-child,*,Female,0,0,30,North America,<=50K
4987,"[40, 50[", Local-gov,39986,Undergraduate,13,Married-civ-spouse,Technical, Husband,*,Male,0,0,40,North America,<=50K
4988,"[40, 50[", Self-emp-inc,135342,Undergraduate,10,Married-civ-spouse,Nontechnical, Husband,*,Male,0,0,50,North America,>50K
4990,"[30, 40[", Self-emp-not-inc,118267,Professional Education,12,Divorced,Nontechnical, Not-in-family,*,Male,0,0,60,North America,<=50K
4991,"[20, 30[", Private,266043,High School,5,Married-civ-spouse,Other, Husband,*,Male,0,0,40,North America,<=50K
4992,"[20, 30[", Private,35633,High School,9,Married-civ-spouse,Nontechnical, Husband,*,Male,0,0,40,North America,<=50K
4993,"[20, 30[", Private,74568,Undergraduate,10,Never-married,Nontechnical, Not-in-family,*,Male,0,0,40,North America,<=50K
4994,"[30, 40[", Private,214816,Undergraduate,13,Married-civ-spouse,Nontechnical, Husband,*,Male,0,0,60,North America,<=50K
4996,"[30, 40[", Private,259425,High School,9,Married-civ-spouse,Technical, Husband,*,Male,0,0,40,North America,>50K
4997,"[40, 50[", Self-emp-inc,212120,High School,9,Married-civ-spouse,Technical, Husband,*,Male,0,0,40,North America,>50K
4998,"[20, 30[", Private,245880,High School,9,Never-married,Other, Not-in-family,*,Male,0,0,60,North America,<=50K
4999,"[50, 60[", Local-gov,54947,Undergraduate,10,Never-married,Technical, Not-in-family,*,Female,0,0,55,North America,<=50K
5000,"[40, 50[", Self-emp-inc,79627,Professional Education,15,Divorced,Technical, Not-in-family,*,Male,27828,0,50,North America,>50K
5001,"[50, 60[", Private,151474,Undergraduate,13,Never-married,Technical, Other-relative,*,Female,0,1590,38,North America,<=50K
5002,"[20, 30[", Private,132661,High School,9,Married-civ-spouse,Nontechnical, Wife,*,Female,5013,0,40,North America,<=50K
5003,"[20, 30[", Private,161674,High School,9,Never-married,Technical, Unmarried,*,Female,0,0,40,North America,<=50K
5004,"[30, 40[", Private,62346,High School,9,Married-civ-spouse,Technical, Husband,*,Male,0,0,40,North America,<=50K
5005,"[40, 50[", Private,227236,High School,9,Married-civ-spouse,Nontechnical, Husband,*,Male,0,0,50,North America,<=50K
5006,"[10, 20[", Private,283033,High School,7,Never-married,Other, Not-in-family,*,Male,0,0,40,North America,<=50K
5007,"[60, 70[", Self-emp-not-inc,298249,Undergraduate,13,Married-civ-spouse,Nontechnical, Husband,*,Male,10605,0,40,North America,>50K
5008,"[40, 50[", Private,251229,Undergraduate,13,Married-civ-spouse,Other, Husband,*,Male,0,0,40,North America,<=50K
5009,"[70, 80[", Private,199949,High School,5,Married-civ-spouse,Other, Husband,*,Male,0,0,13,North America,<=50K
5010,"[20, 30[", State-gov,305498,Professional Education,11,Never-married,Technical, Not-in-family,*,Female,0,0,40,North America,<=50K
5011,"[30, 40[", Self-emp-not-inc,203836,Primary School,3,Never-married,Other, Not-in-family,*,Male,0,0,40,North America,<=50K
5013,"[40, 50[", Local-gov,142719,Graduate,14,Married-civ-spouse,Technical, Husband,*,Male,0,0,40,North America,>50K
5014,"[50, 60[", Private,119859,Undergraduate,10,Divorced,Other, Not-in-family,*,Male,0,0,40,North America,>50K
5015,"[30, 40[", Private,141410,High School,9,Married-civ-spouse,Technical, Husband,*,Male,0,0,40,North America,<=50K
5016,"[40, 50[", Local-gov,202872,Undergraduate,10,Divorced,Technical, Unmarried,*,Female,0,0,25,North America,<=50K
5017,"[20, 30[", Private,198813,High School,9,Divorced,Other, Own-child,*,Female,0,0,40,North America,<=50K
5018,"[30, 40[", Federal-gov,129707,Undergraduate,10,Never-married,Nontechnical, Not-in-family,*,Male,0,0,50,North America,<=50K
5019,"[20, 30[", Private,445758,Primary School,3,Never-married,Nontechnical, Not-in-family,*,Male,0,0,40,North America,<=50K
5020,"[10, 20[", ?,30246,Undergraduate,10,Never-married,Other, Own-child,*,Female,0,0,20,North America,<=50K
5021,"[40, 50[", Private,173981,High School,9,Married-civ-spouse,Technical, Husband,*,Male,0,0,40,North America,<=50K
5022,"[40, 50[", Private,108506,High School,9,Married-civ-spouse,Other, Husband,*,Male,0,0,60,North America,<=50K
5023,"[30, 40[", Private,134886,Undergraduate,10,Never-married,Other, Not-in-family,*,Female,0,0,40,North America,<=50K
5024,"[40, 50[", Federal-gov,181970,High School,9,Married-civ-spouse,Other, Husband,*,Male,0,1672,40,North America,<=50K
5025,"[50, 60[", Self-emp-inc,282913,High School,9,Married-civ-spouse,Nontechnical, Husband,*,Male,0,0,40,North America,<=50K
5026,"[50, 60[", Local-gov,196013,Undergraduate,13,Married-civ-spouse,Technical, Husband,*,Male,0,0,40,North America,>50K
5027,"[30, 40[", Federal-gov,348491,Undergraduate,10,Married-civ-spouse,Nontechnical, Wife,*,Female,0,0,40,North America,>50K
5028,"[50, 60[", Private,416164,High School,9,Married-civ-spouse,Other, Husband,*,Male,0,0,49,North America,<=50K
5029,"[10, 20[", Private,121037,High School,8,Never-married,Nontechnical, Own-child,*,Female,0,0,15,North America,<=50K
5030,"[20, 30[", Private,103111,High School,9,Never-married,Other, Own-child,*,Male,0,0,30,North America,<=50K
5031,"[60, 70[", Self-emp-not-inc,147589,Undergraduate,13,Married-civ-spouse,Nontechnical, Husband,*,Male,0,0,30,North America,>50K
5032,"[20, 30[", Private,24008,Undergraduate,10,Never-married,Nontechnical, Not-in-family,*,Male,0,0,24,North America,<=50K
5033,"[40, 50[", Self-emp-inc,123838,Professional Education,15,Married-civ-spouse,Technical, Husband,*,Male,0,1977,50,North America,>50K
5034,"[50, 60[", Self-emp-not-inc,175456,High School,9,Married-civ-spouse,Other, Husband,*,Male,0,0,50,North America,<=50K
5035,"[50, 60[", Private,84774,High School,9,Married-civ-spouse,Other, Wife,*,Female,0,0,30,North America,<=50K
5036,"[20, 30[", Private,194590,Professional Education,12,Married-civ-spouse,Other, Wife,*,Female,0,0,25,North America,<=50K
5037,"[20, 30[", Private,134566,Undergraduate,13,Married-civ-spouse,Nontechnical, Husband,*,Male,0,0,45,North America,<=50K
5038,"[50, 60[", Private,211678,Professional Education,11,Married-civ-spouse,Technical, Husband,*,Male,0,0,45,North America,<=50K
5039,"[40, 50[", Federal-gov,44822,Undergraduate,10,Married-civ-spouse,Technical, Husband,*,Male,0,0,40,North America,<=50K
5040,"[50, 60[", State-gov,144586,Undergraduate,10,Never-married,Other, Not-in-family,*,Female,0,0,40,North America,<=50K
5041,"[20, 30[", Private,119156,High School,9,Married-civ-spouse,Technical, Husband,*,Male,0,0,40,North America,<=50K
5042,"[20, 30[", Private,371987,High School,9,Divorced,Other, Not-in-family,*,Female,0,0,40,North America,<=50K
5043,"[40, 50[", State-gov,144125,Undergraduate,13,Divorced,Technical, Not-in-family,*,Female,0,0,40,North America,<=50K
5044,"[50, 60[", Private,31905,Graduate,14,Married-civ-spouse,Nontechnical, Husband,*,Male,0,1977,40,North America,>50K
5045,"[40, 50[", Self-emp-not-inc,121124,Undergraduate,10,Married-civ-spouse,Technical, Husband,*,Male,0,0,35,North America,>50K
5046,"[40, 50[", Private,58126,High School,9,Married-civ-spouse,Technical, Husband,*,Male,0,0,40,North America,<=50K
5047,"[20, 30[", Private,318518,Undergraduate,10,Never-married,Other, Not-in-family,*,Male,0,0,40,North America,<=50K
5048,"[30, 40[", Private,296509,High School,4,Separated,Other, Not-in-family,*,Male,0,0,45,North America,<=50K
5049,"[30, 40[", Private,473133,Graduate,14,Married-civ-spouse,Technical, Husband,*,Male,0,0,40,North America,>50K
5050,"[50, 60[", Private,155434,High School,9,Married-civ-spouse,Nontechnical, Husband,*,Male,0,0,48,North America,<=50K
5051,"[50, 60[", Private,99185,High School,9,Married-civ-spouse,Nontechnical, Husband,*,Male,7298,0,50,North America,>50K
5052,"[30, 40[", Private,56648,High School,9,Separated,Nontechnical, Not-in-family,*,Female,0,0,47,North America,<=50K
5053,"[50, 60[", Local-gov,118481,Undergraduate,13,Married-civ-spouse,Technical, Husband,*,Male,0,1902,40,North America,>50K
5054,"[20, 30[", Private,321666,High School,9,Never-married,Technical, Own-child,*,Male,594,0,40,North America,<=50K
5055,"[20, 30[", State-gov,119838,Undergraduate,10,Never-married,Other, Own-child,*,Male,0,0,10,North America,<=50K
5056,"[20, 30[", Private,330695,Undergraduate,10,Married-civ-spouse,Technical, Husband,*,Male,0,0,40,North America,<=50K
5057,"[20, 30[", State-gov,58039,Undergraduate,10,Married-civ-spouse,Other, Husband,*,Male,0,0,40,North America,<=50K
5058,"[40, 50[", Private,313022,Professional Education,11,Married-civ-spouse,Nontechnical, Husband,*,Male,0,0,40,North America,>50K
5059,"[40, 50[", Private,178134,Undergraduate,10,Divorced,Other, Not-in-family,*,Female,0,0,30,North America,<=50K
5060,"[40, 50[", Private,165309,Undergraduate,10,Married-civ-spouse,Other, Husband,*,Male,0,0,43,North America,<=50K
5061,"[20, 30[", Private,216181,High School,7,Never-married,Technical, Own-child,*,Male,0,0,45,North America,<=50K
5062,"[60, 70[", Private,178745,High School,9,Married-civ-spouse,Technical, Husband,*,Male,0,0,45,North America,>50K
5063,"[40, 50[", Private,111067,Undergraduate,10,Married-civ-spouse,Technical, Husband,*,Male,0,0,40,North America,<=50K
5064,"[10, 20[", ?,163788,Undergraduate,10,Never-married,Other, Own-child,*,Female,0,0,40,North America,<=50K
5066,"[40, 50[", Private,123075,High School,9,Married-civ-spouse,Nontechnical, Husband,*,Male,0,0,50,North America,<=50K
5068,"[30, 40[", Local-gov,255004,Undergraduate,10,Never-married,Technical, Not-in-family,*,Male,0,0,40,North America,<=50K
5069,"[30, 40[", Private,254221,Graduate,16,Never-married,Technical, Not-in-family,*,Female,0,0,60,North America,>50K
5070,"[20, 30[", Private,174714,Undergraduate,10,Never-married,Technical, Own-child,*,Male,0,0,15,North America,<=50K
5071,"[60, 70[", Self-emp-not-inc,450580,High School,9,Married-civ-spouse,Other, Husband,*,Male,0,0,20,North America,<=50K
5072,"[60, 70[", Private,128230,High School,4,Married-civ-spouse,Nontechnical, Husband,*,Male,0,0,50,North America,>50K
5073,"[40, 50[", Private,192894,Graduate,16,Married-civ-spouse,Technical, Husband,*,Male,0,0,40,North America,>50K
5074,"[40, 50[", Private,325390,High School,9,Married-civ-spouse,Nontechnical, Husband,*,Male,0,0,40,North America,<=50K
5075,"[30, 40[", Self-emp-not-inc,20333,High School,9,Married-civ-spouse,Nontechnical, Wife,*,Female,7688,0,40,North America,>50K
5076,"[30, 40[", Federal-gov,128714,High School,9,Never-married,Other, Own-child,*,Female,0,0,32,North America,<=50K
5077,"[30, 40[", Private,170797,Undergraduate,13,Divorced,Other, Not-in-family,*,Female,0,0,40,North America,<=50K
5078,"[30, 40[", Private,269186,High School,9,Married-civ-spouse,Technical, Husband,*,Male,0,0,40,North America,<=50K
5079,"[50, 60[", Private,127671,High School,4,Married-civ-spouse,Technical, Husband,*,Male,0,0,40,North America,<=50K
5080,"[30, 40[", Private,211840,Undergraduate,10,Separated,Nontechnical, Unmarried,*,Female,0,0,16,North America,<=50K
5082,"[40, 50[", Private,201495,Undergraduate,13,Divorced,Other, Not-in-family,*,Male,0,0,45,North America,<=50K
5083,"[20, 30[", Private,251854,Undergraduate,10,Never-married,Other, Not-in-family,*,Female,0,0,40,North America,<=50K
5084,"[40, 50[", Private,279297,High School,9,Never-married,Nontechnical, Not-in-family,*,Female,0,0,60,North America,<=50K
5085,"[50, 60[", Self-emp-not-inc,195462,High School,9,Married-civ-spouse,Other, Husband,*,Male,0,0,98,North America,>50K
5086,"[30, 40[", Private,170769,High School,9,Married-civ-spouse,Technical, Husband,*,Male,0,0,40,North America,<=50K
5087,"[20, 30[", Private,142443,High School,9,Never-married,Technical, Own-child,*,Male,0,0,40,North America,<=50K
5088,"[20, 30[", Self-emp-not-inc,182809,High School,9,Married-civ-spouse,Technical, Husband,*,Male,7298,0,40,North America,>50K
5089,"[50, 60[", Private,121441,Undergraduate,10,Married-civ-spouse,Nontechnical, Husband,*,Male,0,0,55,North America,<=50K
5091,"[30, 40[", Private,170263,High School,9,Divorced,Nontechnical, Unmarried,*,Female,0,0,40,North America,<=50K
5093,"[30, 40[", Private,178615,High School,9,Married-civ-spouse,Technical, Husband,*,Male,0,0,40,North America,<=50K
5094,"[30, 40[", Private,279524,High School,9,Divorced,Technical, Not-in-family,*,Female,0,0,40,North America,<=50K
5095,"[20, 30[", State-gov,165201,Undergraduate,10,Married-civ-spouse,Other, Wife,*,Female,0,0,45,North America,<=50K
5096,"[60, 70[", Local-gov,323006,High School,9,Widowed,Other, Unmarried,*,Female,0,0,25,North America,<=50K
5097,"[20, 30[", Private,235168,Professional Education,12,Married-civ-spouse,Nontechnical, Husband,*,Male,0,0,60,North America,<=50K
5098,"[30, 40[", Self-emp-inc,114844,Professional Education,15,Married-civ-spouse,Technical, Husband,*,Male,99999,0,65,North America,>50K
5099,"[40, 50[", Local-gov,216414,Undergraduate,10,Married-civ-spouse,Other, Husband,*,Male,0,0,40,North America,>50K
5100,"[30, 40[", Private,34378,High School,4,Married-civ-spouse,Other, Husband,*,Male,2580,0,60,North America,<=50K
5101,"[40, 50[", State-gov,80914,Graduate,14,Married-civ-spouse,Nontechnical, Husband,*,Male,0,0,47,North America,>50K
5102,"[60, 70[", Private,73292,Undergraduate,10,Married-civ-spouse,Other, Husband,*,Male,0,0,40,North America,<=50K
5103,"[50, 60[", Self-emp-not-inc,212165,High School,9,Married-civ-spouse,Nontechnical, Husband,*,Male,0,0,60,North America,<=50K
5106,"[50, 60[", Private,109638,Undergraduate,10,Married-civ-spouse,Nontechnical, Husband,*,Male,0,1672,45,North America,<=50K
5107,"[20, 30[", Private,200408,Professional Education,12,Never-married,Technical, Own-child,*,Male,0,0,40,North America,<=50K
5108,"[40, 50[", Self-emp-inc,187720,Undergraduate,10,Married-civ-spouse,Nontechnical, Husband,*,Male,0,0,50,North America,>50K
5110,"[20, 30[", Private,118693,Undergraduate,10,Never-married,Technical, Own-child,*,Male,0,0,40,North America,<=50K
5111,"[30, 40[", Private,363130,High School,9,Never-married,Other, Unmarried,*,Male,0,0,18,North America,<=50K
5113,"[50, 60[", Federal-gov,243612,High School,9,Widowed,Technical, Unmarried,*,Female,0,0,40,North America,<=50K
5114,"[20, 30[", Self-emp-not-inc,160786,High School,9,Married-civ-spouse,Nontechnical, Husband,*,Male,0,0,55,North America,<=50K
5115,"[40, 50[", Private,234320,High School,4,Never-married,Technical, Other-relative,*,Male,0,0,45,North America,<=50K
5116,"[30, 40[", Private,314646,High School,5,Married-civ-spouse,Technical, Husband,*,Male,0,0,40,North America,<=50K
5117,"[20, 30[", Private,124971,Undergraduate,13,Never-married,Nontechnical, Not-in-family,*,Male,0,0,40,North America,<=50K
5118,"[30, 40[", Private,209184,Undergraduate,13,Married-civ-spouse,Nontechnical, Husband,*,Male,0,0,40,North America,<=50K
5119,"[30, 40[", State-gov,121838,High School,9,Divorced,Other, Unmarried,*,Female,0,0,40,North America,<=50K
5120,"[40, 50[", Private,265275,Graduate,14,Married-civ-spouse,Technical, Husband,*,Male,0,0,60,North America,<=50K
5121,"[50, 60[", Private,71417,High School,9,Married-civ-spouse,Technical, Husband,*,Male,3103,0,40,North America,>50K
5122,"[30, 40[", Private,45522,High School,9,Never-married,Other, Not-in-family,*,Male,0,0,40,North America,<=50K
5124,"[10, 20[", Private,120283,High School,8,Never-married,Nontechnical, Own-child,*,Female,0,0,24,North America,<=50K
5125,"[20, 30[", Private,216972,High School,9,Never-married,Nontechnical, Not-in-family,*,Male,0,0,30,North America,<=50K
5126,"[20, 30[", Private,116791,High School,9,Never-married,Technical, Other-relative,*,Female,0,0,40,North America,<=50K
5128,"[20, 30[", Private,216134,Undergraduate,10,Never-married,Nontechnical, Own-child,*,Female,0,0,40,North America,<=50K
5129,"[60, 70[", Self-emp-not-inc,143932,Graduate,14,Married-civ-spouse,Nontechnical, Husband,*,Male,0,0,40,North America,<=50K
5130,"[40, 50[", Private,217120,High School,6,Divorced,Technical, Not-in-family,*,Male,0,0,50,North America,<=50K
5131,"[40, 50[", State-gov,223944,Undergraduate,10,Married-civ-spouse,Other, Wife,*,Female,0,0,30,North America,<=50K
5132,"[20, 30[", Private,185452,Undergraduate,13,Never-married,Nontechnical, Not-in-family,*,Female,0,0,35,North America,<=50K
5133,"[50, 60[", Local-gov,44273,High School,9,Widowed,Other, Not-in-family,*,Female,0,0,40,North America,<=50K
5134,"[50, 60[", Private,178983,High School,7,Married-civ-spouse,Other, Husband,*,Male,0,0,40,North America,<=50K
5136,"[20, 30[", Private,349190,Professional Education,12,Never-married,Nontechnical, Own-child,*,Male,0,0,20,North America,<=50K
5137,"[40, 50[", Self-emp-inc,158685,High School,9,Married-civ-spouse,Other, Wife,*,Female,0,2377,40,North America,>50K
5138,"[40, 50[", Federal-gov,57924,Undergraduate,10,Never-married,Other, Own-child,*,Male,0,0,40,North America,<=50K
5139,"[40, 50[", State-gov,270324,Professional Education,11,Married-civ-spouse,Other, Husband,*,Male,0,0,30,North America,<=50K
5140,"[30, 40[", Private,33001,Undergraduate,13,Married-civ-spouse,Nontechnical, Husband,*,Male,0,0,55,North America,>50K
5141,"[50, 60[", Private,204021,High School,9,Never-married,Other, Own-child,*,Male,0,0,40,North America,<=50K
5142,"[20, 30[", Private,192506,Undergraduate,13,Never-married,Other, Not-in-family,*,Female,0,0,35,North America,<=50K
5144,"[20, 30[", Private,273929,High School,9,Married-civ-spouse,Nontechnical, Husband,*,Male,0,1628,60,North America,<=50K
5145,"[40, 50[", Private,195821,High School,9,Separated,Nontechnical, Unmarried,*,Female,0,0,40,North America,<=50K
5146,"[20, 30[", Private,56179,Undergraduate,10,Never-married,Nontechnical, Not-in-family,*,Male,2174,0,55,North America,<=50K
5147,"[10, 20[", ?,127003,High School,5,Never-married,Other, Own-child,*,Male,0,0,40,North America,<=50K
5148,"[30, 40[", Self-emp-not-inc,124090,High School,5,Married-civ-spouse,Technical, Husband,*,Male,0,0,40,North America,<=50K
5149,"[20, 30[", Private,199600,High School,9,Married-civ-spouse,Technical, Husband,*,Male,0,0,40,North America,<=50K
5150,"[40, 50[", Private,255847,High School,9,Married-civ-spouse,Technical, Husband,*,Male,4386,0,48,North America,>50K
5151,"[50, 60[", Self-emp-not-inc,218311,Undergraduate,10,Divorced,Nontechnical, Unmarried,*,Female,0,0,50,North America,<=50K
5152,"[20, 30[", Private,167336,Undergraduate,10,Never-married,Other, Not-in-family,*,Female,0,0,39,North America,<=50K
5153,"[40, 50[", Private,59938,High School,9,Divorced,Other, Unmarried,*,Female,0,0,43,North America,<=50K
5154,"[20, 30[", Private,263728,Undergraduate,13,Married-civ-spouse,Technical, Husband,*,Male,0,0,40,North America,<=50K
5155,"[50, 60[", Self-emp-not-inc,278230,Undergraduate,10,Divorced,Other, Unmarried,*,Female,10520,0,30,North America,>50K
5156,"[70, 80[", ?,180603,High School,9,Widowed,Other, Not-in-family,*,Female,0,0,8,North America,<=50K
5157,"[40, 50[", Private,43910,High School,9,Married-civ-spouse,Other, Wife,*,Female,0,0,30,North America,<=50K
5158,"[40, 50[", Private,190139,Graduate,14,Married-civ-spouse,Nontechnical, Husband,*,Male,0,0,40,North America,>50K
5159,"[20, 30[", Private,109001,Undergraduate,10,Married-civ-spouse,Technical, Husband,*,Male,0,0,49,North America,<=50K
5160,"[40, 50[", Local-gov,159931,Undergraduate,13,Married-civ-spouse,Technical, Wife,*,Female,0,0,45,North America,>50K
5161,"[30, 40[", Private,194987,High School,9,Married-civ-spouse,Other, Wife,*,Female,0,0,40,North America,<=50K
5162,"[30, 40[", Local-gov,87310,High School,9,Married-civ-spouse,Other, Husband,*,Male,0,0,41,North America,<=50K
5163,"[20, 30[", Private,133937,Graduate,14,Never-married,Nontechnical, Own-child,*,Male,0,0,40,North America,<=50K
5164,"[20, 30[", Private,207064,High School,9,Married-civ-spouse,Technical, Husband,*,Male,0,0,40,North America,>50K
5165,"[20, 30[", Private,36011,Professional Education,11,Never-married,Technical, Not-in-family,*,Male,0,0,30,North America,<=50K
5166,"[40, 50[", Federal-gov,168294,High School,9,Married-civ-spouse,Other, Husband,*,Male,5178,0,40,North America,>50K
5167,"[40, 50[", Local-gov,194895,Undergraduate,10,Married-civ-spouse,Nontechnical, Husband,*,Male,7298,0,40,North America,>50K
5168,"[50, 60[", Self-emp-not-inc,49884,High School,9,Married-civ-spouse,Other, Husband,*,Male,0,0,50,North America,<=50K
5169,"[40, 50[", Self-emp-not-inc,27305,High School,9,Married-civ-spouse,Other, Husband,*,Male,7688,0,40,North America,>50K
5170,"[20, 30[", Private,229977,High School,5,Married-civ-spouse,Technical, Husband,*,Male,0,0,35,North America,<=50K
5171,"[20, 30[", Private,64520,High School,9,Never-married,Nontechnical, Not-in-family,*,Male,0,0,55,North America,<=50K
5172,"[30, 40[", ?,134886,High School,9,Married-civ-spouse,Other, Wife,*,Female,0,0,2,North America,>50K
5173,"[30, 40[", Private,305379,Undergraduate,13,Married-civ-spouse,Nontechnical, Husband,*,Male,0,0,50,North America,>50K
5174,"[20, 30[", Private,202284,Undergraduate,13,Never-married,Nontechnical, Own-child,*,Male,0,0,20,North America,<=50K
5175,"[40, 50[", Self-emp-not-inc,99185,Undergraduate,10,Married-civ-spouse,Nontechnical, Husband,*,Male,0,0,40,North America,>50K
5176,"[20, 30[", Private,159662,High School,9,Married-civ-spouse,Nontechnical, Own-child,*,Male,0,0,26,North America,>50K
5177,"[60, 70[", Private,197865,Undergraduate,10,Divorced,Other, Not-in-family,*,Female,0,0,40,North America,<=50K
5178,"[40, 50[", Local-gov,175149,High School,9,Divorced,Other, Not-in-family,*,Female,0,0,38,North America,<=50K
5179,"[40, 50[", Local-gov,349633,Graduate,14,Married-civ-spouse,Technical, Wife,*,Female,0,0,50,North America,>50K
5181,"[10, 20[", Private,242893,High School,7,Never-married,Technical, Own-child,*,Male,0,0,35,North America,<=50K
5183,"[40, 50[", State-gov,144811,Professional Education,15,Divorced,Technical, Not-in-family,*,Male,0,0,50,North America,<=50K
5186,"[60, 70[", Self-emp-not-inc,226215,Undergraduate,13,Married-civ-spouse,Nontechnical, Husband,*,Male,0,0,15,North America,<=50K
5188,"[30, 40[", Private,124187,High School,7,Never-married,Other, Not-in-family,*,Male,0,0,60,North America,<=50K
5189,"[50, 60[", Private,147954,High School,9,Married-civ-spouse,Other, Wife,*,Female,3411,0,38,North America,<=50K
5190,"[20, 30[", Self-emp-inc,64379,High School,9,Married-civ-spouse,Technical, Husband,*,Male,0,1740,40,North America,<=50K
5191,"[10, 20[", Private,156501,High School,8,Never-married,Other, Own-child,*,Female,0,0,16,North America,<=50K
5192,"[30, 40[", Private,207668,Undergraduate,13,Married-civ-spouse,Nontechnical, Husband,*,Male,15024,0,45,North America,>50K
5193,"[60, 70[", ?,161279,High School,9,Widowed,Other, Not-in-family,*,Female,0,0,36,North America,<=50K
5194,"[30, 40[", Private,225707,High School,9,Married-civ-spouse,Technical, Husband,*,Male,0,0,40,North America,>50K
5195,"[40, 50[", Local-gov,115603,Undergraduate,10,Divorced,Other, Unmarried,*,Female,0,0,40,North America,<=50K
5196,"[40, 50[", State-gov,506329,Graduate,16,Married-civ-spouse,Technical, Husband,*,Male,0,0,40,Asia,>50K
5197,"[60, 70[", Private,275034,Undergraduate,13,Married-civ-spouse,Nontechnical, Husband,*,Male,0,1740,35,North America,<=50K
5198,"[70, 80[", ?,172637,Undergraduate,10,Married-civ-spouse,Other, Husband,*,Male,0,0,20,North America,>50K
5199,"[40, 50[", Private,56483,Professional Education,12,Divorced,Other, Unmarried,*,Female,0,0,40,North America,<=50K
5200,"[40, 50[", Federal-gov,144778,Undergraduate,13,Never-married,Nontechnical, Not-in-family,*,Male,0,0,40,North America,>50K
5202,"[40, 50[", Local-gov,297248,Professional Education,15,Married-civ-spouse,Technical, Husband,*,Male,0,2415,45,North America,>50K
5203,"[10, 20[", Private,137042,High School,6,Never-married,Technical, Own-child,*,Male,0,0,20,North America,<=50K
5204,"[30, 40[", Self-emp-not-inc,33308,High School,9,Never-married,Technical, Not-in-family,*,Male,0,0,40,North America,<=50K
5206,"[20, 30[", Private,41763,Undergraduate,10,Never-married,Other, Not-in-family,*,Male,0,0,25,North America,<=50K
5207,"[50, 60[", ?,220640,Undergraduate,13,Divorced,Other, Other-relative,*,Female,0,0,20,North America,<=50K
5208,"[20, 30[", Private,149734,High School,9,Never-married,Other, Unmarried,*,Female,0,0,52,North America,<=50K
5209,"[20, 30[", ?,262245,Professional Education,11,Never-married,Other, Own-child,*,Female,3418,0,40,North America,<=50K
5210,"[20, 30[", Private,349691,Undergraduate,10,Never-married,Nontechnical, Other-relative,*,Female,0,0,40,North America,<=50K
5211,"[40, 50[", Private,185385,High School,6,Married-civ-spouse,Technical, Husband,*,Male,0,0,40,North America,>50K
5212,"[30, 40[", Self-emp-not-inc,174463,Professional Education,11,Never-married,Other, Not-in-family,*,Male,0,0,50,North America,<=50K
5213,"[20, 30[", Private,236068,Undergraduate,10,Never-married,Nontechnical, Other-relative,*,Female,0,0,20,North America,<=50K
5214,"[60, 70[", ?,445168,Undergraduate,13,Widowed,Other, Not-in-family,*,Female,0,0,56,North America,<=50K
5215,"[20, 30[", Private,91334,Professional Education,11,Married-civ-spouse,Nontechnical, Husband,*,Male,0,0,75,North America,<=50K
5216,"[20, 30[", Private,33895,Undergraduate,13,Never-married,Nontechnical, Not-in-family,*,Male,0,0,45,North America,<=50K
5217,"[30, 40[", Private,214816,High School,9,Never-married,Technical, Not-in-family,*,Female,0,0,40,North America,<=50K
5218,"[20, 30[", Private,229773,Undergraduate,13,Never-married,Nontechnical, Not-in-family,*,Male,0,0,40,North America,<=50K
5220,"[40, 50[", Private,266135,Undergraduate,13,Married-civ-spouse,Technical, Husband,*,Male,0,0,50,North America,>50K
5221,"[10, 20[", Private,300379,High School,8,Never-married,Other, Own-child,*,Male,0,0,12,North America,<=50K
5222,"[50, 60[", Federal-gov,392502,Undergraduate,10,Married-civ-spouse,Technical, Husband,*,Male,0,0,40,North America,>50K
5223,"[60, 70[", Private,73809,Undergraduate,10,Divorced,Other, Not-in-family,*,Female,0,0,40,North America,<=50K
5224,"[50, 60[", Private,193720,Undergraduate,13,Married-civ-spouse,Nontechnical, Husband,*,Male,0,0,45,North America,>50K
5225,"[40, 50[", Private,316183,High School,4,Married-civ-spouse,Technical, Husband,*,Male,0,0,40,North America,<=50K
5226,"[50, 60[", Private,162944,High School,9,Married-civ-spouse,Technical, Husband,*,Male,0,0,40,North America,<=50K
5227,"[50, 60[", Local-gov,186888,High School,9,Married-civ-spouse,Nontechnical, Wife,*,Female,0,0,40,North America,>50K
5228,"[20, 30[", ?,330132,High School,9,Never-married,Other, Not-in-family,*,Female,0,0,25,North America,<=50K
5229,"[20, 30[", Private,192017,Undergraduate,10,Married-civ-spouse,Nontechnical, Husband,*,Male,0,0,30,North America,<=50K
5230,"[20, 30[", State-gov,161978,Undergraduate,10,Married-civ-spouse,Other, Husband,*,Male,0,0,20,North America,<=50K
5231,"[50, 60[", Private,202930,Undergraduate,13,Divorced,Nontechnical, Not-in-family,*,Male,0,0,40,North America,>50K
5232,"[50, 60[", Local-gov,323309,High School,4,Divorced,Other, Not-in-family,*,Male,0,0,40,North America,<=50K
5233,"[40, 50[", Self-emp-inc,197332,Undergraduate,10,Married-civ-spouse,Nontechnical, Husband,*,Male,0,0,60,North America,<=50K
5235,"[20, 30[", Private,271274,High School,7,Never-married,Nontechnical, Not-in-family,*,Female,0,0,40,North America,<=50K
5236,"[30, 40[", Private,174242,Undergraduate,10,Married-civ-spouse,Technical, Husband,*,Male,0,0,40,North America,>50K
5237,"[20, 30[", Private,209483,Undergraduate,10,Never-married,Nontechnical, Own-child,*,Female,0,0,20,North America,<=50K
5238,"[30, 40[", Federal-gov,99146,Undergraduate,13,Married-civ-spouse,Other, Husband,*,Male,0,1887,60,North America,>50K
5239,"[50, 60[", Self-emp-not-inc,102346,Undergraduate,10,Never-married,Technical, Own-child,*,Female,0,0,35,North America,<=50K
5240,"[20, 30[", Private,181666,Professional Education,12,Never-married,Technical, Own-child,*,Female,0,0,40,North America,<=50K
5242,"[30, 40[", State-gov,82622,Undergraduate,10,Married-civ-spouse,Nontechnical, Husband,*,Male,0,0,80,North America,<=50K
5244,"[50, 60[", Private,142182,High School,9,Married-civ-spouse,Technical, Husband,*,Male,0,0,25,North America,<=50K
5245,"[40, 50[", Federal-gov,94342,Undergraduate,13,Divorced,Nontechnical, Not-in-family,*,Male,0,0,45,North America,<=50K
5246,"[30, 40[", Private,41493,Undergraduate,10,Divorced,Other, Not-in-family,*,Female,0,0,35,North America,<=50K
5247,"[10, 20[", Private,181712,High School,7,Never-married,Nontechnical, Own-child,*,Male,0,0,12,North America,<=50K
5248,"[20, 30[", Self-emp-not-inc,164607,High School,9,Married-civ-spouse,Technical, Husband,*,Male,0,0,40,North America,<=50K
5249,"[50, 60[", Self-emp-not-inc,41496,Undergraduate,10,Married-civ-spouse,Nontechnical, Husband,*,Male,0,0,45,North America,<=50K
5250,"[60, 70[", Private,143098,High School,9,Married-civ-spouse,Nontechnical, Husband,*,Male,4064,0,40,North America,<=50K
5251,"[30, 40[", Local-gov,196529,Graduate,14,Married-civ-spouse,Technical, Wife,*,Female,0,0,40,North America,>50K
5252,"[20, 30[", Private,157332,Undergraduate,10,Never-married,Technical, Own-child,*,Female,0,0,42,North America,<=50K
5253,"[30, 40[", Local-gov,154935,Professional Education,12,Never-married,Other, Not-in-family,*,Male,0,0,40,North America,<=50K
5254,"[20, 30[", Private,223231,High School,9,Married-civ-spouse,Technical, Husband,*,Male,0,0,40,North America,<=50K
5255,"[30, 40[", ?,253860,High School,9,Divorced,Other, Unmarried,*,Female,0,0,20,North America,<=50K
5256,"[20, 30[", Private,362589,Undergraduate,13,Never-married,Other, Own-child,*,Female,0,0,20,North America,<=50K
5257,"[20, 30[", Private,94880,Undergraduate,10,Never-married,Technical, Not-in-family,*,Male,0,0,43,North America,<=50K
5258,"[20, 30[", Private,309580,High School,9,Never-married,Other, Own-child,*,Male,0,0,40,North America,<=50K
5260,"[20, 30[", Private,349365,Undergraduate,10,Never-married,Other, Own-child,*,Female,0,0,15,North America,<=50K
5261,"[20, 30[", Private,376936,High School,9,Never-married,Technical, Not-in-family,*,Male,0,0,40,North America,<=50K
5262,"[40, 50[", Private,179557,Undergraduate,10,Divorced,Technical, Not-in-family,*,Female,0,0,40,North America,<=50K
5263,"[20, 30[", Private,105577,Undergraduate,10,Never-married,Other, Own-child,*,Female,0,0,30,North America,<=50K
5264,"[50, 60[", Private,224207,Undergraduate,10,Married-civ-spouse,Nontechnical, Husband,*,Male,0,0,40,North America,>50K
5265,"[20, 30[", Federal-gov,47907,Undergraduate,13,Never-married,Other, Not-in-family,*,Female,0,0,40,North America,<=50K
5266,"[20, 30[", Self-emp-not-inc,191283,High School,9,Never-married,Other, Own-child,*,Male,0,0,40,North America,<=50K
5267,"[50, 60[", Private,20953,Undergraduate,10,Married-civ-spouse,Nontechnical, Husband,*,Male,0,1902,40,North America,>50K
5268,"[20, 30[", State-gov,186569,Undergraduate,13,Never-married,Technical, Own-child,*,Female,0,0,12,North America,<=50K
5269,"[50, 60[", Private,43221,High School,5,Married-civ-spouse,Other, Husband,*,Male,0,0,60,North America,>50K
5270,"[30, 40[", Private,161141,High School,9,Divorced,Other, Not-in-family,*,Male,0,0,40,North America,<=50K
5271,"[20, 30[", Private,203003,High School,9,Never-married,Other, Other-relative,*,Male,0,0,40,North America,<=50K
5273,"[30, 40[", Private,113322,Professional Education,11,Married-civ-spouse,Nontechnical, Husband,*,Male,0,0,40,North America,<=50K
5274,"[50, 60[", Private,343847,High School,9,Married-civ-spouse,Other, Husband,*,Male,0,0,38,North America,>50K
5275,"[40, 50[", Private,214068,Graduate,16,Married-civ-spouse,Technical, Husband,*,Male,0,0,50,North America,>50K
5276,"[40, 50[", Private,116632,Graduate,14,Married-civ-spouse,Nontechnical, Husband,*,Male,0,0,50,North America,>50K
5277,"[20, 30[", Private,240160,Professional Education,12,Never-married,Technical, Own-child,*,Male,0,0,40,North America,<=50K
5278,"[30, 40[", Private,516337,High School,7,Married-civ-spouse,Nontechnical, Husband,*,Male,0,0,40,North America,<=50K
5279,"[20, 30[", Self-emp-inc,284651,Undergraduate,13,Divorced,Nontechnical, Not-in-family,*,Female,0,0,43,North America,<=50K
5280,"[30, 40[", State-gov,141420,Undergraduate,10,Married-civ-spouse,Other, Husband,*,Male,0,0,40,North America,<=50K
5281,"[10, 20[", Private,42750,Undergraduate,10,Never-married,Nontechnical, Not-in-family,*,Male,0,0,55,North America,<=50K
5282,"[50, 60[", Private,165278,Undergraduate,10,Married-civ-spouse,Nontechnical, Husband,*,Male,0,0,40,North America,>50K
5283,"[40, 50[", Private,167265,Graduate,14,Divorced,Technical, Not-in-family,*,Male,0,0,43,North America,<=50K
5284,"[40, 50[", Private,139907,Undergraduate,10,Never-married,Nontechnical, Own-child,*,Male,0,0,50,North America,<=50K
5285,"[30, 40[", Self-emp-inc,236415,Undergraduate,10,Married-civ-spouse,Other, Wife,*,Female,0,0,20,North America,>50K
5287,"[30, 40[", Private,118941,Undergraduate,13,Married-civ-spouse,Nontechnical, Wife,*,Female,0,0,32,North America,>50K
5288,"[30, 40[", Private,198068,High School,9,Never-married,Other, Not-in-family,*,Male,0,0,60,North America,<=50K
5289,"[30, 40[", Private,373952,High School,6,Married-civ-spouse,Technical, Husband,*,Male,0,0,40,North America,<=50K
5290,"[40, 50[", Self-emp-not-inc,236111,Undergraduate,10,Married-civ-spouse,Technical, Husband,*,Male,0,0,55,North America,>50K
5292,"[20, 30[", Private,143604,Undergraduate,10,Never-married,Nontechnical, Own-child,*,Female,0,0,8,North America,<=50K
5293,"[30, 40[", Self-emp-not-inc,319831,Undergraduate,10,Married-civ-spouse,Other, Husband,*,Male,0,0,60,North America,<=50K
5295,"[30, 40[", Private,137606,High School,9,Married-civ-spouse,Other, Husband,*,Male,5013,0,40,North America,<=50K
5296,"[30, 40[", ?,61343,High School,9,Married-civ-spouse,Other, Husband,*,Male,0,0,40,North America,<=50K
5297,"[40, 50[", Private,268234,High School,4,Married-civ-spouse,Nontechnical, Husband,*,Male,0,0,40,North America,<=50K
5298,"[30, 40[", Private,100135,High School,9,Married-civ-spouse,Other, Wife,*,Female,0,1740,25,North America,<=50K
5299,"[50, 60[", Self-emp-not-inc,34973,Undergraduate,10,Married-civ-spouse,Other, Husband,*,Male,0,0,45,North America,<=50K
5300,"[40, 50[", Private,323790,High School,9,Divorced,Nontechnical, Unmarried,*,Male,0,0,55,North America,<=50K
5302,"[20, 30[", ?,180339,Undergraduate,10,Never-married,Other, Own-child,*,Female,0,0,25,North America,<=50K
5303,"[10, 20[", Private,125591,Undergraduate,10,Never-married,Other, Own-child,*,Female,0,0,40,North America,<=50K
5304,"[20, 30[", Private,60772,Undergraduate,13,Never-married,Nontechnical, Own-child,*,Female,0,0,45,North America,<=50K
5306,"[20, 30[", Self-emp-not-inc,141185,Undergraduate,10,Married-civ-spouse,Other, Husband,*,Male,0,0,55,North America,<=50K
5308,"[20, 30[", Private,273792,Undergraduate,10,Never-married,Other, Own-child,*,Male,0,0,20,North America,<=50K
5310,"[40, 50[", Private,343068,Undergraduate,10,Divorced,Nontechnical, Not-in-family,*,Female,0,0,40,North America,<=50K
5311,"[30, 40[", Self-emp-not-inc,177907,Graduate,16,Never-married,Technical, Not-in-family,*,Male,0,0,40,North America,>50K
5312,"[20, 30[", Private,144063,High School,9,Married-civ-spouse,Nontechnical, Husband,*,Male,0,0,40,North America,<=50K
5313,"[20, 30[", Self-emp-not-inc,257574,Undergraduate,13,Never-married,Other, Not-in-family,*,Female,0,0,20,North America,<=50K
5314,"[40, 50[", Self-emp-not-inc,67065,High School,9,Married-civ-spouse,Other, Husband,*,Male,0,0,60,North America,<=50K
5315,"[30, 40[", Private,183356,High School,9,Never-married,Technical, Own-child,*,Male,0,0,40,North America,<=50K
5316,"[30, 40[", Private,152940,Professional Education,12,Never-married,Other, Own-child,*,Male,0,0,30,North America,<=50K
5317,"[30, 40[", Private,227128,Primary School,3,Married-civ-spouse,Technical, Husband,*,Male,0,0,40,North America,<=50K
5318,"[30, 40[", Local-gov,45607,High School,9,Married-civ-spouse,Other, Husband,*,Male,0,0,56,North America,<=50K
5319,"[40, 50[", Private,155489,Undergraduate,13,Married-civ-spouse,Technical, Husband,*,Male,0,0,40,North America,<=50K
5320,"[20, 30[", ?,230704,High School,9,Never-married,Other, Not-in-family,*,Male,0,0,40,North America,<=50K
5321,"[20, 30[", ?,267955,High School,5,Never-married,Other, Own-child,*,Female,0,0,20,North America,<=50K
5322,"[10, 20[", Private,165115,High School,9,Never-married,Nontechnical, Not-in-family,*,Female,0,0,40,North America,<=50K
5323,"[30, 40[", Private,49923,High School,9,Married-civ-spouse,Other, Husband,*,Male,0,0,40,North America,<=50K
5324,"[40, 50[", Private,272240,High School,9,Divorced,Technical, Not-in-family,*,Female,0,0,40,North America,<=50K
5325,"[20, 30[", Private,255476,High School,4,Never-married,Nontechnical, Own-child,*,Male,0,0,30,North America,<=50K
5326,"[50, 60[", Private,194290,High School,9,Married-civ-spouse,Other, Husband,*,Male,0,0,48,North America,<=50K
5327,"[50, 60[", Private,145548,Professional Education,12,Married-civ-spouse,Other, Husband,*,Male,0,0,40,North America,>50K
5328,"[20, 30[", Private,175262,Undergraduate,13,Never-married,Nontechnical, Own-child,*,Male,0,0,40,North America,<=50K
5329,"[40, 50[", Local-gov,37306,Undergraduate,13,Married-civ-spouse,Technical, Husband,*,Male,0,0,45,North America,>50K
5331,"[50, 60[", Private,276515,Undergraduate,13,Never-married,Nontechnical, Own-child,*,Male,0,0,40,North America,<=50K
5332,"[20, 30[", Private,174626,High School,9,Never-married,Nontechnical, Own-child,*,Male,0,0,25,North America,<=50K
5333,"[30, 40[", Private,215310,High School,7,Divorced,Nontechnical, Other-relative,*,Male,0,0,40,North America,<=50K
5334,"[40, 50[", Private,332355,High School,9,Married-civ-spouse,Nontechnical, Husband,*,Male,0,0,40,North America,<=50K
5335,"[40, 50[", Private,204057,Professional Education,12,Divorced,Nontechnical, Not-in-family,*,Female,0,0,40,North America,<=50K
5336,"[20, 30[", Private,391591,High School,8,Never-married,Technical, Not-in-family,*,Male,0,0,40,North America,<=50K
5337,"[40, 50[", Private,169092,Graduate,14,Divorced,Technical, Unmarried,*,Female,0,0,50,North America,>50K
5338,"[20, 30[", Private,230743,Professional Education,12,Divorced,Other, Not-in-family,*,Female,0,0,40,North America,<=50K
5339,"[20, 30[", Private,190963,Undergraduate,10,Never-married,Nontechnical, Not-in-family,*,Female,0,0,30,North America,<=50K
5340,"[70, 80[", ?,204840,Primary School,3,Married-civ-spouse,Other, Husband,*,Male,0,0,56,North America,<=50K
5341,"[10, 20[", Private,169853,High School,9,Never-married,Technical, Own-child,*,Male,0,0,24,North America,<=50K
5342,"[20, 30[", Private,212091,High School,9,Married-civ-spouse,Technical, Husband,*,Male,2580,0,40,North America,<=50K
5343,"[30, 40[", Private,202822,Undergraduate,10,Divorced,Other, Unmarried,*,Female,0,0,40,North America,<=50K
5345,"[30, 40[", Private,140011,Professional Education,11,Married-civ-spouse,Nontechnical, Husband,*,Male,0,0,53,North America,<=50K
5348,"[20, 30[", Private,224424,Undergraduate,13,Never-married,Other, Own-child,*,Male,0,0,40,North America,<=50K
5349,"[20, 30[", Private,168943,Undergraduate,13,Married-civ-spouse,Nontechnical, Wife,*,Female,0,0,30,North America,>50K
5350,"[10, 20[", Private,571853,High School,9,Never-married,Other, Own-child,*,Male,0,0,30,North America,<=50K
5351,"[30, 40[", Private,156464,Graduate,14,Never-married,Technical, Not-in-family,*,Male,0,0,45,North America,>50K
5352,"[20, 30[", Private,108542,High School,9,Never-married,Technical, Own-child,*,Male,0,0,35,North America,<=50K
5353,"[30, 40[", Local-gov,194325,High School,9,Married-civ-spouse,Other, Husband,*,Male,0,0,45,North America,<=50K
5354,"[40, 50[", Private,114797,Undergraduate,13,Divorced,Nontechnical, Unmarried,*,Female,0,0,40,North America,<=50K
5355,"[30, 40[", Private,40135,Undergraduate,10,Married-civ-spouse,Nontechnical, Husband,*,Male,0,2042,40,North America,<=50K
5356,"[30, 40[", Private,204756,High School,9,Never-married,Nontechnical, Own-child,*,Female,0,0,40,North America,<=50K
5357,"[30, 40[", Private,228190,High School,9,Married-civ-spouse,Nontechnical, Husband,*,Male,0,0,20,North America,<=50K
5358,"[30, 40[", Private,163392,High School,9,Married-civ-spouse,Technical, Husband,*,Male,0,0,48,North America,>50K
5359,"[50, 60[", Private,138845,Undergraduate,10,Never-married,Other, Not-in-family,*,Female,0,0,40,North America,<=50K
5360,"[10, 20[", Local-gov,169853,High School,9,Never-married,Technical, Own-child,*,Male,0,0,40,North America,<=50K
5361,"[10, 20[", Never-worked,206359,High School,6,Never-married,Other, Own-child,*,Male,0,0,40,North America,<=50K
5362,"[60, 70[", Private,224097,High School,9,Married-civ-spouse,Technical, Husband,*,Male,0,0,40,North America,<=50K
5363,"[20, 30[", Self-emp-not-inc,160786,High School,9,Never-married,Technical, Own-child,*,Male,0,0,40,North America,<=50K
5364,"[40, 50[", Self-emp-not-inc,190044,High School,9,Married-civ-spouse,Nontechnical, Husband,*,Male,0,0,40,North America,<=50K
5365,"[40, 50[", Local-gov,145290,Primary School,3,Married-civ-spouse,Other, Husband,*,Male,0,0,40,North America,<=50K
5366,"[20, 30[", Private,120268,Undergraduate,13,Never-married,Technical, Own-child,*,Male,0,0,70,North America,<=50K
5367,"[10, 20[", Private,327434,High School,6,Never-married,Nontechnical, Own-child,*,Male,0,0,20,North America,<=50K
5368,"[40, 50[", Self-emp-inc,218302,Undergraduate,13,Married-civ-spouse,Nontechnical, Husband,*,Male,0,0,60,North America,>50K
5369,"[30, 40[", Private,1184622,Undergraduate,10,Married-civ-spouse,Other, Husband,*,Male,0,0,35,North America,<=50K
5371,"[20, 30[", Private,206343,High School,9,Never-married,Other, Other-relative,*,Male,0,0,40,North America,<=50K
5372,"[20, 30[", Private,36851,Professional Education,11,Married-civ-spouse,Nontechnical, Husband,*,Male,0,0,35,North America,<=50K
5373,"[20, 30[", Private,148550,High School,9,Married-civ-spouse,Technical, Husband,*,Male,0,0,40,North America,<=50K
5375,"[30, 40[", Federal-gov,142470,Undergraduate,13,Never-married,Nontechnical, Not-in-family,*,Female,0,0,40,North America,<=50K
5376,"[40, 50[", Private,86750,Professional Education,11,Married-civ-spouse,Technical, Husband,*,Male,0,0,99,North America,<=50K
5378,"[40, 50[", Private,163229,High School,4,Married-civ-spouse,Other, Husband,*,Male,0,0,40,North America,<=50K
5379,"[50, 60[", Private,179594,High School,9,Married-civ-spouse,Nontechnical, Husband,*,Male,0,0,40,North America,<=50K
5380,"[40, 50[", Private,254773,Undergraduate,13,Married-civ-spouse,Nontechnical, Wife,*,Female,0,0,50,North America,>50K
5381,"[20, 30[", Private,58065,Undergraduate,13,Never-married,Other, Not-in-family,*,Female,0,0,20,North America,<=50K
5382,"[20, 30[", Private,205428,Undergraduate,10,Married-civ-spouse,Nontechnical, Husband,*,Male,0,0,45,North America,<=50K
5383,"[20, 30[", ?,41183,Undergraduate,10,Never-married,Other, Own-child,*,Female,0,0,30,North America,<=50K
5384,"[10, 20[", ?,308064,High School,9,Never-married,Other, Not-in-family,*,Female,0,0,40,North America,<=50K
5386,"[20, 30[", State-gov,142547,High School,9,Married-civ-spouse,Nontechnical, Husband,*,Male,0,0,40,North America,<=50K
5387,"[20, 30[", Private,119704,High School,9,Married-civ-spouse,Other, Wife,*,Female,0,0,40,North America,<=50K
5389,"[40, 50[", Self-emp-not-inc,207392,High School,9,Married-civ-spouse,Nontechnical, Husband,*,Male,0,0,12,North America,<=50K
5390,"[30, 40[", Private,147215,High School,8,Divorced,Other, Unmarried,*,Female,0,0,21,North America,<=50K
5391,"[30, 40[", Private,101562,High School,9,Married-civ-spouse,Technical, Wife,*,Female,0,0,55,North America,<=50K
5392,"[60, 70[", Private,216413,Undergraduate,13,Widowed,Other, Not-in-family,*,Female,0,0,25,North America,<=50K
5393,"[20, 30[", State-gov,188986,Professional Education,11,Never-married,Technical, Not-in-family,*,Female,0,1590,64,North America,<=50K
5394,"[40, 50[", State-gov,52849,Undergraduate,13,Married-civ-spouse,Technical, Husband,*,Male,0,0,40,North America,<=50K
5395,"[20, 30[", Private,304710,Undergraduate,13,Never-married,Other, Not-in-family,*,Female,0,0,10,Asia,<=50K
5396,"[10, 20[", Private,265657,High School,7,Never-married,Other, Own-child,*,Male,0,0,25,North America,<=50K
5397,"[20, 30[", Self-emp-not-inc,258298,Undergraduate,13,Never-married,Other, Own-child,*,Male,0,2231,40,North America,>50K
5398,"[30, 40[", Private,360814,High School,5,Divorced,Technical, Not-in-family,*,Male,0,0,45,North America,<=50K
5399,"[30, 40[", Private,53260,High School,9,Divorced,Other, Unmarried,*,Female,0,0,28,North America,<=50K
5400,"[50, 60[", Self-emp-inc,127315,Undergraduate,13,Married-civ-spouse,Nontechnical, Husband,*,Male,15024,0,60,North America,>50K
5401,"[20, 30[", Private,233777,High School,9,Never-married,Other, Other-relative,*,Male,0,0,40,Unknown,<=50K
5403,"[30, 40[", Private,340940,Undergraduate,13,Married-civ-spouse,Nontechnical, Husband,*,Male,0,0,40,North America,<=50K
5404,"[20, 30[", Private,88432,Professional Education,11,Married-civ-spouse,Technical, Husband,*,Male,0,0,50,North America,<=50K
5405,"[50, 60[", Private,183810,Undergraduate,10,Married-civ-spouse,Technical, Husband,*,Male,0,0,40,North America,>50K
5407,"[30, 40[", Private,175614,Professional Education,11,Divorced,Technical, Unmarried,*,Female,0,0,40,North America,>50K
5408,"[30, 40[", Self-emp-not-inc,235237,Undergraduate,10,Married-civ-spouse,Nontechnical, Husband,*,Male,0,0,60,North America,>50K
5409,"[60, 70[", Private,227266,High School,9,Divorced,Nontechnical, Not-in-family,*,Female,0,0,33,North America,<=50K
5410,"[20, 30[", Private,146499,Professional Education,11,Married-civ-spouse,Other, Other-relative,*,Female,0,1579,40,North America,<=50K
5412,"[20, 30[", Private,141003,Professional Education,11,Never-married,Other, Own-child,*,Male,0,0,30,North America,<=50K
5413,"[50, 60[", Local-gov,117791,High School,9,Divorced,Other, Not-in-family,*,Female,0,0,40,North America,<=50K
5414,"[30, 40[", Private,172846,Undergraduate,10,Married-civ-spouse,Nontechnical, Husband,*,Male,0,0,45,North America,>50K
5416,"[70, 80[", Private,211075,High School,9,Married-civ-spouse,Other, Husband,*,Male,0,0,30,North America,<=50K
5417,"[60, 70[", Private,197816,Undergraduate,10,Married-civ-spouse,Nontechnical, Husband,*,Male,0,1844,70,North America,<=50K
5418,"[50, 60[", Private,43221,Undergraduate,10,Married-civ-spouse,Technical, Husband,*,Male,0,0,43,North America,>50K
5419,"[20, 30[", Private,183780,High School,9,Married-civ-spouse,Other, Husband,*,Male,0,1740,40,North America,<=50K
5420,"[40, 50[", Private,26781,High School,9,Married-civ-spouse,Other, Husband,*,Male,0,0,40,North America,<=50K
5421,"[60, 70[", Self-emp-not-inc,271550,Undergraduate,10,Married-civ-spouse,Other, Husband,*,Male,0,0,20,North America,<=50K
5422,"[30, 40[", Private,250157,Undergraduate,13,Never-married,Technical, Not-in-family,*,Female,0,0,63,North America,<=50K
5423,"[30, 40[", State-gov,913447,Undergraduate,10,Divorced,Other, Unmarried,*,Female,0,0,40,North America,<=50K
5425,"[30, 40[", Private,181091,Undergraduate,13,Married-civ-spouse,Nontechnical, Husband,*,Male,0,1977,45,North America,>50K
5426,"[30, 40[", Private,231491,High School,9,Never-married,Nontechnical, Other-relative,*,Male,0,0,40,North America,<=50K
5428,"[20, 30[", Private,234663,High School,9,Married-civ-spouse,Technical, Husband,*,Male,0,0,40,North America,<=50K
5429,"[50, 60[", Private,283602,Undergraduate,13,Divorced,Nontechnical, Not-in-family,*,Female,13550,0,43,North America,>50K
5430,"[40, 50[", Private,328669,Professional Education,11,Married-civ-spouse,Technical, Husband,*,Male,0,0,42,North America,<=50K
5431,"[50, 60[", Private,143741,Undergraduate,10,Married-civ-spouse,Other, Wife,*,Female,0,0,40,North America,>50K
5432,"[40, 50[", Private,83508,Professional Education,15,Divorced,Technical, Not-in-family,*,Female,2354,0,99,North America,<=50K
5433,"[50, 60[", State-gov,81954,High School,9,Divorced,Other, Not-in-family,*,Female,0,0,40,North America,<=50K
5434,"[20, 30[", Private,261375,Undergraduate,13,Never-married,Other, Own-child,*,Female,0,0,40,North America,<=50K
5436,"[30, 40[", Private,316211,Undergraduate,13,Never-married,Technical, Not-in-family,*,Male,0,0,40,North America,>50K
5437,"[40, 50[", Federal-gov,88564,Undergraduate,10,Married-civ-spouse,Nontechnical, Husband,*,Male,7688,0,40,North America,>50K
5438,"[30, 40[", Private,61299,Undergraduate,10,Married-civ-spouse,Technical, Husband,*,Male,0,0,45,North America,<=50K
5439,"[30, 40[", Private,113364,High School,9,Divorced,Other, Own-child,*,Male,0,0,40,North America,<=50K
5440,"[30, 40[", ?,476573,High School,9,Never-married,Other, Not-in-family,*,Female,0,0,4,North America,<=50K
5442,"[30, 40[", Private,48123,High School,8,Married-civ-spouse,Technical, Wife,*,Female,0,0,50,North America,<=50K
5443,"[30, 40[", Private,214635,High School,9,Married-civ-spouse,Nontechnical, Husband,*,Male,0,0,50,North America,<=50K
5444,"[40, 50[", Private,115585,Undergraduate,13,Married-civ-spouse,Nontechnical, Husband,*,Male,0,0,40,North America,<=50K
5445,"[30, 40[", Private,194141,High School,9,Divorced,Technical, Own-child,*,Male,0,0,50,North America,<=50K
5446,"[10, 20[", ?,23233,High School,6,Never-married,Other, Own-child,*,Male,0,0,40,North America,<=50K
5447,"[20, 30[", Private,89991,Undergraduate,10,Never-married,Other, Own-child,*,Female,0,0,32,North America,<=50K
5448,"[30, 40[", Private,101709,High School,9,Never-married,Other, Own-child,*,Male,0,0,60,North America,<=50K
5449,"[10, 20[", Private,237455,High School,9,Never-married,Nontechnical, Own-child,*,Female,0,0,25,North America,<=50K
5452,"[20, 30[", Private,153475,Undergraduate,13,Never-married,Other, Own-child,*,Female,0,0,16,North America,<=50K
5453,"[40, 50[", Private,275517,High School,9,Divorced,Technical, Unmarried,*,Female,0,0,40,North America,<=50K
5454,"[30, 40[", Private,128002,Professional Education,11,Married-civ-spouse,Other, Wife,*,Female,0,0,45,North America,<=50K
5455,"[40, 50[", Private,175485,Undergraduate,13,Married-civ-spouse,Technical, Husband,*,Male,0,0,12,North America,<=50K
5456,"[50, 60[", Private,189664,High School,9,Married-civ-spouse,Technical, Husband,*,Male,0,0,40,North America,>50K
5457,"[30, 40[", Private,209808,Undergraduate,10,Married-civ-spouse,Other, Husband,*,Male,0,0,40,North America,>50K
5458,"[30, 40[", Private,176992,Graduate,14,Married-civ-spouse,Technical, Husband,*,Male,0,0,40,North America,>50K
5459,"[30, 40[", Private,154669,Undergraduate,13,Never-married,Nontechnical, Own-child,*,Male,0,0,55,North America,<=50K
5460,"[20, 30[", Private,191271,High School,9,Never-married,Other, Own-child,*,Female,0,0,40,North America,<=50K
5461,"[20, 30[", Private,375482,Undergraduate,13,Never-married,Nontechnical, Not-in-family,*,Male,0,0,40,North America,<=50K
5462,"[30, 40[", Private,102953,Undergraduate,13,Married-civ-spouse,Nontechnical, Husband,*,Male,7298,0,55,North America,>50K
5464,"[40, 50[", Private,184005,High School,9,Divorced,Nontechnical, Not-in-family,*,Female,3325,0,45,North America,<=50K
5465,"[40, 50[", Self-emp-inc,30751,Professional Education,11,Divorced,Nontechnical, Not-in-family,*,Male,0,0,60,North America,<=50K
5466,"[20, 30[", Private,145477,High School,9,Never-married,Nontechnical, Own-child,*,Male,0,0,40,North America,<=50K
5467,"[30, 40[", Private,91964,Undergraduate,10,Never-married,Other, Other-relative,*,Male,0,0,40,North America,<=50K
5468,"[40, 50[", Self-emp-inc,49249,Undergraduate,10,Divorced,Other, Unmarried,*,Male,0,0,80,North America,<=50K
5469,"[10, 20[", Private,218956,High School,9,Never-married,Technical, Own-child,*,Male,0,0,40,North America,<=50K
5470,"[30, 40[", Self-emp-not-inc,241306,High School,9,Divorced,Technical, Not-in-family,*,Male,0,0,40,North America,<=50K
5472,"[20, 30[", Private,319842,Undergraduate,10,Never-married,Nontechnical, Own-child,*,Male,0,0,25,North America,<=50K
5473,"[40, 50[", Private,332401,Professional Education,15,Married-civ-spouse,Technical, Husband,*,Male,99999,0,65,North America,>50K
5474,"[50, 60[", Local-gov,182388,High School,9,Married-civ-spouse,Other, Wife,*,Female,0,0,35,North America,<=50K
5475,"[20, 30[", Private,205939,High School,9,Married-civ-spouse,Technical, Husband,*,Male,0,0,38,North America,<=50K
5476,"[20, 30[", Private,203914,Undergraduate,10,Never-married,Other, Own-child,*,Female,0,0,10,North America,<=50K
5477,"[10, 20[", State-gov,156294,Undergraduate,10,Never-married,Technical, Own-child,*,Male,0,0,25,North America,<=50K
5478,"[50, 60[", Private,254211,Undergraduate,13,Married-civ-spouse,Technical, Husband,*,Male,0,0,20,North America,>50K
5479,"[40, 50[", Private,151504,Undergraduate,13,Married-civ-spouse,Nontechnical, Husband,*,Male,7688,0,50,North America,>50K
5480,"[60, 70[", Private,85548,Undergraduate,10,Married-civ-spouse,Technical, Husband,*,Male,15024,0,18,North America,>50K
5482,"[20, 30[", Private,131230,Undergraduate,13,Never-married,Nontechnical, Own-child,*,Male,0,0,40,North America,<=50K
5483,"[20, 30[", Private,61850,High School,9,Never-married,Other, Not-in-family,*,Female,0,0,40,North America,<=50K
5484,"[40, 50[", Private,227800,High School,4,Married-civ-spouse,Technical, Husband,*,Male,0,0,32,North America,<=50K
5485,"[30, 40[", Private,133454,High School,6,Divorced,Technical, Not-in-family,*,Male,0,0,50,North America,<=50K
5486,"[30, 40[", Private,104094,Undergraduate,10,Married-civ-spouse,Nontechnical, Husband,*,Male,0,0,40,North America,<=50K
5487,"[20, 30[", Private,105422,High School,9,Married-civ-spouse,Technical, Husband,*,Male,0,0,40,North America,>50K
5488,"[50, 60[", Private,142182,Professional Education,11,Married-civ-spouse,Technical, Husband,*,Male,0,0,45,North America,>50K
5489,"[40, 50[", Private,336643,Undergraduate,10,Divorced,Nontechnical, Not-in-family,*,Female,0,0,80,North America,<=50K
5490,"[60, 70[", Self-emp-inc,200577,Graduate,14,Married-civ-spouse,Nontechnical, Husband,*,Male,0,0,45,North America,>50K
5493,"[20, 30[", Private,272428,High School,9,Never-married,Nontechnical, Not-in-family,*,Male,4416,0,42,North America,<=50K
5494,"[30, 40[", Private,56701,Undergraduate,13,Married-civ-spouse,Technical, Husband,*,Male,15024,0,75,North America,>50K
5495,"[20, 30[", Private,288592,High School,9,Never-married,Other, Not-in-family,*,Female,0,0,40,North America,<=50K
5496,"[40, 50[", Private,266439,High School,9,Divorced,Technical, Not-in-family,*,Male,0,0,45,North America,<=50K
5497,"[50, 60[", Federal-gov,276868,Graduate,14,Married-civ-spouse,Other, Husband,*,Male,0,0,40,North America,>50K
5498,"[40, 50[", Private,131435,Undergraduate,13,Divorced,Other, Not-in-family,*,Female,0,0,40,North America,<=50K
5499,"[50, 60[", Private,175127,High School,9,Divorced,Technical, Unmarried,*,Male,0,0,35,North America,<=50K
5500,"[20, 30[", Private,277444,Undergraduate,13,Married-civ-spouse,Nontechnical, Husband,*,Male,0,0,50,North America,<=50K
5502,"[20, 30[", Private,96337,Undergraduate,10,Never-married,Other, Not-in-family,*,Female,0,0,40,North America,<=50K
5503,"[20, 30[", Private,221955,High School,9,Never-married,Technical, Unmarried,*,Male,0,0,40,North America,<=50K
5504,"[40, 50[", Private,197923,Undergraduate,13,Never-married,Other, Unmarried,*,Female,2977,0,40,North America,<=50K
5505,"[20, 30[", Private,632593,High School,9,Married-civ-spouse,Technical, Husband,*,Male,0,0,40,North America,<=50K
5506,"[20, 30[", Private,205970,Undergraduate,10,Never-married,Technical, Own-child,*,Female,0,0,25,North America,<=50K
5507,"[20, 30[", Private,139730,High School,9,Married-civ-spouse,Technical, Husband,*,Male,0,0,80,North America,>50K
5508,"[10, 20[", Private,201901,High School,7,Never-married,Nontechnical, Own-child,*,Female,0,0,10,North America,<=50K
5509,"[30, 40[", State-gov,230224,Professional Education,12,Married-civ-spouse,Other, Husband,*,Male,0,0,35,North America,<=50K
5510,"[20, 30[", Private,113464,Primary School,2,Never-married,Other, Own-child,*,Male,0,0,35,North America,<=50K
5511,"[40, 50[", Private,94461,High School,9,Widowed,Technical, Not-in-family,*,Female,0,0,16,North America,<=50K
5512,"[20, 30[", Private,271379,Undergraduate,10,Never-married,Nontechnical, Own-child,*,Female,0,0,25,North America,<=50K
5514,"[30, 40[", Local-gov,198183,Undergraduate,13,Never-married,Technical, Not-in-family,*,Female,0,0,50,North America,>50K
5515,"[20, 30[", State-gov,140764,Undergraduate,10,Never-married,Other, Own-child,*,Female,0,0,12,North America,<=50K
5516,"[40, 50[", Self-emp-not-inc,183479,High School,9,Married-civ-spouse,Technical, Husband,*,Male,0,0,30,North America,<=50K
5517,"[30, 40[", Private,165767,Undergraduate,10,Married-civ-spouse,Technical, Husband,*,Male,0,0,40,North America,<=50K
5518,"[30, 40[", Local-gov,139364,Undergraduate,13,Married-civ-spouse,Technical, Husband,*,Male,0,0,35,North America,>50K
5519,"[10, 20[", Private,227491,High School,9,Never-married,Nontechnical, Not-in-family,*,Female,0,0,40,North America,<=50K
5520,"[20, 30[", Private,222254,High School,9,Never-married,Other, Not-in-family,*,Female,0,0,40,North America,<=50K
5521,"[40, 50[", Private,193494,Undergraduate,10,Married-civ-spouse,Other, Husband,*,Male,0,0,72,North America,>50K
5522,"[20, 30[", Private,29261,Professional Education,12,Never-married,Technical, Unmarried,*,Male,0,0,40,North America,<=50K
5523,"[30, 40[", Private,174368,High School,9,Married-civ-spouse,Other, Wife,*,Female,0,0,40,North America,>50K
5526,"[20, 30[", ?,201680,Undergraduate,10,Never-married,Other, Own-child,*,Male,0,0,35,North America,<=50K
5528,"[40, 50[", Local-gov,98130,Undergraduate,13,Divorced,Technical, Own-child,*,Female,0,0,39,North America,<=50K
5529,"[60, 70[", ?,235521,High School,9,Married-civ-spouse,Other, Husband,*,Male,0,0,48,North America,<=50K
5530,"[30, 40[", State-gov,595000,Graduate,14,Married-civ-spouse,Technical, Wife,*,Female,0,0,40,North America,>50K
5531,"[30, 40[", Self-emp-not-inc,349148,Undergraduate,10,Married-civ-spouse,Technical, Husband,*,Male,0,0,48,North America,<=50K
5532,"[40, 50[", State-gov,117583,Graduate,16,Divorced,Technical, Not-in-family,*,Female,8614,0,60,North America,>50K
5533,"[20, 30[", Private,164583,High School,9,Divorced,Nontechnical, Unmarried,*,Female,0,0,30,North America,<=50K
5534,"[30, 40[", Private,340091,Undergraduate,10,Separated,Other, Unmarried,*,Female,0,0,75,North America,<=50K
5535,"[20, 30[", Private,49092,Undergraduate,13,Never-married,Other, Own-child,*,Male,0,0,40,North America,<=50K
5536,"[50, 60[", Local-gov,186884,Undergraduate,10,Married-civ-spouse,Other, Husband,*,Male,0,0,30,North America,<=50K
5537,"[40, 50[", State-gov,167265,Graduate,14,Married-civ-spouse,Technical, Husband,*,Male,0,0,60,North America,>50K
5538,"[30, 40[", State-gov,34104,Graduate,14,Married-civ-spouse,Technical, Husband,*,Male,7688,0,38,North America,>50K
5539,"[20, 30[", Self-emp-inc,265116,Undergraduate,10,Never-married,Nontechnical, Not-in-family,*,Male,0,0,40,North America,<=50K
5541,"[30, 40[", Private,158416,High School,9,Never-married,Technical, Not-in-family,*,Male,0,0,40,North America,<=50K
5542,"[40, 50[", Self-emp-inc,169878,Professional Education,12,Married-civ-spouse,Nontechnical, Wife,*,Female,0,0,40,North America,>50K
5543,"[40, 50[", Private,296728,Graduate,14,Married-civ-spouse,Nontechnical, Husband,*,Male,0,0,40,North America,>50K
5544,"[30, 40[", Local-gov,342458,Professional Education,12,Divorced,Other, Not-in-family,*,Male,0,0,56,North America,<=50K
5545,"[20, 30[", Local-gov,38771,Undergraduate,10,Never-married,Other, Own-child,*,Male,0,0,40,North America,<=50K
5546,"[30, 40[", Self-emp-not-inc,269300,Undergraduate,13,Never-married,Other, Not-in-family,*,Female,0,0,60,North America,<=50K
5547,"[40, 50[", Private,111483,Undergraduate,10,Married-civ-spouse,Nontechnical, Husband,*,Male,7298,0,40,North America,>50K
5549,"[50, 60[", Local-gov,33863,Graduate,14,Married-civ-spouse,Technical, Husband,*,Male,0,0,45,North America,<=50K
5550,"[20, 30[", Private,132874,High School,9,Married-civ-spouse,Technical, Husband,*,Male,0,0,40,North America,<=50K
5552,"[30, 40[", Private,112160,High School,9,Married-civ-spouse,Nontechnical, Husband,*,Male,0,0,40,North America,<=50K
5553,"[10, 20[", Private,703067,High School,7,Never-married,Nontechnical, Own-child,*,Male,0,0,20,North America,<=50K
5554,"[50, 60[", Private,127264,High School,6,Married-civ-spouse,Technical, Husband,*,Male,0,0,50,North America,<=50K
5555,"[50, 60[", Self-emp-inc,257200,Undergraduate,10,Married-civ-spouse,Nontechnical, Husband,*,Male,0,0,40,North America,>50K
5556,"[10, 20[", Private,57206,High School,9,Never-married,Nontechnical, Own-child,*,Female,0,0,20,North America,<=50K
5557,"[30, 40[", Private,201319,Undergraduate,10,Separated,Other, Unmarried,*,Female,0,0,40,North America,<=50K
5558,"[30, 40[", Private,114079,High School,9,Married-civ-spouse,Nontechnical, Husband,*,Male,0,0,44,North America,<=50K
5561,"[60, 70[", ?,286732,High School,4,Widowed,Other, Not-in-family,*,Female,0,0,40,North America,<=50K
5562,"[30, 40[", Local-gov,134444,Undergraduate,10,Married-civ-spouse,Other, Husband,*,Male,0,0,72,North America,<=50K
5563,"[30, 40[", Private,172403,High School,9,Divorced,Technical, Not-in-family,*,Male,0,0,30,North America,<=50K
5564,"[40, 50[", Private,191357,Undergraduate,13,Married-civ-spouse,Technical, Husband,*,Male,0,0,40,North America,<=50K
5565,"[10, 20[", ?,279288,High School,6,Never-married,Other, Other-relative,*,Female,0,0,30,North America,<=50K
5566,"[60, 70[", Private,389254,High School,9,Married-civ-spouse,Nontechnical, Husband,*,Male,0,0,40,North America,>50K
5567,"[30, 40[", Private,303867,High School,9,Separated,Other, Not-in-family,*,Male,0,0,44,North America,<=50K
5568,"[40, 50[", Private,164113,Undergraduate,10,Married-civ-spouse,Technical, Husband,*,Male,7688,0,40,North America,>50K
5569,"[30, 40[", Private,111499,Undergraduate,13,Never-married,Nontechnical, Not-in-family,*,Female,0,0,40,North America,<=50K
5570,"[40, 50[", Private,266084,Undergraduate,10,Married-civ-spouse,Technical, Husband,*,Male,7298,0,45,North America,>50K
5571,"[20, 30[", Private,61580,Undergraduate,10,Divorced,Other, Other-relative,*,Female,0,0,40,North America,<=50K
5572,"[40, 50[", Private,231348,Undergraduate,10,Divorced,Nontechnical, Not-in-family,*,Male,0,0,40,North America,<=50K
5573,"[30, 40[", Private,164748,Undergraduate,13,Married-civ-spouse,Other, Husband,*,Male,0,0,40,North America,<=50K
5574,"[50, 60[", Private,205337,Undergraduate,13,Never-married,Nontechnical, Not-in-family,*,Male,0,0,50,North America,>50K
5575,"[50, 60[", Self-emp-not-inc,54566,Undergraduate,10,Married-civ-spouse,Other, Husband,*,Male,0,0,35,North America,<=50K
5576,"[40, 50[", Private,34419,Undergraduate,13,Never-married,Other, Not-in-family,*,Male,0,0,30,North America,<=50K
5577,"[50, 60[", Private,116442,Undergraduate,10,Married-civ-spouse,Technical, Husband,*,Male,0,0,50,North America,<=50K
5578,"[20, 30[", Private,290740,Professional Education,12,Never-married,Other, Not-in-family,*,Female,0,0,50,North America,<=50K
5579,"[20, 30[", Private,255582,High School,9,Never-married,Technical, Not-in-family,*,Female,0,0,40,North America,<=50K
5580,"[40, 50[", Private,112517,Graduate,14,Married-civ-spouse,Technical, Husband,*,Male,0,0,20,North America,>50K
5581,"[40, 50[", Private,169397,High School,9,Married-civ-spouse,Technical, Husband,*,Male,0,0,40,North America,>50K
5582,"[30, 40[", Private,172664,Undergraduate,10,Married-civ-spouse,Nontechnical, Husband,*,Male,0,0,70,North America,>50K
5583,"[20, 30[", Private,329005,High School,9,Never-married,Technical, Own-child,*,Male,0,0,40,North America,<=50K
5584,"[30, 40[", Private,123253,Undergraduate,13,Married-civ-spouse,Nontechnical, Husband,*,Male,0,0,55,North America,>50K
5585,"[50, 60[", Private,81865,Professional Education,11,Divorced,Other, Unmarried,*,Female,0,0,40,North America,<=50K
5586,"[30, 40[", Self-emp-not-inc,173314,Professional Education,11,Married-civ-spouse,Technical, Husband,*,Male,0,0,60,North America,<=50K
5587,"[30, 40[", Private,34572,Professional Education,11,Married-civ-spouse,Nontechnical, Husband,*,Male,0,0,45,North America,<=50K
5588,"[50, 60[", Self-emp-inc,159028,Professional Education,15,Married-civ-spouse,Technical, Husband,*,Male,99999,0,60,North America,>50K
5589,"[30, 40[", Private,149184,Undergraduate,13,Married-civ-spouse,Nontechnical, Husband,*,Male,0,0,45,North America,>50K
5590,"[70, 80[", ?,363134,High School,9,Widowed,Other, Not-in-family,*,Female,0,0,1,North America,<=50K
5591,"[20, 30[", Private,308709,Undergraduate,13,Never-married,Nontechnical, Not-in-family,*,Female,0,0,48,North America,<=50K
5593,"[20, 30[", Private,168479,Graduate,14,Married-civ-spouse,Technical, Husband,*,Male,0,0,40,North America,>50K
5594,"[60, 70[", Private,142501,High School,9,Never-married,Other, Other-relative,*,Female,0,0,3,North America,<=50K
5595,"[60, 70[", Private,338345,High School,9,Married-civ-spouse,Technical, Husband,*,Male,0,0,45,North America,>50K
5596,"[30, 40[", Private,177675,Undergraduate,13,Married-civ-spouse,Technical, Husband,*,Male,0,0,40,North America,<=50K
5597,"[20, 30[", Private,262617,High School,9,Never-married,Technical, Other-relative,*,Male,2597,0,40,North America,<=50K
5598,"[20, 30[", Private,200997,High School,9,Never-married,Nontechnical, Own-child,*,Male,0,0,45,North America,<=50K
5599,"[20, 30[", Private,176683,Undergraduate,13,Never-married,Nontechnical, Not-in-family,*,Male,0,0,50,North America,>50K
5600,"[40, 50[", Private,376072,High School,9,Married-civ-spouse,Technical, Husband,*,Male,0,0,45,North America,>50K
5601,"[30, 40[", Local-gov,177675,Undergraduate,13,Married-civ-spouse,Nontechnical, Husband,*,Male,0,0,55,North America,>50K
5602,"[50, 60[", Private,348430,Undergraduate,13,Married-civ-spouse,Technical, Husband,*,Male,0,1902,43,North America,>50K
5603,"[20, 30[", Private,320451,Undergraduate,13,Never-married,Nontechnical, Own-child,*,Male,0,0,24,North America,<=50K
5606,"[30, 40[", Self-emp-inc,151029,High School,9,Married-civ-spouse,Nontechnical, Husband,*,Male,0,0,40,North America,>50K
5607,"[30, 40[", Private,484475,High School,7,Never-married,Technical, Not-in-family,*,Male,0,0,40,North America,<=50K
5608,"[50, 60[", Private,329792,High School,4,Divorced,Other, Unmarried,*,Male,0,0,75,North America,<=50K
5609,"[30, 40[", Private,148903,High School,9,Divorced,Nontechnical, Unmarried,*,Female,0,0,40,North America,<=50K
5610,"[30, 40[", Local-gov,301614,Professional Education,11,Married-civ-spouse,Other, Husband,*,Male,0,0,48,North America,>50K
5611,"[40, 50[", Private,176319,High School,9,Married-civ-spouse,Nontechnical, Own-child,*,Female,0,0,38,North America,>50K
5612,"[50, 60[", State-gov,53197,Graduate,16,Married-civ-spouse,Other, Husband,*,Male,0,0,50,North America,>50K
5613,"[20, 30[", Private,291407,Undergraduate,10,Never-married,Nontechnical, Own-child,*,Male,0,0,25,North America,<=50K
5614,"[30, 40[", Private,204527,Graduate,14,Never-married,Technical, Not-in-family,*,Male,0,0,50,North America,>50K
5615,"[40, 50[", Private,476391,Undergraduate,10,Divorced,Other, Not-in-family,*,Female,0,0,40,North America,<=50K
5616,"[20, 30[", Private,224964,High School,9,Never-married,Other, Own-child,*,Female,0,0,25,North America,<=50K
5618,"[20, 30[", Private,292023,High School,9,Never-married,Nontechnical, Not-in-family,*,Male,0,0,45,North America,<=50K
5620,"[40, 50[", Self-emp-inc,187563,Undergraduate,10,Married-civ-spouse,Other, Husband,*,Male,0,0,50,North America,>50K
5621,"[30, 40[", Private,176101,Undergraduate,10,Never-married,Technical, Own-child,*,Male,2174,0,60,North America,<=50K
5622,"[30, 40[", Private,749105,High School,9,Divorced,Other, Unmarried,*,Female,0,0,36,North America,<=50K
5623,"[40, 50[", ?,230020,Primary School,3,Married-civ-spouse,Other, Husband,*,Male,0,0,40,North America,<=50K
5624,"[20, 30[", Private,216070,Professional Education,12,Married-civ-spouse,Other, Wife,*,Female,0,0,46,North America,>50K
5625,"[50, 60[", Self-emp-not-inc,105010,Undergraduate,13,Married-civ-spouse,Nontechnical, Husband,*,Male,0,0,40,North America,>50K
5627,"[30, 40[", Local-gov,215419,Undergraduate,10,Divorced,Other, Unmarried,*,Female,0,0,40,North America,<=50K
5628,"[30, 40[", Private,120460,Undergraduate,10,Married-civ-spouse,Other, Husband,*,Male,0,0,50,North America,>50K
5629,"[40, 50[", Private,199316,Undergraduate,10,Married-civ-spouse,Technical, Other-relative,*,Male,0,0,40,Asia,<=50K
5630,"[40, 50[", Private,146919,High School,9,Separated,Nontechnical, Not-in-family,*,Female,0,0,40,North America,<=50K
5631,"[50, 60[", Private,174744,High School,9,Married-civ-spouse,Other, Husband,*,Male,0,0,40,North America,<=50K
5633,"[20, 30[", Private,249957,High School,9,Never-married,Other, Own-child,*,Male,0,0,40,North America,<=50K
5634,"[50, 60[", Private,146574,Graduate,14,Married-civ-spouse,Nontechnical, Husband,*,Male,0,0,50,North America,>50K
5635,"[40, 50[", State-gov,156417,Undergraduate,10,Divorced,Technical, Unmarried,*,Male,0,0,20,North America,<=50K
5637,"[10, 20[", Private,63363,Undergraduate,10,Never-married,Nontechnical, Own-child,*,Female,0,0,30,North America,<=50K
5638,"[20, 30[", Private,190107,Undergraduate,13,Never-married,Technical, Own-child,*,Male,0,0,40,North America,<=50K
5639,"[30, 40[", Private,126569,Graduate,14,Married-civ-spouse,Technical, Husband,*,Male,0,0,60,North America,>50K
5640,"[30, 40[", Private,176756,High School,8,Married-civ-spouse,Other, Husband,*,Male,0,0,40,North America,<=50K
5641,"[40, 50[", Private,115161,High School,9,Married-civ-spouse,Other, Husband,*,Male,0,0,30,North America,<=50K
5642,"[50, 60[", Self-emp-not-inc,138892,High School,7,Married-civ-spouse,Nontechnical, Husband,*,Male,0,0,15,North America,<=50K
5643,"[30, 40[", Private,256864,High School,9,Married-civ-spouse,Technical, Husband,*,Male,0,0,50,North America,>50K
5644,"[40, 50[", Private,265083,High School,6,Divorced,Nontechnical, Not-in-family,*,Female,0,0,38,North America,<=50K
5645,"[30, 40[", Private,249948,Undergraduate,10,Divorced,Other, Not-in-family,*,Female,0,0,34,North America,<=50K
5646,"[40, 50[", Federal-gov,31141,Undergraduate,10,Divorced,Other, Not-in-family,*,Male,0,0,40,North America,<=50K
5649,"[30, 40[", Self-emp-not-inc,174789,Undergraduate,13,Married-civ-spouse,Technical, Husband,*,Male,0,0,50,North America,>50K
5650,"[30, 40[", Private,199753,High School,9,Never-married,Technical, Own-child,*,Male,0,0,48,North America,<=50K
5652,"[50, 60[", ?,188166,High School,9,Married-civ-spouse,Other, Husband,*,Male,0,0,40,North America,<=50K
5653,"[50, 60[", Private,96586,Professional Education,11,Married-civ-spouse,Other, Husband,*,Male,0,0,40,North America,<=50K
5654,"[20, 30[", Private,189590,Undergraduate,13,Never-married,Technical, Not-in-family,*,Male,0,0,40,North America,<=50K
5655,"[40, 50[", Private,140590,Undergraduate,10,Never-married,Nontechnical, Not-in-family,*,Male,0,0,33,North America,<=50K
5656,"[30, 40[", Private,255702,High School,9,Never-married,Other, Own-child,*,Female,0,0,27,North America,<=50K
5657,"[30, 40[", Private,260782,Undergraduate,10,Married-civ-spouse,Technical, Husband,*,Male,0,0,41,North America,>50K
5658,"[30, 40[", Private,169926,Professional Education,12,Married-civ-spouse,Nontechnical, Wife,*,Female,0,1902,40,North America,>50K
5659,"[30, 40[", State-gov,151322,Undergraduate,13,Never-married,Technical, Not-in-family,*,Male,0,0,40,North America,<=50K
5660,"[50, 60[", Private,192869,High School,9,Married-civ-spouse,Technical, Husband,*,Male,0,0,40,North America,>50K
5661,"[10, 20[", Private,93604,High School,4,Never-married,Technical, Own-child,*,Male,0,1602,32,North America,<=50K
5662,"[30, 40[", Private,86958,High School,5,Married-civ-spouse,Nontechnical, Wife,*,Female,0,0,40,North America,<=50K
5664,"[30, 40[", Private,192644,High School,9,Separated,Nontechnical, Unmarried,*,Male,0,0,35,North America,<=50K
5666,"[50, 60[", Private,43269,High School,9,Married-civ-spouse,Other, Husband,*,Male,0,0,50,North America,>50K
5667,"[30, 40[", Private,190040,Undergraduate,13,Never-married,Technical, Not-in-family,*,Female,0,0,40,North America,<=50K
5668,"[50, 60[", Private,306108,Graduate,16,Never-married,Technical, Not-in-family,*,Male,0,0,40,North America,>50K
5669,"[30, 40[", Private,220148,High School,9,Married-civ-spouse,Technical, Husband,*,Male,0,1848,50,North America,>50K
5670,"[30, 40[", Private,381645,Undergraduate,13,Never-married,Technical, Not-in-family,*,Male,0,0,50,North America,<=50K
5671,"[30, 40[", Private,216361,Undergraduate,10,Married-civ-spouse,Other, Husband,*,Male,0,0,16,North America,<=50K
5672,"[30, 40[", Private,213722,Undergraduate,10,Never-married,Nontechnical, Not-in-family,*,Male,0,0,50,North America,>50K
5673,"[30, 40[", Private,112271,Graduate,14,Married-civ-spouse,Other, Husband,*,Male,0,0,40,North America,<=50K
5674,"[40, 50[", Private,208277,Undergraduate,10,Divorced,Other, Own-child,*,Female,0,0,44,North America,>50K
5675,"[30, 40[", State-gov,352628,Undergraduate,13,Divorced,Technical, Not-in-family,*,Female,0,0,40,North America,<=50K
5676,"[10, 20[", Private,129620,High School,6,Never-married,Other, Other-relative,*,Female,0,0,30,North America,<=50K
5677,"[30, 40[", Private,249550,Undergraduate,10,Never-married,Technical, Not-in-family,*,Male,0,0,44,North America,<=50K
5679,"[70, 80[", ?,173542,Undergraduate,13,Married-civ-spouse,Other, Husband,*,Male,0,0,10,North America,<=50K
5680,"[60, 70[", Private,167670,Undergraduate,13,Married-civ-spouse,Technical, Husband,*,Male,0,0,35,North America,<=50K
5681,"[60, 70[", Private,81578,High School,5,Married-civ-spouse,Nontechnical, Husband,*,Male,0,0,40,North America,<=50K
5682,"[50, 60[", Private,160662,Graduate,16,Married-civ-spouse,Nontechnical, Husband,*,Male,0,0,80,North America,>50K
5684,"[20, 30[", Private,152189,High School,9,Never-married,Technical, Own-child,*,Male,0,0,40,North America,<=50K
5685,"[50, 60[", Private,106176,Graduate,14,Married-civ-spouse,Nontechnical, Husband,*,Male,7298,0,60,North America,>50K
5686,"[60, 70[", State-gov,159191,Undergraduate,10,Widowed,Other, Not-in-family,*,Female,0,810,38,North America,<=50K
5687,"[70, 80[", ?,250263,Undergraduate,10,Married-civ-spouse,Other, Husband,*,Male,3432,0,30,North America,<=50K
5688,"[40, 50[", Private,78410,High School,9,Married-civ-spouse,Other, Wife,*,Female,0,0,40,North America,>50K
5689,"[30, 40[", Private,131379,High School,9,Never-married,Other, Own-child,*,Female,0,0,40,North America,<=50K
5690,"[40, 50[", Private,166929,High School,7,Married-civ-spouse,Technical, Husband,*,Male,0,0,40,North America,<=50K
5691,"[50, 60[", Private,380357,Undergraduate,13,Divorced,Nontechnical, Not-in-family,*,Male,0,0,40,North America,<=50K
5692,"[30, 40[", Private,79190,High School,9,Never-married,Other, Own-child,*,Female,0,0,35,North America,<=50K
5693,"[40, 50[", Private,342164,High School,9,Separated,Other, Unmarried,*,Female,0,0,37,North America,<=50K
5694,"[40, 50[", Private,182616,Professional Education,11,Married-civ-spouse,Technical, Husband,*,Male,0,0,40,North America,>50K
5695,"[60, 70[", Private,339473,Undergraduate,10,Divorced,Nontechnical, Not-in-family,*,Female,0,0,60,North America,<=50K
5696,"[30, 40[", Local-gov,381153,Undergraduate,10,Married-civ-spouse,Other, Husband,*,Male,15024,0,56,North America,>50K
5697,"[50, 60[", Private,300816,Undergraduate,13,Never-married,Other, Unmarried,*,Male,0,0,20,North America,<=50K
5699,"[20, 30[", Private,149224,High School,9,Never-married,Nontechnical, Not-in-family,*,Male,0,0,40,North America,<=50K
5700,"[40, 50[", Private,168216,High School,4,Married-civ-spouse,Technical, Husband,*,Male,0,0,48,North America,<=50K
5701,"[50, 60[", Private,286487,High School,9,Married-civ-spouse,Technical, Husband,*,Male,2885,0,45,North America,<=50K
5702,"[30, 40[", Private,305597,High School,9,Married-civ-spouse,Technical, Husband,*,Male,0,0,40,North America,>50K
5703,"[30, 40[", Self-emp-not-inc,109766,Professional Education,15,Married-civ-spouse,Technical, Husband,*,Male,15024,0,50,North America,>50K
5704,"[30, 40[", Self-emp-not-inc,188798,High School,9,Divorced,Other, Unmarried,*,Female,0,0,40,North America,<=50K
5706,"[30, 40[", Private,459465,Undergraduate,10,Never-married,Technical, Not-in-family,*,Male,0,0,50,North America,<=50K
5707,"[40, 50[", Local-gov,162506,Graduate,14,Married-civ-spouse,Technical, Husband,*,Male,0,0,35,North America,<=50K
5708,"[40, 50[", Self-emp-not-inc,145441,Professional Education,15,Married-civ-spouse,Technical, Husband,*,Male,0,0,30,North America,>50K
5710,"[40, 50[", Private,27444,Undergraduate,10,Married-civ-spouse,Other, Husband,*,Male,0,0,46,North America,>50K
5711,"[40, 50[", Private,195258,High School,9,Married-civ-spouse,Other, Husband,*,Male,0,0,40,North America,>50K
5712,"[40, 50[", State-gov,55272,Undergraduate,10,Married-civ-spouse,Technical, Husband,*,Male,0,0,40,North America,>50K
5713,"[30, 40[", Self-emp-not-inc,164526,Professional Education,15,Never-married,Technical, Not-in-family,*,Male,0,2824,45,North America,>50K
5714,"[40, 50[", Private,27802,Professional Education,11,Married-civ-spouse,Technical, Husband,*,Male,0,0,40,North America,<=50K
5715,"[10, 20[", State-gov,165289,Undergraduate,10,Never-married,Other, Own-child,*,Female,0,0,40,North America,<=50K
5717,"[20, 30[", Private,317175,Undergraduate,13,Married-civ-spouse,Nontechnical, Husband,*,Male,0,0,45,North America,>50K
5718,"[30, 40[", Self-emp-inc,163237,Undergraduate,10,Married-civ-spouse,Other, Husband,*,Male,0,0,65,North America,<=50K
5719,"[30, 40[", Private,170408,Professional Education,11,Divorced,Technical, Not-in-family,*,Female,0,0,30,North America,<=50K
5720,"[20, 30[", ?,55950,Undergraduate,13,Never-married,Other, Own-child,*,Female,0,0,40,Europe,<=50K
5721,"[40, 50[", Private,76625,High School,9,Divorced,Technical, Unmarried,*,Male,0,0,40,North America,<=50K
5722,"[20, 30[", Private,366066,Professional Education,12,Never-married,Nontechnical, Own-child,*,Female,0,0,40,North America,<=50K
5723,"[20, 30[", Private,349368,High School,9,Never-married,Other, Other-relative,*,Female,0,0,40,North America,<=50K
5724,"[20, 30[", Private,286824,Undergraduate,10,Never-married,Nontechnical, Own-child,*,Male,0,0,12,North America,<=50K
5725,"[30, 40[", Private,373263,High School,9,Married-civ-spouse,Nontechnical, Wife,*,Female,0,0,40,North America,<=50K
5726,"[20, 30[", Private,161978,High School,9,Separated,Technical, Own-child,*,Male,0,0,40,North America,<=50K
5728,"[40, 50[", Local-gov,109089,Professional Education,15,Married-civ-spouse,Other, Husband,*,Male,0,0,40,North America,>50K
5729,"[40, 50[", Private,110151,Professional Education,11,Divorced,Nontechnical, Unmarried,*,Female,0,0,45,North America,<=50K
5730,"[20, 30[", Private,34110,Undergraduate,10,Never-married,Other, Not-in-family,*,Male,0,0,44,North America,<=50K
5731,"[40, 50[", Self-emp-not-inc,118506,Undergraduate,13,Married-civ-spouse,Nontechnical, Own-child,*,Male,0,0,60,North America,<=50K
5732,"[20, 30[", Private,117789,Undergraduate,10,Never-married,Technical, Own-child,*,Female,0,0,10,North America,<=50K
5733,"[30, 40[", Self-emp-not-inc,353881,High School,9,Married-civ-spouse,Nontechnical, Husband,*,Male,0,0,60,North America,<=50K
5735,"[20, 30[", Private,258517,Undergraduate,10,Never-married,Nontechnical, Own-child,*,Male,0,0,25,North America,<=50K
5736,"[20, 30[", Private,190367,High School,9,Married-civ-spouse,Technical, Husband,*,Male,0,0,45,North America,<=50K
5737,"[30, 40[", Private,174704,High School,7,Married-civ-spouse,Technical, Husband,*,Male,0,0,40,North America,<=50K
5738,"[20, 30[", Private,179413,High School,9,Married-civ-spouse,Technical, Husband,*,Male,0,0,40,North America,<=50K
5739,"[20, 30[", Private,329530,High School,5,Never-married,Other, Own-child,*,Male,0,0,40,North America,<=50K
5740,"[30, 40[", Private,273818,Undergraduate,10,Married-civ-spouse,Other, Husband,*,Male,0,0,55,North America,<=50K
5742,"[40, 50[", Private,196001,High School,9,Separated,Other, Unmarried,*,Female,0,0,40,North America,<=50K
5743,"[60, 70[", Self-emp-not-inc,282660,High School,4,Married-civ-spouse,Technical, Husband,*,Male,0,0,40,North America,<=50K
5744,"[30, 40[", Private,72630,Undergraduate,13,Never-married,Technical, Not-in-family,*,Male,0,0,50,North America,<=50K
5745,"[20, 30[", Private,50295,Undergraduate,10,Married-civ-spouse,Other, Husband,*,Male,0,0,48,North America,<=50K
5746,"[20, 30[", Private,203240,High School,5,Never-married,Nontechnical, Own-child,*,Female,0,0,32,North America,<=50K
5747,"[50, 60[", Self-emp-not-inc,172618,Undergraduate,13,Married-civ-spouse,Technical, Husband,*,Male,7688,0,40,North America,>50K
5748,"[40, 50[", Private,202168,Undergraduate,10,Married-civ-spouse,Nontechnical, Husband,*,Male,0,0,60,North America,>50K
5749,"[60, 70[", Private,176839,High School,9,Married-civ-spouse,Technical, Husband,*,Male,0,0,40,North America,<=50K
5750,"[40, 50[", Private,176140,High School,9,Divorced,Nontechnical, Unmarried,*,Female,0,0,40,North America,>50K
5751,"[60, 70[", Private,39952,High School,5,Married-civ-spouse,Technical, Husband,*,Male,2228,0,37,North America,<=50K
5752,"[30, 40[", Private,292465,High School,5,Married-civ-spouse,Technical, Husband,*,Male,0,0,50,North America,<=50K
5753,"[40, 50[", ?,161285,Undergraduate,10,Married-civ-spouse,Other, Wife,*,Female,0,0,25,North America,<=50K
5754,"[40, 50[", Private,355320,Undergraduate,13,Married-civ-spouse,Technical, Husband,*,Male,0,0,45,North America,>50K
5755,"[50, 60[", Private,182460,High School,9,Married-civ-spouse,Nontechnical, Husband,*,Male,0,0,40,North America,>50K
5756,"[50, 60[", Private,69345,Professional Education,11,Married-civ-spouse,Other, Husband,*,Male,3103,0,55,North America,>50K
5757,"[50, 60[", Self-emp-not-inc,102058,Graduate,14,Married-civ-spouse,Technical, Husband,*,Male,0,0,40,North America,>50K
5758,"[20, 30[", Private,165804,Undergraduate,10,Never-married,Other, Own-child,*,Female,0,0,40,North America,<=50K
5759,"[40, 50[", Private,318259,Professional Education,11,Divorced,Technical, Other-relative,*,Female,0,0,36,North America,<=50K
5760,"[20, 30[", Private,117606,Undergraduate,10,Never-married,Technical, Not-in-family,*,Female,0,0,40,North America,<=50K
5761,"[30, 40[", Private,170718,High School,9,Married-civ-spouse,Nontechnical, Husband,*,Male,0,0,40,North America,<=50K
5762,"[40, 50[", Private,413297,Undergraduate,10,Married-civ-spouse,Technical, Husband,*,Male,0,0,40,North America,<=50K
5763,"[20, 30[", Private,190457,High School,9,Never-married,Other, Own-child,*,Female,0,0,30,North America,<=50K
5764,"[50, 60[", Private,88278,Graduate,16,Married-civ-spouse,Technical, Husband,*,Male,0,1977,50,North America,>50K
5765,"[30, 40[", Local-gov,217296,High School,9,Married-civ-spouse,Other, Wife,*,Female,4064,0,22,North America,<=50K
5766,"[60, 70[", ?,97231,Undergraduate,10,Married-civ-spouse,Other, Wife,*,Female,0,0,1,North America,<=50K
5767,"[50, 60[", Private,123429,Undergraduate,10,Married-civ-spouse,Technical, Husband,*,Male,0,0,40,North America,>50K
5768,"[40, 50[", Federal-gov,420282,Undergraduate,10,Never-married,Other, Unmarried,*,Female,0,0,40,North America,<=50K
5769,"[40, 50[", Private,498325,Professional Education,12,Married-civ-spouse,Other, Husband,*,Male,0,0,50,North America,<=50K
5770,"[20, 30[", Private,248533,Undergraduate,10,Never-married,Nontechnical, Other-relative,*,Female,0,0,40,North America,<=50K
5771,"[40, 50[", Private,137354,Graduate,14,Married-civ-spouse,Technical, Husband,*,Male,0,0,40,Asia,>50K
5772,"[40, 50[", Private,272910,High School,9,Divorced,Other, Not-in-family,*,Female,0,0,40,North America,<=50K
5773,"[50, 60[", Self-emp-inc,206054,Undergraduate,10,Married-civ-spouse,Technical, Husband,*,Male,0,0,40,North America,<=50K
5775,"[30, 40[", Private,163199,Undergraduate,10,Divorced,Technical, Not-in-family,*,Female,0,0,40,North America,<=50K
5776,"[30, 40[", Private,195860,High School,9,Married-civ-spouse,Technical, Husband,*,Male,0,0,40,North America,<=50K
5777,"[20, 30[", Private,115717,Undergraduate,10,Married-civ-spouse,Other, Husband,*,Male,0,2051,40,North America,<=50K
5778,"[10, 20[", Private,120029,Undergraduate,10,Never-married,Other, Other-relative,*,Female,0,0,20,North America,<=50K
5779,"[30, 40[", Private,221762,Undergraduate,10,Never-married,Technical, Not-in-family,*,Male,0,0,40,North America,<=50K
5780,"[40, 50[", Private,342164,Undergraduate,10,Divorced,Nontechnical, Not-in-family,*,Female,0,0,15,North America,<=50K
5781,"[20, 30[", Private,176356,Professional Education,12,Never-married,Other, Own-child,*,Female,0,0,20,North America,<=50K
5782,"[20, 30[", Private,133239,Professional Education,11,Never-married,Technical, Not-in-family,*,Female,0,0,40,North America,<=50K
5783,"[20, 30[", Federal-gov,169101,Undergraduate,10,Never-married,Technical, Own-child,*,Female,0,0,40,North America,<=50K
5784,"[30, 40[", Private,159442,Undergraduate,13,Married-civ-spouse,Other, Wife,*,Female,0,0,40,North America,<=50K
5785,"[20, 30[", Private,174461,Undergraduate,10,Never-married,Nontechnical, Own-child,*,Female,0,0,45,North America,<=50K
5788,"[20, 30[", ?,308995,Undergraduate,10,Divorced,Other, Own-child,*,Female,0,0,40,North America,<=50K
5789,"[60, 70[", Private,248448,High School,4,Divorced,Other, Unmarried,*,Female,0,0,40,North America,<=50K
5790,"[30, 40[", Private,161141,High School,9,Married-civ-spouse,Technical, Husband,*,Male,0,0,40,North America,<=50K
5791,"[30, 40[", Private,212465,High School,9,Married-civ-spouse,Technical, Husband,*,Male,0,0,40,North America,>50K
5792,"[40, 50[", Self-emp-inc,170871,High School,9,Married-civ-spouse,Nontechnical, Husband,*,Male,15024,0,55,North America,>50K
5793,"[40, 50[", Local-gov,233865,High School,9,Married-civ-spouse,Nontechnical, Husband,*,Male,0,0,40,North America,>50K
5794,"[50, 60[", Private,163052,High School,9,Married-civ-spouse,Other, Husband,*,Male,0,0,40,North America,>50K
5795,"[30, 40[", Private,348690,Undergraduate,13,Married-civ-spouse,Other, Husband,*,Male,0,0,40,North America,<=50K
5797,"[20, 30[", Private,206861,Undergraduate,10,Never-married,Other, Own-child,*,Male,0,0,40,North America,<=50K
5798,"[40, 50[", Self-emp-inc,349230,Professional Education,11,Married-civ-spouse,Nontechnical, Husband,*,Male,0,0,60,North America,>50K
5799,"[20, 30[", Private,130840,High School,9,Never-married,Technical, Own-child,*,Male,0,0,20,North America,<=50K
5801,"[20, 30[", Private,132191,High School,9,Never-married,Technical, Not-in-family,*,Male,0,0,40,North America,<=50K
5802,"[40, 50[", Private,202466,Professional Education,12,Divorced,Technical, Unmarried,*,Female,0,0,45,North America,<=50K
5803,"[20, 30[", ?,224421,Undergraduate,10,Divorced,Other, Own-child,*,Male,0,0,40,North America,<=50K
5804,"[20, 30[", Self-emp-not-inc,236804,Undergraduate,10,Never-married,Other, Own-child,*,Male,0,0,35,North America,<=50K
5805,"[20, 30[", Private,107658,Undergraduate,10,Never-married,Technical, Not-in-family,*,Female,0,0,10,North America,<=50K
5806,"[40, 50[", Private,102771,High School,9,Married-civ-spouse,Other, Husband,*,Male,0,0,50,North America,<=50K
5807,"[10, 20[", Private,221403,High School,8,Never-married,Other, Own-child,*,Male,0,0,18,North America,<=50K
5808,"[70, 80[", ?,211574,High School,6,Married-civ-spouse,Other, Husband,*,Male,0,0,1,North America,<=50K
5809,"[30, 40[", Private,52645,Undergraduate,10,Divorced,Nontechnical, Unmarried,*,Female,0,0,40,North America,<=50K
5810,"[20, 30[", Private,276310,High School,5,Married-civ-spouse,Technical, Husband,*,Male,0,0,40,North America,<=50K
5811,"[30, 40[", Private,134613,Professional Education,11,Married-civ-spouse,Nontechnical, Wife,*,Female,0,0,43,North America,<=50K
5812,"[40, 50[", Private,215479,High School,9,Divorced,Other, Not-in-family,*,Male,0,0,20,North America,<=50K
5813,"[50, 60[", Private,266529,Professional Education,11,Married-civ-spouse,Nontechnical, Husband,*,Male,0,0,40,North America,>50K
5814,"[30, 40[", Private,265807,Undergraduate,10,Separated,Technical, Not-in-family,*,Male,0,0,45,North America,<=50K
5815,"[40, 50[", Self-emp-not-inc,67716,Undergraduate,10,Married-civ-spouse,Nontechnical, Husband,*,Male,0,0,60,North America,<=50K
5816,"[30, 40[", Private,178951,High School,9,Married-civ-spouse,Nontechnical, Husband,*,Male,0,0,45,North America,<=50K
5817,"[30, 40[", Private,241126,Graduate,14,Married-civ-spouse,Nontechnical, Husband,*,Male,0,0,40,North America,>50K
5818,"[30, 40[", Private,176544,Undergraduate,10,Never-married,Other, Not-in-family,*,Male,0,0,48,North America,<=50K
5819,"[40, 50[", Private,169180,Undergraduate,10,Widowed,Other, Unmarried,*,Female,0,0,45,North America,<=50K
5820,"[30, 40[", Self-emp-not-inc,282461,Undergraduate,10,Married-civ-spouse,Nontechnical, Husband,*,Male,0,0,60,North America,<=50K
5821,"[50, 60[", Private,157069,Professional Education,12,Married-civ-spouse,Technical, Husband,*,Male,0,0,40,North America,>50K
5822,"[30, 40[", Private,99357,Graduate,14,Married-civ-spouse,Technical, Wife,*,Female,15024,0,50,North America,>50K
5824,"[60, 70[", Self-emp-inc,338316,Undergraduate,10,Married-civ-spouse,Nontechnical, Husband,*,Male,0,0,40,North America,<=50K
5825,"[40, 50[", Self-emp-not-inc,59612,High School,6,Divorced,Other, Unmarried,*,Male,0,0,70,North America,<=50K
5826,"[20, 30[", Private,220426,High School,9,Never-married,Nontechnical, Not-in-family,*,Male,0,0,40,North America,<=50K
5827,"[50, 60[", Private,115912,Undergraduate,10,Married-civ-spouse,Technical, Husband,*,Male,0,0,40,North America,<=50K
5828,"[10, 20[", Private,27032,High School,6,Never-married,Nontechnical, Own-child,*,Female,0,0,12,North America,<=50K
5829,"[10, 20[", Private,170720,High School,8,Never-married,Other, Own-child,*,Male,0,0,16,North America,<=50K
5830,"[60, 70[", Private,183162,High School,9,Widowed,Technical, Not-in-family,*,Female,0,0,40,North America,<=50K
5831,"[40, 50[", Private,192360,Undergraduate,13,Married-civ-spouse,Nontechnical, Husband,*,Male,0,0,35,North America,>50K
5833,"[20, 30[", Private,128553,Undergraduate,10,Never-married,Nontechnical, Own-child,*,Female,0,0,40,North America,<=50K
5834,"[50, 60[", Private,209423,Primary School,2,Married-civ-spouse,Other, Husband,*,Male,0,0,38,North America,<=50K
5835,"[30, 40[", Self-emp-not-inc,121510,High School,9,Divorced,Nontechnical, Unmarried,*,Male,0,0,55,North America,<=50K
5836,"[40, 50[", Private,93793,Graduate,14,Married-civ-spouse,Technical, Husband,*,Male,0,0,38,North America,>50K
5837,"[30, 40[", Private,133602,Undergraduate,13,Divorced,Nontechnical, Not-in-family,*,Male,0,0,40,North America,<=50K
5838,"[10, 20[", Private,391329,Undergraduate,10,Never-married,Other, Not-in-family,*,Female,0,0,30,North America,<=50K
5840,"[20, 30[", Private,203894,Undergraduate,10,Never-married,Other, Not-in-family,*,Female,0,0,24,North America,<=50K
5842,"[20, 30[", Private,195994,Primary School,2,Never-married,Other, Not-in-family,*,Female,0,0,40,North America,<=50K
5843,"[10, 20[", Private,50879,High School,6,Never-married,Other, Own-child,*,Male,0,0,6,North America,<=50K
5844,"[20, 30[", Private,186849,High School,9,Never-married,Nontechnical, Own-child,*,Male,0,0,40,North America,<=50K
5845,"[40, 50[", Private,201127,Undergraduate,10,Married-civ-spouse,Other, Husband,*,Male,0,0,50,North America,<=50K
5846,"[30, 40[", Private,110998,High School,9,Never-married,Other, Other-relative,*,Female,0,0,36,North America,<=50K
5847,"[30, 40[", Private,190466,High School,9,Divorced,Technical, Own-child,*,Male,2174,0,40,North America,<=50K
5848,"[60, 70[", Self-emp-not-inc,173935,Undergraduate,13,Married-civ-spouse,Nontechnical, Husband,*,Male,0,0,8,North America,>50K
5849,"[10, 20[", Private,167140,Undergraduate,10,Never-married,Other, Own-child,*,Male,0,1602,24,North America,<=50K
5850,"[10, 20[", Private,110230,High School,6,Never-married,Other, Own-child,*,Male,0,0,11,North America,<=50K
5851,"[30, 40[", Private,287658,High School,9,Never-married,Other, Own-child,*,Male,0,0,40,North America,<=50K
5852,"[20, 30[", Private,224954,Undergraduate,10,Never-married,Technical, Own-child,*,Male,0,0,25,North America,<=50K
5853,"[20, 30[", ?,394820,Undergraduate,10,Separated,Other, Unmarried,*,Female,0,0,20,North America,<=50K
5854,"[40, 50[", Private,37618,Undergraduate,10,Married-civ-spouse,Technical, Husband,*,Male,0,0,40,Unknown,<=50K
5855,"[70, 80[", Self-emp-not-inc,29306,High School,9,Married-civ-spouse,Other, Husband,*,Male,0,0,40,North America,<=50K
5856,"[30, 40[", Private,37314,Undergraduate,10,Married-civ-spouse,Technical, Husband,*,Male,5013,0,40,North America,<=50K
5857,"[30, 40[", Private,420749,Professional Education,12,Married-civ-spouse,Technical, Husband,*,Male,0,0,40,North America,>50K
5858,"[20, 30[", Private,482732,High School,6,Never-married,Technical, Not-in-family,*,Male,0,0,40,North America,<=50K
5859,"[20, 30[", Private,206215,High School,9,Never-married,Other, Own-child,*,Female,0,0,40,North America,<=50K
5860,"[20, 30[", Private,101364,High School,9,Married-civ-spouse,Nontechnical, Husband,*,Male,0,0,40,North America,<=50K
5861,"[60, 70[", Self-emp-inc,185369,High School,6,Married-civ-spouse,Nontechnical, Husband,*,Male,0,0,30,North America,<=50K
5862,"[60, 70[", Private,216856,Graduate,14,Married-civ-spouse,Nontechnical, Husband,*,Male,0,0,50,North America,<=50K
5864,"[40, 50[", Private,348144,Undergraduate,10,Divorced,Other, Not-in-family,*,Male,3325,0,53,North America,<=50K
5865,"[20, 30[", Private,190293,Undergraduate,13,Never-married,Technical, Not-in-family,*,Female,0,0,40,North America,<=50K
5866,"[50, 60[", Self-emp-not-inc,25932,High School,9,Married-civ-spouse,Other, Husband,*,Male,0,0,60,North America,<=50K
5867,"[20, 30[", Private,176729,Undergraduate,13,Married-civ-spouse,Technical, Husband,*,Male,0,0,60,North America,>50K
5868,"[30, 40[", Private,166961,High School,7,Separated,Nontechnical, Own-child,*,Female,0,0,20,North America,<=50K
5869,"[50, 60[", Private,86373,High School,9,Married-civ-spouse,Technical, Husband,*,Male,0,0,50,North America,<=50K
5871,"[30, 40[", State-gov,190290,Undergraduate,13,Married-civ-spouse,Technical, Husband,*,Male,0,0,38,North America,>50K
5872,"[40, 50[", Local-gov,111891,High School,4,Never-married,Other, Unmarried,*,Female,0,0,40,North America,<=50K
5873,"[30, 40[", Self-emp-not-inc,45796,Undergraduate,10,Married-civ-spouse,Technical, Husband,*,Male,0,0,40,North America,<=50K
5874,"[50, 60[", Private,108496,Undergraduate,10,Divorced,Technical, Not-in-family,*,Male,2907,0,40,North America,<=50K
5875,"[40, 50[", Self-emp-not-inc,120539,Undergraduate,10,Married-civ-spouse,Technical, Husband,*,Male,3103,0,40,North America,>50K
5876,"[30, 40[", Self-emp-not-inc,164526,Graduate,14,Never-married,Nontechnical, Not-in-family,*,Male,10520,0,45,North America,>50K
5877,"[30, 40[", Private,323155,Primary School,2,Married-civ-spouse,Other, Husband,*,Male,0,0,85,North America,<=50K
5878,"[20, 30[", Private,65389,High School,9,Never-married,Other, Not-in-family,*,Male,0,0,30,North America,<=50K
5879,"[10, 20[", Private,414871,High School,9,Never-married,Technical, Own-child,*,Male,0,0,40,North America,<=50K
5880,"[20, 30[", Private,161607,Undergraduate,10,Married-civ-spouse,Other, Husband,*,Male,0,0,45,North America,<=50K
5881,"[60, 70[", Private,224953,High School,6,Married-civ-spouse,Technical, Husband,*,Male,0,0,40,North America,<=50K
5882,"[30, 40[", Private,261382,Graduate,14,Married-civ-spouse,Nontechnical, Husband,*,Male,15024,0,45,North America,>50K
5884,"[40, 50[", Self-emp-inc,184018,High School,9,Divorced,Nontechnical, Unmarried,*,Male,1151,0,50,North America,<=50K
5885,"[40, 50[", Self-emp-inc,133060,High School,9,Married-civ-spouse,Technical, Husband,*,Male,0,0,40,North America,<=50K
5886,"[20, 30[", Private,35032,High School,9,Married-civ-spouse,Technical, Husband,*,Male,0,0,40,North America,<=50K
5887,"[30, 40[", State-gov,304212,High School,9,Never-married,Nontechnical, Not-in-family,*,Male,0,0,50,North America,<=50K
5888,"[60, 70[", Local-gov,50442,High School,5,Never-married,Other, Other-relative,*,Male,0,0,40,North America,<=50K
5889,"[30, 40[", Private,146091,Undergraduate,13,Married-civ-spouse,Technical, Wife,*,Female,0,0,20,North America,>50K
5890,"[20, 30[", Private,267431,Undergraduate,13,Never-married,Nontechnical, Own-child,*,Female,0,0,20,North America,<=50K
5891,"[10, 20[", Private,121240,High School,9,Never-married,Other, Not-in-family,*,Male,0,0,30,North America,<=50K
5892,"[20, 30[", Private,192572,High School,9,Never-married,Other, Own-child,*,Female,0,0,45,North America,<=50K
5893,"[30, 40[", Private,211028,Undergraduate,10,Never-married,Other, Not-in-family,*,Female,0,0,40,North America,<=50K
5894,"[30, 40[", Local-gov,346122,Professional Education,12,Married-civ-spouse,Other, Husband,*,Male,5013,0,45,North America,<=50K
5895,"[20, 30[", Private,202203,Undergraduate,13,Never-married,Other, Other-relative,*,Female,0,0,50,North America,<=50K
5896,"[20, 30[", Private,159297,Undergraduate,10,Never-married,Other, Own-child,*,Female,0,0,15,North America,<=50K
5897,"[10, 20[", Private,310158,Undergraduate,10,Never-married,Other, Own-child,*,Male,0,0,30,North America,<=50K
5898,"[30, 40[", Federal-gov,193246,Undergraduate,13,Married-civ-spouse,Other, Husband,*,Male,0,0,42,North America,>50K
5899,"[20, 30[", Private,200089,Undergraduate,10,Married-civ-spouse,Technical, Other-relative,*,Male,0,0,40,North America,<=50K
5900,"[20, 30[", Private,38353,High School,9,Married-civ-spouse,Technical, Husband,*,Male,0,0,45,North America,<=50K
5901,"[40, 50[", Private,76280,High School,9,Married-civ-spouse,Nontechnical, Wife,*,Female,0,0,40,North America,<=50K
5902,"[30, 40[", Self-emp-not-inc,243665,High School,9,Married-civ-spouse,Nontechnical, Husband,*,Male,0,0,50,North America,<=50K
5903,"[60, 70[", Private,68872,High School,9,Married-civ-spouse,Other, Wife,*,Female,0,0,20,North America,<=50K
5904,"[30, 40[", Private,103596,High School,9,Married-civ-spouse,Nontechnical, Husband,*,Male,0,0,40,North America,<=50K
5905,"[60, 70[", Self-emp-not-inc,88055,Undergraduate,10,Married-civ-spouse,Technical, Husband,*,Male,0,0,24,North America,<=50K
5906,"[40, 50[", Private,186203,High School,9,Married-civ-spouse,Other, Husband,*,Male,0,0,50,North America,<=50K
5907,"[20, 30[", Private,257910,Undergraduate,13,Never-married,Nontechnical, Not-in-family,*,Male,0,0,50,North America,<=50K
5908,"[20, 30[", Private,200227,Professional Education,11,Married-civ-spouse,Other, Wife,*,Female,0,0,40,North America,<=50K
5909,"[50, 60[", Self-emp-not-inc,124975,High School,9,Divorced,Technical, Unmarried,*,Male,27828,0,55,North America,>50K
5910,"[30, 40[", Private,227669,Undergraduate,10,Never-married,Technical, Own-child,*,Female,0,0,40,North America,<=50K
5912,"[20, 30[", Private,76144,High School,9,Never-married,Nontechnical, Not-in-family,*,Male,0,0,50,North America,<=50K
5913,"[10, 20[", Private,98667,High School,7,Never-married,Other, Own-child,*,Female,0,0,16,North America,<=50K
5914,"[20, 30[", Local-gov,155818,Undergraduate,10,Married-civ-spouse,Other, Wife,*,Female,0,0,44,North America,<=50K
5915,"[20, 30[", Private,283760,Undergraduate,13,Never-married,Nontechnical, Not-in-family,*,Female,0,0,40,North America,<=50K
5916,"[70, 80[", ?,281907,High School,7,Married-civ-spouse,Other, Husband,*,Male,0,0,3,North America,<=50K
5917,"[30, 40[", Private,186183,High School,9,Married-civ-spouse,Technical, Husband,*,Male,0,0,40,North America,>50K
5918,"[30, 40[", Self-emp-inc,202153,Graduate,14,Married-civ-spouse,Technical, Husband,*,Male,0,0,40,North America,<=50K
5919,"[50, 60[", Private,365683,High School,9,Divorced,Technical, Not-in-family,*,Female,0,0,40,North America,>50K
5920,"[20, 30[", Private,187538,High School,6,Separated,Other, Unmarried,*,Female,0,0,40,North America,<=50K
5921,"[30, 40[", ?,209432,High School,9,Separated,Other, Unmarried,*,Female,0,0,20,North America,<=50K
5922,"[30, 40[", Private,126950,High School,9,Married-civ-spouse,Other, Husband,*,Male,0,0,60,North America,<=50K
5923,"[40, 50[", Private,110028,High School,9,Married-civ-spouse,Technical, Husband,*,Male,0,0,40,North America,<=50K
5924,"[40, 50[", Private,104660,Undergraduate,13,Separated,Technical, Unmarried,*,Male,0,0,45,North America,<=50K
5925,"[50, 60[", Self-emp-not-inc,437281,Undergraduate,10,Married-civ-spouse,Technical, Husband,*,Male,0,0,38,North America,>50K
5926,"[40, 50[", Private,259643,Graduate,14,Divorced,Technical, Not-in-family,*,Male,4650,0,40,North America,<=50K
5927,"[20, 30[", Private,217961,Undergraduate,10,Never-married,Other, Own-child,*,Male,0,1719,30,North America,<=50K
5928,"[20, 30[", ?,134746,Undergraduate,10,Never-married,Other, Own-child,*,Female,0,0,35,North America,<=50K
5929,"[40, 50[", Self-emp-not-inc,120539,Undergraduate,13,Married-civ-spouse,Nontechnical, Husband,*,Male,0,0,50,North America,>50K
5930,"[30, 40[", Private,25803,Undergraduate,10,Married-civ-spouse,Nontechnical, Husband,*,Male,0,0,55,North America,<=50K
5931,"[40, 50[", Private,63596,Undergraduate,10,Married-civ-spouse,Technical, Wife,*,Female,0,0,32,North America,>50K
5932,"[20, 30[", Local-gov,325493,High School,9,Never-married,Nontechnical, Own-child,*,Male,0,0,40,North America,<=50K
5933,"[40, 50[", Private,211239,Undergraduate,10,Married-civ-spouse,Technical, Husband,*,Male,0,0,40,North America,<=50K
5934,"[40, 50[", Private,206686,Undergraduate,10,Divorced,Other, Unmarried,*,Female,0,0,40,North America,<=50K
5935,"[20, 30[", Private,427965,Undergraduate,13,Never-married,Other, Not-in-family,*,Female,0,0,40,North America,<=50K
5938,"[50, 60[", Private,124993,High School,9,Never-married,Technical, Own-child,*,Male,0,0,55,North America,<=50K
5939,"[30, 40[", Private,107410,High School,9,Married-civ-spouse,Nontechnical, Husband,*,Male,0,0,40,North America,<=50K
5940,"[50, 60[", Private,152373,Undergraduate,10,Divorced,Technical, Not-in-family,*,Male,0,0,48,North America,>50K
5941,"[30, 40[", Private,161226,High School,9,Married-civ-spouse,Other, Wife,*,Female,0,0,30,North America,>50K
5942,"[20, 30[", Private,213799,High School,6,Never-married,Nontechnical, Not-in-family,*,Male,0,0,40,North America,<=50K
5943,"[30, 40[", Private,204461,Undergraduate,13,Married-civ-spouse,Technical, Husband,*,Male,0,0,55,North America,>50K
5944,"[30, 40[", Private,377798,Undergraduate,13,Never-married,Technical, Not-in-family,*,Male,0,0,50,North America,>50K
5945,"[20, 30[", Private,116375,High School,5,Never-married,Nontechnical, Own-child,*,Female,0,0,40,North America,<=50K
5946,"[30, 40[", Local-gov,210164,Undergraduate,10,Married-civ-spouse,Technical, Husband,*,Male,0,1740,40,North America,<=50K
5947,"[50, 60[", Self-emp-not-inc,258752,Undergraduate,13,Married-civ-spouse,Nontechnical, Husband,*,Male,0,0,60,North America,<=50K
5948,"[30, 40[", Private,327435,Undergraduate,13,Married-civ-spouse,Technical, Wife,*,Female,0,0,36,North America,>50K
5949,"[20, 30[", Private,301199,Undergraduate,10,Never-married,Technical, Own-child,*,Female,0,0,20,North America,<=50K
5950,"[20, 30[", Private,186221,High School,7,Divorced,Nontechnical, Unmarried,*,Female,0,0,35,North America,<=50K
5951,"[20, 30[", Private,203924,Undergraduate,13,Never-married,Technical, Not-in-family,*,Male,0,0,50,North America,<=50K
5952,"[20, 30[", Private,192236,Undergraduate,13,Never-married,Technical, Not-in-family,*,Male,0,0,45,North America,<=50K
5953,"[20, 30[", Private,152035,High School,9,Never-married,Other, Unmarried,*,Female,0,0,40,North America,<=50K
5954,"[20, 30[", Private,201454,Undergraduate,10,Never-married,Other, Not-in-family,*,Female,0,0,40,North America,<=50K
5955,"[40, 50[", Private,156580,Undergraduate,10,Married-civ-spouse,Technical, Wife,*,Female,0,0,37,North America,>50K
5956,"[50, 60[", Private,115851,High School,9,Married-civ-spouse,Technical, Husband,*,Male,0,0,40,North America,<=50K
5957,"[30, 40[", Private,106753,Professional Education,11,Married-civ-spouse,Technical, Husband,*,Male,0,1740,40,North America,<=50K
5958,"[50, 60[", Private,359292,Primary School,2,Married-civ-spouse,Technical, Husband,*,Male,0,0,40,North America,<=50K
5959,"[20, 30[", Private,83003,High School,9,Married-civ-spouse,Other, Wife,*,Female,0,0,40,North America,<=50K
5960,"[10, 20[", Private,78817,High School,9,Never-married,Other, Own-child,*,Female,0,0,20,North America,<=50K
5961,"[20, 30[", Private,200967,High School,9,Married-civ-spouse,Technical, Wife,*,Female,0,0,36,North America,<=50K
5962,"[30, 40[", State-gov,107164,Undergraduate,10,Separated,Nontechnical, Own-child,*,Male,0,0,40,North America,<=50K
5964,"[30, 40[", Self-emp-not-inc,90614,High School,9,Separated,Nontechnical, Not-in-family,*,Male,0,0,50,North America,<=50K
5965,"[40, 50[", Self-emp-not-inc,323790,Undergraduate,13,Married-civ-spouse,Nontechnical, Husband,*,Male,0,1977,70,North America,>50K
5966,"[40, 50[", Self-emp-not-inc,242552,High School,8,Divorced,Technical, Other-relative,*,Male,0,0,35,North America,<=50K
5967,"[20, 30[", Private,90935,Professional Education,11,Never-married,Other, Own-child,*,Male,0,0,40,North America,<=50K
5968,"[60, 70[", Self-emp-inc,165667,Graduate,16,Married-civ-spouse,Technical, Husband,*,Male,7688,0,60,North America,>50K
5969,"[30, 40[", Private,162604,High School,9,Never-married,Technical, Other-relative,*,Male,0,0,40,North America,<=50K
5970,"[40, 50[", Private,205424,Undergraduate,13,Never-married,Technical, Not-in-family,*,Male,0,0,40,North America,>50K
5972,"[40, 50[", Private,184857,High School,9,Married-civ-spouse,Technical, Husband,*,Male,0,0,16,North America,<=50K
5973,"[30, 40[", Private,165226,High School,9,Divorced,Other, Not-in-family,*,Female,0,0,40,North America,<=50K
5974,"[40, 50[", Private,115784,High School,9,Married-civ-spouse,Technical, Husband,*,Male,0,0,40,North America,<=50K
5975,"[60, 70[", Private,368476,Primary School,3,Married-civ-spouse,Other, Husband,*,Male,0,0,24,North America,<=50K
5976,"[20, 30[", Private,53063,Undergraduate,13,Married-civ-spouse,Nontechnical, Husband,*,Male,0,0,45,North America,<=50K
5978,"[30, 40[", Private,153471,High School,9,Never-married,Other, Not-in-family,*,Male,0,0,35,North America,<=50K
5979,"[30, 40[", Self-emp-inc,107164,High School,6,Never-married,Other, Not-in-family,*,Male,0,2559,50,North America,>50K
5980,"[30, 40[", Private,180303,Undergraduate,13,Married-civ-spouse,Nontechnical, Husband,*,Male,0,0,50,Asia,>50K
5981,"[40, 50[", Local-gov,236321,High School,9,Divorced,Other, Own-child,*,Male,0,0,25,North America,<=50K
5982,"[10, 20[", Private,141868,High School,9,Never-married,Other, Own-child,*,Male,0,0,40,North America,<=50K
5983,"[20, 30[", ?,367655,Undergraduate,10,Never-married,Other, Own-child,*,Male,0,0,40,North America,<=50K
5984,"[20, 30[", Private,203518,Undergraduate,13,Never-married,Technical, Not-in-family,*,Female,0,0,40,North America,<=50K
5985,"[50, 60[", Private,119558,High School,9,Married-civ-spouse,Nontechnical, Husband,*,Male,0,0,50,North America,>50K
5986,"[50, 60[", Private,108276,Undergraduate,13,Widowed,Other, Not-in-family,*,Female,0,0,40,North America,<=50K
5987,"[30, 40[", Private,385452,High School,6,Divorced,Technical, Unmarried,*,Female,0,0,40,North America,<=50K
5988,"[40, 50[", Private,162003,Undergraduate,10,Divorced,Technical, Not-in-family,*,Male,0,0,40,North America,<=50K
5989,"[30, 40[", Private,349028,High School,9,Married-civ-spouse,Technical, Husband,*,Male,0,0,40,North America,<=50K
5990,"[30, 40[", Private,45114,Undergraduate,13,Never-married,Nontechnical, Own-child,*,Female,0,0,40,North America,<=50K
5991,"[40, 50[", Private,112797,High School,5,Divorced,Other, Own-child,*,Female,0,0,50,North America,<=50K
5992,"[20, 30[", Private,183639,High School,9,Never-married,Nontechnical, Unmarried,*,Male,0,0,40,North America,<=50K
5993,"[30, 40[", Private,177121,High School,9,Divorced,Other, Not-in-family,*,Female,0,0,35,North America,<=50K
5994,"[30, 40[", Private,239755,High School,9,Married-civ-spouse,Technical, Husband,*,Male,0,0,40,North America,<=50K
5995,"[20, 30[", Private,150361,Undergraduate,10,Never-married,Technical, Own-child,*,Female,0,0,40,North America,<=50K
5996,"[20, 30[", Private,293091,High School,7,Never-married,Other, Own-child,*,Male,0,0,60,North America,<=50K
5997,"[20, 30[", Private,200089,High School,9,Married-civ-spouse,Technical, Husband,*,Male,0,0,60,North America,>50K
5998,"[40, 50[", Private,91836,High School,9,Divorced,Technical, Not-in-family,*,Male,0,0,45,North America,<=50K
5999,"[20, 30[", Private,324960,High School,9,Never-married,Technical, Other-relative,*,Male,0,0,40,North America,<=50K
6000,"[70, 80[", Local-gov,84616,High School,7,Married-civ-spouse,Nontechnical, Husband,*,Male,0,0,7,North America,<=50K
6001,"[40, 50[", Private,252930,High School,6,Divorced,Other, Unmarried,*,Female,0,0,42,North America,<=50K
6002,"[50, 60[", Private,44000,Graduate,14,Married-civ-spouse,Technical, Wife,*,Female,99999,0,50,North America,>50K
6003,"[30, 40[", Private,154843,High School,9,Married-civ-spouse,Technical, Husband,*,Male,0,0,40,North America,<=50K
6004,"[50, 60[", Private,99307,Professional Education,12,Married-civ-spouse,Nontechnical, Husband,*,Male,3103,0,48,North America,>50K
6005,"[40, 50[", Private,182567,Undergraduate,13,Married-civ-spouse,Nontechnical, Husband,*,Male,0,0,40,Unknown,>50K
6007,"[50, 60[", Private,100109,Undergraduate,13,Divorced,Nontechnical, Unmarried,*,Male,0,0,45,North America,>50K
6008,"[50, 60[", Private,114927,Professional Education,11,Married-civ-spouse,Technical, Husband,*,Male,7298,0,40,North America,>50K
6009,"[40, 50[", Private,121287,High School,9,Never-married,Technical, Not-in-family,*,Male,0,0,40,North America,<=50K
6010,"[30, 40[", Private,189916,Undergraduate,13,Married-civ-spouse,Nontechnical, Wife,*,Female,0,0,30,North America,>50K
6011,"[30, 40[", Private,157747,Undergraduate,10,Married-civ-spouse,Nontechnical, Husband,*,Male,7298,0,40,North America,>50K
6012,"[20, 30[", Private,39232,Undergraduate,13,Never-married,Technical, Not-in-family,*,Male,0,0,45,North America,<=50K
6013,"[30, 40[", Self-emp-inc,133861,Professional Education,11,Divorced,Nontechnical, Not-in-family,*,Male,0,0,40,North America,<=50K
6014,"[20, 30[", Private,505980,High School,9,Never-married,Nontechnical, Own-child,*,Male,0,0,40,North America,<=50K
6015,"[60, 70[", ?,183374,High School,9,Widowed,Other, Not-in-family,*,Female,2329,0,15,North America,<=50K
6016,"[60, 70[", Private,193216,High School,9,Married-civ-spouse,Nontechnical, Husband,*,Male,9386,0,40,North America,>50K
6017,"[30, 40[", Self-emp-not-inc,140752,High School,9,Married-civ-spouse,Nontechnical, Husband,*,Male,0,0,50,North America,>50K
6018,"[20, 30[", Private,549349,Undergraduate,10,Never-married,Technical, Own-child,*,Male,0,0,40,North America,<=50K
6019,"[20, 30[", Self-emp-not-inc,179008,Professional Education,12,Married-civ-spouse,Nontechnical, Husband,*,Male,0,0,50,North America,<=50K
6020,"[50, 60[", Self-emp-not-inc,190554,High School,6,Divorced,Nontechnical, Own-child,*,Male,0,0,60,North America,>50K
6021,"[40, 50[", Private,80924,Undergraduate,10,Widowed,Other, Not-in-family,*,Female,0,0,35,North America,<=50K
6022,"[50, 60[", Local-gov,319054,High School,9,Married-civ-spouse,Other, Husband,*,Male,0,0,60,North America,<=50K
6023,"[30, 40[", Private,297094,High School,9,Married-civ-spouse,Nontechnical, Husband,*,Male,0,0,40,North America,<=50K
6024,"[50, 60[", Private,170562,High School,9,Married-civ-spouse,Nontechnical, Husband,*,Male,0,0,60,North America,>50K
6025,"[20, 30[", Private,240738,High School,9,Married-civ-spouse,Technical, Husband,*,Male,0,0,40,North America,>50K
6026,"[20, 30[", Private,297544,High School,9,Married-civ-spouse,Technical, Husband,*,Male,0,0,40,North America,<=50K
6027,"[20, 30[", Local-gov,169905,Undergraduate,10,Married-civ-spouse,Other, Husband,*,Male,0,0,40,North America,<=50K
6028,"[20, 30[", Private,149637,Undergraduate,10,Never-married,Other, Not-in-family,*,Female,0,0,40,North America,<=50K
6030,"[50, 60[", Self-emp-not-inc,158315,High School,9,Married-civ-spouse,Nontechnical, Husband,*,Male,0,0,50,North America,>50K
6032,"[30, 40[", Private,96483,Professional Education,12,Never-married,Other, Not-in-family,*,Female,8614,0,60,North America,>50K
6033,"[40, 50[", Private,286970,Undergraduate,13,Married-civ-spouse,Other, Husband,*,Male,0,0,40,North America,<=50K
6034,"[20, 30[", Local-gov,223529,Professional Education,11,Never-married,Other, Own-child,*,Male,0,0,43,North America,<=50K
6036,"[40, 50[", Private,170214,High School,9,Married-civ-spouse,Other, Husband,*,Male,0,0,40,North America,>50K
6037,"[20, 30[", Self-emp-not-inc,224361,High School,4,Married-civ-spouse,Other, Husband,*,Male,0,0,75,North America,<=50K
6038,"[40, 50[", Private,124919,High School,9,Married-civ-spouse,Other, Husband,*,Male,0,0,60,Asia,<=50K
6039,"[50, 60[", ?,103654,High School,9,Widowed,Other, Not-in-family,*,Female,0,0,20,North America,<=50K
6040,"[20, 30[", Private,306352,Professional Education,11,Married-civ-spouse,Technical, Husband,*,Male,0,0,40,North America,<=50K
6041,"[20, 30[", Self-emp-not-inc,227858,Undergraduate,10,Never-married,Other, Not-in-family,*,Female,0,0,48,North America,<=50K
6042,"[40, 50[", Self-emp-inc,150533,High School,9,Married-civ-spouse,Nontechnical, Husband,*,Male,0,0,68,North America,>50K
6044,"[20, 30[", Private,254547,Undergraduate,10,Never-married,Other, Other-relative,*,Female,0,0,30,North America,<=50K
6045,"[50, 60[", Self-emp-not-inc,313243,High School,9,Married-civ-spouse,Technical, Husband,*,Male,0,0,55,North America,>50K
6046,"[60, 70[", Private,149981,High School,9,Married-civ-spouse,Other, Wife,*,Female,2414,0,5,North America,<=50K
6047,"[40, 50[", Private,125461,Undergraduate,13,Never-married,Nontechnical, Unmarried,*,Male,0,0,40,North America,<=50K
6048,"[20, 30[", Private,306967,Professional Education,11,Never-married,Other, Not-in-family,*,Female,0,0,40,North America,<=50K
6049,"[40, 50[", Private,192976,High School,9,Married-civ-spouse,Other, Husband,*,Male,0,0,40,North America,<=50K
6051,"[50, 60[", ?,131608,High School,9,Divorced,Other, Not-in-family,*,Male,0,0,10,North America,<=50K
6052,"[30, 40[", Federal-gov,339388,Professional Education,12,Divorced,Other, Unmarried,*,Male,0,0,40,North America,<=50K
6053,"[20, 30[", Private,203240,High School,6,Never-married,Other, Not-in-family,*,Female,0,0,40,North America,<=50K
6054,"[40, 50[", Private,83827,High School,9,Divorced,Technical, Not-in-family,*,Female,0,0,24,North America,<=50K
6055,"[40, 50[", Self-emp-inc,160440,High School,9,Divorced,Nontechnical, Not-in-family,*,Male,0,0,42,North America,<=50K
6056,"[40, 50[", Private,108502,High School,9,Divorced,Nontechnical, Not-in-family,*,Female,0,0,42,North America,<=50K
6058,"[50, 60[", Private,193818,High School,5,Divorced,Technical, Not-in-family,*,Male,0,0,40,North America,<=50K
6060,"[40, 50[", Private,103789,Professional Education,12,Divorced,Other, Unmarried,*,Female,0,0,32,North America,<=50K
6061,"[30, 40[", Private,34572,Undergraduate,13,Married-civ-spouse,Nontechnical, Husband,*,Male,0,0,55,North America,<=50K
6062,"[20, 30[", Private,43408,Undergraduate,13,Married-civ-spouse,Technical, Husband,*,Male,0,0,40,North America,<=50K
6063,"[20, 30[", State-gov,105787,Undergraduate,13,Never-married,Technical, Own-child,*,Male,0,0,40,North America,<=50K
6064,"[40, 50[", Self-emp-inc,90693,Undergraduate,13,Married-civ-spouse,Nontechnical, Husband,*,Male,0,0,70,North America,<=50K
6066,"[40, 50[", Local-gov,56482,Undergraduate,10,Married-civ-spouse,Technical, Husband,*,Male,7688,0,50,North America,>50K
6067,"[20, 30[", Private,496025,Undergraduate,10,Married-civ-spouse,Technical, Husband,*,Male,0,0,40,North America,<=50K
6068,"[30, 40[", Private,382764,Undergraduate,13,Never-married,Nontechnical, Own-child,*,Male,0,0,40,North America,<=50K
6069,"[30, 40[", Private,259284,High School,9,Never-married,Other, Not-in-family,*,Male,0,0,50,North America,<=50K
6070,"[40, 50[", Self-emp-not-inc,185385,High School,9,Married-civ-spouse,Other, Husband,*,Male,0,0,98,North America,<=50K
6071,"[50, 60[", Self-emp-not-inc,286836,High School,6,Married-civ-spouse,Technical, Husband,*,Male,0,0,8,North America,<=50K
6072,"[40, 50[", Private,139145,Undergraduate,10,Divorced,Other, Not-in-family,*,Female,0,0,60,North America,<=50K
6073,"[50, 60[", Local-gov,44246,High School,5,Married-civ-spouse,Other, Husband,*,Male,0,0,40,North America,<=50K
6074,"[50, 60[", Private,169611,High School,7,Widowed,Other, Unmarried,*,Female,0,0,40,North America,<=50K
6075,"[50, 60[", Private,133403,Undergraduate,10,Married-civ-spouse,Technical, Husband,*,Male,0,0,55,North America,<=50K
6076,"[20, 30[", Private,187327,Undergraduate,13,Never-married,Technical, Not-in-family,*,Male,0,0,40,North America,<=50K
6077,"[40, 50[", Private,180032,Graduate,14,Never-married,Technical, Not-in-family,*,Female,0,0,40,North America,<=50K
6078,"[20, 30[", Private,46561,High School,9,Divorced,Technical, Not-in-family,*,Male,0,0,60,North America,<=50K
6079,"[20, 30[", Private,86065,High School,8,Never-married,Other, Not-in-family,*,Female,0,0,30,North America,<=50K
6080,"[40, 50[", Self-emp-not-inc,256014,Professional Education,11,Married-civ-spouse,Nontechnical, Husband,*,Male,0,0,60,North America,<=50K
6081,"[30, 40[", Private,188403,Undergraduate,10,Never-married,Technical, Not-in-family,*,Male,0,0,40,North America,<=50K
6082,"[40, 50[", Self-emp-not-inc,396758,Undergraduate,13,Married-civ-spouse,Technical, Wife,*,Female,0,1887,70,North America,>50K
6083,"[20, 30[", Private,60485,Undergraduate,10,Never-married,Other, Own-child,*,Female,0,0,30,North America,<=50K
6084,"[30, 40[", Private,271276,High School,9,Married-civ-spouse,Other, Husband,*,Male,0,0,80,North America,>50K
6085,"[50, 60[", Private,229525,High School,5,Married-civ-spouse,Other, Husband,*,Male,0,0,40,North America,<=50K
6086,"[30, 40[", Private,34574,High School,9,Married-civ-spouse,Other, Husband,*,Male,0,0,43,North America,<=50K
6087,"[10, 20[", State-gov,112432,Undergraduate,10,Never-married,Other, Own-child,*,Male,0,0,10,North America,<=50K
6088,"[20, 30[", Private,105312,Undergraduate,10,Never-married,Nontechnical, Own-child,*,Female,0,0,18,North America,<=50K
6089,"[30, 40[", Private,221396,Undergraduate,10,Married-civ-spouse,Other, Husband,*,Male,0,0,40,North America,<=50K
6090,"[30, 40[", Private,304872,High School,5,Divorced,Other, Unmarried,*,Female,0,0,40,North America,<=50K
6091,"[50, 60[", Self-emp-not-inc,319733,High School,9,Married-civ-spouse,Technical, Husband,*,Male,0,0,40,North America,<=50K
6092,"[50, 60[", Private,176012,High School,5,Married-civ-spouse,Technical, Wife,*,Female,0,0,23,North America,<=50K
6093,"[30, 40[", Private,213750,Undergraduate,10,Never-married,Nontechnical, Not-in-family,*,Male,0,0,45,North America,<=50K
6094,"[30, 40[", Private,248384,High School,9,Divorced,Other, Unmarried,*,Female,0,0,40,North America,<=50K
6095,"[30, 40[", Private,351187,High School,9,Divorced,Other, Unmarried,*,Male,0,0,40,North America,<=50K
6096,"[50, 60[", Private,138179,High School,9,Separated,Technical, Not-in-family,*,Male,0,1876,40,North America,<=50K
6097,"[50, 60[", Private,50223,High School,9,Married-civ-spouse,Technical, Husband,*,Male,0,0,40,North America,<=50K
6098,"[50, 60[", Private,117477,High School,9,Divorced,Other, Unmarried,*,Female,0,0,36,North America,<=50K
6099,"[40, 50[", Private,194360,High School,5,Married-civ-spouse,Nontechnical, Husband,*,Male,0,0,40,North America,<=50K
6100,"[50, 60[", Private,118108,High School,9,Married-civ-spouse,Technical, Husband,*,Male,0,0,40,North America,<=50K
6101,"[20, 30[", Local-gov,90730,Undergraduate,13,Married-civ-spouse,Technical, Husband,*,Male,0,1977,40,North America,>50K
6102,"[10, 20[", Self-emp-inc,38307,High School,7,Never-married,Other, Own-child,*,Male,0,0,30,North America,<=50K
6103,"[40, 50[", Private,116391,Undergraduate,10,Married-civ-spouse,Technical, Husband,*,Male,0,0,40,North America,<=50K
6104,"[50, 60[", Private,210496,High School,6,Widowed,Other, Unmarried,*,Female,0,0,40,North America,<=50K
6105,"[30, 40[", Private,168475,High School,9,Married-civ-spouse,Nontechnical, Husband,*,Male,0,0,40,North America,>50K
6106,"[40, 50[", Private,174386,High School,9,Never-married,Other, Unmarried,*,Female,0,0,24,North America,<=50K
6107,"[30, 40[", Private,166744,High School,9,Never-married,Other, Own-child,*,Female,0,0,38,North America,<=50K
6108,"[10, 20[", Private,375114,High School,9,Never-married,Technical, Not-in-family,*,Female,0,0,40,North America,<=50K
6109,"[40, 50[", Private,373469,Professional Education,12,Married-civ-spouse,Technical, Husband,*,Male,0,0,40,North America,<=50K
6110,"[50, 60[", Private,339667,High School,9,Never-married,Other, Not-in-family,*,Male,0,0,41,North America,<=50K
6111,"[30, 40[", Private,91711,Graduate,14,Married-civ-spouse,Nontechnical, Husband,*,Male,0,0,40,North America,>50K
6112,"[40, 50[", Private,82049,High School,9,Married-civ-spouse,Technical, Husband,*,Male,0,0,40,North America,>50K
6113,"[20, 30[", Private,236242,Professional Education,15,Never-married,Technical, Not-in-family,*,Female,0,0,30,North America,<=50K
6114,"[50, 60[", Self-emp-inc,140319,High School,9,Married-civ-spouse,Other, Husband,*,Male,0,0,50,North America,<=50K
6115,"[30, 40[", Local-gov,34080,Undergraduate,10,Married-civ-spouse,Other, Husband,*,Male,0,0,40,North America,>50K
6116,"[50, 60[", Private,204816,Undergraduate,10,Married-civ-spouse,Nontechnical, Husband,*,Male,0,0,40,North America,>50K
6117,"[60, 70[", Private,187124,High School,9,Married-civ-spouse,Technical, Husband,*,Male,0,0,40,North America,<=50K
6118,"[20, 30[", Private,72310,High School,9,Never-married,Other, Not-in-family,*,Male,0,0,70,North America,<=50K
6119,"[50, 60[", Private,175127,High School,8,Married-civ-spouse,Other, Other-relative,*,Male,0,0,40,North America,<=50K
6121,"[40, 50[", Local-gov,236586,Graduate,14,Married-civ-spouse,Technical, Husband,*,Male,7688,0,55,North America,>50K
6122,"[10, 20[", Private,71792,High School,9,Never-married,Nontechnical, Own-child,*,Female,0,0,40,North America,<=50K
6123,"[50, 60[", Private,87584,High School,9,Widowed,Other, Unmarried,*,Female,0,0,40,North America,<=50K
6124,"[40, 50[", Self-emp-inc,136878,High School,9,Married-civ-spouse,Technical, Husband,*,Male,0,0,60,North America,>50K
6126,"[30, 40[", Private,110607,High School,9,Divorced,Other, Not-in-family,*,Male,0,0,32,North America,<=50K
6127,"[50, 60[", Private,109015,Undergraduate,10,Divorced,Other, Unmarried,*,Female,0,0,40,North America,<=50K
6128,"[20, 30[", Private,235071,Undergraduate,10,Never-married,Nontechnical, Own-child,*,Male,0,0,50,North America,<=50K
6130,"[50, 60[", Private,332243,Undergraduate,13,Divorced,Technical, Not-in-family,*,Male,0,0,45,North America,<=50K
6132,"[40, 50[", Private,45093,High School,9,Married-civ-spouse,Other, Husband,*,Male,0,0,70,North America,<=50K
6133,"[40, 50[", Federal-gov,161337,Undergraduate,10,Divorced,Technical, Not-in-family,*,Male,0,0,40,North America,<=50K
6134,"[60, 70[", State-gov,211222,Undergraduate,13,Married-civ-spouse,Other, Husband,*,Male,0,0,40,North America,<=50K
6136,"[30, 40[", Private,206541,Undergraduate,10,Married-civ-spouse,Other, Husband,*,Male,0,0,40,North America,<=50K
6137,"[30, 40[", Private,238415,Professional Education,11,Married-civ-spouse,Nontechnical, Husband,*,Male,0,0,50,North America,>50K
6138,"[20, 30[", Private,29810,High School,9,Never-married,Other, Not-in-family,*,Female,0,0,50,North America,<=50K
6139,"[30, 40[", Private,108023,Undergraduate,10,Married-civ-spouse,Technical, Husband,*,Male,0,0,40,North America,<=50K
6140,"[30, 40[", Private,114324,Professional Education,11,Never-married,Other, Not-in-family,*,Female,0,0,40,North America,<=50K
6141,"[50, 60[", Private,172281,High School,9,Married-civ-spouse,Other, Husband,*,Male,0,2051,50,North America,<=50K
6142,"[50, 60[", Local-gov,197290,High School,5,Married-civ-spouse,Other, Husband,*,Male,0,0,40,North America,<=50K
6144,"[50, 60[", Private,562558,High School,9,Divorced,Other, Unmarried,*,Female,0,0,40,North America,<=50K
6145,"[40, 50[", Private,79531,High School,9,Married-civ-spouse,Technical, Husband,*,Male,0,0,45,North America,<=50K
6146,"[50, 60[", Self-emp-inc,157881,Undergraduate,10,Divorced,Nontechnical, Not-in-family,*,Male,0,0,60,North America,<=50K
6147,"[50, 60[", Self-emp-not-inc,204816,Undergraduate,10,Married-civ-spouse,Nontechnical, Husband,*,Male,0,0,60,North America,>50K
6148,"[10, 20[", Private,185695,Undergraduate,10,Never-married,Other, Own-child,*,Female,0,0,20,North America,<=50K
6149,"[30, 40[", Self-emp-inc,167482,Professional Education,12,Married-civ-spouse,Nontechnical, Husband,*,Male,0,0,50,North America,>50K
6151,"[20, 30[", Private,39232,High School,9,Married-civ-spouse,Technical, Husband,*,Male,0,0,40,North America,<=50K
6152,"[40, 50[", Local-gov,236827,High School,5,Separated,Other, Unmarried,*,Female,0,0,40,North America,<=50K
6153,"[30, 40[", Self-emp-not-inc,154410,Graduate,14,Never-married,Nontechnical, Not-in-family,*,Male,0,0,40,North America,<=50K
6154,"[20, 30[", Private,135308,Undergraduate,13,Never-married,Nontechnical, Not-in-family,*,Female,0,0,40,North America,<=50K
6155,"[30, 40[", Private,204042,Undergraduate,10,Never-married,Other, Not-in-family,*,Male,0,0,55,North America,<=50K
6156,"[20, 30[", Private,308239,Undergraduate,10,Never-married,Other, Own-child,*,Male,0,0,16,North America,<=50K
6157,"[50, 60[", Private,183884,High School,9,Divorced,Technical, Not-in-family,*,Male,0,0,45,North America,<=50K
6159,"[40, 50[", Private,141642,High School,9,Never-married,Other, Not-in-family,*,Female,0,0,40,North America,<=50K
6160,"[30, 40[", Private,162623,Undergraduate,13,Never-married,Technical, Not-in-family,*,Female,0,0,40,North America,<=50K
6162,"[20, 30[", Private,179512,High School,9,Separated,Nontechnical, Unmarried,*,Female,0,0,50,North America,<=50K
6163,"[20, 30[", Private,391192,Undergraduate,10,Never-married,Nontechnical, Own-child,*,Male,0,0,24,North America,<=50K
6164,"[30, 40[", Private,87054,High School,9,Married-civ-spouse,Technical, Husband,*,Male,0,0,50,North America,<=50K
6165,"[50, 60[", Private,30008,High School,9,Married-civ-spouse,Other, Husband,*,Male,0,0,60,North America,<=50K
6166,"[20, 30[", Private,113466,Undergraduate,13,Never-married,Other, Own-child,*,Male,0,0,40,North America,<=50K
6167,"[70, 80[", Private,642830,High School,9,Divorced,Other, Not-in-family,*,Female,0,0,32,North America,<=50K
6168,"[20, 30[", Private,182117,Undergraduate,10,Never-married,Other, Own-child,*,Male,0,0,40,North America,<=50K
6169,"[60, 70[", Private,162432,High School,9,Widowed,Nontechnical, Not-in-family,*,Female,0,0,40,North America,<=50K
6170,"[40, 50[", Self-emp-not-inc,242184,High School,4,Married-civ-spouse,Nontechnical, Husband,*,Male,0,0,55,North America,>50K
6171,"[40, 50[", Private,170850,High School,9,Married-civ-spouse,Nontechnical, Husband,*,Male,4064,0,60,North America,<=50K
6172,"[50, 60[", Private,435022,Undergraduate,10,Divorced,Other, Not-in-family,*,Female,0,0,50,North America,<=50K
6174,"[20, 30[", Private,170800,Undergraduate,10,Never-married,Other, Own-child,*,Female,0,0,15,North America,<=50K
6177,"[40, 50[", Private,224232,Undergraduate,13,Married-civ-spouse,Nontechnical, Husband,*,Male,0,0,40,North America,>50K
6178,"[60, 70[", ?,153072,High School,9,Married-civ-spouse,Other, Husband,*,Male,0,0,5,North America,<=50K
6179,"[50, 60[", Private,177368,High School,9,Married-civ-spouse,Technical, Husband,*,Male,0,0,40,North America,>50K
6181,"[50, 60[", Private,178530,Professional Education,15,Married-civ-spouse,Technical, Husband,*,Male,0,0,60,North America,>50K
6182,"[20, 30[", Local-gov,183523,Undergraduate,10,Never-married,Nontechnical, Not-in-family,*,Male,0,0,40,Asia,<=50K
6183,"[30, 40[", Private,207267,High School,6,Separated,Other, Unmarried,*,Female,3418,0,35,North America,<=50K
6184,"[60, 70[", State-gov,27037,High School,9,Married-civ-spouse,Other, Husband,*,Male,0,0,40,North America,>50K
6185,"[30, 40[", Private,176711,Professional Education,12,Never-married,Other, Not-in-family,*,Male,0,0,50,North America,<=50K
6187,"[30, 40[", Private,394727,High School,6,Never-married,Nontechnical, Unmarried,*,Male,0,0,40,North America,<=50K
6188,"[30, 40[", Private,195488,High School,9,Married-civ-spouse,Other, Wife,*,Female,0,0,52,North America,<=50K
6189,"[30, 40[", State-gov,443546,High School,9,Married-civ-spouse,Other, Husband,*,Male,0,0,45,North America,<=50K
6190,"[20, 30[", Private,121023,Undergraduate,10,Never-married,Other, Own-child,*,Female,0,0,9,North America,<=50K
6191,"[30, 40[", Private,51838,High School,9,Married-civ-spouse,Technical, Wife,*,Female,0,0,40,North America,<=50K
6192,"[30, 40[", Private,258888,Undergraduate,10,Married-civ-spouse,Other, Wife,*,Female,0,0,35,North America,>50K
6193,"[30, 40[", State-gov,189385,Undergraduate,10,Separated,Nontechnical, Unmarried,*,Female,0,0,30,North America,<=50K
6194,"[10, 20[", Private,198146,High School,7,Never-married,Nontechnical, Own-child,*,Female,0,0,15,North America,<=50K
6195,"[20, 30[", Private,337766,Undergraduate,10,Married-civ-spouse,Other, Husband,*,Male,0,0,40,North America,<=50K
6196,"[40, 50[", Private,210525,Undergraduate,10,Married-civ-spouse,Technical, Husband,*,Male,0,0,20,North America,>50K
6197,"[40, 50[", Private,185602,High School,9,Married-civ-spouse,Nontechnical, Wife,*,Female,0,0,40,North America,>50K
6198,"[30, 40[", Private,173804,High School,7,Divorced,Other, Not-in-family,*,Female,0,0,40,North America,<=50K
6199,"[30, 40[", Private,251243,Undergraduate,10,Divorced,Nontechnical, Not-in-family,*,Female,0,0,50,North America,>50K
6200,"[30, 40[", Self-emp-not-inc,415847,Undergraduate,13,Married-civ-spouse,Technical, Husband,*,Male,0,0,40,North America,>50K
6201,"[20, 30[", Private,119793,Undergraduate,13,Never-married,Nontechnical, Not-in-family,*,Male,0,0,40,North America,<=50K
6202,"[30, 40[", Private,181705,Professional Education,11,Married-civ-spouse,Technical, Husband,*,Male,0,0,40,North America,<=50K
6204,"[40, 50[", Private,61885,High School,7,Married-civ-spouse,Technical, Husband,*,Male,0,0,40,North America,<=50K
6205,"[40, 50[", Private,146520,Graduate,14,Married-civ-spouse,Nontechnical, Husband,*,Male,0,0,40,North America,>50K
6206,"[40, 50[", Private,323790,Undergraduate,10,Married-civ-spouse,Other, Husband,*,Male,0,0,40,North America,<=50K
6207,"[40, 50[", Private,146268,Undergraduate,10,Married-civ-spouse,Technical, Husband,*,Male,0,0,40,North America,<=50K
6208,"[30, 40[", Federal-gov,287031,Graduate,14,Never-married,Nontechnical, Not-in-family,*,Male,8614,0,40,North America,>50K
6209,"[30, 40[", Local-gov,292217,High School,9,Divorced,Other, Unmarried,*,Male,0,0,40,North America,<=50K
6210,"[20, 30[", Private,88126,High School,9,Never-married,Technical, Not-in-family,*,Male,0,0,40,North America,<=50K
6212,"[40, 50[", Private,401623,Undergraduate,10,Married-civ-spouse,Technical, Husband,*,Male,0,0,40,North America,>50K
6213,"[30, 40[", Self-emp-not-inc,283122,High School,9,Married-civ-spouse,Other, Husband,*,Male,0,1902,60,North America,>50K
6215,"[20, 30[", Private,260254,High School,9,Never-married,Nontechnical, Own-child,*,Male,0,0,40,North America,<=50K
6216,"[40, 50[", Private,152292,Undergraduate,13,Married-civ-spouse,Technical, Husband,*,Male,0,0,50,North America,>50K
6217,"[50, 60[", Self-emp-inc,138594,High School,9,Married-civ-spouse,Nontechnical, Husband,*,Male,0,1977,45,North America,>50K
6218,"[30, 40[", Self-emp-not-inc,523095,Undergraduate,10,Never-married,Technical, Not-in-family,*,Male,0,0,45,North America,<=50K
6220,"[50, 60[", Private,323706,Undergraduate,10,Married-civ-spouse,Nontechnical, Husband,*,Male,0,1902,40,North America,>50K
6221,"[30, 40[", Private,316470,Undergraduate,10,Never-married,Other, Not-in-family,*,Male,0,0,40,North America,<=50K
6222,"[50, 60[", Self-emp-not-inc,163815,Graduate,14,Divorced,Nontechnical, Not-in-family,*,Male,0,0,60,North America,<=50K
6223,"[20, 30[", Private,72208,Undergraduate,10,Never-married,Other, Own-child,*,Male,0,0,40,North America,<=50K
6224,"[50, 60[", Local-gov,74784,Graduate,14,Married-civ-spouse,Technical, Wife,*,Female,0,0,40,North America,>50K
6225,"[30, 40[", Private,383518,Undergraduate,10,Married-civ-spouse,Other, Wife,*,Female,99999,0,40,North America,>50K
6226,"[20, 30[", Self-emp-not-inc,266668,High School,9,Never-married,Technical, Not-in-family,*,Male,0,0,40,North America,<=50K
6227,"[50, 60[", Private,347519,Undergraduate,13,Married-civ-spouse,Nontechnical, Husband,*,Male,0,0,55,North America,>50K
6228,"[20, 30[", Private,336088,High School,9,Divorced,Nontechnical, Not-in-family,*,Female,0,0,50,North America,<=50K
6229,"[30, 40[", Private,190350,High School,9,Never-married,Other, Not-in-family,*,Female,0,0,40,North America,<=50K
6230,"[30, 40[", Private,204052,High School,9,Married-civ-spouse,Nontechnical, Husband,*,Male,0,0,40,North America,<=50K
6231,"[60, 70[", ?,31362,Undergraduate,10,Married-civ-spouse,Other, Husband,*,Male,0,0,20,North America,<=50K
6233,"[60, 70[", Private,195161,Graduate,14,Married-civ-spouse,Technical, Husband,*,Male,20051,0,60,North America,>50K
6234,"[20, 30[", Self-emp-inc,269583,High School,4,Married-civ-spouse,Technical, Husband,*,Male,2580,0,40,North America,<=50K
6235,"[40, 50[", Private,26994,Undergraduate,10,Divorced,Other, Not-in-family,*,Female,0,0,35,North America,<=50K
6236,"[30, 40[", Private,116539,Undergraduate,13,Married-civ-spouse,Nontechnical, Husband,*,Male,0,1887,55,North America,>50K
6237,"[50, 60[", Self-emp-not-inc,189933,High School,4,Married-civ-spouse,Other, Husband,*,Male,0,0,50,North America,<=50K
6238,"[30, 40[", Private,101283,High School,9,Never-married,Nontechnical, Not-in-family,*,Female,0,0,35,North America,<=50K
6239,"[40, 50[", Private,113598,Undergraduate,10,Separated,Other, Other-relative,*,Female,0,0,40,North America,<=50K
6240,"[20, 30[", Private,188793,High School,9,Married-civ-spouse,Nontechnical, Husband,*,Male,0,0,35,North America,<=50K
6243,"[40, 50[", Private,436770,Professional Education,11,Never-married,Technical, Not-in-family,*,Female,0,0,40,North America,<=50K
6244,"[10, 20[", Private,84253,High School,7,Never-married,Other, Own-child,*,Female,0,0,24,North America,<=50K
6245,"[40, 50[", Self-emp-inc,383493,High School,9,Married-civ-spouse,Technical, Husband,*,Male,0,0,60,North America,>50K
6246,"[20, 30[", Private,216867,Undergraduate,10,Never-married,Technical, Own-child,*,Male,0,0,37,North America,<=50K
6247,"[10, 20[", Private,401051,High School,6,Never-married,Nontechnical, Own-child,*,Female,0,0,35,North America,<=50K
6248,"[50, 60[", Private,83196,High School,9,Married-civ-spouse,Nontechnical, Husband,*,Male,0,0,50,North America,<=50K
6249,"[20, 30[", Private,325596,Undergraduate,13,Never-married,Other, Own-child,*,Male,0,0,35,North America,<=50K
6250,"[40, 50[", Private,187322,Undergraduate,13,Married-civ-spouse,Technical, Husband,*,Male,0,0,40,North America,>50K
6251,"[20, 30[", Private,193949,Undergraduate,13,Never-married,Nontechnical, Own-child,*,Female,0,0,60,North America,<=50K
6252,"[20, 30[", Private,133373,Undergraduate,10,Never-married,Nontechnical, Own-child,*,Male,0,0,42,North America,<=50K
6254,"[20, 30[", Private,178818,High School,9,Never-married,Other, Not-in-family,*,Female,0,0,40,North America,<=50K
6255,"[50, 60[", Self-emp-not-inc,152810,High School,6,Married-civ-spouse,Technical, Husband,*,Male,0,0,40,North America,<=50K
6256,"[50, 60[", Private,335997,High School,9,Married-civ-spouse,Nontechnical, Husband,*,Male,4386,0,55,North America,>50K
6257,"[40, 50[", Private,436493,High School,9,Never-married,Other, Own-child,*,Male,0,0,25,North America,<=50K
6258,"[20, 30[", Private,704108,Undergraduate,13,Never-married,Technical, Not-in-family,*,Male,0,0,50,North America,<=50K
6260,"[40, 50[", Private,341204,High School,9,Divorced,Technical, Other-relative,*,Female,0,0,40,North America,<=50K
6261,"[40, 50[", Private,187336,High School,9,Separated,Other, Unmarried,*,Female,0,0,40,North America,<=50K
6262,"[20, 30[", Private,204209,Undergraduate,10,Never-married,Nontechnical, Own-child,*,Male,0,0,10,North America,<=50K
6263,"[40, 50[", Self-emp-not-inc,206066,Graduate,14,Married-civ-spouse,Technical, Husband,*,Male,0,0,65,North America,<=50K
6264,"[30, 40[", Private,63509,High School,9,Married-civ-spouse,Technical, Husband,*,Male,0,0,40,North America,>50K
6265,"[60, 70[", Self-emp-not-inc,391121,High School,4,Married-civ-spouse,Other, Husband,*,Male,0,0,30,North America,<=50K
6266,"[30, 40[", Private,56026,High School,9,Married-civ-spouse,Technical, Husband,*,Male,0,0,40,North America,<=50K
6267,"[10, 20[", Self-emp-not-inc,60981,High School,7,Never-married,Other, Own-child,*,Female,0,0,4,North America,<=50K
6268,"[20, 30[", Private,228255,Undergraduate,10,Never-married,Other, Own-child,*,Male,0,0,30,North America,<=50K
6270,"[50, 60[", Private,234327,Undergraduate,10,Married-civ-spouse,Technical, Husband,*,Male,0,0,40,North America,<=50K
6271,"[20, 30[", Private,59948,High School,5,Never-married,Other, Unmarried,*,Female,114,0,20,North America,<=50K
6272,"[30, 40[", Private,137814,Undergraduate,10,Divorced,Nontechnical, Own-child,*,Female,0,0,30,North America,<=50K
6273,"[20, 30[", Private,167692,Undergraduate,10,Never-married,Other, Own-child,*,Female,0,0,20,North America,<=50K
6274,"[30, 40[", Private,245090,High School,9,Married-civ-spouse,Technical, Husband,*,Male,0,0,40,North America,<=50K
6275,"[50, 60[", Self-emp-not-inc,256963,Undergraduate,10,Married-civ-spouse,Nontechnical, Husband,*,Male,0,0,60,North America,<=50K
6276,"[10, 20[", Private,160033,Undergraduate,10,Never-married,Other, Own-child,*,Female,0,0,30,North America,<=50K
6277,"[30, 40[", Local-gov,289430,High School,9,Divorced,Other, Not-in-family,*,Male,0,0,56,North America,<=50K
6278,"[50, 60[", Local-gov,305053,High School,9,Married-civ-spouse,Technical, Husband,*,Male,0,2051,40,North America,<=50K
6279,"[70, 80[", Self-emp-not-inc,172370,Professional Education,15,Married-civ-spouse,Technical, Husband,*,Male,0,0,25,North America,<=50K
6280,"[50, 60[", Private,320510,High School,6,Divorced,Technical, Not-in-family,*,Male,0,0,40,North America,<=50K
6281,"[50, 60[", Private,171355,Graduate,16,Married-civ-spouse,Nontechnical, Husband,*,Male,0,0,40,North America,>50K
6282,"[30, 40[", Private,65027,Undergraduate,10,Married-civ-spouse,Other, Husband,*,Male,0,0,43,North America,<=50K
6283,"[10, 20[", Private,215190,High School,8,Never-married,Nontechnical, Own-child,*,Female,0,0,20,North America,<=50K
6284,"[40, 50[", ?,149385,High School,9,Never-married,Other, Not-in-family,*,Female,0,0,30,North America,<=50K
6285,"[10, 20[", ?,169324,Undergraduate,10,Never-married,Other, Own-child,*,Male,0,0,10,North America,<=50K
6286,"[20, 30[", Private,138938,Undergraduate,10,Divorced,Other, Not-in-family,*,Female,0,0,40,North America,<=50K
6287,"[20, 30[", Private,557082,High School,9,Never-married,Other, Not-in-family,*,Female,0,0,38,North America,<=50K
6288,"[30, 40[", Private,273287,Undergraduate,10,Never-married,Nontechnical, Not-in-family,*,Male,0,0,40,North America,<=50K
6289,"[30, 40[", Self-emp-not-inc,77209,High School,9,Married-civ-spouse,Nontechnical, Husband,*,Male,0,1902,60,North America,>50K
6290,"[30, 40[", Private,317153,High School,9,Never-married,Nontechnical, Not-in-family,*,Female,0,0,40,North America,<=50K
6291,"[50, 60[", Private,95469,High School,9,Married-civ-spouse,Other, Husband,*,Male,7298,0,45,North America,>50K
6292,"[10, 20[", Private,302859,High School,9,Never-married,Nontechnical, Own-child,*,Male,0,0,20,North America,<=50K
6293,"[30, 40[", Private,333651,High School,9,Never-married,Other, Not-in-family,*,Male,0,0,42,North America,<=50K
6294,"[30, 40[", Private,177596,Undergraduate,10,Never-married,Other, Unmarried,*,Female,0,0,36,North America,<=50K
6296,"[20, 30[", Private,184779,High School,9,Never-married,Technical, Not-in-family,*,Female,0,0,40,North America,<=50K
6298,"[70, 80[", Private,176285,High School,9,Divorced,Other, Not-in-family,*,Female,0,0,23,North America,<=50K
6299,"[40, 50[", Private,102180,Graduate,14,Married-civ-spouse,Technical, Husband,*,Male,0,0,40,North America,>50K
6301,"[30, 40[", Self-emp-not-inc,229741,High School,9,Married-civ-spouse,Technical, Husband,*,Male,0,0,40,North America,<=50K
6302,"[30, 40[", Private,324546,Undergraduate,10,Married-civ-spouse,Technical, Husband,*,Male,0,0,39,North America,<=50K
6303,"[50, 60[", Private,337195,Undergraduate,10,Married-civ-spouse,Nontechnical, Husband,*,Male,0,1902,50,North America,>50K
6304,"[50, 60[", State-gov,194068,Graduate,14,Married-civ-spouse,Technical, Husband,*,Male,0,1977,50,North America,>50K
6305,"[20, 30[", Private,250647,Undergraduate,10,Never-married,Other, Own-child,*,Male,0,0,12,North America,<=50K
6306,"[30, 40[", Private,477106,High School,9,Married-civ-spouse,Other, Husband,*,Male,0,0,40,North America,<=50K
6307,"[20, 30[", Private,104329,High School,7,Married-civ-spouse,Nontechnical, Husband,*,Male,0,0,40,North America,<=50K
6308,"[30, 40[", Private,224566,Undergraduate,10,Never-married,Nontechnical, Not-in-family,*,Male,0,0,60,North America,<=50K
6309,"[30, 40[", Private,169841,Undergraduate,10,Divorced,Nontechnical, Not-in-family,*,Female,0,0,55,North America,<=50K
6310,"[40, 50[", Private,42563,Undergraduate,13,Married-civ-spouse,Technical, Wife,*,Female,0,0,25,North America,>50K
6311,"[30, 40[", Private,31368,Undergraduate,10,Married-civ-spouse,Technical, Husband,*,Male,0,0,40,North America,<=50K
6312,"[10, 20[", Private,132755,High School,7,Never-married,Nontechnical, Own-child,*,Male,0,0,15,North America,<=50K
6313,"[50, 60[", Private,279129,Undergraduate,13,Divorced,Nontechnical, Not-in-family,*,Male,0,0,55,North America,>50K
6316,"[20, 30[", State-gov,93076,High School,9,Never-married,Other, Own-child,*,Male,0,0,40,North America,<=50K
6317,"[40, 50[", Private,146653,Undergraduate,13,Divorced,Other, Unmarried,*,Female,0,0,20,North America,<=50K
6320,"[30, 40[", Private,172304,Professional Education,11,Married-civ-spouse,Nontechnical, Husband,*,Male,0,0,55,North America,<=50K
6321,"[20, 30[", Private,116666,Undergraduate,10,Never-married,Nontechnical, Own-child,*,Male,0,0,8,Asia,<=50K
6322,"[40, 50[", Self-emp-not-inc,64112,Undergraduate,10,Married-civ-spouse,Other, Husband,*,Male,0,0,50,North America,<=50K
6323,"[20, 30[", Private,55718,Undergraduate,10,Never-married,Technical, Own-child,*,Male,0,0,25,North America,<=50K
6324,"[30, 40[", Private,126675,Graduate,14,Married-civ-spouse,Nontechnical, Husband,*,Male,0,0,50,North America,>50K
6325,"[40, 50[", Private,102112,Professional Education,12,Married-civ-spouse,Technical, Husband,*,Male,0,0,50,North America,>50K
6326,"[40, 50[", Self-emp-not-inc,226505,High School,9,Divorced,Other, Unmarried,*,Female,0,0,40,North America,<=50K
6327,"[20, 30[", Private,211527,Undergraduate,13,Never-married,Other, Not-in-family,*,Male,0,0,30,North America,<=50K
6329,"[20, 30[", Private,25249,Undergraduate,10,Never-married,Other, Not-in-family,*,Female,0,0,40,North America,<=50K
6330,"[50, 60[", Private,73411,Undergraduate,10,Married-civ-spouse,Technical, Husband,*,Male,0,0,40,North America,>50K
6331,"[30, 40[", Private,207185,Undergraduate,10,Married-civ-spouse,Nontechnical, Wife,*,Female,0,0,35,North America,>50K
6332,"[60, 70[", Private,127139,Undergraduate,13,Married-civ-spouse,Technical, Husband,*,Male,0,0,40,North America,>50K
6333,"[30, 40[", Private,41809,Undergraduate,10,Divorced,Other, Unmarried,*,Female,0,0,40,North America,<=50K
6334,"[30, 40[", Private,297449,Undergraduate,13,Divorced,Technical, Not-in-family,*,Male,14084,0,40,North America,>50K
6335,"[40, 50[", Private,141483,High School,9,Married-civ-spouse,Nontechnical, Wife,*,Female,0,0,40,North America,<=50K
6336,"[40, 50[", Local-gov,117227,Graduate,14,Divorced,Technical, Unmarried,*,Female,0,0,45,North America,<=50K
6337,"[40, 50[", Private,377401,High School,9,Married-civ-spouse,Other, Husband,*,Male,0,1902,70,North America,>50K
6338,"[30, 40[", Local-gov,167063,High School,9,Never-married,Other, Own-child,*,Male,0,0,40,North America,<=50K
6339,"[40, 50[", Private,253759,Undergraduate,10,Married-civ-spouse,Technical, Wife,*,Female,0,0,40,North America,<=50K
6340,"[40, 50[", Private,183096,Undergraduate,10,Divorced,Nontechnical, Own-child,*,Female,0,0,40,North America,<=50K
6341,"[30, 40[", Private,269654,Undergraduate,13,Never-married,Nontechnical, Not-in-family,*,Male,0,0,48,North America,<=50K
6342,"[70, 80[", ?,293076,Undergraduate,10,Married-civ-spouse,Other, Husband,*,Male,0,0,30,North America,<=50K
6343,"[30, 40[", Private,34104,Undergraduate,10,Married-civ-spouse,Nontechnical, Husband,*,Male,0,0,40,North America,<=50K
6345,"[40, 50[", Self-emp-inc,369781,High School,4,Divorced,Technical, Unmarried,*,Male,0,0,25,North America,<=50K
6346,"[20, 30[", Private,223811,Professional Education,11,Never-married,Nontechnical, Own-child,*,Male,0,0,40,North America,<=50K
6347,"[20, 30[", Private,163053,Undergraduate,13,Never-married,Nontechnical, Not-in-family,*,Female,0,0,40,North America,<=50K
6348,"[20, 30[", Private,189461,High School,9,Never-married,Nontechnical, Other-relative,*,Male,0,0,55,North America,<=50K
6349,"[50, 60[", Local-gov,145166,Graduate,14,Married-civ-spouse,Technical, Husband,*,Male,7298,0,40,North America,>50K
6350,"[30, 40[", Private,86310,Undergraduate,10,Divorced,Other, Unmarried,*,Female,0,0,45,North America,<=50K
6351,"[10, 20[", ?,263224,High School,7,Never-married,Other, Unmarried,*,Female,0,0,30,North America,<=50K
6352,"[40, 50[", Federal-gov,280362,Professional Education,12,Married-civ-spouse,Technical, Husband,*,Male,0,0,40,North America,>50K
6353,"[20, 30[", Private,301031,High School,9,Married-civ-spouse,Other, Husband,*,Male,0,0,40,North America,<=50K
6354,"[30, 40[", Private,74966,Professional Education,11,Married-civ-spouse,Other, Wife,*,Female,0,0,24,North America,<=50K
6355,"[30, 40[", Private,254493,Undergraduate,10,Married-civ-spouse,Nontechnical, Husband,*,Male,0,0,44,North America,<=50K
6356,"[40, 50[", Self-emp-not-inc,204241,Undergraduate,13,Never-married,Nontechnical, Not-in-family,*,Male,0,0,45,North America,<=50K
6357,"[20, 30[", Private,225024,High School,9,Divorced,Technical, Not-in-family,*,Male,0,0,40,North America,<=50K
6358,"[40, 50[", Local-gov,148222,High School,9,Never-married,Other, Not-in-family,*,Female,0,0,40,North America,<=50K
6361,"[30, 40[", Private,44780,Professional Education,12,Divorced,Nontechnical, Not-in-family,*,Female,0,0,40,North America,<=50K
6362,"[50, 60[", Private,86373,Undergraduate,13,Married-civ-spouse,Technical, Husband,*,Male,0,0,25,North America,<=50K
6363,"[60, 70[", Local-gov,176753,High School,9,Married-civ-spouse,Other, Husband,*,Male,0,0,48,North America,<=50K
6365,"[50, 60[", Local-gov,370733,High School,9,Married-civ-spouse,Other, Husband,*,Male,0,0,40,North America,<=50K
6366,"[50, 60[", Private,216851,High School,9,Never-married,Technical, Not-in-family,*,Male,0,0,40,North America,<=50K
6367,"[20, 30[", Private,137951,High School,9,Never-married,Other, Unmarried,*,Female,0,0,30,North America,<=50K
6368,"[20, 30[", Private,185279,High School,9,Never-married,Nontechnical, Own-child,*,Male,0,0,16,North America,<=50K
6369,"[50, 60[", Private,159724,Undergraduate,10,Married-civ-spouse,Other, Husband,*,Male,0,0,40,North America,>50K
6370,"[40, 50[", Private,103233,Undergraduate,13,Never-married,Other, Unmarried,*,Female,0,0,40,North America,<=50K
6371,"[30, 40[", Private,63509,Professional Education,11,Married-civ-spouse,Technical, Husband,*,Male,0,0,50,North America,<=50K
6372,"[50, 60[", Private,174353,High School,9,Never-married,Nontechnical, Not-in-family,*,Male,0,0,40,North America,<=50K
6373,"[40, 50[", Self-emp-not-inc,168109,High School,9,Married-civ-spouse,Other, Husband,*,Male,15024,0,50,North America,>50K
6374,"[20, 30[", Private,159724,Undergraduate,13,Never-married,Nontechnical, Not-in-family,*,Female,0,0,40,North America,<=50K
6375,"[50, 60[", Self-emp-not-inc,105010,High School,9,Married-civ-spouse,Other, Husband,*,Male,0,2051,20,North America,<=50K
6377,"[40, 50[", Private,364913,High School,7,Married-civ-spouse,Other, Husband,*,Male,0,0,40,North America,<=50K
6378,"[40, 50[", Self-emp-inc,155664,Professional Education,15,Married-civ-spouse,Technical, Husband,*,Male,0,0,60,North America,>50K
6380,"[30, 40[", Private,86492,High School,9,Never-married,Other, Not-in-family,*,Male,0,0,87,North America,<=50K
6381,"[40, 50[", Private,71305,High School,9,Married-civ-spouse,Other, Husband,*,Male,0,0,40,North America,<=50K
6382,"[50, 60[", Self-emp-inc,189933,Undergraduate,10,Married-civ-spouse,Nontechnical, Husband,*,Male,0,0,65,North America,>50K
6383,"[40, 50[", Self-emp-inc,191978,Graduate,14,Married-civ-spouse,Nontechnical, Husband,*,Male,0,2392,50,North America,>50K
6384,"[30, 40[", Private,38948,Undergraduate,10,Married-civ-spouse,Technical, Husband,*,Male,0,0,40,North America,>50K
6385,"[50, 60[", Self-emp-inc,139127,Undergraduate,10,Divorced,Nontechnical, Unmarried,*,Female,0,0,50,North America,<=50K
6386,"[30, 40[", Private,301568,High School,8,Never-married,Other, Own-child,*,Female,0,0,40,North America,<=50K
6388,"[40, 50[", Private,197344,High School,9,Never-married,Technical, Not-in-family,*,Male,0,0,54,North America,<=50K
6389,"[10, 20[", Private,32244,High School,7,Never-married,Nontechnical, Own-child,*,Male,594,0,30,North America,<=50K
6390,"[40, 50[", Self-emp-not-inc,315406,High School,7,Married-civ-spouse,Other, Husband,*,Male,0,0,88,North America,<=50K
6391,"[40, 50[", State-gov,47170,Undergraduate,13,Married-civ-spouse,Technical, Wife,*,Female,0,0,48,North America,>50K
6392,"[30, 40[", State-gov,208785,Undergraduate,10,Separated,Technical, Not-in-family,*,Male,10520,0,40,North America,>50K
6393,"[30, 40[", Private,196338,High School,5,Separated,Other, Unmarried,*,Female,0,0,16,North America,<=50K
6394,"[30, 40[", Private,269243,Undergraduate,10,Never-married,Other, Own-child,*,Female,0,0,40,North America,<=50K
6396,"[20, 30[", Private,117767,Undergraduate,10,Never-married,Nontechnical, Own-child,*,Male,0,0,40,North America,<=50K
6397,"[30, 40[", Private,176101,Undergraduate,13,Married-civ-spouse,Nontechnical, Husband,*,Male,0,0,40,North America,<=50K
6398,"[20, 30[", Private,138283,Professional Education,11,Never-married,Other, Not-in-family,*,Female,0,0,40,North America,<=50K
6399,"[20, 30[", Self-emp-not-inc,132320,High School,9,Never-married,Other, Own-child,*,Male,0,0,45,North America,<=50K
6400,"[20, 30[", Federal-gov,471452,Undergraduate,13,Never-married,Technical, Own-child,*,Male,0,0,8,North America,<=50K
6401,"[50, 60[", Private,147653,Undergraduate,13,Divorced,Other, Unmarried,*,Female,0,0,73,North America,<=50K
6402,"[20, 30[", Private,49179,Undergraduate,10,Never-married,Technical, Not-in-family,*,Male,0,0,35,North America,<=50K
6403,"[20, 30[", Private,174921,Undergraduate,13,Never-married,Technical, Not-in-family,*,Female,0,0,40,North America,<=50K
6404,"[20, 30[", Self-emp-inc,95997,High School,9,Never-married,Other, Own-child,*,Male,0,0,70,North America,<=50K
6405,"[40, 50[", Private,247245,High School,5,Divorced,Other, Not-in-family,*,Female,0,0,40,North America,<=50K
6406,"[30, 40[", Private,67072,High School,9,Married-civ-spouse,Nontechnical, Husband,*,Male,0,0,50,North America,>50K
6407,"[50, 60[", ?,95329,Undergraduate,10,Divorced,Other, Own-child,*,Male,0,0,50,North America,<=50K
6408,"[20, 30[", Private,107882,High School,9,Never-married,Nontechnical, Not-in-family,*,Female,0,0,40,North America,<=50K
6409,"[20, 30[", Private,241825,Undergraduate,10,Never-married,Nontechnical, Own-child,*,Male,0,0,46,North America,<=50K
6410,"[10, 20[", Private,79443,High School,7,Never-married,Other, Own-child,*,Male,0,0,8,North America,<=50K
6411,"[40, 50[", Self-emp-not-inc,233059,High School,9,Married-civ-spouse,Technical, Husband,*,Male,0,0,60,North America,<=50K
6412,"[10, 20[", Private,226980,High School,8,Never-married,Nontechnical, Own-child,*,Male,0,0,17,North America,<=50K
6413,"[30, 40[", Self-emp-not-inc,181087,Professional Education,11,Married-civ-spouse,Technical, Husband,*,Male,0,0,45,North America,<=50K
6414,"[30, 40[", Private,305597,Undergraduate,13,Married-civ-spouse,Technical, Husband,*,Male,0,0,45,North America,>50K
6415,"[40, 50[", Federal-gov,311671,Undergraduate,10,Married-civ-spouse,Nontechnical, Husband,*,Male,0,0,40,North America,>50K
6416,"[70, 80[", Private,129879,High School,9,Widowed,Other, Not-in-family,*,Female,15831,0,40,North America,>50K
6417,"[30, 40[", Private,83375,High School,9,Divorced,Other, Not-in-family,*,Male,0,0,40,North America,<=50K
6418,"[20, 30[", Private,115824,High School,7,Married-civ-spouse,Nontechnical, Husband,*,Male,0,1573,40,North America,<=50K
6419,"[40, 50[", Private,141657,High School,9,Married-civ-spouse,Nontechnical, Wife,*,Female,0,0,35,North America,>50K
6420,"[30, 40[", Private,50276,Undergraduate,13,Never-married,Nontechnical, Not-in-family,*,Male,27828,0,40,North America,>50K
6421,"[30, 40[", Private,177216,Professional Education,15,Married-civ-spouse,Technical, Husband,*,Male,0,1740,40,North America,<=50K
6422,"[40, 50[", Private,228057,High School,9,Separated,Other, Not-in-family,*,Female,0,0,40,North America,<=50K
6423,"[40, 50[", Private,222848,High School,6,Married-civ-spouse,Other, Wife,*,Female,0,0,32,North America,<=50K
6425,"[40, 50[", Private,298885,High School,9,Married-civ-spouse,Technical, Husband,*,Male,0,0,40,North America,<=50K
6426,"[40, 50[", Private,149909,Undergraduate,10,Married-civ-spouse,Nontechnical, Husband,*,Male,0,0,25,North America,>50K
6427,"[30, 40[", Private,387430,High School,9,Never-married,Other, Not-in-family,*,Male,0,0,18,North America,<=50K
6428,"[10, 20[", Private,121972,High School,9,Never-married,Other, Own-child,*,Male,0,0,40,North America,<=50K
6429,"[40, 50[", Private,280167,Graduate,14,Married-civ-spouse,Nontechnical, Husband,*,Male,15024,0,70,North America,>50K
6430,"[20, 30[", State-gov,191355,Graduate,14,Never-married,Technical, Not-in-family,*,Male,0,0,40,North America,<=50K
6431,"[30, 40[", Federal-gov,112115,Undergraduate,10,Never-married,Technical, Other-relative,*,Male,0,0,40,North America,<=50K
6432,"[30, 40[", ?,104094,Undergraduate,10,Married-civ-spouse,Other, Husband,*,Male,0,0,15,North America,<=50K
6433,"[20, 30[", Private,211032,Primary School,1,Married-civ-spouse,Other, Other-relative,*,Male,41310,0,24,North America,<=50K
6434,"[50, 60[", Private,199307,Undergraduate,10,Divorced,Technical, Unmarried,*,Female,0,0,48,North America,<=50K
6435,"[40, 50[", Private,205175,High School,9,Widowed,Technical, Unmarried,*,Female,0,0,37,North America,<=50K
6436,"[10, 20[", Private,257750,Undergraduate,10,Never-married,Nontechnical, Other-relative,*,Female,0,0,25,North America,<=50K
6437,"[10, 20[", Private,191260,High School,7,Never-married,Other, Own-child,*,Male,594,0,10,North America,<=50K
6438,"[30, 40[", Private,342730,Undergraduate,10,Married-civ-spouse,Nontechnical, Husband,*,Male,0,0,52,North America,<=50K
6440,"[20, 30[", Self-emp-not-inc,161508,High School,9,Never-married,Technical, Own-child,*,Male,0,0,50,North America,<=50K
6441,"[20, 30[", Private,338376,Undergraduate,13,Never-married,Technical, Own-child,*,Male,0,0,40,North America,<=50K
6442,"[50, 60[", Private,334308,High School,9,Married-civ-spouse,Nontechnical, Wife,*,Female,0,0,30,North America,>50K
6443,"[20, 30[", Private,133471,Undergraduate,10,Never-married,Nontechnical, Own-child,*,Male,0,0,40,North America,<=50K
6444,"[50, 60[", Private,129177,High School,9,Divorced,Other, Not-in-family,*,Female,0,0,38,North America,<=50K
6445,"[10, 20[", Private,178811,High School,9,Never-married,Technical, Own-child,*,Female,0,0,40,North America,<=50K
6446,"[40, 50[", Private,178537,High School,9,Never-married,Other, Not-in-family,*,Female,0,0,24,North America,<=50K
6447,"[60, 70[", Self-emp-not-inc,235535,High School,9,Married-civ-spouse,Nontechnical, Husband,*,Male,0,0,48,North America,<=50K
6448,"[20, 30[", ?,298155,Undergraduate,10,Never-married,Other, Own-child,*,Female,0,0,40,North America,<=50K
6449,"[50, 60[", Private,145114,High School,9,Divorced,Other, Not-in-family,*,Female,0,0,40,North America,<=50K
6450,"[20, 30[", Private,194096,Undergraduate,10,Never-married,Other, Own-child,*,Female,0,0,40,North America,<=50K
6451,"[30, 40[", State-gov,191779,Undergraduate,10,Married-civ-spouse,Technical, Husband,*,Male,0,0,40,North America,<=50K
6452,"[20, 30[", Private,159732,High School,9,Never-married,Technical, Not-in-family,*,Male,0,0,52,North America,<=50K
6453,"[40, 50[", Federal-gov,170230,Graduate,14,Never-married,Nontechnical, Not-in-family,*,Female,14084,0,60,North America,>50K
6454,"[40, 50[", Private,104719,Undergraduate,10,Married-civ-spouse,Nontechnical, Husband,*,Male,0,0,40,North America,<=50K
6455,"[50, 60[", Private,163083,Graduate,14,Married-civ-spouse,Technical, Husband,*,Male,0,0,40,North America,>50K
6456,"[30, 40[", Private,403552,High School,9,Never-married,Other, Not-in-family,*,Male,0,0,32,North America,<=50K
6457,"[60, 70[", Private,218009,High School,9,Married-civ-spouse,Other, Husband,*,Male,0,1977,60,North America,>50K
6458,"[40, 50[", Private,179313,High School,6,Divorced,Nontechnical, Unmarried,*,Female,0,0,30,North America,<=50K
6459,"[20, 30[", Private,51961,High School,8,Never-married,Nontechnical, Other-relative,*,Male,0,0,51,North America,<=50K
6461,"[70, 80[", Local-gov,176493,Undergraduate,10,Widowed,Other, Not-in-family,*,Female,0,0,17,North America,<=50K
6462,"[20, 30[", Private,124068,Undergraduate,10,Never-married,Other, Not-in-family,*,Female,0,0,20,North America,<=50K
6463,"[40, 50[", Private,108510,High School,6,Married-civ-spouse,Nontechnical, Husband,*,Male,0,0,65,North America,<=50K
6464,"[20, 30[", Private,181528,Graduate,14,Never-married,Nontechnical, Not-in-family,*,Female,0,0,43,North America,<=50K
6465,"[50, 60[", Self-emp-inc,173754,Professional Education,15,Married-civ-spouse,Technical, Husband,*,Male,15024,0,60,North America,>50K
6466,"[40, 50[", Private,169699,High School,9,Married-civ-spouse,Technical, Husband,*,Male,0,0,40,North America,<=50K
6467,"[60, 70[", Private,126849,High School,6,Married-civ-spouse,Other, Husband,*,Male,0,0,20,North America,<=50K
6468,"[30, 40[", Private,204470,Graduate,14,Married-civ-spouse,Nontechnical, Husband,*,Male,0,0,50,North America,>50K
6469,"[50, 60[", State-gov,116367,Undergraduate,10,Divorced,Other, Other-relative,*,Female,4650,0,40,North America,<=50K
6470,"[20, 30[", Private,117363,Undergraduate,13,Never-married,Other, Not-in-family,*,Female,0,0,35,North America,<=50K
6471,"[30, 40[", Local-gov,106297,High School,9,Divorced,Other, Own-child,*,Male,0,0,42,North America,<=50K
6472,"[50, 60[", Self-emp-not-inc,108933,High School,9,Married-civ-spouse,Technical, Husband,*,Male,0,0,35,North America,<=50K
6473,"[20, 30[", Private,190143,Undergraduate,13,Married-civ-spouse,Nontechnical, Husband,*,Male,0,0,40,North America,<=50K
6474,"[30, 40[", Private,246677,High School,9,Separated,Technical, Unmarried,*,Female,0,0,38,North America,<=50K
6475,"[30, 40[", Private,175360,High School,6,Never-married,Technical, Not-in-family,*,Male,0,2559,90,North America,>50K
6476,"[40, 50[", Local-gov,210259,Graduate,14,Never-married,Technical, Not-in-family,*,Female,0,0,40,North America,<=50K
6477,"[30, 40[", Private,166304,High School,9,Married-civ-spouse,Other, Husband,*,Male,0,0,33,North America,<=50K
6478,"[40, 50[", Private,303051,Professional Education,11,Married-civ-spouse,Nontechnical, Husband,*,Male,15024,0,40,North America,>50K
6479,"[30, 40[", Private,49308,Undergraduate,13,Divorced,Technical, Not-in-family,*,Male,0,0,40,North America,<=50K
6480,"[20, 30[", Private,192262,Undergraduate,13,Never-married,Nontechnical, Own-child,*,Male,0,0,45,North America,<=50K
6481,"[40, 50[", Local-gov,192349,Graduate,14,Never-married,Technical, Not-in-family,*,Female,4650,0,40,North America,<=50K
6482,"[30, 40[", Self-emp-not-inc,48063,Undergraduate,13,Married-civ-spouse,Technical, Husband,*,Male,0,0,55,North America,>50K
6483,"[40, 50[", Private,170214,Undergraduate,10,Married-civ-spouse,Nontechnical, Husband,*,Male,0,0,50,North America,>50K
6484,"[50, 60[", Federal-gov,51048,High School,9,Married-civ-spouse,Technical, Husband,*,Male,0,0,40,North America,>50K
6486,"[50, 60[", Local-gov,215175,Graduate,14,Married-civ-spouse,Technical, Husband,*,Male,0,0,60,North America,<=50K
6487,"[20, 30[", Private,114967,Undergraduate,13,Married-civ-spouse,Technical, Husband,*,Male,0,0,40,North America,>50K
6488,"[20, 30[", Private,464536,Undergraduate,13,Married-civ-spouse,Other, Husband,*,Male,0,0,40,North America,<=50K
6489,"[20, 30[", Private,451996,High School,9,Never-married,Nontechnical, Own-child,*,Male,0,0,40,North America,<=50K
6490,"[50, 60[", Private,138852,High School,9,Married-civ-spouse,Technical, Husband,*,Male,0,0,40,North America,<=50K
6491,"[40, 50[", State-gov,353012,High School,9,Married-civ-spouse,Other, Husband,*,Male,0,0,40,North America,<=50K
6492,"[50, 60[", Self-emp-inc,321822,Professional Education,15,Married-civ-spouse,Technical, Husband,*,Male,0,0,75,North America,>50K
6494,"[30, 40[", Private,162256,High School,9,Divorced,Nontechnical, Unmarried,*,Female,0,0,40,North America,<=50K
6495,"[30, 40[", Local-gov,356689,Undergraduate,13,Married-civ-spouse,Technical, Husband,*,Male,0,0,40,North America,<=50K
6496,"[20, 30[", Private,260199,High School,9,Never-married,Other, Own-child,*,Female,0,0,10,North America,<=50K
6497,"[30, 40[", Private,103605,High School,9,Married-civ-spouse,Nontechnical, Husband,*,Male,0,0,40,North America,<=50K
6498,"[30, 40[", Private,316211,High School,9,Divorced,Technical, Own-child,*,Male,0,0,40,North America,<=50K
6499,"[30, 40[", Private,308691,Undergraduate,13,Married-civ-spouse,Technical, Husband,*,Male,0,0,45,North America,>50K
6500,"[30, 40[", Private,194404,Graduate,14,Married-civ-spouse,Technical, Husband,*,Male,7688,0,40,North America,>50K
6501,"[10, 20[", Private,334427,High School,6,Never-married,Other, Own-child,*,Male,0,0,36,North America,<=50K
6502,"[30, 40[", Private,213226,High School,9,Divorced,Nontechnical, Not-in-family,*,Male,0,0,50,North America,<=50K
6503,"[30, 40[", Private,342824,High School,9,Never-married,Technical, Not-in-family,*,Female,1151,0,40,North America,<=50K
6504,"[20, 30[", Private,33105,Undergraduate,10,Never-married,Nontechnical, Own-child,*,Male,0,0,40,North America,<=50K
6506,"[20, 30[", Private,315643,High School,9,Married-civ-spouse,Other, Husband,*,Male,0,0,30,North America,<=50K
6507,"[50, 60[", Federal-gov,106257,Professional Education,12,Married-civ-spouse,Technical, Husband,*,Male,0,0,40,North America,<=50K
6508,"[30, 40[", Private,342768,High School,9,Married-civ-spouse,Technical, Husband,*,Male,0,0,40,North America,<=50K
6509,"[50, 60[", Private,108960,High School,7,Married-civ-spouse,Technical, Husband,*,Male,0,0,40,North America,<=50K
6510,"[60, 70[", ?,168071,High School,9,Married-civ-spouse,Other, Husband,*,Male,0,0,30,North America,<=50K
6511,"[30, 40[", Private,136935,High School,9,Never-married,Other, Unmarried,*,Female,0,0,13,North America,<=50K
6512,"[30, 40[", Self-emp-not-inc,188774,Undergraduate,13,Never-married,Other, Not-in-family,*,Male,0,0,55,North America,>50K
6513,"[20, 30[", Private,280344,Undergraduate,13,Married-civ-spouse,Nontechnical, Husband,*,Male,0,0,40,North America,>50K
6514,"[40, 50[", Private,202496,Undergraduate,13,Married-civ-spouse,Nontechnical, Husband,*,Male,0,0,37,North America,<=50K
6515,"[60, 70[", Self-emp-inc,134768,Undergraduate,10,Married-civ-spouse,Nontechnical, Husband,*,Male,0,0,40,North America,<=50K
6516,"[40, 50[", Private,175686,Undergraduate,10,Divorced,Other, Unmarried,*,Female,0,0,40,North America,<=50K
6517,"[20, 30[", Private,194748,High School,9,Never-married,Other, Not-in-family,*,Female,0,0,49,North America,<=50K
6518,"[40, 50[", Private,61307,High School,4,Married-civ-spouse,Technical, Husband,*,Male,0,0,38,North America,<=50K
6519,"[50, 60[", Self-emp-not-inc,165001,Graduate,14,Divorced,Nontechnical, Unmarried,*,Male,25236,0,50,North America,>50K
6520,"[30, 40[", Private,325658,High School,9,Married-civ-spouse,Other, Husband,*,Male,0,0,40,North America,<=50K
6521,"[20, 30[", ?,201844,High School,9,Separated,Other, Unmarried,*,Female,0,0,40,North America,<=50K
6522,"[20, 30[", Private,505980,Undergraduate,10,Never-married,Nontechnical, Own-child,*,Male,0,0,40,North America,<=50K
6523,"[30, 40[", Private,185336,Undergraduate,10,Divorced,Other, Unmarried,*,Female,0,0,37,North America,<=50K
6524,"[40, 50[", Self-emp-inc,362795,Graduate,14,Divorced,Technical, Unmarried,*,Male,99999,0,80,North America,>50K
6525,"[20, 30[", Private,126829,Undergraduate,10,Never-married,Nontechnical, Not-in-family,*,Male,0,0,40,North America,<=50K
6526,"[60, 70[", Private,264600,High School,6,Married-civ-spouse,Other, Husband,*,Male,0,0,45,North America,<=50K
6528,"[60, 70[", Self-emp-not-inc,125178,Undergraduate,13,Married-civ-spouse,Technical, Husband,*,Male,0,0,40,North America,>50K
6529,"[20, 30[", Private,128487,High School,9,Never-married,Other, Not-in-family,*,Female,0,0,10,North America,<=50K
6530,"[40, 50[", Private,321758,High School,9,Married-civ-spouse,Nontechnical, Husband,*,Male,0,0,40,North America,>50K
6531,"[30, 40[", Private,128220,High School,4,Widowed,Other, Not-in-family,*,Female,0,0,35,North America,<=50K
6532,"[40, 50[", Private,176814,Undergraduate,10,Married-civ-spouse,Technical, Husband,*,Male,0,0,50,North America,<=50K
6534,"[20, 30[", State-gov,156423,Undergraduate,13,Never-married,Technical, Own-child,*,Female,0,0,20,North America,<=50K
6535,"[20, 30[", Private,169905,Professional Education,11,Never-married,Nontechnical, Not-in-family,*,Male,27828,0,40,North America,>50K
6536,"[30, 40[", ?,157289,High School,9,Married-civ-spouse,Other, Husband,*,Male,0,0,40,North America,<=50K
6537,"[20, 30[", Private,176972,Undergraduate,13,Married-civ-spouse,Technical, Husband,*,Male,0,0,45,North America,>50K
6538,"[40, 50[", Self-emp-not-inc,171424,Undergraduate,10,Divorced,Technical, Not-in-family,*,Male,0,2205,35,North America,<=50K
6539,"[30, 40[", Private,91811,High School,9,Separated,Other, Not-in-family,*,Male,0,0,40,North America,<=50K
6540,"[20, 30[", Private,203924,Undergraduate,10,Never-married,Other, Not-in-family,*,Male,2597,0,45,North America,<=50K
6541,"[50, 60[", Private,177484,High School,7,Married-civ-spouse,Other, Husband,*,Male,0,1672,40,North America,<=50K
6542,"[10, 20[", ?,454614,High School,7,Never-married,Other, Own-child,*,Female,0,0,8,North America,<=50K
6545,"[50, 60[", Private,157947,High School,9,Divorced,Other, Not-in-family,*,Female,0,0,40,North America,<=50K
6546,"[20, 30[", Local-gov,177482,Professional Education,12,Married-civ-spouse,Other, Husband,*,Male,0,0,45,North America,>50K
6550,"[20, 30[", Private,110442,High School,9,Married-civ-spouse,Nontechnical, Husband,*,Male,0,0,45,North America,<=50K
6551,"[20, 30[", Private,240676,Undergraduate,10,Divorced,Technical, Own-child,*,Female,0,0,40,North America,<=50K
6552,"[30, 40[", Private,192939,High School,9,Married-civ-spouse,Other, Husband,*,Male,0,0,40,North America,<=50K
6553,"[40, 50[", Local-gov,260696,Undergraduate,13,Divorced,Technical, Unmarried,*,Female,0,0,55,North America,<=50K
6554,"[40, 50[", Local-gov,55363,High School,9,Married-civ-spouse,Other, Husband,*,Male,0,0,40,North America,<=50K
6555,"[30, 40[", Private,144949,High School,6,Married-civ-spouse,Technical, Husband,*,Male,0,0,45,North America,>50K
6556,"[50, 60[", Private,116878,Graduate,16,Married-civ-spouse,Technical, Husband,*,Male,15024,0,30,North America,>50K
6557,"[30, 40[", Local-gov,357954,Professional Education,12,Never-married,Technical, Not-in-family,*,Male,0,0,20,North America,<=50K
6558,"[20, 30[", ?,170038,Undergraduate,10,Never-married,Other, Own-child,*,Female,0,0,40,North America,<=50K
6561,"[20, 30[", Private,167761,Undergraduate,13,Married-civ-spouse,Technical, Husband,*,Male,0,0,50,North America,>50K
6562,"[40, 50[", Private,138845,Undergraduate,10,Married-civ-spouse,Other, Husband,*,Male,0,0,40,North America,<=50K
6563,"[40, 50[", Private,144844,High School,9,Married-civ-spouse,Other, Husband,*,Male,0,0,52,North America,>50K
6564,"[20, 30[", ?,161930,High School,9,Never-married,Other, Own-child,*,Female,0,1504,30,North America,<=50K
6565,"[20, 30[", Private,55743,High School,9,Never-married,Other, Unmarried,*,Female,0,0,30,North America,<=50K
6566,"[40, 50[", Self-emp-not-inc,117721,High School,9,Married-civ-spouse,Other, Husband,*,Male,0,0,60,North America,<=50K
6567,"[10, 20[", Self-emp-not-inc,116385,High School,7,Never-married,Other, Not-in-family,*,Female,0,0,40,North America,<=50K
6568,"[50, 60[", Private,301867,High School,9,Married-civ-spouse,Other, Husband,*,Male,0,0,40,North America,<=50K
6569,"[60, 70[", Private,238913,Professional Education,11,Married-civ-spouse,Technical, Husband,*,Male,0,0,40,North America,>50K
6571,"[20, 30[", Private,165510,Undergraduate,13,Never-married,Other, Own-child,*,Male,0,0,40,North America,<=50K
6572,"[60, 70[", Private,183513,High School,9,Never-married,Other, Not-in-family,*,Female,0,0,25,North America,<=50K
6573,"[40, 50[", Self-emp-inc,119281,Undergraduate,13,Married-civ-spouse,Nontechnical, Husband,*,Male,0,0,60,North America,>50K
6574,"[40, 50[", Private,152629,Undergraduate,10,Married-civ-spouse,Technical, Husband,*,Male,0,0,40,North America,>50K
6575,"[40, 50[", Private,110171,High School,9,Never-married,Nontechnical, Not-in-family,*,Male,0,0,40,North America,<=50K
6576,"[30, 40[", Private,211440,Undergraduate,13,Married-civ-spouse,Nontechnical, Husband,*,Male,0,0,50,North America,>50K
6577,"[40, 50[", Local-gov,359259,High School,9,Married-civ-spouse,Other, Husband,*,Male,0,0,40,North America,<=50K
6578,"[50, 60[", Private,125796,High School,7,Separated,Other, Not-in-family,*,Female,0,0,40,North America,<=50K
6579,"[30, 40[", Private,39609,Professional Education,11,Divorced,Other, Unmarried,*,Female,0,0,40,North America,<=50K
6582,"[30, 40[", Self-emp-not-inc,120066,Undergraduate,10,Married-civ-spouse,Technical, Husband,*,Male,0,0,60,North America,<=50K
6583,"[40, 50[", Private,132633,High School,7,Divorced,Other, Unmarried,*,Female,0,0,25,North America,<=50K
6584,"[30, 40[", Private,192702,Graduate,14,Never-married,Technical, Not-in-family,*,Female,0,0,50,North America,<=50K
6585,"[40, 50[", Private,166813,Undergraduate,10,Married-civ-spouse,Nontechnical, Husband,*,Male,0,0,55,North America,<=50K
6586,"[30, 40[", Self-emp-inc,40444,Undergraduate,10,Married-civ-spouse,Nontechnical, Husband,*,Male,0,0,40,North America,<=50K
6587,"[20, 30[", Private,290504,High School,9,Never-married,Other, Other-relative,*,Male,0,0,40,North America,<=50K
6588,"[20, 30[", Private,178505,Undergraduate,10,Never-married,Nontechnical, Other-relative,*,Female,0,1504,45,North America,<=50K
6589,"[20, 30[", Private,175370,Undergraduate,10,Divorced,Technical, Own-child,*,Female,0,0,40,North America,<=50K
6591,"[30, 40[", ?,234542,Professional Education,11,Never-married,Other, Own-child,*,Female,0,0,40,North America,<=50K
6592,"[60, 70[", Private,284021,High School,9,Widowed,Nontechnical, Not-in-family,*,Female,0,0,40,North America,<=50K
6593,"[10, 20[", Private,277974,Undergraduate,10,Never-married,Nontechnical, Own-child,*,Male,0,0,35,North America,<=50K
6594,"[40, 50[", Private,111275,High School,9,Never-married,Other, Unmarried,*,Female,0,0,38,North America,<=50K
6595,"[40, 50[", Self-emp-inc,191776,Graduate,14,Divorced,Nontechnical, Unmarried,*,Female,25236,0,42,North America,>50K
6596,"[20, 30[", Private,125527,Undergraduate,10,Never-married,Nontechnical, Not-in-family,*,Male,0,0,50,North America,<=50K
6597,"[10, 20[", Private,38294,High School,9,Never-married,Nontechnical, Other-relative,*,Male,2597,0,40,North America,<=50K
6598,"[40, 50[", Private,313022,High School,9,Married-civ-spouse,Technical, Husband,*,Male,4386,0,40,North America,>50K
6599,"[30, 40[", Private,179668,Undergraduate,13,Married-civ-spouse,Technical, Husband,*,Male,15024,0,40,North America,>50K
6600,"[30, 40[", Private,198660,Undergraduate,13,Married-civ-spouse,Nontechnical, Husband,*,Male,0,0,50,North America,<=50K
6601,"[40, 50[", Private,216116,High School,9,Married-spouse-absent,Other, Not-in-family,*,Female,0,0,40,North America,<=50K
6602,"[60, 70[", Private,200922,High School,4,Widowed,Technical, Not-in-family,*,Female,0,0,40,North America,<=50K
6603,"[40, 50[", Private,153372,Undergraduate,10,Married-civ-spouse,Nontechnical, Husband,*,Male,0,0,50,North America,>50K
6605,"[20, 30[", Local-gov,248344,Undergraduate,10,Never-married,Other, Not-in-family,*,Male,0,0,30,North America,<=50K
6607,"[30, 40[", Private,314310,Graduate,14,Married-civ-spouse,Technical, Husband,*,Male,0,0,45,North America,<=50K
6608,"[30, 40[", Private,259785,Graduate,14,Married-civ-spouse,Nontechnical, Husband,*,Male,0,0,50,North America,>50K
6609,"[40, 50[", Private,127111,Graduate,14,Married-civ-spouse,Technical, Husband,*,Male,0,0,55,North America,>50K
6610,"[20, 30[", Private,178272,High School,9,Married-civ-spouse,Other, Husband,*,Male,0,0,40,North America,<=50K
6611,"[60, 70[", Local-gov,75134,High School,9,Widowed,Other, Unmarried,*,Female,0,0,25,North America,<=50K
6612,"[10, 20[", Private,195985,High School,9,Never-married,Other, Not-in-family,*,Female,0,0,50,North America,<=50K
6613,"[20, 30[", Private,221955,High School,5,Never-married,Nontechnical, Other-relative,*,Male,0,0,39,North America,<=50K
6614,"[30, 40[", Private,177675,Undergraduate,13,Married-civ-spouse,Technical, Husband,*,Male,0,0,40,North America,>50K
6615,"[30, 40[", Private,182828,Graduate,14,Never-married,Nontechnical, Not-in-family,*,Female,0,0,45,North America,<=50K
6616,"[30, 40[", Self-emp-not-inc,270889,High School,9,Never-married,Other, Not-in-family,*,Male,0,0,60,North America,<=50K
6617,"[40, 50[", Private,183096,Undergraduate,10,Separated,Nontechnical, Unmarried,*,Female,0,0,10,North America,<=50K
6618,"[20, 30[", Private,336951,High School,9,Married-civ-spouse,Other, Husband,*,Male,0,0,99,North America,<=50K
6619,"[30, 40[", State-gov,295589,Undergraduate,10,Separated,Other, Own-child,*,Male,0,0,35,North America,<=50K
6620,"[20, 30[", Private,289980,Primary School,3,Married-civ-spouse,Other, Husband,*,Male,0,0,30,North America,<=50K
6621,"[50, 60[", Self-emp-inc,70720,Graduate,14,Divorced,Nontechnical, Not-in-family,*,Male,27828,0,60,North America,>50K
6622,"[40, 50[", Private,163352,High School,9,Married-civ-spouse,Nontechnical, Husband,*,Male,0,0,36,North America,<=50K
6623,"[30, 40[", Private,190776,Professional Education,12,Divorced,Technical, Unmarried,*,Female,0,0,40,North America,<=50K
6625,"[70, 80[", Self-emp-inc,473748,Undergraduate,10,Married-civ-spouse,Nontechnical, Husband,*,Male,0,0,25,North America,>50K
6626,"[20, 30[", Private,163003,High School,9,Never-married,Other, Unmarried,*,Female,0,0,15,North America,<=50K
6627,"[20, 30[", Private,183061,High School,9,Married-civ-spouse,Technical, Husband,*,Male,0,0,48,North America,<=50K
6628,"[40, 50[", Private,123584,High School,7,Married-civ-spouse,Other, Husband,*,Male,0,0,75,North America,<=50K
6629,"[20, 30[", Private,120910,High School,9,Never-married,Other, Unmarried,*,Female,0,0,35,North America,<=50K
6632,"[40, 50[", Private,214955,Professional Education,12,Divorced,Technical, Unmarried,*,Female,0,0,40,North America,<=50K
6633,"[30, 40[", Private,209768,Undergraduate,13,Married-civ-spouse,Technical, Husband,*,Male,0,0,40,North America,>50K
6634,"[20, 30[", Private,258120,Undergraduate,13,Never-married,Nontechnical, Not-in-family,*,Male,0,0,55,North America,<=50K
6636,"[50, 60[", Private,152652,High School,9,Married-civ-spouse,Other, Husband,*,Male,0,0,65,North America,<=50K
6637,"[40, 50[", Federal-gov,43206,Graduate,16,Never-married,Technical, Not-in-family,*,Female,0,1564,50,North America,>50K
6638,"[30, 40[", Self-emp-not-inc,114639,Professional Education,11,Married-civ-spouse,Technical, Husband,*,Male,0,0,50,North America,<=50K
6639,"[40, 50[", Self-emp-inc,221172,Professional Education,15,Married-civ-spouse,Technical, Husband,*,Male,0,1977,40,North America,>50K
6640,"[10, 20[", ?,128538,Undergraduate,10,Never-married,Other, Own-child,*,Female,0,0,6,North America,<=50K
6641,"[10, 20[", Private,131615,High School,9,Never-married,Technical, Own-child,*,Male,0,0,40,North America,<=50K
6642,"[40, 50[", Private,353824,Professional Education,12,Never-married,Other, Not-in-family,*,Male,0,0,40,North America,<=50K
6643,"[40, 50[", Private,178417,Undergraduate,13,Divorced,Technical, Not-in-family,*,Male,0,0,40,North America,<=50K
6644,"[50, 60[", Private,178644,High School,9,Widowed,Technical, Unmarried,*,Male,0,0,40,North America,<=50K
6645,"[40, 50[", Self-emp-not-inc,271665,High School,9,Married-civ-spouse,Nontechnical, Husband,*,Male,0,0,45,North America,<=50K
6646,"[30, 40[", ?,223732,Undergraduate,10,Separated,Other, Unmarried,*,Male,0,0,40,North America,<=50K
6647,"[20, 30[", Federal-gov,169003,High School,8,Never-married,Other, Own-child,*,Male,0,0,25,North America,<=50K
6649,"[30, 40[", Private,506858,Professional Education,11,Married-civ-spouse,Technical, Husband,*,Male,0,0,32,North America,>50K
6650,"[20, 30[", Private,265628,Professional Education,11,Never-married,Nontechnical, Own-child,*,Female,0,0,40,North America,<=50K
6651,"[30, 40[", Private,173495,High School,9,Divorced,Other, Not-in-family,*,Male,0,0,40,North America,<=50K
6652,"[20, 30[", Private,177413,High School,9,Married-civ-spouse,Technical, Husband,*,Male,0,0,40,North America,>50K
6653,"[30, 40[", Private,31670,High School,9,Married-civ-spouse,Other, Husband,*,Male,0,0,65,North America,<=50K
6654,"[40, 50[", Private,154451,High School,7,Divorced,Technical, Unmarried,*,Female,0,0,35,North America,<=50K
6655,"[30, 40[", Private,265535,Undergraduate,10,Married-civ-spouse,Technical, Husband,*,Male,0,0,50,North America,>50K
6656,"[30, 40[", Private,118941,Undergraduate,10,Divorced,Other, Own-child,*,Female,0,0,20,North America,<=50K
6657,"[10, 20[", Private,214617,Undergraduate,10,Never-married,Nontechnical, Own-child,*,Male,0,0,30,North America,<=50K
6658,"[40, 50[", Local-gov,265097,High School,9,Married-civ-spouse,Other, Husband,*,Male,4386,0,40,North America,>50K
6659,"[40, 50[", Private,276087,High School,9,Married-civ-spouse,Nontechnical, Husband,*,Male,5013,0,50,North America,<=50K
6660,"[40, 50[", Private,124692,Undergraduate,13,Married-civ-spouse,Nontechnical, Husband,*,Male,0,0,40,North America,>50K
6661,"[50, 60[", Federal-gov,306784,High School,9,Married-civ-spouse,Technical, Husband,*,Male,4386,0,40,North America,>50K
6662,"[20, 30[", Private,434102,Undergraduate,10,Never-married,Other, Not-in-family,*,Female,0,0,40,North America,<=50K
6663,"[10, 20[", ?,387641,Undergraduate,10,Never-married,Other, Own-child,*,Male,0,0,40,North America,<=50K
6664,"[30, 40[", State-gov,181824,Undergraduate,13,Married-civ-spouse,Technical, Wife,*,Female,0,1902,35,North America,>50K
6665,"[30, 40[", Local-gov,177907,High School,9,Married-civ-spouse,Other, Husband,*,Male,0,1887,40,North America,>50K
6666,"[50, 60[", Private,87329,High School,7,Married-civ-spouse,Other, Husband,*,Male,0,0,48,North America,<=50K
6667,"[30, 40[", Private,263130,Graduate,14,Never-married,Technical, Not-in-family,*,Female,0,0,40,North America,<=50K
6668,"[30, 40[", Private,262882,High School,9,Married-civ-spouse,Technical, Wife,*,Female,0,0,40,North America,<=50K
6669,"[30, 40[", Private,37546,Undergraduate,13,Married-civ-spouse,Nontechnical, Wife,*,Female,0,1902,35,North America,>50K
6670,"[10, 20[", Private,27433,High School,7,Never-married,Nontechnical, Not-in-family,*,Male,0,0,40,North America,<=50K
6671,"[30, 40[", Private,393945,Professional Education,11,Divorced,Technical, Not-in-family,*,Female,0,0,36,North America,<=50K
6672,"[20, 30[", Private,173927,Professional Education,11,Never-married,Technical, Own-child,*,Female,0,0,60,North America,<=50K
6673,"[30, 40[", Private,343403,Professional Education,12,Divorced,Other, Not-in-family,*,Female,0,0,16,North America,<=50K
6674,"[30, 40[", Private,111128,Undergraduate,10,Married-civ-spouse,Technical, Husband,*,Male,0,0,45,North America,<=50K
6675,"[40, 50[", Private,193882,High School,9,Married-civ-spouse,Nontechnical, Husband,*,Male,0,0,45,North America,>50K
6677,"[40, 50[", Private,128354,Undergraduate,13,Married-civ-spouse,Technical, Wife,*,Female,0,0,25,North America,>50K
6678,"[30, 40[", Private,113364,High School,9,Never-married,Nontechnical, Not-in-family,*,Male,0,0,45,North America,<=50K
6679,"[60, 70[", ?,198559,High School,9,Married-civ-spouse,Other, Husband,*,Male,0,0,16,North America,<=50K
6680,"[50, 60[", Private,136913,High School,9,Married-civ-spouse,Technical, Husband,*,Male,0,0,40,North America,<=50K
6681,"[30, 40[", Private,115488,High School,9,Married-civ-spouse,Nontechnical, Husband,*,Male,0,0,40,North America,<=50K
6682,"[30, 40[", Private,154227,Professional Education,11,Divorced,Nontechnical, Not-in-family,*,Male,0,0,40,North America,<=50K
6683,"[20, 30[", Private,279667,High School,6,Married-civ-spouse,Technical, Husband,*,Male,0,0,45,North America,<=50K
6684,"[30, 40[", Self-emp-not-inc,281030,High School,9,Never-married,Nontechnical, Unmarried,*,Male,0,0,66,North America,<=50K
6685,"[10, 20[", Private,283945,Undergraduate,10,Never-married,Other, Own-child,*,Male,0,0,25,North America,<=50K
6686,"[40, 50[", Private,454989,High School,9,Married-civ-spouse,Nontechnical, Wife,*,Female,0,0,40,North America,>50K
6687,"[20, 30[", Private,391349,Undergraduate,13,Never-married,Other, Not-in-family,*,Female,0,0,40,North America,<=50K
6688,"[20, 30[", State-gov,166704,Undergraduate,10,Never-married,Other, Own-child,*,Female,0,0,14,North America,<=50K
6689,"[30, 40[", Private,151835,High School,9,Married-civ-spouse,Other, Husband,*,Male,0,0,60,North America,>50K
6690,"[60, 70[", Private,199085,High School,6,Married-civ-spouse,Technical, Husband,*,Male,0,0,40,North America,<=50K
6691,"[20, 30[", Private,61487,High School,9,Never-married,Technical, Unmarried,*,Male,0,0,40,North America,<=50K
6692,"[10, 20[", Private,120251,High School,9,Never-married,Other, Own-child,*,Female,0,0,14,North America,<=50K
6693,"[40, 50[", Private,273230,Undergraduate,13,Married-civ-spouse,Technical, Husband,*,Male,0,0,90,North America,<=50K
6694,"[30, 40[", Private,358373,High School,9,Separated,Technical, Not-in-family,*,Female,0,0,36,North America,<=50K
6695,"[30, 40[", Private,267891,High School,9,Married-civ-spouse,Other, Wife,*,Female,0,0,38,North America,<=50K
6696,"[20, 30[", Private,234880,Undergraduate,10,Never-married,Other, Own-child,*,Female,0,0,25,North America,<=50K
6697,"[50, 60[", Private,48358,High School,9,Married-civ-spouse,Technical, Husband,*,Male,0,0,40,North America,>50K
6698,"[30, 40[", Private,96452,Undergraduate,13,Married-civ-spouse,Technical, Husband,*,Male,0,0,45,North America,<=50K
6699,"[50, 60[", Private,204751,High School,9,Married-civ-spouse,Other, Husband,*,Male,0,0,65,North America,<=50K
6700,"[50, 60[", Private,375868,Graduate,14,Married-civ-spouse,Other, Husband,*,Male,0,0,40,North America,<=50K
6701,"[50, 60[", Private,413373,High School,4,Married-civ-spouse,Other, Husband,*,Male,0,0,36,North America,<=50K
6702,"[20, 30[", Private,537222,High School,9,Married-civ-spouse,Nontechnical, Husband,*,Male,0,0,50,North America,<=50K
6703,"[30, 40[", Local-gov,33975,Undergraduate,13,Married-civ-spouse,Technical, Husband,*,Male,0,0,40,North America,>50K
6704,"[50, 60[", Self-emp-inc,162327,High School,7,Divorced,Nontechnical, Not-in-family,*,Male,0,0,40,North America,<=50K
6705,"[30, 40[", Private,182691,High School,9,Divorced,Nontechnical, Own-child,*,Male,0,0,44,North America,<=50K
6706,"[30, 40[", Private,300829,Professional Education,12,Divorced,Other, Unmarried,*,Female,0,0,42,North America,<=50K
6707,"[50, 60[", Local-gov,114508,High School,5,Separated,Other, Other-relative,*,Female,0,0,40,North America,<=50K
6708,"[40, 50[", Self-emp-inc,214627,Graduate,16,Married-civ-spouse,Technical, Husband,*,Male,0,0,60,North America,>50K
6709,"[40, 50[", Private,129684,High School,9,Divorced,Nontechnical, Not-in-family,*,Female,5455,0,50,North America,<=50K
6710,"[20, 30[", State-gov,120041,Undergraduate,13,Never-married,Technical, Not-in-family,*,Female,0,0,40,North America,<=50K
6711,"[20, 30[", Private,361138,High School,9,Never-married,Nontechnical, Other-relative,*,Male,0,0,50,North America,<=50K
6712,"[30, 40[", Private,76893,High School,9,Married-civ-spouse,Technical, Husband,*,Male,0,0,40,North America,<=50K
6713,"[40, 50[", Private,205424,Undergraduate,13,Divorced,Nontechnical, Unmarried,*,Male,0,0,40,North America,>50K
6714,"[60, 70[", Private,176839,Undergraduate,13,Married-civ-spouse,Technical, Husband,*,Male,15024,0,50,North America,>50K
6715,"[40, 50[", Private,229148,High School,8,Married-civ-spouse,Other, Husband,*,Male,0,0,40,North America,<=50K
6716,"[50, 60[", Self-emp-inc,154537,High School,9,Married-civ-spouse,Nontechnical, Wife,*,Female,0,0,20,North America,>50K
6718,"[10, 20[", Private,152004,High School,7,Never-married,Other, Own-child,*,Male,0,0,20,North America,<=50K
6719,"[20, 30[", Private,205188,High School,6,Married-civ-spouse,Technical, Husband,*,Male,0,0,40,North America,<=50K
6720,"[40, 50[", Self-emp-not-inc,30840,Undergraduate,10,Married-civ-spouse,Technical, Husband,*,Male,5013,0,45,North America,<=50K
6721,"[60, 70[", Private,66634,High School,5,Married-civ-spouse,Technical, Husband,*,Male,0,0,16,North America,<=50K
6722,"[30, 40[", Self-emp-not-inc,180220,High School,9,Married-civ-spouse,Technical, Husband,*,Male,0,0,60,North America,<=50K
6723,"[30, 40[", Private,291052,Undergraduate,10,Married-civ-spouse,Other, Husband,*,Male,0,2051,40,North America,<=50K
6724,"[40, 50[", Self-emp-not-inc,99651,Undergraduate,10,Married-civ-spouse,Technical, Husband,*,Male,0,0,60,North America,<=50K
6725,"[40, 50[", Private,327723,High School,9,Divorced,Nontechnical, Not-in-family,*,Male,0,0,40,North America,<=50K
6726,"[20, 30[", Private,32291,Undergraduate,13,Never-married,Technical, Not-in-family,*,Female,2174,0,40,North America,<=50K
6727,"[30, 40[", Private,345122,Professional Education,15,Divorced,Technical, Not-in-family,*,Male,14084,0,50,North America,>50K
6728,"[30, 40[", Private,127384,Professional Education,11,Married-civ-spouse,Technical, Husband,*,Male,0,0,55,North America,>50K
6729,"[30, 40[", Private,363296,High School,9,Never-married,Nontechnical, Unmarried,*,Male,0,0,72,North America,<=50K
6730,"[30, 40[", Local-gov,86551,High School,9,Divorced,Technical, Not-in-family,*,Male,0,1876,40,North America,<=50K
6731,"[20, 30[", Private,30070,Undergraduate,13,Married-civ-spouse,Nontechnical, Husband,*,Male,0,0,50,North America,<=50K
6732,"[30, 40[", Private,595000,High School,9,Never-married,Nontechnical, Other-relative,*,Female,0,0,35,North America,<=50K
6733,"[20, 30[", ?,152328,Undergraduate,10,Never-married,Other, Own-child,*,Male,0,0,20,North America,<=50K
6734,"[30, 40[", ?,177824,High School,9,Separated,Other, Unmarried,*,Female,0,0,40,North America,<=50K
6735,"[40, 50[", State-gov,111483,Graduate,14,Married-civ-spouse,Technical, Husband,*,Male,0,0,40,North America,>50K
6736,"[20, 30[", Private,199555,Undergraduate,10,Never-married,Other, Own-child,*,Male,0,0,25,North America,<=50K
6737,"[40, 50[", Private,50018,High School,9,Married-civ-spouse,Other, Husband,*,Male,0,0,40,Unknown,<=50K
6738,"[30, 40[", Private,218490,Professional Education,12,Married-civ-spouse,Technical, Husband,*,Male,0,0,35,North America,<=50K
6739,"[30, 40[", Private,49020,Graduate,14,Never-married,Nontechnical, Not-in-family,*,Male,0,1974,40,North America,<=50K
6740,"[60, 70[", Private,213321,Undergraduate,10,Married-civ-spouse,Nontechnical, Husband,*,Male,0,1672,40,North America,<=50K
6741,"[30, 40[", Private,159187,High School,9,Divorced,Other, Own-child,*,Male,0,0,40,North America,<=50K
6742,"[20, 30[", Private,83033,Undergraduate,10,Never-married,Other, Not-in-family,*,Female,0,0,25,Europe,<=50K
6743,"[30, 40[", Self-emp-not-inc,31848,Undergraduate,10,Married-civ-spouse,Other, Husband,*,Male,2829,0,90,North America,<=50K
6744,"[30, 40[", Self-emp-not-inc,24961,High School,9,Married-civ-spouse,Other, Husband,*,Male,0,0,80,North America,<=50K
6745,"[20, 30[", Private,182117,Undergraduate,10,Never-married,Other, Own-child,*,Male,0,0,15,North America,<=50K
6747,"[20, 30[", Private,176690,Undergraduate,10,Never-married,Other, Own-child,*,Male,0,0,24,North America,<=50K
6749,"[50, 60[", Self-emp-inc,149650,High School,9,Divorced,Other, Not-in-family,*,Male,0,0,40,North America,<=50K
6750,"[30, 40[", Private,454508,Undergraduate,13,Married-civ-spouse,Technical, Husband,*,Male,0,0,65,Asia,<=50K
6752,"[40, 50[", Private,266530,High School,9,Married-civ-spouse,Other, Husband,*,Male,0,0,45,North America,<=50K
6753,"[60, 70[", ?,198542,Undergraduate,13,Divorced,Other, Not-in-family,*,Female,0,0,40,North America,<=50K
6754,"[60, 70[", Private,133144,High School,9,Married-civ-spouse,Other, Husband,*,Male,2580,0,20,North America,<=50K
6755,"[20, 30[", Private,217961,Undergraduate,10,Never-married,Technical, Not-in-family,*,Male,0,0,40,North America,<=50K
6756,"[20, 30[", Private,221661,High School,9,Married-civ-spouse,Other, Wife,*,Female,0,0,40,North America,<=50K
6757,"[40, 50[", Local-gov,60735,Undergraduate,13,Divorced,Technical, Own-child,*,Female,0,0,60,North America,<=50K
6758,"[40, 50[", Self-emp-not-inc,121124,Undergraduate,13,Married-civ-spouse,Nontechnical, Husband,*,Male,0,0,40,North America,>50K
6759,"[30, 40[", Private,48588,Undergraduate,10,Married-civ-spouse,Technical, Husband,*,Male,0,0,40,North America,<=50K
6760,"[40, 50[", Private,48087,High School,4,Divorced,Technical, Not-in-family,*,Male,0,1590,40,North America,<=50K
6761,"[50, 60[", Self-emp-not-inc,240138,High School,9,Married-civ-spouse,Technical, Husband,*,Male,0,0,60,North America,<=50K
6762,"[60, 70[", Private,273010,High School,9,Married-civ-spouse,Other, Wife,*,Female,3471,0,40,North America,<=50K
6763,"[40, 50[", Private,104196,Graduate,14,Married-civ-spouse,Technical, Husband,*,Male,0,0,45,North America,>50K
6764,"[30, 40[", Private,230035,High School,9,Married-civ-spouse,Technical, Husband,*,Male,0,0,46,North America,>50K
6766,"[70, 80[", ?,205011,Undergraduate,10,Married-civ-spouse,Other, Husband,*,Male,0,0,10,North America,<=50K
6767,"[50, 60[", Private,176079,High School,9,Divorced,Other, Not-in-family,*,Female,0,0,40,North America,<=50K
6768,"[20, 30[", Private,180052,Undergraduate,10,Never-married,Other, Own-child,*,Male,0,0,10,North America,<=50K
6769,"[30, 40[", Local-gov,173005,Undergraduate,13,Married-civ-spouse,Other, Husband,*,Male,0,1848,45,North America,>50K
6770,"[30, 40[", Private,378723,Undergraduate,10,Divorced,Other, Own-child,*,Female,0,0,55,North America,<=50K
6771,"[20, 30[", Private,233624,High School,9,Never-married,Technical, Own-child,*,Male,0,0,40,North America,<=50K
6772,"[20, 30[", Private,192591,Undergraduate,13,Never-married,Other, Not-in-family,*,Female,0,0,45,North America,<=50K
6773,"[50, 60[", Private,249860,High School,7,Divorced,Other, Unmarried,*,Female,0,0,10,North America,<=50K
6774,"[20, 30[", Private,247564,High School,9,Never-married,Nontechnical, Own-child,*,Male,0,0,35,North America,<=50K
6775,"[30, 40[", Private,238912,High School,9,Married-civ-spouse,Nontechnical, Husband,*,Male,0,0,40,North America,<=50K
6776,"[20, 30[", Private,190227,Undergraduate,10,Never-married,Other, Own-child,*,Male,0,0,40,North America,<=50K
6777,"[20, 30[", State-gov,293287,Undergraduate,10,Never-married,Other, Unmarried,*,Female,0,0,40,North America,<=50K
6778,"[50, 60[", Private,180807,Undergraduate,10,Divorced,Nontechnical, Unmarried,*,Female,0,0,40,North America,<=50K
6779,"[30, 40[", Private,250217,High School,9,Divorced,Technical, Not-in-family,*,Female,0,0,70,North America,<=50K
6780,"[10, 20[", Private,217418,Undergraduate,10,Never-married,Other, Other-relative,*,Female,0,0,38,North America,<=50K
6781,"[20, 30[", Local-gov,137510,High School,9,Never-married,Other, Own-child,*,Male,0,0,40,North America,<=50K
6782,"[50, 60[", State-gov,163047,Undergraduate,10,Divorced,Other, Not-in-family,*,Female,0,0,38,North America,<=50K
6783,"[10, 20[", Private,577521,High School,7,Never-married,Nontechnical, Own-child,*,Male,0,0,13,North America,<=50K
6784,"[20, 30[", Private,221533,High School,9,Never-married,Other, Not-in-family,*,Male,0,0,20,North America,<=50K
6785,"[40, 50[", Local-gov,255675,Undergraduate,10,Married-civ-spouse,Technical, Husband,*,Male,0,0,40,North America,>50K
6786,"[30, 40[", Private,114079,Professional Education,12,Never-married,Technical, Not-in-family,*,Male,0,0,40,North America,<=50K
6787,"[30, 40[", Private,155781,Undergraduate,13,Married-civ-spouse,Nontechnical, Husband,*,Male,0,0,40,North America,>50K
6789,"[20, 30[", Private,113062,Undergraduate,13,Never-married,Nontechnical, Own-child,*,Female,0,0,7,North America,<=50K
6791,"[10, 20[", Private,110723,High School,7,Never-married,Nontechnical, Own-child,*,Female,0,0,25,North America,<=50K
6792,"[40, 50[", Federal-gov,191858,Professional Education,12,Married-civ-spouse,Other, Husband,*,Male,0,0,40,North America,>50K
6793,"[20, 30[", Private,179423,Undergraduate,13,Never-married,Other, Not-in-family,*,Female,0,0,5,North America,<=50K
6796,"[40, 50[", State-gov,103743,High School,4,Married-civ-spouse,Other, Husband,*,Male,0,0,40,North America,<=50K
6797,"[40, 50[", Private,235683,Undergraduate,10,Married-civ-spouse,Nontechnical, Wife,*,Female,0,0,40,North America,>50K
6798,"[60, 70[", ?,207321,Undergraduate,10,Married-civ-spouse,Other, Husband,*,Male,0,0,20,North America,<=50K
6799,"[30, 40[", State-gov,197495,Undergraduate,10,Divorced,Nontechnical, Not-in-family,*,Female,0,0,40,North America,<=50K
6800,"[50, 60[", Federal-gov,424012,Undergraduate,10,Divorced,Nontechnical, Not-in-family,*,Female,0,0,40,North America,<=50K
6801,"[20, 30[", Private,178469,High School,9,Never-married,Nontechnical, Not-in-family,*,Female,0,0,40,North America,<=50K
6803,"[30, 40[", Self-emp-not-inc,214008,High School,9,Married-civ-spouse,Technical, Husband,*,Male,0,0,50,North America,>50K
6804,"[50, 60[", Self-emp-not-inc,325732,High School,9,Married-civ-spouse,Nontechnical, Husband,*,Male,0,1902,52,North America,>50K
6805,"[30, 40[", Private,28572,Undergraduate,10,Married-civ-spouse,Technical, Husband,*,Male,4064,0,35,North America,<=50K
6806,"[10, 20[", Private,118376,Undergraduate,10,Never-married,Nontechnical, Own-child,*,Female,0,0,15,North America,<=50K
6807,"[20, 30[", Private,51799,High School,9,Married-civ-spouse,Other, Wife,*,Female,0,0,40,North America,<=50K
6808,"[30, 40[", Local-gov,115488,Undergraduate,13,Married-civ-spouse,Technical, Husband,*,Male,0,0,50,North America,<=50K
6809,"[40, 50[", Private,190621,Undergraduate,10,Divorced,Nontechnical, Other-relative,*,Female,0,0,55,North America,<=50K
6810,"[50, 60[", Private,193568,High School,9,Widowed,Other, Not-in-family,*,Female,0,0,40,North America,<=50K
6811,"[40, 50[", Private,192878,High School,9,Divorced,Technical, Not-in-family,*,Male,0,0,40,North America,<=50K
6812,"[40, 50[", Private,264663,Undergraduate,13,Never-married,Technical, Own-child,*,Female,0,0,60,North America,<=50K
6813,"[20, 30[", Private,234731,High School,9,Divorced,Nontechnical, Own-child,*,Male,0,0,40,North America,<=50K
6814,"[50, 60[", Private,308373,Undergraduate,10,Married-civ-spouse,Nontechnical, Wife,*,Female,0,0,40,North America,>50K
6815,"[40, 50[", Private,205644,High School,9,Separated,Technical, Not-in-family,*,Female,0,0,26,North America,<=50K
6816,"[40, 50[", Local-gov,321851,Undergraduate,13,Never-married,Technical, Not-in-family,*,Female,0,0,50,North America,>50K
6817,"[50, 60[", Private,206399,High School,9,Married-civ-spouse,Technical, Husband,*,Male,0,0,40,North America,<=50K
6818,"[40, 50[", Private,124563,High School,9,Married-civ-spouse,Technical, Husband,*,Male,0,0,40,North America,<=50K
6819,"[30, 40[", State-gov,198211,Undergraduate,10,Never-married,Other, Not-in-family,*,Male,0,0,38,North America,<=50K
6820,"[10, 20[", Private,130795,High School,6,Never-married,Other, Own-child,*,Male,0,0,20,North America,<=50K
6821,"[40, 50[", Private,71269,Undergraduate,10,Divorced,Nontechnical, Not-in-family,*,Male,0,0,50,North America,<=50K
6822,"[30, 40[", Self-emp-not-inc,319280,Professional Education,12,Never-married,Nontechnical, Not-in-family,*,Male,0,0,80,North America,<=50K
6823,"[30, 40[", Private,125933,Undergraduate,13,Married-civ-spouse,Nontechnical, Husband,*,Male,0,0,60,North America,>50K
6824,"[20, 30[", Private,107236,High School,9,Married-civ-spouse,Other, Husband,*,Male,0,0,40,North America,<=50K
6825,"[30, 40[", Private,32732,High School,9,Married-civ-spouse,Technical, Husband,*,Male,0,0,50,North America,<=50K
6826,"[60, 70[", Private,284763,High School,7,Divorced,Other, Not-in-family,*,Male,0,0,70,North America,<=50K
6827,"[20, 30[", Private,112668,Undergraduate,10,Never-married,Other, Own-child,*,Female,0,0,20,North America,<=50K
6828,"[30, 40[", Private,376483,Undergraduate,10,Divorced,Other, Not-in-family,*,Female,0,0,40,North America,<=50K
6829,"[20, 30[", Private,402778,High School,5,Never-married,Nontechnical, Own-child,*,Male,0,0,12,North America,<=50K
6830,"[40, 50[", Private,36177,High School,9,Married-civ-spouse,Technical, Husband,*,Male,0,0,45,North America,<=50K
6831,"[40, 50[", Private,125489,Graduate,14,Divorced,Technical, Unmarried,*,Female,0,0,50,North America,<=50K
6832,"[40, 50[", Private,304791,Undergraduate,10,Widowed,Other, Not-in-family,*,Female,0,0,40,North America,<=50K
6833,"[20, 30[", Private,209205,Graduate,14,Married-civ-spouse,Technical, Husband,*,Male,0,0,45,North America,>50K
6834,"[60, 70[", ?,112821,Undergraduate,10,Married-civ-spouse,Other, Husband,*,Male,0,0,35,North America,>50K
6835,"[30, 40[", Local-gov,178100,Graduate,14,Divorced,Technical, Unmarried,*,Female,0,0,40,North America,<=50K
6836,"[20, 30[", Private,70261,Undergraduate,10,Never-married,Other, Own-child,*,Male,0,0,30,North America,<=50K
6837,"[20, 30[", State-gov,186634,High School,8,Never-married,Nontechnical, Not-in-family,*,Male,0,0,40,North America,<=50K
6838,"[30, 40[", Private,32958,Undergraduate,10,Separated,Other, Other-relative,*,Female,0,0,40,North America,<=50K
6839,"[20, 30[", Private,254746,Undergraduate,13,Married-civ-spouse,Technical, Wife,*,Female,0,0,40,North America,<=50K
6840,"[50, 60[", Private,158746,High School,9,Never-married,Other, Unmarried,*,Male,0,0,40,North America,<=50K
6841,"[30, 40[", Self-emp-not-inc,140854,High School,9,Married-civ-spouse,Technical, Husband,*,Male,0,0,40,North America,<=50K
6842,"[40, 50[", Private,51506,High School,9,Married-civ-spouse,Nontechnical, Husband,*,Male,0,0,40,North America,<=50K
6843,"[40, 50[", Private,189564,Undergraduate,13,Married-civ-spouse,Nontechnical, Wife,*,Female,0,0,42,North America,>50K
6846,"[60, 70[", Self-emp-not-inc,431426,High School,9,Married-civ-spouse,Other, Wife,*,Female,0,0,2,North America,<=50K
6847,"[40, 50[", Private,199763,High School,9,Married-civ-spouse,Technical, Wife,*,Female,0,0,8,North America,<=50K
6848,"[60, 70[", Private,161563,High School,9,Married-civ-spouse,Technical, Husband,*,Male,0,0,48,North America,<=50K
6849,"[20, 30[", Local-gov,252024,Undergraduate,10,Married-civ-spouse,Other, Husband,*,Male,0,0,72,North America,>50K
6850,"[40, 50[", Private,43945,Undergraduate,10,Married-civ-spouse,Technical, Husband,*,Male,0,0,40,North America,>50K
6851,"[30, 40[", Private,178487,High School,9,Divorced,Other, Own-child,*,Male,0,0,60,North America,<=50K
6852,"[30, 40[", Private,604506,High School,9,Married-civ-spouse,Other, Own-child,*,Male,0,0,72,North America,<=50K
6854,"[40, 50[", Private,199191,Undergraduate,10,Never-married,Other, Not-in-family,*,Female,0,0,50,North America,<=50K
6855,"[20, 30[", Private,189775,High School,9,Never-married,Other, Not-in-family,*,Female,0,0,40,North America,<=50K
6856,"[10, 20[", Private,171080,High School,7,Never-married,Other, Own-child,*,Male,0,0,12,North America,<=50K
6857,"[40, 50[", Private,117310,Undergraduate,13,Divorced,Nontechnical, Not-in-family,*,Female,0,0,46,North America,<=50K
6858,"[40, 50[", Self-emp-inc,82049,High School,9,Married-civ-spouse,Technical, Husband,*,Male,0,0,40,North America,<=50K
6859,"[40, 50[", Self-emp-not-inc,126094,High School,9,Married-civ-spouse,Nontechnical, Husband,*,Male,0,0,38,North America,<=50K
6860,"[10, 20[", ?,202516,High School,9,Never-married,Other, Own-child,*,Female,0,0,35,North America,<=50K
6862,"[50, 60[", ?,69328,Professional Education,11,Married-civ-spouse,Other, Husband,*,Male,0,0,50,North America,>50K
6863,"[20, 30[", Private,292803,Undergraduate,10,Never-married,Other, Own-child,*,Female,0,0,24,North America,<=50K
6864,"[50, 60[", Private,286989,Primary School,1,Married-civ-spouse,Other, Husband,*,Male,0,0,60,North America,<=50K
6866,"[10, 20[", Private,235849,High School,9,Never-married,Other, Own-child,*,Male,0,0,35,North America,<=50K
6867,"[40, 50[", Private,359766,High School,4,Divorced,Nontechnical, Other-relative,*,Male,0,0,40,North America,<=50K
6868,"[30, 40[", Private,128016,High School,9,Married-spouse-absent,Other, Unmarried,*,Female,0,0,20,North America,<=50K
6869,"[40, 50[", Private,360096,Undergraduate,13,Married-civ-spouse,Nontechnical, Husband,*,Male,15024,0,60,North America,>50K
6870,"[30, 40[", Private,170154,Undergraduate,13,Never-married,Technical, Not-in-family,*,Female,0,0,40,North America,>50K
6871,"[30, 40[", Private,337286,Graduate,14,Never-married,Nontechnical, Not-in-family,*,Male,0,0,40,North America,<=50K
6872,"[50, 60[", Private,204322,Professional Education,11,Married-civ-spouse,Technical, Husband,*,Male,5013,0,40,North America,<=50K
6873,"[70, 80[", Self-emp-not-inc,143833,High School,8,Married-civ-spouse,Other, Husband,*,Male,0,0,18,North America,<=50K
6874,"[10, 20[", Private,365613,High School,6,Never-married,Other, Own-child,*,Male,0,0,10,North America,<=50K
6875,"[30, 40[", Private,100135,Undergraduate,13,Separated,Technical, Unmarried,*,Female,0,0,32,North America,<=50K
6876,"[40, 50[", Local-gov,180096,Graduate,14,Married-civ-spouse,Technical, Husband,*,Male,0,0,40,North America,>50K
6879,"[40, 50[", Federal-gov,564135,Graduate,14,Married-civ-spouse,Nontechnical, Husband,*,Male,0,0,40,North America,>50K
6880,"[40, 50[", Private,198759,Professional Education,12,Married-civ-spouse,Nontechnical, Husband,*,Male,15024,0,60,North America,>50K
6882,"[30, 40[", Private,193106,High School,9,Separated,Other, Unmarried,*,Female,0,0,32,North America,<=50K
6883,"[50, 60[", Private,250201,High School,7,Married-civ-spouse,Other, Husband,*,Male,0,0,52,North America,<=50K
6885,"[30, 40[", Private,222654,Undergraduate,13,Never-married,Technical, Not-in-family,*,Male,0,0,40,North America,<=50K
6886,"[50, 60[", Private,53366,High School,4,Divorced,Other, Unmarried,*,Male,0,0,40,North America,<=50K
6887,"[40, 50[", Private,132222,Undergraduate,13,Never-married,Nontechnical, Own-child,*,Male,0,0,60,North America,<=50K
6888,"[10, 20[", Private,100828,Undergraduate,10,Never-married,Other, Own-child,*,Male,0,0,20,North America,<=50K
6889,"[40, 50[", Private,31264,High School,9,Divorced,Other, Not-in-family,*,Female,0,0,35,North America,<=50K
6890,"[30, 40[", Private,202027,Professional Education,15,Married-civ-spouse,Technical, Husband,*,Male,0,0,45,North America,>50K
6891,"[30, 40[", Self-emp-not-inc,168906,Undergraduate,10,Divorced,Other, Unmarried,*,Female,0,0,50,North America,<=50K
6892,"[30, 40[", Self-emp-not-inc,255454,Undergraduate,10,Never-married,Technical, Not-in-family,*,Male,0,0,40,North America,<=50K
6893,"[20, 30[", Private,245524,High School,8,Never-married,Other, Not-in-family,*,Male,0,0,35,North America,<=50K
6894,"[20, 30[", Private,386040,Professional Education,11,Married-civ-spouse,Technical, Husband,*,Male,0,0,40,North America,<=50K
6895,"[20, 30[", Private,35424,Undergraduate,10,Never-married,Nontechnical, Own-child,*,Female,0,0,25,North America,<=50K
6896,"[50, 60[", ?,93655,Undergraduate,10,Married-civ-spouse,Other, Husband,*,Male,0,0,40,North America,<=50K
6897,"[40, 50[", Private,152629,Undergraduate,13,Married-civ-spouse,Other, Husband,*,Male,3103,0,40,North America,>50K
6899,"[20, 30[", Private,410240,High School,7,Never-married,Technical, Not-in-family,*,Male,0,0,40,North America,<=50K
6900,"[40, 50[", Private,138970,Undergraduate,13,Married-civ-spouse,Nontechnical, Husband,*,Male,0,0,45,North America,>50K
6901,"[30, 40[", Private,269722,Undergraduate,13,Married-civ-spouse,Nontechnical, Husband,*,Male,0,0,70,North America,<=50K
6902,"[30, 40[", Private,223678,High School,9,Never-married,Other, Unmarried,*,Female,0,0,32,North America,<=50K
6903,"[50, 60[", State-gov,197184,Undergraduate,13,Married-civ-spouse,Nontechnical, Husband,*,Male,0,0,38,North America,<=50K
6904,"[30, 40[", Private,143486,High School,9,Married-civ-spouse,Other, Husband,*,Male,7298,0,50,North America,>50K
6905,"[60, 70[", Private,160625,High School,9,Married-civ-spouse,Technical, Husband,*,Male,5013,0,40,North America,<=50K
6906,"[50, 60[", Private,140516,High School,9,Married-civ-spouse,Other, Husband,*,Male,0,0,40,North America,>50K
6907,"[40, 50[", Local-gov,85341,Undergraduate,13,Married-civ-spouse,Technical, Husband,*,Male,0,0,45,North America,<=50K
6908,"[30, 40[", Private,108293,Undergraduate,10,Never-married,Other, Own-child,*,Female,0,2205,40,North America,<=50K
6909,"[40, 50[", Self-emp-not-inc,192507,Professional Education,12,Divorced,Technical, Not-in-family,*,Female,0,0,50,North America,<=50K
6910,"[30, 40[", Private,186932,Undergraduate,13,Married-civ-spouse,Nontechnical, Husband,*,Male,0,0,70,North America,<=50K
6911,"[60, 70[", Self-emp-not-inc,223580,Undergraduate,10,Married-civ-spouse,Technical, Husband,*,Male,6514,0,40,North America,>50K
6912,"[30, 40[", Private,236861,High School,9,Married-civ-spouse,Technical, Husband,*,Male,0,0,60,North America,<=50K
6913,"[40, 50[", Local-gov,327886,Professional Education,12,Married-civ-spouse,Other, Husband,*,Male,0,0,40,North America,<=50K
6914,"[60, 70[", ?,407618,High School,5,Divorced,Other, Not-in-family,*,Female,2050,0,40,North America,<=50K
6915,"[60, 70[", Self-emp-inc,197060,Professional Education,11,Married-civ-spouse,Nontechnical, Husband,*,Male,0,0,50,North America,<=50K
6916,"[30, 40[", Private,229180,Undergraduate,13,Never-married,Nontechnical, Unmarried,*,Female,0,0,40,North America,<=50K
6917,"[20, 30[", Private,284317,Undergraduate,13,Never-married,Other, Own-child,*,Female,0,0,30,North America,<=50K
6919,"[20, 30[", Private,47907,Undergraduate,13,Never-married,Technical, Not-in-family,*,Female,0,0,48,North America,<=50K
6922,"[40, 50[", Private,299505,High School,9,Separated,Technical, Not-in-family,*,Male,0,0,40,North America,<=50K
6923,"[30, 40[", Private,267161,Undergraduate,10,Married-civ-spouse,Technical, Wife,*,Female,0,0,45,North America,<=50K
6924,"[30, 40[", Private,119177,Undergraduate,13,Married-civ-spouse,Nontechnical, Husband,*,Male,0,0,40,North America,>50K
6925,"[40, 50[", Private,327886,Professional Education,15,Never-married,Technical, Not-in-family,*,Male,0,0,40,North America,>50K
6926,"[40, 50[", Private,187730,Undergraduate,13,Never-married,Technical, Own-child,*,Male,0,0,40,North America,<=50K
6927,"[50, 60[", Private,109015,Undergraduate,10,Divorced,Other, Not-in-family,*,Female,0,0,38,North America,<=50K
6929,"[20, 30[", Private,104146,Undergraduate,13,Never-married,Technical, Own-child,*,Male,0,0,40,North America,<=50K
6930,"[30, 40[", Local-gov,50442,Undergraduate,10,Never-married,Other, Own-child,*,Female,0,0,25,North America,<=50K
6931,"[30, 40[", Private,57640,High School,9,Married-civ-spouse,Technical, Husband,*,Male,0,0,35,North America,<=50K
6932,"[30, 40[", Local-gov,333664,Undergraduate,10,Separated,Other, Not-in-family,*,Female,0,0,40,North America,<=50K
6933,"[20, 30[", Private,224858,Undergraduate,10,Married-civ-spouse,Technical, Husband,*,Male,0,0,45,North America,<=50K
6934,"[50, 60[", Private,290641,Undergraduate,13,Married-civ-spouse,Nontechnical, Husband,*,Male,0,0,50,North America,>50K
6935,"[60, 70[", ?,191118,High School,9,Married-civ-spouse,Other, Husband,*,Male,0,1848,40,North America,>50K
6936,"[20, 30[", Private,34402,Undergraduate,13,Never-married,Nontechnical, Not-in-family,*,Male,0,1590,60,North America,<=50K
6937,"[30, 40[", Private,245378,High School,6,Married-civ-spouse,Technical, Husband,*,Male,0,0,40,North America,<=50K
6938,"[40, 50[", Private,179136,High School,9,Never-married,Nontechnical, Not-in-family,*,Female,0,0,40,North America,<=50K
6939,"[20, 30[", Private,116788,High School,9,Never-married,Technical, Own-child,*,Male,0,0,40,North America,<=50K
6940,"[20, 30[", Private,129699,High School,9,Never-married,Other, Not-in-family,*,Male,0,0,40,North America,<=50K
6942,"[40, 50[", Self-emp-inc,95150,Undergraduate,10,Married-civ-spouse,Nontechnical, Husband,*,Male,0,0,50,North America,>50K
6943,"[60, 70[", Private,102479,Undergraduate,13,Divorced,Nontechnical, Not-in-family,*,Female,0,0,40,North America,<=50K
6944,"[40, 50[", Private,199191,High School,9,Married-civ-spouse,Other, Wife,*,Female,0,0,30,North America,<=50K
6945,"[30, 40[", Private,229636,Undergraduate,10,Married-civ-spouse,Technical, Husband,*,Male,0,0,45,North America,<=50K
6946,"[20, 30[", Private,53833,Undergraduate,10,Married-civ-spouse,Nontechnical, Husband,*,Male,0,0,42,North America,<=50K
6947,"[30, 40[", Self-emp-inc,27997,High School,9,Never-married,Other, Not-in-family,*,Male,0,0,50,North America,<=50K
6948,"[60, 70[", ?,124487,Undergraduate,10,Divorced,Other, Not-in-family,*,Female,0,0,40,North America,>50K
6949,"[30, 40[", Private,111363,Undergraduate,13,Married-civ-spouse,Technical, Husband,*,Male,0,0,45,North America,<=50K
6950,"[30, 40[", Private,107630,Undergraduate,13,Married-civ-spouse,Nontechnical, Husband,*,Male,0,0,40,North America,<=50K
6951,"[20, 30[", Private,134287,Professional Education,11,Never-married,Nontechnical, Own-child,*,Female,0,0,35,North America,<=50K
6953,"[20, 30[", Private,33616,High School,9,Never-married,Other, Unmarried,*,Female,0,0,35,North America,<=50K
6954,"[40, 50[", Local-gov,121124,Graduate,14,Married-civ-spouse,Technical, Husband,*,Male,0,0,35,North America,>50K
6955,"[20, 30[", Private,188189,Undergraduate,10,Never-married,Technical, Not-in-family,*,Female,0,0,30,North America,<=50K
6956,"[40, 50[", Private,106255,Undergraduate,10,Married-civ-spouse,Technical, Husband,*,Male,0,0,40,North America,<=50K
6957,"[40, 50[", Federal-gov,282830,Professional Education,12,Married-civ-spouse,Other, Husband,*,Male,0,0,40,North America,>50K
6958,"[40, 50[", Private,243904,High School,9,Divorced,Other, Unmarried,*,Male,0,0,40,North America,<=50K
6960,"[30, 40[", Private,131584,High School,9,Married-civ-spouse,Nontechnical, Husband,*,Male,7298,0,40,North America,>50K
6961,"[50, 60[", Private,427781,High School,9,Married-civ-spouse,Other, Husband,*,Male,0,0,40,North America,<=50K
6962,"[30, 40[", Private,334291,High School,9,Married-civ-spouse,Nontechnical, Husband,*,Male,0,0,40,North America,>50K
6963,"[50, 60[", Local-gov,173224,Graduate,14,Married-civ-spouse,Technical, Wife,*,Female,0,0,40,North America,<=50K
6965,"[30, 40[", Private,187560,Professional Education,15,Married-civ-spouse,Technical, Husband,*,Male,3908,0,40,North America,<=50K
6966,"[20, 30[", Private,204497,High School,6,Divorced,Other, Not-in-family,*,Male,0,0,75,North America,<=50K
6967,"[60, 70[", Private,230545,High School,4,Divorced,Other, Not-in-family,*,Female,0,0,35,North America,<=50K
6968,"[30, 40[", Private,118161,High School,9,Married-civ-spouse,Other, Husband,*,Male,0,0,40,North America,<=50K
6969,"[40, 50[", Private,150499,Professional Education,12,Married-civ-spouse,Technical, Husband,*,Male,0,0,40,North America,<=50K
6970,"[40, 50[", Local-gov,96554,High School,9,Never-married,Other, Own-child,*,Female,0,0,40,North America,<=50K
6971,"[30, 40[", Private,288551,Undergraduate,10,Married-civ-spouse,Technical, Husband,*,Male,0,0,52,North America,>50K
6972,"[60, 70[", Self-emp-not-inc,104003,High School,4,Married-civ-spouse,Nontechnical, Husband,*,Male,0,0,55,North America,<=50K
6973,"[50, 60[", Self-emp-inc,124963,Undergraduate,13,Married-civ-spouse,Nontechnical, Husband,*,Male,0,0,40,North America,>50K
6974,"[50, 60[", Private,198388,High School,9,Divorced,Other, Not-in-family,*,Female,0,0,40,North America,<=50K
6975,"[40, 50[", Federal-gov,126204,Undergraduate,10,Divorced,Other, Not-in-family,*,Female,0,0,40,North America,<=50K
6976,"[20, 30[", Private,91709,Professional Education,12,Never-married,Technical, Not-in-family,*,Female,0,0,45,North America,<=50K
6977,"[30, 40[", Self-emp-not-inc,152109,High School,9,Married-civ-spouse,Other, Husband,*,Male,0,0,60,North America,<=50K
6978,"[20, 30[", Self-emp-not-inc,191954,High School,4,Never-married,Other, Own-child,*,Male,0,0,50,North America,<=50K
6979,"[60, 70[", Private,108097,Undergraduate,10,Married-civ-spouse,Technical, Husband,*,Male,10566,0,45,North America,<=50K
6980,"[20, 30[", Local-gov,289991,Graduate,14,Married-civ-spouse,Technical, Husband,*,Male,0,0,50,North America,<=50K
6981,"[60, 70[", Private,92115,Undergraduate,10,Married-civ-spouse,Other, Husband,*,Male,0,0,40,North America,<=50K
6982,"[40, 50[", Private,320277,Undergraduate,13,Never-married,Technical, Not-in-family,*,Male,0,0,40,North America,<=50K
6983,"[20, 30[", Private,33610,High School,9,Never-married,Technical, Other-relative,*,Male,0,0,60,North America,<=50K
6984,"[30, 40[", Private,168276,High School,6,Divorced,Other, Not-in-family,*,Female,0,0,40,North America,<=50K
6985,"[50, 60[", State-gov,175127,Undergraduate,13,Married-civ-spouse,Other, Husband,*,Male,7688,0,38,North America,>50K
6986,"[30, 40[", Private,254973,High School,9,Married-civ-spouse,Nontechnical, Wife,*,Female,0,0,40,North America,>50K
6987,"[30, 40[", Private,95336,High School,6,Never-married,Technical, Not-in-family,*,Male,0,0,65,North America,<=50K
6989,"[30, 40[", Private,227282,High School,9,Married-civ-spouse,Other, Husband,*,Male,0,0,60,North America,<=50K
6990,"[10, 20[", Private,138153,Undergraduate,10,Never-married,Other, Own-child,*,Female,0,0,10,North America,<=50K
6991,"[50, 60[", Local-gov,174132,Graduate,14,Married-civ-spouse,Technical, Wife,*,Female,0,1977,40,North America,>50K
6992,"[30, 40[", Private,182237,Professional Education,12,Married-civ-spouse,Nontechnical, Husband,*,Male,4386,0,45,North America,>50K
6993,"[20, 30[", ?,111252,Undergraduate,10,Never-married,Other, Own-child,*,Female,0,0,30,North America,<=50K
6994,"[50, 60[", Local-gov,217775,High School,9,Married-civ-spouse,Nontechnical, Husband,*,Male,7298,0,40,North America,>50K
6995,"[20, 30[", ?,168863,Undergraduate,10,Never-married,Other, Own-child,*,Female,0,0,20,North America,<=50K
6996,"[20, 30[", Private,394503,Undergraduate,10,Married-civ-spouse,Nontechnical, Husband,*,Male,0,0,40,North America,<=50K
6997,"[40, 50[", Private,141657,High School,9,Divorced,Other, Unmarried,*,Female,0,0,40,North America,<=50K
6998,"[10, 20[", Private,125441,High School,7,Never-married,Other, Own-child,*,Male,1055,0,20,North America,<=50K
6999,"[20, 30[", Private,172230,High School,9,Never-married,Other, Not-in-family,*,Male,0,0,40,North America,<=50K
7000,"[20, 30[", Private,282944,Graduate,16,Married-civ-spouse,Technical, Husband,*,Male,0,0,50,North America,>50K
7001,"[40, 50[", Local-gov,55377,Undergraduate,13,Married-civ-spouse,Technical, Husband,*,Male,0,0,40,North America,<=50K
7002,"[30, 40[", State-gov,49352,Undergraduate,10,Never-married,Other, Own-child,*,Female,0,0,38,North America,<=50K
7003,"[30, 40[", Private,213887,Undergraduate,10,Divorced,Technical, Unmarried,*,Male,0,0,45,North America,<=50K
7004,"[60, 70[", Self-emp-not-inc,24046,High School,9,Widowed,Other, Other-relative,*,Female,0,0,40,North America,<=50K
7005,"[20, 30[", State-gov,208122,Undergraduate,13,Never-married,Technical, Not-in-family,*,Male,0,0,15,North America,<=50K
7006,"[50, 60[", Private,176118,High School,9,Married-civ-spouse,Technical, Husband,*,Male,3103,0,40,North America,>50K
7007,"[20, 30[", Private,227994,Undergraduate,10,Married-spouse-absent,Other, Own-child,*,Female,0,0,39,North America,<=50K
7008,"[40, 50[", Private,215389,Undergraduate,13,Married-civ-spouse,Technical, Husband,*,Male,0,0,48,North America,<=50K
7009,"[40, 50[", Private,99434,High School,9,Married-civ-spouse,Other, Wife,*,Female,0,0,12,North America,<=50K
7010,"[30, 40[", Private,190964,High School,9,Separated,Nontechnical, Own-child,*,Male,0,0,40,North America,<=50K
7011,"[20, 30[", ?,113700,Undergraduate,13,Never-married,Other, Own-child,*,Male,0,0,50,North America,<=50K
7012,"[20, 30[", Private,259840,Undergraduate,13,Married-civ-spouse,Nontechnical, Husband,*,Male,0,0,60,North America,>50K
7013,"[20, 30[", Private,168827,High School,9,Married-civ-spouse,Technical, Husband,*,Male,0,0,40,North America,<=50K
7014,"[30, 40[", Self-emp-inc,28984,Professional Education,11,Divorced,Nontechnical, Unmarried,*,Female,0,0,40,North America,<=50K
7015,"[40, 50[", Private,182211,High School,5,Married-civ-spouse,Nontechnical, Husband,*,Male,0,0,45,North America,<=50K
7016,"[40, 50[", Private,82393,Undergraduate,10,Never-married,Technical, Own-child,*,Male,0,0,40,North America,<=50K
7017,"[20, 30[", Private,183639,Undergraduate,13,Never-married,Other, Not-in-family,*,Male,0,0,21,North America,<=50K
7018,"[30, 40[", Private,342448,Undergraduate,10,Married-civ-spouse,Nontechnical, Husband,*,Male,0,0,55,North America,>50K
7019,"[40, 50[", State-gov,469907,Professional Education,12,Married-civ-spouse,Other, Husband,*,Male,0,1740,40,North America,<=50K
7020,"[20, 30[", Local-gov,211920,High School,9,Married-civ-spouse,Other, Husband,*,Male,0,0,40,North America,<=50K
7021,"[40, 50[", State-gov,33658,Graduate,14,Married-civ-spouse,Technical, Husband,*,Male,7688,0,50,North America,>50K
7022,"[40, 50[", Federal-gov,34178,Undergraduate,13,Divorced,Technical, Not-in-family,*,Male,0,0,40,North America,<=50K
7023,"[50, 60[", Private,400630,Professional Education,15,Married-civ-spouse,Technical, Husband,*,Male,0,0,36,North America,>50K
7025,"[20, 30[", Private,255685,Undergraduate,10,Never-married,Other, Own-child,*,Male,0,0,40,North America,<=50K
7026,"[30, 40[", Private,199256,High School,9,Divorced,Other, Unmarried,*,Female,0,0,40,North America,<=50K
7027,"[60, 70[", ?,143716,Graduate,14,Married-civ-spouse,Other, Husband,*,Male,0,0,2,North America,<=50K
7028,"[40, 50[", Private,221666,Undergraduate,10,Divorced,Technical, Unmarried,*,Female,0,0,40,North America,<=50K
7029,"[50, 60[", Private,145409,Undergraduate,10,Married-civ-spouse,Other, Husband,*,Male,15024,0,60,North America,>50K
7030,"[20, 30[", Private,39615,Undergraduate,13,Never-married,Nontechnical, Not-in-family,*,Male,0,0,45,North America,<=50K
7031,"[40, 50[", Private,104440,Undergraduate,13,Married-civ-spouse,Nontechnical, Husband,*,Male,0,0,40,North America,>50K
7032,"[20, 30[", Private,151382,High School,4,Divorced,Technical, Unmarried,*,Male,0,974,40,North America,<=50K
7033,"[60, 70[", Self-emp-not-inc,503675,Undergraduate,10,Married-civ-spouse,Nontechnical, Husband,*,Male,0,0,60,North America,>50K
7034,"[50, 60[", Private,306233,Undergraduate,13,Married-civ-spouse,Nontechnical, Husband,*,Male,15024,0,40,North America,>50K
7035,"[50, 60[", Private,216475,Undergraduate,13,Never-married,Nontechnical, Not-in-family,*,Female,0,1564,43,North America,>50K
7037,"[20, 30[", Private,107190,Undergraduate,10,Never-married,Other, Own-child,*,Male,0,0,20,North America,<=50K
7039,"[20, 30[", Private,83141,High School,9,Never-married,Other, Not-in-family,*,Male,0,0,53,North America,<=50K
7040,"[50, 60[", Private,444089,High School,7,Divorced,Nontechnical, Not-in-family,*,Female,0,0,40,North America,<=50K
7041,"[30, 40[", Private,141896,High School,8,Married-civ-spouse,Technical, Husband,*,Male,0,0,40,North America,<=50K
7042,"[30, 40[", Federal-gov,33487,Undergraduate,10,Divorced,Technical, Unmarried,*,Female,0,0,20,North America,<=50K
7043,"[40, 50[", Private,65372,Graduate,16,Divorced,Nontechnical, Unmarried,*,Female,0,0,50,North America,>50K
7044,"[30, 40[", Private,341346,High School,7,Married-civ-spouse,Nontechnical, Husband,*,Male,0,0,40,North America,<=50K
7046,"[40, 50[", Private,287480,Undergraduate,10,Married-civ-spouse,Technical, Husband,*,Male,0,0,40,North America,<=50K
7047,"[50, 60[", Self-emp-inc,107287,High School,6,Widowed,Nontechnical, Unmarried,*,Female,0,2559,50,North America,>50K
7048,"[50, 60[", Private,199067,High School,7,Married-civ-spouse,Technical, Husband,*,Male,0,0,32,North America,<=50K
7049,"[20, 30[", ?,182771,Professional Education,11,Never-married,Other, Own-child,*,Male,0,0,20,North America,<=50K
7050,"[30, 40[", Private,159737,High School,6,Never-married,Other, Unmarried,*,Female,0,0,40,North America,<=50K
7051,"[30, 40[", Private,110643,Graduate,14,Married-civ-spouse,Other, Husband,*,Male,4386,0,40,North America,>50K
7052,"[20, 30[", Private,117583,Undergraduate,13,Never-married,Nontechnical, Own-child,*,Male,0,0,48,North America,<=50K
7053,"[40, 50[", Self-emp-not-inc,43479,Undergraduate,10,Married-civ-spouse,Technical, Husband,*,Male,0,0,40,North America,<=50K
7055,"[50, 60[", Private,133963,High School,9,Divorced,Other, Unmarried,*,Female,0,0,35,North America,<=50K
7056,"[30, 40[", Private,227794,Undergraduate,13,Never-married,Other, Not-in-family,*,Male,0,0,40,North America,<=50K
7058,"[40, 50[", Self-emp-not-inc,110457,Undergraduate,10,Married-civ-spouse,Technical, Husband,*,Male,0,0,50,North America,>50K
7060,"[40, 50[", Federal-gov,297906,Undergraduate,13,Married-civ-spouse,Technical, Husband,*,Male,0,0,50,North America,>50K
7061,"[10, 20[", Private,151506,High School,9,Never-married,Other, Own-child,*,Female,0,0,30,North America,<=50K
7062,"[30, 40[", Federal-gov,139455,Undergraduate,13,Never-married,Nontechnical, Own-child,*,Female,0,0,40,North America,<=50K
7063,"[30, 40[", Private,26987,High School,9,Divorced,Other, Unmarried,*,Female,0,0,40,North America,<=50K
7064,"[50, 60[", Self-emp-not-inc,233312,Graduate,14,Married-civ-spouse,Technical, Husband,*,Male,0,0,50,North America,>50K
7065,"[20, 30[", Private,161092,Undergraduate,13,Never-married,Nontechnical, Own-child,*,Male,0,0,40,North America,<=50K
7066,"[50, 60[", Local-gov,98361,High School,9,Married-civ-spouse,Nontechnical, Husband,*,Male,0,0,50,North America,<=50K
7067,"[20, 30[", Private,188928,High School,9,Married-civ-spouse,Other, Husband,*,Male,0,0,40,North America,<=50K
7068,"[20, 30[", Private,164922,High School,9,Married-civ-spouse,Other, Husband,*,Male,0,0,40,North America,<=50K
7069,"[40, 50[", Private,185673,High School,9,Divorced,Other, Not-in-family,*,Male,0,0,40,North America,<=50K
7070,"[30, 40[", Private,193598,Primary School,1,Never-married,Other, Not-in-family,*,Male,0,0,40,North America,<=50K
7071,"[50, 60[", Private,274111,Undergraduate,13,Married-civ-spouse,Other, Husband,*,Male,0,0,45,North America,>50K
7073,"[50, 60[", Private,160932,High School,9,Married-civ-spouse,Other, Husband,*,Male,0,0,44,North America,>50K
7074,"[50, 60[", Private,44368,Undergraduate,10,Married-civ-spouse,Nontechnical, Husband,*,Male,0,0,40,North America,<=50K
7075,"[20, 30[", ?,291374,High School,9,Separated,Other, Unmarried,*,Female,0,0,30,North America,<=50K
7076,"[30, 40[", Private,280927,Undergraduate,13,Never-married,Other, Not-in-family,*,Female,0,0,40,North America,<=50K
7077,"[20, 30[", Private,222993,High School,9,Never-married,Technical, Own-child,*,Male,0,0,40,North America,<=50K
7078,"[40, 50[", Federal-gov,25240,Professional Education,11,Divorced,Technical, Unmarried,*,Female,0,0,40,North America,<=50K
7079,"[30, 40[", Self-emp-not-inc,204052,High School,9,Married-civ-spouse,Technical, Husband,*,Male,0,0,40,North America,>50K
7082,"[30, 40[", Private,104509,Undergraduate,13,Never-married,Nontechnical, Not-in-family,*,Female,0,0,65,North America,>50K
7083,"[30, 40[", Local-gov,185394,Undergraduate,13,Married-civ-spouse,Technical, Wife,*,Female,7688,0,40,North America,>50K
7084,"[40, 50[", Local-gov,254146,Graduate,14,Married-civ-spouse,Technical, Husband,*,Male,0,0,40,North America,>50K
7085,"[50, 60[", Self-emp-inc,227856,Undergraduate,13,Married-civ-spouse,Nontechnical, Husband,*,Male,0,2415,50,North America,>50K
7086,"[10, 20[", Private,183041,High School,9,Never-married,Other, Own-child,*,Male,0,0,20,North America,<=50K
7087,"[40, 50[", Private,107682,Graduate,14,Divorced,Nontechnical, Not-in-family,*,Female,0,0,40,North America,>50K
7088,"[50, 60[", Self-emp-inc,287598,Undergraduate,10,Married-civ-spouse,Technical, Husband,*,Male,0,0,70,North America,<=50K
7089,"[50, 60[", Private,182186,High School,5,Married-civ-spouse,Other, Husband,*,Male,0,0,40,North America,<=50K
7090,"[40, 50[", Self-emp-inc,194636,Undergraduate,13,Married-civ-spouse,Nontechnical, Husband,*,Male,99999,0,65,North America,>50K
7091,"[40, 50[", Private,112305,Undergraduate,10,Divorced,Other, Unmarried,*,Female,0,0,40,North America,<=50K
7092,"[20, 30[", Private,212661,High School,6,Never-married,Other, Not-in-family,*,Female,0,0,39,North America,<=50K
7093,"[30, 40[", Private,32709,Undergraduate,13,Married-civ-spouse,Technical, Wife,*,Female,0,0,40,North America,>50K
7094,"[40, 50[", Federal-gov,46366,High School,9,Separated,Other, Unmarried,*,Female,0,0,40,North America,<=50K
7095,"[30, 40[", Self-emp-not-inc,24106,High School,9,Married-civ-spouse,Technical, Husband,*,Male,0,0,30,North America,<=50K
7097,"[40, 50[", Self-emp-not-inc,40666,Professional Education,11,Married-civ-spouse,Other, Husband,*,Male,0,0,60,North America,<=50K
7098,"[30, 40[", Private,182975,Undergraduate,10,Never-married,Technical, Not-in-family,*,Female,0,0,20,North America,<=50K
7099,"[30, 40[", Private,345122,Professional Education,15,Married-civ-spouse,Technical, Husband,*,Male,0,0,50,North America,<=50K
7100,"[50, 60[", ?,208311,Undergraduate,13,Married-civ-spouse,Other, Husband,*,Male,0,0,80,North America,>50K
7101,"[30, 40[", Private,120045,High School,9,Divorced,Technical, Not-in-family,*,Female,0,0,56,North America,<=50K
7102,"[10, 20[", ?,201299,Undergraduate,10,Never-married,Other, Own-child,*,Female,0,0,40,North America,<=50K
7103,"[30, 40[", Private,152940,Undergraduate,10,Married-civ-spouse,Nontechnical, Husband,*,Male,0,0,40,North America,>50K
7104,"[40, 50[", Private,243580,Undergraduate,13,Married-civ-spouse,Technical, Husband,*,Male,0,0,40,North America,>50K
7105,"[40, 50[", Private,182128,Graduate,14,Divorced,Technical, Unmarried,*,Female,6497,0,50,North America,<=50K
7106,"[30, 40[", ?,176458,High School,9,Divorced,Other, Unmarried,*,Female,0,0,28,North America,<=50K
7107,"[30, 40[", Private,101562,Graduate,14,Never-married,Nontechnical, Not-in-family,*,Female,0,0,40,North America,<=50K
7108,"[40, 50[", Private,108699,High School,9,Never-married,Other, Not-in-family,*,Female,0,0,40,North America,<=50K
7109,"[30, 40[", Private,175878,High School,9,Married-civ-spouse,Nontechnical, Husband,*,Female,0,0,40,North America,<=50K
7110,"[30, 40[", Local-gov,177675,Undergraduate,10,Never-married,Other, Not-in-family,*,Male,0,0,50,North America,>50K
7111,"[30, 40[", Private,213887,High School,9,Divorced,Other, Not-in-family,*,Male,0,0,40,North America,<=50K
7113,"[20, 30[", Private,435835,High School,9,Never-married,Nontechnical, Not-in-family,*,Male,0,1669,55,North America,<=50K
7114,"[30, 40[", Private,165799,High School,9,Married-civ-spouse,Nontechnical, Husband,*,Male,0,0,40,North America,<=50K
7115,"[20, 30[", Private,71469,Professional Education,12,Never-married,Nontechnical, Own-child,*,Female,0,0,25,North America,<=50K
7116,"[10, 20[", Private,229745,High School,9,Never-married,Other, Own-child,*,Male,0,0,20,North America,<=50K
7117,"[40, 50[", Private,284916,High School,9,Married-civ-spouse,Nontechnical, Husband,*,Male,7298,0,45,North America,>50K
7118,"[40, 50[", Private,28419,Professional Education,11,Never-married,Other, Not-in-family,*,Male,0,0,50,North America,<=50K
7119,"[40, 50[", Private,26950,Graduate,14,Divorced,Nontechnical, Not-in-family,*,Female,0,0,6,North America,<=50K
7120,"[40, 50[", Self-emp-not-inc,107231,Graduate,16,Married-civ-spouse,Technical, Husband,*,Male,0,0,35,North America,>50K
7121,"[50, 60[", Local-gov,512103,Undergraduate,10,Divorced,Other, Not-in-family,*,Female,0,0,40,North America,<=50K
7122,"[30, 40[", Self-emp-not-inc,245090,High School,5,Married-civ-spouse,Technical, Husband,*,Male,0,0,40,North America,<=50K
7123,"[50, 60[", Private,314153,High School,9,Married-civ-spouse,Nontechnical, Husband,*,Male,0,0,40,North America,>50K
7124,"[30, 40[", Private,243988,Primary School,3,Married-civ-spouse,Other, Husband,*,Male,0,0,40,North America,<=50K
7126,"[20, 30[", Private,42706,Undergraduate,10,Never-married,Other, Not-in-family,*,Male,0,0,25,North America,<=50K
7127,"[20, 30[", Private,235795,Professional Education,12,Never-married,Nontechnical, Not-in-family,*,Male,0,0,48,North America,<=50K
7128,"[20, 30[", Self-emp-not-inc,108001,High School,5,Never-married,Technical, Not-in-family,*,Male,0,0,15,North America,<=50K
7129,"[30, 40[", State-gov,112497,Undergraduate,13,Divorced,Technical, Not-in-family,*,Male,0,1876,44,North America,<=50K
7130,"[60, 70[", Self-emp-not-inc,128206,High School,9,Married-civ-spouse,Technical, Husband,*,Male,0,0,30,North America,<=50K
7131,"[20, 30[", Private,224634,Undergraduate,13,Married-civ-spouse,Technical, Wife,*,Female,0,0,45,North America,>50K
7132,"[20, 30[", Private,362999,Undergraduate,10,Never-married,Other, Own-child,*,Female,0,0,20,North America,<=50K
7133,"[20, 30[", Private,346693,High School,4,Never-married,Other, Unmarried,*,Male,0,0,40,North America,<=50K
7134,"[30, 40[", Private,175759,Undergraduate,13,Married-civ-spouse,Technical, Husband,*,Male,0,0,40,North America,>50K
7135,"[20, 30[", Private,99199,High School,9,Never-married,Technical, Own-child,*,Male,0,0,32,North America,<=50K
7136,"[20, 30[", ?,219987,Professional Education,12,Married-civ-spouse,Other, Husband,*,Male,0,0,13,North America,<=50K
7137,"[30, 40[", Private,143445,High School,9,Married-civ-spouse,Other, Other-relative,*,Female,0,0,40,North America,<=50K
7138,"[30, 40[", Private,118710,Professional Education,11,Married-civ-spouse,Other, Husband,*,Male,0,0,40,North America,>50K
7139,"[30, 40[", Local-gov,224185,High School,9,Married-civ-spouse,Technical, Husband,*,Male,0,0,40,North America,<=50K
7140,"[40, 50[", Private,118972,High School,9,Married-civ-spouse,Other, Husband,*,Male,0,0,50,North America,>50K
7141,"[20, 30[", Private,165360,Professional Education,11,Never-married,Other, Not-in-family,*,Female,0,0,40,North America,<=50K
7142,"[40, 50[", Private,38950,High School,9,Married-civ-spouse,Technical, Husband,*,Male,0,0,89,North America,<=50K
7143,"[40, 50[", Self-emp-inc,277256,Graduate,16,Married-civ-spouse,Technical, Husband,*,Male,0,1977,60,North America,>50K
7144,"[20, 30[", Private,247151,High School,7,Divorced,Technical, Unmarried,*,Female,0,0,40,North America,<=50K
7145,"[30, 40[", Private,213722,High School,9,Never-married,Nontechnical, Own-child,*,Male,0,0,40,North America,<=50K
7146,"[20, 30[", Private,209955,Undergraduate,10,Never-married,Other, Own-child,*,Male,0,0,25,North America,<=50K
7147,"[40, 50[", Private,174395,Graduate,14,Married-civ-spouse,Technical, Husband,*,Male,0,0,40,North America,>50K
7148,"[40, 50[", Private,138626,Undergraduate,10,Divorced,Nontechnical, Not-in-family,*,Male,0,1876,50,North America,<=50K
7149,"[20, 30[", ?,179973,Professional Education,11,Never-married,Other, Own-child,*,Male,0,0,40,North America,<=50K
7150,"[20, 30[", Private,200207,High School,9,Divorced,Nontechnical, Own-child,*,Male,0,0,44,North America,<=50K
7151,"[10, 20[", Private,156587,Undergraduate,10,Never-married,Other, Own-child,*,Female,0,0,38,North America,<=50K
7152,"[20, 30[", Private,33016,Undergraduate,10,Never-married,Technical, Own-child,*,Male,0,0,40,North America,<=50K
7154,"[30, 40[", Private,153588,High School,9,Divorced,Technical, Not-in-family,*,Male,0,0,40,North America,<=50K
7155,"[50, 60[", Private,99736,Graduate,14,Divorced,Technical, Unmarried,*,Male,15020,0,50,North America,>50K
7156,"[30, 40[", Private,284166,High School,9,Never-married,Nontechnical, Unmarried,*,Male,0,0,60,North America,>50K
7157,"[10, 20[", Private,716066,High School,6,Never-married,Technical, Own-child,*,Male,0,0,30,North America,<=50K
7158,"[20, 30[", Private,188519,High School,9,Divorced,Nontechnical, Own-child,*,Female,0,0,40,North America,<=50K
7159,"[20, 30[", Private,109080,Undergraduate,10,Married-civ-spouse,Nontechnical, Husband,*,Male,0,0,60,North America,<=50K
7160,"[50, 60[", Private,174421,Professional Education,12,Divorced,Technical, Unmarried,*,Female,0,0,32,North America,<=50K
7161,"[20, 30[", Private,259351,Undergraduate,10,Never-married,Technical, Unmarried,*,Male,0,0,40,North America,<=50K
7162,"[40, 50[", Federal-gov,284403,High School,9,Divorced,Other, Not-in-family,*,Male,0,0,40,North America,<=50K
7163,"[30, 40[", Private,85319,Professional Education,15,Married-civ-spouse,Technical, Wife,*,Female,7688,0,60,North America,>50K
7164,"[20, 30[", ?,201766,Undergraduate,10,Never-married,Other, Own-child,*,Female,0,0,35,North America,<=50K
7165,"[20, 30[", State-gov,340475,Undergraduate,10,Never-married,Other, Own-child,*,Female,0,0,10,North America,<=50K
7167,"[60, 70[", ?,484298,High School,7,Married-civ-spouse,Other, Husband,*,Male,0,0,30,North America,<=50K
7168,"[30, 40[", Private,170617,High School,9,Never-married,Technical, Unmarried,*,Female,0,0,48,North America,<=50K
7169,"[50, 60[", Private,94055,Undergraduate,13,Married-civ-spouse,Other, Husband,*,Male,0,0,40,North America,<=50K
7170,"[20, 30[", Private,117779,Undergraduate,13,Never-married,Nontechnical, Own-child,*,Male,0,0,40,North America,<=50K
7171,"[20, 30[", Private,209770,Undergraduate,13,Never-married,Technical, Not-in-family,*,Female,0,0,8,North America,<=50K
7172,"[20, 30[", Private,317443,Undergraduate,10,Never-married,Other, Own-child,*,Female,0,0,15,North America,<=50K
7173,"[60, 70[", ?,140237,Primary School,1,Married-civ-spouse,Other, Husband,*,Male,0,0,40,North America,<=50K
7174,"[20, 30[", Private,107411,Undergraduate,13,Never-married,Technical, Not-in-family,*,Female,0,0,35,North America,<=50K
7175,"[30, 40[", Self-emp-not-inc,122493,High School,9,Married-civ-spouse,Technical, Husband,*,Male,0,0,47,North America,<=50K
7176,"[40, 50[", Self-emp-inc,195124,High School,9,Married-civ-spouse,Other, Husband,*,Male,0,0,60,Unknown,<=50K
7177,"[30, 40[", Private,101978,Undergraduate,10,Separated,Technical, Not-in-family,*,Male,0,2258,55,North America,>50K
7178,"[20, 30[", Private,335453,High School,9,Never-married,Other, Not-in-family,*,Female,0,0,60,North America,<=50K
7179,"[50, 60[", Private,318329,High School,9,Married-civ-spouse,Technical, Husband,*,Male,0,0,40,North America,<=50K
7180,"[20, 30[", Private,100321,Undergraduate,13,Married-civ-spouse,Technical, Husband,*,Male,0,0,45,North America,<=50K
7181,"[20, 30[", Self-emp-not-inc,81145,Undergraduate,10,Never-married,Other, Not-in-family,*,Female,0,0,75,North America,<=50K
7182,"[20, 30[", Private,62865,Professional Education,12,Never-married,Other, Not-in-family,*,Female,0,0,40,North America,<=50K
7183,"[20, 30[", Private,176262,Undergraduate,10,Never-married,Nontechnical, Own-child,*,Female,0,0,30,North America,<=50K
7184,"[40, 50[", Private,168103,Undergraduate,13,Married-civ-spouse,Nontechnical, Husband,*,Male,0,0,40,North America,>50K
7185,"[40, 50[", Local-gov,208174,Graduate,14,Divorced,Technical, Unmarried,*,Female,0,0,55,North America,<=50K
7186,"[10, 20[", Private,188815,High School,9,Never-married,Other, Own-child,*,Female,34095,0,20,North America,<=50K
7187,"[60, 70[", Self-emp-not-inc,226092,Undergraduate,10,Married-civ-spouse,Other, Husband,*,Male,0,0,44,North America,<=50K
7188,"[20, 30[", Private,212668,Undergraduate,10,Never-married,Nontechnical, Own-child,*,Female,0,0,30,North America,<=50K
7189,"[30, 40[", Private,381583,High School,9,Married-civ-spouse,Technical, Husband,*,Male,0,0,40,North America,<=50K
7190,"[40, 50[", Private,239439,High School,9,Separated,Technical, Own-child,*,Female,0,0,40,North America,<=50K
7191,"[50, 60[", Private,172493,High School,9,Never-married,Nontechnical, Not-in-family,*,Female,0,0,36,North America,<=50K
7192,"[40, 50[", Private,239876,Undergraduate,13,Divorced,Technical, Unmarried,*,Male,0,0,40,North America,<=50K
7193,"[60, 70[", ?,221881,High School,7,Married-civ-spouse,Other, Husband,*,Male,0,0,40,North America,<=50K
7194,"[30, 40[", Local-gov,218184,Undergraduate,13,Married-civ-spouse,Technical, Husband,*,Male,0,1887,40,North America,>50K
7195,"[20, 30[", Self-emp-not-inc,206889,Undergraduate,10,Married-civ-spouse,Other, Husband,*,Male,0,0,50,North America,<=50K
7196,"[30, 40[", Private,110668,High School,9,Married-civ-spouse,Technical, Wife,*,Female,0,0,35,North America,<=50K
7197,"[30, 40[", Private,211028,High School,9,Never-married,Other, Not-in-family,*,Female,0,0,45,North America,<=50K
7198,"[60, 70[", Local-gov,202984,High School,9,Married-civ-spouse,Technical, Husband,*,Male,3137,0,40,North America,<=50K
7199,"[40, 50[", Private,20296,High School,9,Divorced,Other, Not-in-family,*,Female,0,0,37,North America,>50K
7200,"[30, 40[", Private,194690,High School,4,Divorced,Technical, Unmarried,*,Female,0,0,40,North America,<=50K
7201,"[20, 30[", Self-emp-not-inc,204984,Undergraduate,13,Never-married,Technical, Not-in-family,*,Male,0,0,45,North America,<=50K
7203,"[40, 50[", Self-emp-not-inc,238574,Professional Education,15,Married-civ-spouse,Technical, Husband,*,Male,0,0,55,North America,>50K
7204,"[30, 40[", Private,345360,Undergraduate,10,Never-married,Nontechnical, Not-in-family,*,Male,0,0,40,North America,<=50K
7205,"[40, 50[", Private,192381,Undergraduate,10,Married-civ-spouse,Technical, Husband,*,Male,0,0,50,North America,>50K
7206,"[20, 30[", Private,479765,High School,4,Never-married,Nontechnical, Other-relative,*,Male,0,0,45,North America,<=50K
7207,"[40, 50[", Self-emp-inc,34091,Undergraduate,13,Married-civ-spouse,Nontechnical, Husband,*,Male,0,0,38,North America,>50K
7208,"[30, 40[", Private,151773,Undergraduate,10,Married-civ-spouse,Technical, Husband,*,Male,0,0,40,North America,>50K
7209,"[50, 60[", Private,299080,Undergraduate,10,Never-married,Other, Unmarried,*,Female,0,0,40,North America,<=50K
7211,"[20, 30[", Local-gov,52156,Undergraduate,10,Married-civ-spouse,Other, Husband,*,Male,0,0,60,North America,<=50K
7212,"[30, 40[", Private,318647,High School,7,Never-married,Technical, Not-in-family,*,Male,0,0,40,North America,<=50K
7213,"[30, 40[", Private,80145,High School,9,Married-civ-spouse,Other, Husband,*,Male,0,0,60,North America,<=50K
7214,"[30, 40[", State-gov,343646,Undergraduate,13,Divorced,Other, Not-in-family,*,Male,0,0,40,North America,>50K
7215,"[40, 50[", Self-emp-not-inc,198692,Undergraduate,10,Married-civ-spouse,Technical, Husband,*,Male,0,0,45,North America,>50K
7216,"[10, 20[", Private,266635,High School,9,Never-married,Other, Own-child,*,Male,0,0,30,North America,<=50K
7217,"[30, 40[", Private,197672,Undergraduate,13,Married-civ-spouse,Technical, Husband,*,Male,0,0,40,North America,<=50K
7218,"[50, 60[", Private,185846,High School,9,Married-civ-spouse,Technical, Husband,*,Male,0,0,40,North America,<=50K
7219,"[40, 50[", Self-emp-not-inc,315110,Undergraduate,10,Married-civ-spouse,Technical, Husband,*,Male,0,0,20,North America,<=50K
7221,"[20, 30[", Private,64292,High School,9,Never-married,Technical, Not-in-family,*,Female,0,0,40,North America,<=50K
7222,"[20, 30[", Private,126060,High School,9,Married-civ-spouse,Nontechnical, Wife,*,Female,0,0,40,North America,>50K
7223,"[50, 60[", Private,78012,High School,9,Widowed,Nontechnical, Unmarried,*,Female,0,1762,40,North America,<=50K
7224,"[30, 40[", Private,210562,Professional Education,11,Divorced,Technical, Own-child,*,Male,0,0,46,North America,<=50K
7225,"[20, 30[", Private,350181,High School,9,Never-married,Nontechnical, Not-in-family,*,Male,0,0,40,North America,<=50K
7226,"[20, 30[", Private,233421,Undergraduate,10,Never-married,Other, Own-child,*,Male,0,0,20,North America,<=50K
7227,"[50, 60[", Private,167170,High School,9,Widowed,Technical, Not-in-family,*,Female,0,0,40,North America,<=50K
7228,"[10, 20[", Private,260801,High School,9,Never-married,Nontechnical, Own-child,*,Male,0,0,20,North America,<=50K
7229,"[40, 50[", Private,173370,Undergraduate,13,Separated,Nontechnical, Unmarried,*,Female,0,0,30,North America,<=50K
7230,"[20, 30[", Private,135520,High School,9,Married-civ-spouse,Technical, Wife,*,Female,0,0,40,North America,<=50K
7231,"[30, 40[", Private,121308,Undergraduate,10,Divorced,Nontechnical, Own-child,*,Male,0,0,40,North America,<=50K
7232,"[40, 50[", Private,444743,High School,9,Divorced,Technical, Unmarried,*,Female,0,0,40,North America,<=50K
7233,"[20, 30[", Private,65225,Undergraduate,10,Never-married,Other, Not-in-family,*,Female,0,0,30,North America,<=50K
7235,"[40, 50[", State-gov,271962,Undergraduate,13,Divorced,Other, Not-in-family,*,Female,0,0,40,North America,<=50K
7236,"[40, 50[", Private,204046,High School,6,Divorced,Other, Own-child,*,Male,0,0,40,North America,<=50K
7237,"[20, 30[", Private,225823,Undergraduate,10,Never-married,Other, Not-in-family,*,Female,0,0,40,North America,<=50K
7238,"[20, 30[", Private,183009,Undergraduate,13,Never-married,Technical, Not-in-family,*,Female,0,1590,40,North America,<=50K
7240,"[20, 30[", Private,49092,High School,9,Married-civ-spouse,Technical, Husband,*,Male,0,0,40,North America,<=50K
7241,"[20, 30[", Private,148709,High School,9,Separated,Nontechnical, Other-relative,*,Female,0,0,40,North America,<=50K
7242,"[20, 30[", Private,209205,Undergraduate,13,Never-married,Technical, Own-child,*,Male,0,0,40,North America,<=50K
7243,"[30, 40[", Local-gov,285865,Undergraduate,13,Never-married,Other, Not-in-family,*,Female,0,0,40,North America,<=50K
7244,"[20, 30[", Federal-gov,216129,High School,9,Never-married,Other, Other-relative,*,Male,0,0,40,North America,<=50K
7246,"[50, 60[", Private,197189,Undergraduate,13,Married-civ-spouse,Other, Husband,*,Male,0,0,40,North America,<=50K
7247,"[30, 40[", Private,33001,High School,9,Divorced,Other, Unmarried,*,Male,0,0,50,North America,<=50K
7248,"[40, 50[", Private,227399,Professional Education,11,Married-civ-spouse,Nontechnical, Husband,*,Male,0,0,40,North America,<=50K
7249,"[30, 40[", Private,164050,Undergraduate,10,Married-civ-spouse,Other, Husband,*,Male,0,0,40,North America,>50K
7250,"[40, 50[", Private,259087,Undergraduate,10,Divorced,Technical, Not-in-family,*,Female,0,0,40,North America,<=50K
7251,"[10, 20[", Private,236262,High School,7,Never-married,Nontechnical, Own-child,*,Male,0,0,12,North America,<=50K
7252,"[20, 30[", Private,177929,Undergraduate,13,Never-married,Nontechnical, Not-in-family,*,Male,0,0,48,North America,<=50K
7254,"[30, 40[", Private,199963,High School,7,Married-civ-spouse,Technical, Wife,*,Female,0,0,40,North America,<=50K
7255,"[30, 40[", State-gov,98776,High School,9,Never-married,Technical, Own-child,*,Male,0,0,40,North America,<=50K
7256,"[40, 50[", Private,135056,High School,9,Never-married,Other, Not-in-family,*,Female,0,0,45,North America,<=50K
7257,"[40, 50[", Self-emp-not-inc,55363,High School,9,Married-civ-spouse,Technical, Husband,*,Male,3411,0,40,North America,<=50K
7259,"[30, 40[", Private,231263,High School,9,Married-civ-spouse,Nontechnical, Husband,*,Male,0,0,40,North America,<=50K
7260,"[10, 20[", Private,226913,Undergraduate,10,Never-married,Nontechnical, Own-child,*,Female,0,0,20,North America,<=50K
7261,"[30, 40[", Private,129573,Professional Education,12,Married-civ-spouse,Nontechnical, Husband,*,Male,0,0,60,North America,>50K
7262,"[30, 40[", Private,191001,High School,9,Never-married,Nontechnical, Not-in-family,*,Female,0,0,40,North America,<=50K
7263,"[50, 60[", Federal-gov,69345,Professional Education,12,Married-civ-spouse,Nontechnical, Husband,*,Male,0,0,60,North America,<=50K
7264,"[30, 40[", Private,204556,High School,9,Divorced,Technical, Not-in-family,*,Male,0,0,40,North America,<=50K
7265,"[30, 40[", Private,192626,Undergraduate,10,Married-civ-spouse,Technical, Husband,*,Male,0,0,50,North America,>50K
7266,"[40, 50[", Private,202812,Undergraduate,13,Married-civ-spouse,Technical, Husband,*,Male,0,0,40,North America,>50K
7267,"[20, 30[", Private,405177,High School,6,Separated,Nontechnical, Unmarried,*,Female,0,0,40,North America,<=50K
7268,"[40, 50[", Private,227890,Undergraduate,10,Divorced,Technical, Not-in-family,*,Male,0,0,46,North America,>50K
7269,"[30, 40[", Private,101352,Professional Education,15,Never-married,Technical, Not-in-family,*,Female,0,0,50,North America,>50K
7270,"[40, 50[", Private,82572,Undergraduate,10,Never-married,Other, Not-in-family,*,Female,0,0,60,North America,<=50K
7271,"[20, 30[", Private,132686,Undergraduate,10,Married-civ-spouse,Nontechnical, Husband,*,Male,0,0,40,North America,>50K
7272,"[40, 50[", Local-gov,149210,Undergraduate,13,Married-civ-spouse,Other, Husband,*,Male,15024,0,40,North America,>50K
7274,"[40, 50[", Self-emp-inc,483596,High School,9,Married-civ-spouse,Nontechnical, Husband,*,Male,2885,0,32,North America,<=50K
7276,"[30, 40[", Private,347166,High School,9,Never-married,Nontechnical, Not-in-family,*,Male,0,0,60,North America,<=50K
7277,"[30, 40[", Local-gov,108540,High School,9,Married-civ-spouse,Technical, Husband,*,Male,0,0,40,North America,<=50K
7278,"[30, 40[", Private,333305,Graduate,16,Married-civ-spouse,Technical, Wife,*,Female,0,0,35,North America,<=50K
7280,"[20, 30[", Federal-gov,246372,High School,9,Married-civ-spouse,Other, Husband,*,Male,0,0,40,North America,<=50K
7281,"[50, 60[", Private,30290,High School,9,Never-married,Nontechnical, Not-in-family,*,Female,0,0,40,North America,<=50K
7282,"[40, 50[", Private,347321,High School,9,Never-married,Technical, Not-in-family,*,Male,0,0,40,North America,<=50K
7283,"[30, 40[", Self-emp-inc,205852,Undergraduate,13,Married-civ-spouse,Technical, Husband,*,Male,0,0,45,North America,<=50K
7285,"[50, 60[", State-gov,93449,Graduate,14,Married-civ-spouse,Technical, Husband,*,Male,0,0,40,Asia,>50K
7286,"[40, 50[", Self-emp-inc,116927,High School,9,Married-civ-spouse,Nontechnical, Husband,*,Male,0,0,42,North America,>50K
7288,"[30, 40[", Private,31573,High School,9,Married-civ-spouse,Technical, Husband,*,Male,0,0,40,North America,<=50K
7289,"[20, 30[", Local-gov,125159,Undergraduate,10,Never-married,Other, Other-relative,*,Male,0,0,40,North America,<=50K
7290,"[30, 40[", State-gov,201105,Undergraduate,13,Married-civ-spouse,Nontechnical, Wife,*,Female,0,0,55,North America,>50K
7291,"[20, 30[", ?,122745,High School,9,Never-married,Other, Own-child,*,Male,0,1602,40,North America,<=50K
7292,"[30, 40[", Private,150570,Undergraduate,13,Married-civ-spouse,Nontechnical, Husband,*,Male,0,0,40,North America,<=50K
7294,"[50, 60[", Private,141388,High School,9,Married-civ-spouse,Other, Husband,*,Male,0,0,40,North America,>50K
7295,"[20, 30[", Private,174714,Professional Education,12,Never-married,Other, Own-child,*,Male,0,0,35,North America,<=50K
7296,"[30, 40[", State-gov,75755,Graduate,16,Married-civ-spouse,Nontechnical, Husband,*,Male,7298,0,55,North America,>50K
7297,"[60, 70[", Private,133144,High School,9,Married-civ-spouse,Technical, Husband,*,Male,0,0,45,North America,<=50K
7298,"[20, 30[", Self-emp-not-inc,318865,Undergraduate,10,Never-married,Other, Own-child,*,Male,0,0,30,North America,<=50K
7299,"[50, 60[", Private,109638,High School,9,Married-civ-spouse,Technical, Husband,*,Male,0,0,40,North America,>50K
7301,"[60, 70[", ?,376028,High School,9,Married-civ-spouse,Other, Wife,*,Female,0,0,20,North America,<=50K
7302,"[10, 20[", Private,144161,High School,9,Never-married,Other, Own-child,*,Male,0,0,30,North America,<=50K
7303,"[30, 40[", Private,183778,Undergraduate,13,Never-married,Technical, Not-in-family,*,Male,0,0,45,North America,<=50K
7304,"[20, 30[", Private,398904,Undergraduate,13,Married-civ-spouse,Technical, Wife,*,Female,0,0,40,North America,<=50K
7305,"[40, 50[", Private,170846,Professional Education,11,Married-civ-spouse,Nontechnical, Wife,*,Female,0,0,40,North America,>50K
7306,"[30, 40[", Local-gov,204277,Undergraduate,13,Married-civ-spouse,Technical, Husband,*,Male,0,0,40,North America,<=50K
7307,"[30, 40[", Private,205152,Undergraduate,13,Never-married,Technical, Own-child,*,Male,0,0,40,North America,<=50K
7308,"[20, 30[", Private,225395,High School,4,Never-married,Technical, Other-relative,*,Female,0,0,60,North America,<=50K
7309,"[30, 40[", Private,33975,High School,9,Married-civ-spouse,Nontechnical, Other-relative,*,Male,0,0,40,North America,>50K
7311,"[60, 70[", Private,174826,High School,9,Divorced,Technical, Not-in-family,*,Female,0,0,40,North America,<=50K
7312,"[60, 70[", Local-gov,232769,High School,7,Married-civ-spouse,Other, Husband,*,Male,0,0,20,North America,<=50K
7313,"[20, 30[", Private,36984,Undergraduate,13,Never-married,Technical, Not-in-family,*,Female,0,0,50,North America,<=50K
7314,"[20, 30[", Private,292264,High School,9,Never-married,Technical, Not-in-family,*,Male,0,0,35,North America,<=50K
7315,"[20, 30[", Private,303973,High School,9,Never-married,Other, Other-relative,*,Female,0,1602,15,North America,<=50K
7316,"[20, 30[", Private,287988,Undergraduate,10,Never-married,Other, Not-in-family,*,Male,0,0,20,North America,<=50K
7317,"[60, 70[", Self-emp-inc,330144,Graduate,14,Married-civ-spouse,Nontechnical, Husband,*,Male,0,0,48,North America,>50K
7318,"[20, 30[", Private,191948,High School,9,Divorced,Nontechnical, Unmarried,*,Female,0,0,30,North America,<=50K
7320,"[30, 40[", State-gov,200289,Graduate,16,Married-civ-spouse,Technical, Husband,*,Male,0,0,40,Asia,<=50K
7321,"[20, 30[", Private,113307,High School,4,Never-married,Technical, Other-relative,*,Male,0,0,40,North America,<=50K
7322,"[20, 30[", ?,194087,Undergraduate,10,Never-married,Other, Other-relative,*,Female,0,0,40,North America,<=50K
7323,"[20, 30[", Private,155213,Undergraduate,13,Never-married,Technical, Not-in-family,*,Male,0,0,48,North America,<=50K
7324,"[50, 60[", Private,175127,High School,9,Married-civ-spouse,Technical, Husband,*,Male,0,0,40,North America,<=50K
7325,"[30, 40[", State-gov,358461,Undergraduate,10,Never-married,Other, Not-in-family,*,Male,0,0,40,North America,<=50K
7326,"[30, 40[", State-gov,354929,Professional Education,12,Divorced,Other, Not-in-family,*,Male,0,0,38,North America,<=50K
7328,"[40, 50[", Private,112929,High School,4,Divorced,Technical, Not-in-family,*,Female,0,0,35,North America,<=50K
7329,"[30, 40[", Private,132832,High School,9,Never-married,Other, Not-in-family,*,Female,0,0,50,North America,<=50K
7330,"[30, 40[", State-gov,357691,Graduate,14,Married-civ-spouse,Other, Husband,*,Male,0,0,40,North America,<=50K
7331,"[30, 40[", Private,114605,High School,9,Divorced,Nontechnical, Not-in-family,*,Male,0,0,25,North America,<=50K
7332,"[60, 70[", Self-emp-not-inc,525878,High School,9,Married-civ-spouse,Nontechnical, Husband,*,Male,0,0,40,North America,<=50K
7333,"[20, 30[", Private,68358,Undergraduate,10,Never-married,Nontechnical, Own-child,*,Female,0,0,20,North America,<=50K
7334,"[30, 40[", Private,174571,High School,6,Married-civ-spouse,Technical, Husband,*,Male,0,0,45,North America,<=50K
7335,"[40, 50[", Private,42703,Professional Education,11,Divorced,Technical, Unmarried,*,Female,0,0,40,North America,<=50K
7336,"[40, 50[", Private,220589,Undergraduate,10,Married-civ-spouse,Nontechnical, Wife,*,Female,0,0,40,North America,>50K
7337,"[40, 50[", Self-emp-not-inc,197558,Professional Education,15,Married-civ-spouse,Technical, Husband,*,Male,0,0,70,North America,>50K
7338,"[20, 30[", Private,423250,Undergraduate,10,Married-civ-spouse,Nontechnical, Husband,*,Male,0,0,60,North America,<=50K
7339,"[30, 40[", Self-emp-not-inc,29254,Undergraduate,10,Married-civ-spouse,Technical, Husband,*,Male,0,0,55,North America,>50K
7340,"[20, 30[", ?,308924,Undergraduate,10,Never-married,Other, Own-child,*,Male,0,0,25,North America,<=50K
7341,"[40, 50[", Local-gov,276247,Undergraduate,10,Married-civ-spouse,Other, Husband,*,Male,0,0,40,North America,<=50K
7342,"[30, 40[", Private,213841,Undergraduate,10,Married-civ-spouse,Technical, Husband,*,Male,0,0,50,North America,>50K
7343,"[50, 60[", Private,181677,High School,6,Married-civ-spouse,Other, Husband,*,Male,0,0,30,North America,>50K
7344,"[40, 50[", Private,160061,Undergraduate,10,Married-civ-spouse,Technical, Husband,*,Male,0,0,40,North America,<=50K
7346,"[40, 50[", Private,265266,High School,9,Married-civ-spouse,Technical, Husband,*,Male,0,0,40,North America,<=50K
7347,"[40, 50[", Local-gov,222115,Undergraduate,13,Divorced,Other, Not-in-family,*,Female,99999,0,40,North America,>50K
7348,"[20, 30[", State-gov,194954,Undergraduate,10,Married-civ-spouse,Other, Wife,*,Female,0,0,15,North America,<=50K
7349,"[40, 50[", Private,156926,Undergraduate,13,Divorced,Other, Not-in-family,*,Male,0,0,40,North America,<=50K
7350,"[30, 40[", Local-gov,217414,Undergraduate,10,Divorced,Other, Unmarried,*,Male,0,0,55,North America,<=50K
7351,"[30, 40[", Private,538443,High School,9,Divorced,Technical, Not-in-family,*,Male,14344,0,40,North America,>50K
7352,"[10, 20[", ?,192399,Undergraduate,10,Never-married,Other, Own-child,*,Male,0,0,60,North America,<=50K
7353,"[40, 50[", Private,383493,Graduate,14,Married-civ-spouse,Technical, Husband,*,Male,0,0,50,North America,>50K
7354,"[60, 70[", Private,193235,Professional Education,12,Married-civ-spouse,Other, Husband,*,Male,0,0,24,North America,<=50K
7355,"[30, 40[", Self-emp-inc,99452,Undergraduate,10,Married-civ-spouse,Other, Husband,*,Male,0,0,55,North America,>50K
7356,"[40, 50[", Local-gov,254134,Professional Education,12,Divorced,Technical, Not-in-family,*,Male,0,0,40,North America,<=50K
7357,"[30, 40[", Private,90446,High School,6,Married-civ-spouse,Technical, Husband,*,Male,0,0,40,North America,<=50K
7358,"[20, 30[", Private,116613,Undergraduate,13,Never-married,Other, Own-child,*,Female,0,0,40,Europe,<=50K
7359,"[40, 50[", Local-gov,238188,Graduate,14,Married-civ-spouse,Technical, Husband,*,Male,0,0,35,North America,>50K
7360,"[10, 20[", Private,95909,High School,7,Never-married,Nontechnical, Own-child,*,Male,0,0,12,North America,<=50K
7361,"[40, 50[", Private,82319,High School,8,Married-civ-spouse,Other, Wife,*,Female,0,0,10,North America,<=50K
7362,"[30, 40[", Private,182274,Undergraduate,10,Married-civ-spouse,Nontechnical, Wife,*,Female,0,1887,40,North America,>50K
7363,"[50, 60[", Private,179625,High School,6,Separated,Other, Unmarried,*,Female,0,0,32,North America,<=50K
7364,"[20, 30[", Private,119793,Undergraduate,10,Never-married,Other, Own-child,*,Male,0,0,40,North America,<=50K
7365,"[20, 30[", Self-emp-not-inc,254989,High School,7,Never-married,Nontechnical, Own-child,*,Male,0,0,40,North America,<=50K
7366,"[10, 20[", Private,104830,High School,4,Never-married,Other, Unmarried,*,Male,0,0,25,North America,<=50K
7367,"[40, 50[", Federal-gov,110373,Undergraduate,10,Married-civ-spouse,Technical, Husband,*,Male,0,0,40,North America,>50K
7368,"[30, 40[", Self-emp-not-inc,135416,Undergraduate,10,Married-civ-spouse,Other, Wife,*,Female,0,0,50,North America,<=50K
7369,"[20, 30[", Private,298225,Undergraduate,10,Married-civ-spouse,Other, Husband,*,Male,0,0,35,North America,<=50K
7370,"[40, 50[", Private,166740,Undergraduate,13,Divorced,Technical, Not-in-family,*,Male,0,0,40,North America,<=50K
7371,"[40, 50[", Self-emp-not-inc,213668,Professional Education,15,Married-civ-spouse,Technical, Husband,*,Male,0,1977,50,North America,>50K
7372,"[20, 30[", Private,276624,Undergraduate,10,Married-civ-spouse,Other, Husband,*,Male,0,0,40,North America,<=50K
7373,"[30, 40[", Private,226789,Undergraduate,10,Married-civ-spouse,Nontechnical, Husband,*,Male,0,0,58,North America,<=50K
7374,"[30, 40[", Private,31023,High School,9,Married-civ-spouse,Technical, Husband,*,Male,0,0,45,North America,<=50K
7375,"[30, 40[", Local-gov,116666,High School,9,Never-married,Other, Own-child,*,Male,4650,0,48,North America,<=50K
7376,"[40, 50[", Private,136986,High School,9,Married-civ-spouse,Nontechnical, Husband,*,Male,0,0,35,North America,>50K
7377,"[40, 50[", Private,179580,Undergraduate,10,Divorced,Other, Not-in-family,*,Female,0,0,36,North America,>50K
7378,"[20, 30[", Private,103277,Undergraduate,10,Divorced,Other, Own-child,*,Female,0,0,24,North America,<=50K
7379,"[30, 40[", Federal-gov,351141,High School,9,Married-civ-spouse,Technical, Husband,*,Male,0,0,40,North America,<=50K
7380,"[30, 40[", Local-gov,191161,Undergraduate,10,Married-civ-spouse,Other, Husband,*,Male,0,0,57,North America,>50K
7381,"[20, 30[", Private,148709,Undergraduate,10,Never-married,Technical, Unmarried,*,Female,0,0,25,North America,<=50K
7382,"[30, 40[", Private,128382,Undergraduate,10,Never-married,Technical, Unmarried,*,Male,0,0,45,North America,<=50K
7383,"[50, 60[", Private,144361,High School,9,Married-civ-spouse,Technical, Husband,*,Male,0,0,50,North America,>50K
7384,"[30, 40[", Private,172538,High School,9,Never-married,Technical, Own-child,*,Male,0,0,40,North America,<=50K
7385,"[20, 30[", Private,102476,Undergraduate,13,Never-married,Other, Own-child,*,Male,27828,0,50,North America,>50K
7386,"[30, 40[", Private,46028,Undergraduate,10,Divorced,Other, Unmarried,*,Female,0,0,60,North America,<=50K
7387,"[30, 40[", Private,198452,High School,9,Married-civ-spouse,Other, Wife,*,Female,0,0,40,North America,<=50K
7388,"[50, 60[", Private,193895,Undergraduate,10,Widowed,Other, Not-in-family,*,Female,0,0,35,North America,<=50K
7389,"[20, 30[", Private,233421,Undergraduate,13,Married-civ-spouse,Technical, Husband,*,Male,3411,0,45,North America,<=50K
7390,"[50, 60[", Private,378747,High School,9,Married-civ-spouse,Other, Husband,*,Male,0,0,40,North America,<=50K
7391,"[40, 50[", Private,31251,Professional Education,11,Married-civ-spouse,Nontechnical, Husband,*,Male,0,0,37,North America,<=50K
7392,"[30, 40[", Private,71540,Undergraduate,10,Divorced,Technical, Not-in-family,*,Male,0,0,40,North America,<=50K
7393,"[40, 50[", Private,194772,Professional Education,12,Married-civ-spouse,Nontechnical, Husband,*,Male,0,1902,40,North America,>50K
7394,"[20, 30[", Private,34568,High School,9,Married-civ-spouse,Technical, Husband,*,Male,3781,0,35,North America,<=50K
7395,"[50, 60[", Self-emp-not-inc,36480,High School,6,Divorced,Technical, Not-in-family,*,Male,0,0,45,North America,<=50K
7396,"[10, 20[", Private,116528,Undergraduate,10,Never-married,Technical, Not-in-family,*,Male,0,0,30,North America,<=50K
7399,"[40, 50[", Local-gov,227065,Graduate,14,Never-married,Technical, Not-in-family,*,Male,0,0,22,North America,<=50K
7400,"[40, 50[", Private,84013,High School,9,Divorced,Other, Unmarried,*,Female,0,0,35,North America,<=50K
7401,"[30, 40[", Self-emp-inc,82051,Undergraduate,10,Married-civ-spouse,Nontechnical, Wife,*,Female,0,0,40,North America,<=50K
7403,"[50, 60[", Private,115414,Undergraduate,10,Married-civ-spouse,Nontechnical, Husband,*,Male,0,0,40,North America,>50K
7404,"[20, 30[", Self-emp-inc,493034,High School,9,Never-married,Other, Not-in-family,*,Male,13550,0,50,North America,>50K
7405,"[50, 60[", Private,354923,Professional Education,12,Divorced,Other, Unmarried,*,Female,0,0,40,North America,<=50K
7406,"[10, 20[", Private,393712,High School,9,Never-married,Other, Own-child,*,Female,0,0,20,North America,<=50K
7407,"[30, 40[", Private,98941,High School,9,Married-civ-spouse,Technical, Husband,*,Male,0,0,40,North America,<=50K
7408,"[40, 50[", Private,141483,Undergraduate,10,Divorced,Nontechnical, Unmarried,*,Female,0,0,40,North America,<=50K
7409,"[40, 50[", Private,172479,Undergraduate,13,Married-civ-spouse,Technical, Husband,*,Male,7688,0,40,North America,>50K
7410,"[20, 30[", Private,226145,Undergraduate,10,Never-married,Nontechnical, Own-child,*,Male,0,0,30,North America,<=50K
7411,"[20, 30[", Private,394612,Undergraduate,13,Never-married,Technical, Own-child,*,Male,0,0,40,North America,<=50K
7412,"[20, 30[", Private,231085,Undergraduate,10,Never-married,Other, Own-child,*,Male,0,0,30,North America,<=50K
7413,"[50, 60[", Self-emp-not-inc,183810,Graduate,14,Married-civ-spouse,Technical, Husband,*,Male,0,0,55,North America,>50K
7414,"[10, 20[", Private,186159,Undergraduate,10,Never-married,Nontechnical, Not-in-family,*,Female,0,0,40,North America,<=50K
7415,"[20, 30[", Private,162282,Undergraduate,10,Never-married,Nontechnical, Not-in-family,*,Male,0,0,25,North America,<=50K
7416,"[40, 50[", Private,219021,High School,9,Married-civ-spouse,Other, Husband,*,Male,15024,0,44,North America,>50K
7417,"[20, 30[", Private,273206,Undergraduate,13,Never-married,Other, Not-in-family,*,Female,0,0,23,North America,<=50K
7418,"[40, 50[", Self-emp-inc,332355,Graduate,14,Married-civ-spouse,Nontechnical, Husband,*,Male,15024,0,50,North America,>50K
7419,"[20, 30[", Private,102729,Undergraduate,10,Never-married,Nontechnical, Own-child,*,Female,0,0,15,North America,<=50K
7420,"[40, 50[", Private,198096,Undergraduate,10,Married-civ-spouse,Other, Husband,*,Male,0,0,40,North America,>50K
7421,"[20, 30[", State-gov,292933,Undergraduate,13,Never-married,Other, Own-child,*,Female,0,0,10,North America,<=50K
7422,"[10, 20[", Private,135924,High School,9,Never-married,Other, Own-child,*,Male,0,0,20,North America,<=50K
7423,"[30, 40[", Private,99146,Undergraduate,13,Married-civ-spouse,Nontechnical, Husband,*,Male,0,1977,50,North America,>50K
7424,"[30, 40[", Private,27409,High School,5,Married-civ-spouse,Technical, Husband,*,Male,0,0,50,North America,<=50K
7426,"[60, 70[", Self-emp-not-inc,102631,Undergraduate,10,Widowed,Other, Unmarried,*,Female,0,0,50,North America,<=50K
7427,"[50, 60[", Private,153486,Undergraduate,10,Married-civ-spouse,Nontechnical, Husband,*,Male,0,0,40,North America,<=50K
7428,"[30, 40[", Private,434292,High School,9,Married-civ-spouse,Other, Husband,*,Male,0,0,30,North America,<=50K
7429,"[20, 30[", Self-emp-not-inc,240172,Graduate,14,Never-married,Technical, Own-child,*,Male,0,0,40,North America,<=50K
7430,"[50, 60[", Private,219426,High School,6,Never-married,Nontechnical, Not-in-family,*,Male,0,0,40,North America,<=50K
7431,"[40, 50[", Private,295791,High School,9,Divorced,Technical, Not-in-family,*,Female,0,0,30,North America,<=50K
7432,"[40, 50[", Private,114032,Undergraduate,10,Married-civ-spouse,Technical, Husband,*,Male,0,1887,45,North America,>50K
7433,"[20, 30[", Local-gov,496382,Undergraduate,10,Married-spouse-absent,Other, Own-child,*,Female,0,0,40,North America,<=50K
7434,"[30, 40[", Private,376483,Undergraduate,13,Married-civ-spouse,Other, Wife,*,Female,0,0,30,North America,<=50K
7435,"[20, 30[", Private,107218,High School,9,Never-married,Other, Own-child,*,Male,0,0,40,North America,<=50K
7436,"[20, 30[", Private,246207,Undergraduate,10,Never-married,Other, Own-child,*,Female,0,0,20,North America,<=50K
7437,"[10, 20[", ?,80564,High School,9,Never-married,Other, Own-child,*,Male,0,0,60,North America,<=50K
7438,"[30, 40[", Private,83089,Primary School,3,Married-civ-spouse,Technical, Husband,*,Male,7298,0,40,North America,>50K
7439,"[30, 40[", Local-gov,328301,Undergraduate,13,Divorced,Technical, Not-in-family,*,Female,0,0,36,North America,<=50K
7440,"[30, 40[", Local-gov,301614,High School,7,Married-civ-spouse,Other, Husband,*,Male,0,0,40,North America,<=50K
7441,"[30, 40[", Private,199739,High School,9,Married-civ-spouse,Other, Husband,*,Male,7298,0,60,North America,>50K
7442,"[20, 30[", Private,180060,Professional Education,12,Never-married,Technical, Not-in-family,*,Male,2354,0,40,North America,<=50K
7443,"[20, 30[", Private,121040,Professional Education,12,Never-married,Nontechnical, Own-child,*,Female,0,0,40,North America,<=50K
7444,"[30, 40[", Private,125550,High School,9,Divorced,Nontechnical, Not-in-family,*,Female,0,0,60,North America,<=50K
7445,"[30, 40[", Private,170772,High School,9,Married-civ-spouse,Technical, Husband,*,Male,0,0,50,North America,<=50K
7446,"[30, 40[", Private,180551,High School,9,Divorced,Nontechnical, Unmarried,*,Female,0,0,40,North America,<=50K
7447,"[30, 40[", Self-emp-not-inc,48189,High School,9,Married-civ-spouse,Other, Husband,*,Male,0,0,30,North America,<=50K
7448,"[20, 30[", Private,432154,High School,9,Never-married,Nontechnical, Own-child,*,Female,0,0,8,North America,<=50K
7449,"[20, 30[", Private,263200,Undergraduate,10,Divorced,Other, Unmarried,*,Female,0,0,38,North America,<=50K
7450,"[40, 50[", Private,123207,High School,9,Married-civ-spouse,Other, Wife,*,Female,0,0,20,North America,>50K
7451,"[10, 20[", Private,110798,High School,7,Never-married,Nontechnical, Own-child,*,Female,0,0,20,North America,<=50K
7452,"[50, 60[", Private,238481,Professional Education,11,Married-civ-spouse,Nontechnical, Husband,*,Male,0,1485,40,North America,<=50K
7453,"[30, 40[", Private,185528,Undergraduate,10,Divorced,Nontechnical, Own-child,*,Female,0,0,35,North America,<=50K
7454,"[30, 40[", Private,181311,High School,7,Married-civ-spouse,Technical, Husband,*,Male,0,0,40,North America,<=50K
7455,"[20, 30[", Private,528616,Primary School,3,Married-civ-spouse,Other, Husband,*,Male,0,0,40,North America,<=50K
7456,"[30, 40[", Private,272950,Undergraduate,13,Married-civ-spouse,Technical, Husband,*,Male,0,0,45,North America,>50K
7457,"[20, 30[", ?,195532,High School,9,Never-married,Other, Own-child,*,Female,0,0,40,North America,<=50K
7458,"[20, 30[", Private,197583,Undergraduate,10,Never-married,Other, Own-child,*,Female,0,0,20,North America,<=50K
7459,"[40, 50[", Private,48612,High School,9,Never-married,Other, Unmarried,*,Female,0,0,35,North America,<=50K
7460,"[50, 60[", Local-gov,31533,Graduate,14,Married-civ-spouse,Other, Husband,*,Male,7298,0,40,North America,>50K
7461,"[30, 40[", Federal-gov,148138,Undergraduate,13,Married-civ-spouse,Technical, Husband,*,Male,0,2002,40,Asia,<=50K
7462,"[20, 30[", Local-gov,30069,High School,9,Married-civ-spouse,Other, Wife,*,Female,2635,0,40,North America,<=50K
7464,"[20, 30[", Local-gov,230885,Undergraduate,13,Married-civ-spouse,Other, Husband,*,Male,0,0,45,North America,>50K
7465,"[50, 60[", Private,174102,Undergraduate,10,Never-married,Nontechnical, Not-in-family,*,Male,0,0,40,North America,>50K
7466,"[20, 30[", Private,352606,High School,9,Divorced,Other, Unmarried,*,Female,0,0,40,North America,<=50K
7467,"[30, 40[", Private,241153,Graduate,14,Married-civ-spouse,Nontechnical, Husband,*,Male,0,0,48,North America,>50K
7468,"[50, 60[", Private,155433,High School,9,Married-civ-spouse,Other, Wife,*,Female,0,0,35,North America,<=50K
7469,"[20, 30[", Private,109414,Undergraduate,10,Never-married,Technical, Own-child,*,Male,0,1974,40,North America,<=50K
7470,"[40, 50[", Private,125461,Professional Education,11,Never-married,Technical, Not-in-family,*,Male,0,0,42,North America,<=50K
7471,"[10, 20[", Private,331556,High School,6,Never-married,Other, Not-in-family,*,Female,0,0,40,North America,<=50K
7472,"[20, 30[", ?,138575,High School,9,Never-married,Other, Other-relative,*,Male,0,0,60,North America,<=50K
7473,"[30, 40[", Private,223514,Undergraduate,13,Married-civ-spouse,Other, Wife,*,Female,0,0,40,North America,<=50K
7474,"[30, 40[", Private,115418,Undergraduate,10,Never-married,Other, Own-child,*,Female,2174,0,45,North America,<=50K
7476,"[40, 50[", Private,147206,High School,8,Married-civ-spouse,Nontechnical, Husband,*,Male,0,0,40,North America,>50K
7477,"[20, 30[", Private,174592,Undergraduate,10,Never-married,Other, Not-in-family,*,Female,0,0,40,North America,<=50K
7478,"[30, 40[", Private,268620,High School,9,Divorced,Other, Not-in-family,*,Female,0,0,45,North America,<=50K
7479,"[70, 80[", Self-emp-not-inc,150886,Undergraduate,10,Married-civ-spouse,Technical, Husband,*,Male,0,0,25,North America,<=50K
7480,"[40, 50[", Private,112362,High School,6,Married-civ-spouse,Nontechnical, Husband,*,Male,0,0,40,North America,<=50K
7482,"[50, 60[", Private,192983,High School,9,Separated,Other, Not-in-family,*,Female,0,0,40,North America,<=50K
7483,"[10, 20[", Private,120544,High School,5,Never-married,Other, Own-child,*,Male,0,0,15,North America,<=50K
7484,"[30, 40[", Private,59083,High School,9,Married-civ-spouse,Other, Husband,*,Male,0,0,40,North America,<=50K
7485,"[40, 50[", Private,208277,Graduate,14,Married-civ-spouse,Technical, Wife,*,Female,0,0,45,North America,>50K
7486,"[20, 30[", Local-gov,184678,Undergraduate,13,Never-married,Technical, Not-in-family,*,Female,0,0,40,North America,<=50K
7487,"[30, 40[", Private,278736,Professional Education,11,Married-civ-spouse,Technical, Husband,*,Male,0,0,50,North America,<=50K
7488,"[40, 50[", Local-gov,39464,Graduate,14,Never-married,Technical, Not-in-family,*,Female,0,0,52,North America,<=50K
7489,"[20, 30[", Private,162343,Undergraduate,13,Married-civ-spouse,Nontechnical, Husband,*,Male,0,0,40,North America,<=50K
7490,"[40, 50[", Private,204046,High School,9,Married-civ-spouse,Technical, Husband,*,Male,0,0,40,North America,<=50K
7491,"[20, 30[", Private,255647,High School,9,Married-civ-spouse,Other, Wife,*,Female,0,0,25,North America,<=50K
7492,"[50, 60[", Private,123011,High School,9,Divorced,Other, Not-in-family,*,Male,0,0,40,North America,>50K
7493,"[60, 70[", Self-emp-not-inc,291362,Professional Education,15,Married-civ-spouse,Technical, Husband,*,Male,0,0,50,North America,<=50K
7494,"[30, 40[", Private,159187,Undergraduate,10,Married-civ-spouse,Technical, Husband,*,Male,0,0,40,North America,>50K
7496,"[20, 30[", Private,227626,High School,9,Divorced,Other, Not-in-family,*,Male,0,0,40,North America,<=50K
7497,"[40, 50[", Self-emp-inc,173783,Undergraduate,13,Married-civ-spouse,Nontechnical, Husband,*,Male,15024,0,60,North America,>50K
7498,"[70, 80[", Private,211075,High School,9,Married-civ-spouse,Nontechnical, Husband,*,Male,0,0,40,North America,>50K
7499,"[30, 40[", Private,176756,Undergraduate,10,Married-civ-spouse,Other, Husband,*,Male,0,1485,70,North America,>50K
7500,"[30, 40[", Self-emp-not-inc,31095,Undergraduate,10,Separated,Other, Not-in-family,*,Male,4101,0,60,North America,<=50K
7501,"[50, 60[", Self-emp-not-inc,32372,Undergraduate,13,Married-civ-spouse,Nontechnical, Husband,*,Male,0,1672,70,North America,<=50K
7502,"[40, 50[", Private,331651,Undergraduate,10,Separated,Other, Not-in-family,*,Female,0,0,40,North America,<=50K
7503,"[50, 60[", Local-gov,146325,Graduate,16,Married-civ-spouse,Technical, Husband,*,Male,0,1887,40,North America,>50K
7504,"[20, 30[", Private,515025,High School,6,Married-civ-spouse,Nontechnical, Wife,*,Female,0,0,40,North America,<=50K
7506,"[30, 40[", Private,400535,High School,9,Married-civ-spouse,Technical, Husband,*,Male,3781,0,40,North America,<=50K
7508,"[40, 50[", Private,211860,High School,9,Separated,Other, Not-in-family,*,Male,0,0,40,North America,<=50K
7509,"[20, 30[", Private,102684,Undergraduate,10,Never-married,Other, Not-in-family,*,Male,0,0,32,North America,<=50K
7510,"[60, 70[", ?,225657,High School,9,Married-civ-spouse,Other, Husband,*,Male,0,0,24,North America,<=50K
7511,"[30, 40[", Private,121966,High School,9,Divorced,Other, Not-in-family,*,Female,0,0,40,North America,<=50K
7512,"[20, 30[", Private,396790,High School,9,Never-married,Other, Own-child,*,Male,0,0,20,North America,<=50K
7513,"[40, 50[", Local-gov,149949,Undergraduate,13,Married-civ-spouse,Technical, Husband,*,Male,0,0,45,North America,>50K
7514,"[20, 30[", Private,252187,High School,7,Never-married,Nontechnical, Not-in-family,*,Male,0,0,40,North America,<=50K
7515,"[20, 30[", Private,209934,Primary School,3,Married-civ-spouse,Other, Husband,*,Male,0,0,40,North America,<=50K
7516,"[20, 30[", Federal-gov,229300,Undergraduate,13,Never-married,Technical, Not-in-family,*,Male,0,0,48,North America,<=50K
7518,"[50, 60[", Private,200618,Professional Education,12,Divorced,Technical, Not-in-family,*,Male,0,0,40,North America,<=50K
7519,"[20, 30[", Private,216984,High School,9,Never-married,Other, Not-in-family,*,Female,0,0,40,North America,<=50K
7520,"[40, 50[", Private,212760,High School,9,Divorced,Technical, Not-in-family,*,Male,0,0,40,North America,<=50K
7521,"[20, 30[", Private,150309,High School,9,Married-civ-spouse,Technical, Husband,*,Male,0,0,45,North America,<=50K
7522,"[50, 60[", Private,174655,High School,9,Married-civ-spouse,Other, Husband,*,Male,0,0,40,North America,<=50K
7523,"[20, 30[", Private,109621,High School,9,Married-civ-spouse,Technical, Husband,*,Male,0,0,40,North America,<=50K
7524,"[40, 50[", Private,225124,High School,9,Widowed,Technical, Unmarried,*,Female,0,0,40,North America,<=50K
7525,"[40, 50[", Private,172695,High School,7,Widowed,Other, Not-in-family,*,Female,0,0,27,North America,<=50K
7526,"[70, 80[", Self-emp-not-inc,238479,High School,6,Married-civ-spouse,Technical, Husband,*,Male,0,0,8,North America,<=50K
7527,"[20, 30[", Private,37754,Undergraduate,10,Married-civ-spouse,Other, Husband,*,Male,0,0,80,North America,<=50K
7528,"[50, 60[", Private,85018,High School,9,Never-married,Other, Not-in-family,*,Female,0,0,40,North America,<=50K
7530,"[20, 30[", Private,169188,Undergraduate,10,Married-civ-spouse,Nontechnical, Wife,*,Female,0,0,25,North America,<=50K
7531,"[30, 40[", Private,210945,Undergraduate,13,Married-civ-spouse,Technical, Husband,*,Male,0,0,40,North America,>50K
7532,"[30, 40[", Local-gov,287031,Graduate,14,Married-civ-spouse,Technical, Husband,*,Male,0,0,45,North America,>50K
7533,"[20, 30[", Private,224361,High School,9,Never-married,Nontechnical, Not-in-family,*,Male,0,0,40,North America,<=50K
7534,"[30, 40[", Federal-gov,108464,Professional Education,12,Married-civ-spouse,Technical, Husband,*,Male,0,0,40,North America,<=50K
7535,"[30, 40[", Private,75826,Undergraduate,13,Divorced,Other, Unmarried,*,Female,0,0,40,North America,<=50K
7536,"[40, 50[", Private,120277,High School,9,Married-civ-spouse,Technical, Husband,*,Male,0,0,40,North America,>50K
7537,"[20, 30[", Private,104439,Undergraduate,10,Never-married,Other, Not-in-family,*,Female,0,0,50,North America,<=50K
7538,"[20, 30[", Private,56870,High School,9,Married-civ-spouse,Technical, Husband,*,Male,0,0,40,North America,<=50K
7539,"[20, 30[", Private,200819,High School,8,Never-married,Nontechnical, Not-in-family,*,Male,0,0,40,North America,<=50K
7540,"[50, 60[", Self-emp-not-inc,170562,Professional Education,12,Married-civ-spouse,Other, Husband,*,Male,0,0,20,North America,<=50K
7541,"[30, 40[", Private,80933,High School,9,Married-civ-spouse,Technical, Husband,*,Male,0,0,40,North America,<=50K
7542,"[20, 30[", Private,33088,High School,7,Never-married,Nontechnical, Not-in-family,*,Male,0,0,40,North America,<=50K
7543,"[40, 50[", Local-gov,112763,Graduate,14,Divorced,Technical, Unmarried,*,Female,7430,0,36,North America,>50K
7544,"[20, 30[", Private,177651,Undergraduate,10,Never-married,Nontechnical, Not-in-family,*,Male,0,0,45,North America,<=50K
7545,"[30, 40[", Private,261943,Undergraduate,10,Married-civ-spouse,Nontechnical, Husband,*,Male,0,0,40,North America,<=50K
7547,"[20, 30[", Private,141481,High School,7,Married-civ-spouse,Nontechnical, Other-relative,*,Female,0,0,50,North America,<=50K
7548,"[30, 40[", Private,433491,High School,9,Never-married,Other, Own-child,*,Male,0,0,40,North America,<=50K
7549,"[20, 30[", Local-gov,86615,High School,9,Never-married,Other, Own-child,*,Male,0,0,30,North America,<=50K
7550,"[30, 40[", Private,125550,High School,9,Married-civ-spouse,Other, Wife,*,Female,0,0,40,North America,>50K
7551,"[40, 50[", State-gov,421223,Undergraduate,10,Never-married,Nontechnical, Not-in-family,*,Female,0,0,40,North America,<=50K
7552,"[30, 40[", Private,26999,Undergraduate,13,Separated,Nontechnical, Unmarried,*,Female,0,0,42,North America,<=50K
7553,"[30, 40[", Self-emp-not-inc,241998,Undergraduate,10,Married-civ-spouse,Nontechnical, Husband,*,Male,99999,0,20,North America,>50K
7554,"[30, 40[", ?,133861,High School,9,Married-civ-spouse,Other, Husband,*,Male,0,0,25,North America,<=50K
7555,"[40, 50[", Private,115323,Graduate,14,Married-civ-spouse,Nontechnical, Husband,*,Male,0,0,40,North America,>50K
7556,"[30, 40[", Self-emp-inc,23778,Undergraduate,13,Divorced,Nontechnical, Not-in-family,*,Male,0,0,50,North America,<=50K
7557,"[20, 30[", Self-emp-not-inc,190836,High School,9,Married-civ-spouse,Nontechnical, Husband,*,Male,0,0,50,North America,>50K
7558,"[30, 40[", Self-emp-inc,159179,Professional Education,15,Married-civ-spouse,Technical, Husband,*,Male,0,0,45,North America,>50K
7559,"[60, 70[", ?,205479,Undergraduate,13,Married-civ-spouse,Other, Husband,*,Male,0,0,50,North America,>50K
7560,"[10, 20[", ?,47713,Undergraduate,10,Never-married,Other, Own-child,*,Female,0,0,40,North America,<=50K
7561,"[30, 40[", Private,163237,Undergraduate,13,Married-civ-spouse,Nontechnical, Husband,*,Male,0,0,52,North America,>50K
7562,"[60, 70[", Private,202202,High School,9,Never-married,Other, Not-in-family,*,Female,0,0,40,North America,<=50K
7563,"[40, 50[", Private,168837,Undergraduate,10,Divorced,Nontechnical, Unmarried,*,Female,0,0,40,North America,<=50K
7564,"[30, 40[", Private,112271,High School,9,Married-civ-spouse,Other, Husband,*,Male,0,0,40,North America,<=50K
7565,"[30, 40[", Private,52537,High School,9,Never-married,Other, Unmarried,*,Male,0,0,30,North America,<=50K
7566,"[20, 30[", Private,38353,Professional Education,11,Married-civ-spouse,Nontechnical, Husband,*,Male,0,0,60,North America,<=50K
7567,"[20, 30[", Private,141698,High School,6,Never-married,Technical, Unmarried,*,Male,0,0,40,North America,<=50K
7568,"[20, 30[", Private,28856,Undergraduate,13,Never-married,Technical, Not-in-family,*,Female,0,0,40,North America,<=50K
7569,"[10, 20[", Private,175652,High School,7,Never-married,Other, Other-relative,*,Female,0,0,15,North America,<=50K
7570,"[30, 40[", Private,213008,High School,9,Divorced,Other, Not-in-family,*,Male,0,0,40,North America,<=50K
7571,"[50, 60[", Private,196501,Undergraduate,13,Divorced,Nontechnical, Not-in-family,*,Male,14084,0,50,North America,>50K
7572,"[60, 70[", Private,118798,High School,9,Married-civ-spouse,Technical, Husband,*,Male,99999,0,40,North America,>50K
7573,"[50, 60[", Private,92463,High School,9,Married-civ-spouse,Other, Husband,*,Male,0,0,40,North America,<=50K
7574,"[20, 30[", State-gov,125165,Undergraduate,10,Never-married,Other, Own-child,*,Female,0,0,25,North America,<=50K
7575,"[40, 50[", Self-emp-not-inc,103980,Professional Education,11,Married-civ-spouse,Technical, Husband,*,Male,0,0,50,North America,<=50K
7576,"[40, 50[", ?,180362,Undergraduate,13,Never-married,Other, Own-child,*,Female,0,0,40,North America,<=50K
7577,"[20, 30[", Private,53903,Undergraduate,10,Married-civ-spouse,Technical, Husband,*,Male,0,0,40,North America,<=50K
7578,"[40, 50[", Private,179735,Professional Education,11,Divorced,Other, Unmarried,*,Female,0,0,50,North America,<=50K
7579,"[40, 50[", ?,277390,Undergraduate,13,Married-civ-spouse,Other, Wife,*,Female,0,0,30,North America,>50K
7580,"[40, 50[", Private,122177,High School,9,Never-married,Nontechnical, Own-child,*,Male,0,0,80,North America,<=50K
7581,"[40, 50[", Private,188161,High School,9,Separated,Technical, Own-child,*,Female,0,0,40,North America,<=50K
7582,"[30, 40[", Self-emp-not-inc,170108,High School,9,Separated,Nontechnical, Not-in-family,*,Male,0,0,50,North America,<=50K
7583,"[20, 30[", Private,175262,Undergraduate,10,Married-civ-spouse,Nontechnical, Husband,*,Male,0,0,40,North America,<=50K
7584,"[10, 20[", ?,204441,High School,9,Never-married,Other, Other-relative,*,Male,0,0,20,North America,<=50K
7585,"[10, 20[", Private,164395,High School,9,Never-married,Other, Own-child,*,Female,0,0,25,North America,<=50K
7586,"[10, 20[", Private,115630,High School,7,Never-married,Other, Own-child,*,Male,0,0,20,North America,<=50K
7587,"[30, 40[", Private,178815,High School,9,Never-married,Nontechnical, Not-in-family,*,Male,0,0,55,North America,<=50K
7589,"[40, 50[", Local-gov,202560,Undergraduate,13,Divorced,Technical, Not-in-family,*,Female,0,1408,40,North America,<=50K
7590,"[30, 40[", Private,100295,High School,4,Married-civ-spouse,Technical, Wife,*,Female,0,0,50,North America,>50K
7591,"[30, 40[", Private,172256,High School,9,Married-civ-spouse,Technical, Husband,*,Male,0,0,44,North America,>50K
7592,"[40, 50[", Private,51664,Undergraduate,10,Married-civ-spouse,Nontechnical, Husband,*,Male,0,0,40,North America,<=50K
7594,"[30, 40[", Private,115963,High School,7,Married-civ-spouse,Technical, Husband,*,Male,0,0,40,North America,<=50K
7595,"[20, 30[", Private,333910,Undergraduate,10,Never-married,Technical, Not-in-family,*,Female,0,0,43,North America,<=50K
7596,"[20, 30[", Private,148948,Undergraduate,10,Never-married,Nontechnical, Not-in-family,*,Male,0,0,45,North America,<=50K
7597,"[40, 50[", State-gov,130561,Undergraduate,10,Never-married,Technical, Not-in-family,*,Female,0,0,24,North America,<=50K
7598,"[40, 50[", Private,428350,High School,9,Married-civ-spouse,Other, Own-child,*,Female,0,0,15,North America,<=50K
7599,"[40, 50[", Private,188808,Graduate,14,Married-civ-spouse,Nontechnical, Husband,*,Male,0,0,45,North America,>50K
7600,"[20, 30[", Private,112847,High School,9,Married-civ-spouse,Other, Own-child,*,Male,0,0,40,North America,<=50K
7601,"[50, 60[", Private,110748,Undergraduate,10,Never-married,Technical, Not-in-family,*,Male,0,0,40,North America,<=50K
7603,"[30, 40[", Private,196491,Undergraduate,13,Never-married,Nontechnical, Not-in-family,*,Male,0,0,50,North America,<=50K
7604,"[60, 70[", Local-gov,254413,Undergraduate,10,Divorced,Nontechnical, Not-in-family,*,Female,0,0,40,North America,<=50K
7605,"[50, 60[", Private,91262,High School,9,Married-civ-spouse,Other, Husband,*,Male,0,0,45,North America,<=50K
7607,"[50, 60[", Private,84231,High School,9,Married-civ-spouse,Other, Husband,*,Male,0,0,50,North America,<=50K
7608,"[20, 30[", Private,226327,Undergraduate,10,Never-married,Other, Own-child,*,Female,0,0,40,North America,<=50K
7609,"[40, 50[", Private,248406,Undergraduate,10,Divorced,Technical, Own-child,*,Male,0,0,32,North America,<=50K
7610,"[30, 40[", Private,54317,High School,9,Married-civ-spouse,Other, Husband,*,Male,0,1672,50,North America,<=50K
7611,"[20, 30[", ?,32732,Undergraduate,10,Never-married,Other, Own-child,*,Male,0,0,50,North America,<=50K
7612,"[20, 30[", Private,95918,High School,5,Married-civ-spouse,Technical, Husband,*,Male,0,0,40,North America,<=50K
7613,"[40, 50[", Local-gov,375675,High School,8,Married-civ-spouse,Other, Husband,*,Male,0,0,35,North America,>50K
7614,"[40, 50[", Private,244172,High School,9,Separated,Other, Unmarried,*,Male,0,0,40,North America,<=50K
7616,"[30, 40[", Private,326342,High School,7,Married-civ-spouse,Other, Husband,*,Male,2635,0,37,North America,<=50K
7618,"[30, 40[", Private,33397,High School,9,Divorced,Other, Not-in-family,*,Female,0,0,35,North America,<=50K
7619,"[30, 40[", Private,446358,High School,9,Never-married,Other, Unmarried,*,Male,0,0,41,North America,<=50K
7620,"[20, 30[", Private,151810,High School,9,Never-married,Technical, Not-in-family,*,Male,0,0,28,North America,<=50K
7621,"[40, 50[", Private,125461,Graduate,14,Married-civ-spouse,Nontechnical, Husband,*,Male,0,0,35,North America,>50K
7622,"[30, 40[", Private,133906,High School,9,Divorced,Other, Unmarried,*,Female,0,0,40,North America,<=50K
7623,"[40, 50[", Private,155106,High School,9,Married-civ-spouse,Nontechnical, Husband,*,Male,0,0,40,North America,<=50K
7624,"[40, 50[", Federal-gov,203637,Undergraduate,13,Married-civ-spouse,Other, Husband,*,Male,7298,0,40,North America,>50K
7625,"[30, 40[", Private,232766,Undergraduate,10,Never-married,Other, Not-in-family,*,Female,0,0,40,North America,<=50K
7626,"[50, 60[", Private,305319,High School,4,Married-civ-spouse,Technical, Husband,*,Male,0,0,40,North America,<=50K
7627,"[20, 30[", Private,121023,Undergraduate,10,Never-married,Other, Own-child,*,Female,0,0,15,North America,<=50K
7628,"[20, 30[", Private,198997,High School,9,Married-civ-spouse,Other, Wife,*,Female,0,0,20,North America,<=50K
7629,"[30, 40[", Private,167140,Professional Education,15,Married-civ-spouse,Technical, Husband,*,Male,99999,0,70,North America,>50K
7630,"[20, 30[", Private,38772,High School,6,Never-married,Nontechnical, Unmarried,*,Male,0,0,50,North America,<=50K
7631,"[40, 50[", Private,253759,High School,9,Never-married,Nontechnical, Unmarried,*,Female,0,0,40,North America,<=50K
7632,"[20, 30[", Private,130067,Undergraduate,10,Never-married,Nontechnical, Not-in-family,*,Female,0,0,65,North America,<=50K
7633,"[30, 40[", Private,203828,High School,5,Married-civ-spouse,Technical, Husband,*,Male,0,0,40,North America,<=50K
7635,"[30, 40[", Private,156464,High School,6,Divorced,Other, Not-in-family,*,Male,0,0,40,North America,<=50K
7636,"[40, 50[", Private,72333,Undergraduate,10,Divorced,Other, Not-in-family,*,Female,0,0,40,North America,<=50K
7637,"[30, 40[", Local-gov,83671,Undergraduate,13,Never-married,Technical, Not-in-family,*,Female,0,0,50,North America,<=50K
7638,"[30, 40[", Private,339482,High School,9,Married-civ-spouse,Technical, Husband,*,Male,0,1848,40,North America,>50K
7639,"[10, 20[", Private,91928,Undergraduate,10,Never-married,Other, Other-relative,*,Female,0,0,35,North America,<=50K
7640,"[40, 50[", Private,99203,High School,4,Married-civ-spouse,Technical, Husband,*,Male,0,0,40,North America,<=50K
7641,"[30, 40[", Self-emp-inc,455995,Undergraduate,10,Never-married,Nontechnical, Not-in-family,*,Male,0,0,65,North America,>50K
7642,"[60, 70[", Private,192515,High School,9,Widowed,Other, Unmarried,*,Female,0,0,40,North America,<=50K
7643,"[60, 70[", Self-emp-not-inc,111483,Undergraduate,10,Married-civ-spouse,Nontechnical, Husband,*,Male,0,2174,10,North America,>50K
7645,"[60, 70[", Private,85413,High School,9,Married-civ-spouse,Other, Husband,*,Male,0,0,44,North America,>50K
7646,"[30, 40[", Private,196125,High School,7,Married-civ-spouse,Technical, Husband,*,Male,0,0,40,North America,<=50K
7647,"[20, 30[", Private,265638,Undergraduate,10,Never-married,Other, Unmarried,*,Female,0,0,40,North America,<=50K
7648,"[50, 60[", Private,177727,High School,9,Married-civ-spouse,Technical, Husband,*,Male,0,0,40,North America,>50K
7649,"[40, 50[", Private,205822,Undergraduate,10,Married-civ-spouse,Nontechnical, Husband,*,Male,0,0,40,North America,>50K
7650,"[40, 50[", Private,112607,High School,7,Married-civ-spouse,Nontechnical, Husband,*,Male,0,0,60,North America,<=50K
7651,"[40, 50[", Federal-gov,177595,Undergraduate,10,Married-civ-spouse,Technical, Husband,*,Male,0,1579,40,North America,<=50K
7652,"[10, 20[", Private,183315,High School,7,Never-married,Nontechnical, Own-child,*,Female,0,0,10,North America,<=50K
7653,"[40, 50[", Private,116279,High School,9,Divorced,Technical, Unmarried,*,Female,0,0,43,North America,<=50K
7654,"[30, 40[", Federal-gov,122493,Undergraduate,13,Married-civ-spouse,Technical, Husband,*,Male,4064,0,40,North America,<=50K
7655,"[30, 40[", Private,215419,Professional Education,12,Married-civ-spouse,Other, Wife,*,Female,0,0,25,North America,<=50K
7656,"[40, 50[", Private,310101,Undergraduate,10,Separated,Nontechnical, Not-in-family,*,Female,0,0,40,North America,<=50K
7657,"[50, 60[", Self-emp-inc,61885,High School,9,Married-civ-spouse,Technical, Husband,*,Male,0,0,60,North America,>50K
7658,"[40, 50[", Private,59107,High School,9,Separated,Other, Not-in-family,*,Female,4101,0,40,North America,<=50K
7660,"[60, 70[", Private,239450,Undergraduate,10,Married-civ-spouse,Nontechnical, Husband,*,Male,0,0,40,North America,<=50K
7661,"[10, 20[", Private,118847,High School,8,Never-married,Nontechnical, Own-child,*,Female,0,0,20,North America,<=50K
7662,"[40, 50[", Self-emp-not-inc,95226,Undergraduate,13,Never-married,Nontechnical, Not-in-family,*,Male,0,0,50,North America,<=50K
7664,"[20, 30[", Private,215395,High School,9,Never-married,Technical, Not-in-family,*,Male,0,0,40,North America,<=50K
7665,"[40, 50[", Private,170600,Professional Education,11,Divorced,Other, Unmarried,*,Female,0,0,40,North America,<=50K
7666,"[40, 50[", Self-emp-not-inc,91044,Graduate,14,Divorced,Technical, Not-in-family,*,Female,0,0,15,North America,<=50K
7667,"[20, 30[", Private,318639,High School,6,Never-married,Other, Not-in-family,*,Male,0,0,60,North America,<=50K
7669,"[50, 60[", Self-emp-not-inc,216824,High School,9,Married-civ-spouse,Other, Husband,*,Male,0,0,30,North America,<=50K
7670,"[30, 40[", Private,308945,High School,9,Divorced,Technical, Unmarried,*,Female,0,0,75,North America,<=50K
7671,"[40, 50[", Private,30840,Graduate,14,Divorced,Technical, Not-in-family,*,Male,0,0,40,North America,>50K
7672,"[30, 40[", Private,99309,High School,9,Married-civ-spouse,Nontechnical, Husband,*,Male,0,0,50,North America,<=50K
7674,"[40, 50[", Private,83064,Professional Education,12,Married-civ-spouse,Technical, Husband,*,Male,0,0,40,North America,>50K
7675,"[20, 30[", Private,403865,Undergraduate,10,Married-civ-spouse,Technical, Husband,*,Male,0,0,56,North America,<=50K
7676,"[40, 50[", Private,235786,Undergraduate,10,Married-civ-spouse,Technical, Husband,*,Male,0,0,44,North America,>50K
7677,"[40, 50[", Private,191893,High School,9,Never-married,Other, Own-child,*,Female,0,0,24,North America,<=50K
7678,"[30, 40[", Local-gov,149184,Undergraduate,13,Married-civ-spouse,Other, Husband,*,Male,0,0,97,North America,>50K
7679,"[30, 40[", Private,152909,Professional Education,11,Married-civ-spouse,Other, Husband,*,Male,7688,0,40,North America,>50K
7681,"[30, 40[", Self-emp-inc,109282,Undergraduate,13,Married-civ-spouse,Nontechnical, Husband,*,Male,0,0,52,North America,>50K
7682,"[30, 40[", Private,248178,Undergraduate,10,Married-civ-spouse,Other, Husband,*,Male,0,0,35,North America,<=50K
7683,"[20, 30[", ?,112683,High School,9,Never-married,Other, Not-in-family,*,Female,0,0,32,North America,<=50K
7684,"[30, 40[", Private,209103,Undergraduate,10,Married-civ-spouse,Nontechnical, Husband,*,Male,3464,0,40,North America,<=50K
7685,"[20, 30[", Private,183639,High School,9,Never-married,Other, Own-child,*,Male,0,0,40,North America,<=50K
7686,"[30, 40[", Local-gov,107233,High School,9,Never-married,Other, Unmarried,*,Male,0,0,55,North America,<=50K
7687,"[20, 30[", Private,175387,Undergraduate,13,Never-married,Nontechnical, Not-in-family,*,Male,0,1876,40,North America,<=50K
7688,"[30, 40[", Self-emp-not-inc,178255,Undergraduate,13,Married-civ-spouse,Nontechnical, Husband,*,Male,0,0,70,Unknown,<=50K
7689,"[30, 40[", Self-emp-not-inc,38223,High School,9,Never-married,Other, Own-child,*,Male,0,0,70,North America,<=50K
7690,"[30, 40[", Private,228873,Graduate,16,Married-civ-spouse,Technical, Husband,*,Male,0,0,45,North America,>50K
7691,"[20, 30[", Private,202182,Undergraduate,10,Married-civ-spouse,Technical, Husband,*,Male,0,0,50,North America,<=50K
7692,"[20, 30[", Local-gov,425092,Graduate,14,Never-married,Technical, Not-in-family,*,Female,2174,0,40,North America,<=50K
7693,"[30, 40[", Self-emp-not-inc,152587,High School,9,Never-married,Technical, Own-child,*,Male,0,0,40,North America,<=50K
7694,"[30, 40[", Self-emp-inc,39089,Undergraduate,10,Married-civ-spouse,Nontechnical, Husband,*,Male,3103,0,50,North America,>50K
7695,"[50, 60[", Private,204304,Undergraduate,10,Divorced,Nontechnical, Not-in-family,*,Female,0,0,50,North America,>50K
7696,"[40, 50[", Private,116103,Undergraduate,10,Separated,Technical, Unmarried,*,Male,4934,0,47,North America,>50K
7698,"[50, 60[", Federal-gov,81973,Undergraduate,10,Married-civ-spouse,Technical, Husband,*,Male,0,1485,40,North America,>50K
7699,"[20, 30[", Private,134890,Undergraduate,13,Married-civ-spouse,Technical, Husband,*,Male,0,0,40,North America,>50K
7700,"[30, 40[", Private,452924,High School,9,Married-civ-spouse,Technical, Husband,*,Male,0,0,40,North America,<=50K
7701,"[50, 60[", Private,245193,Graduate,14,Married-civ-spouse,Nontechnical, Husband,*,Male,0,0,60,North America,>50K
7702,"[60, 70[", State-gov,34339,High School,9,Married-civ-spouse,Other, Husband,*,Male,0,0,40,North America,<=50K
7703,"[20, 30[", Private,184756,Undergraduate,10,Never-married,Other, Own-child,*,Female,0,0,12,North America,<=50K
7704,"[50, 60[", Private,392160,High School,9,Widowed,Nontechnical, Unmarried,*,Female,0,0,25,North America,<=50K
7705,"[40, 50[", Private,168337,Primary School,3,Married-civ-spouse,Technical, Husband,*,Male,0,0,40,North America,<=50K
7706,"[30, 40[", Private,309513,High School,9,Married-civ-spouse,Technical, Husband,*,Male,0,0,40,North America,<=50K
7707,"[70, 80[", Private,77219,High School,9,Married-civ-spouse,Technical, Husband,*,Male,0,0,37,North America,<=50K
7708,"[40, 50[", Private,212888,Undergraduate,13,Divorced,Nontechnical, Unmarried,*,Female,0,0,45,North America,<=50K
7709,"[30, 40[", Private,361888,Undergraduate,13,Never-married,Technical, Not-in-family,*,Male,10520,0,40,North America,>50K
7710,"[50, 60[", Local-gov,237879,Undergraduate,13,Married-civ-spouse,Technical, Husband,*,Male,0,0,58,North America,<=50K
7711,"[40, 50[", Self-emp-not-inc,93099,Undergraduate,10,Married-civ-spouse,Technical, Own-child,*,Female,0,0,25,North America,<=50K
7712,"[40, 50[", Private,225193,High School,9,Married-civ-spouse,Nontechnical, Husband,*,Male,0,0,40,North America,<=50K
7713,"[20, 30[", Private,50814,High School,9,Never-married,Other, Not-in-family,*,Female,0,0,40,North America,<=50K
7714,"[40, 50[", Local-gov,123681,Graduate,14,Married-civ-spouse,Technical, Husband,*,Male,7688,0,60,North America,>50K
7715,"[20, 30[", Private,249351,High School,9,Married-civ-spouse,Technical, Wife,*,Female,0,0,40,North America,<=50K
7716,"[50, 60[", Self-emp-not-inc,222311,High School,9,Married-civ-spouse,Other, Husband,*,Male,7688,0,55,North America,>50K
7717,"[10, 20[", Private,301762,High School,9,Never-married,Other, Own-child,*,Female,0,0,25,North America,<=50K
7718,"[50, 60[", Private,195298,Undergraduate,10,Married-civ-spouse,Nontechnical, Husband,*,Male,0,0,50,North America,>50K
7719,"[60, 70[", Private,541737,Undergraduate,10,Widowed,Other, Not-in-family,*,Female,2050,0,24,North America,<=50K
7721,"[40, 50[", Private,129513,Undergraduate,13,Married-civ-spouse,Nontechnical, Husband,*,Male,0,0,60,North America,>50K
7722,"[10, 20[", Private,374262,High School,8,Never-married,Nontechnical, Own-child,*,Male,0,0,20,North America,<=50K
7723,"[20, 30[", Private,382146,Undergraduate,10,Never-married,Technical, Not-in-family,*,Male,0,0,40,North America,<=50K
7724,"[40, 50[", ?,185291,Undergraduate,13,Married-civ-spouse,Other, Husband,*,Male,0,0,6,North America,<=50K
7725,"[50, 60[", Private,30447,High School,9,Divorced,Technical, Not-in-family,*,Male,0,0,50,North America,<=50K
7726,"[50, 60[", Private,49893,Undergraduate,10,Married-civ-spouse,Nontechnical, Husband,*,Male,0,0,45,North America,<=50K
7727,"[20, 30[", Private,197387,Undergraduate,10,Never-married,Nontechnical, Other-relative,*,Male,0,0,24,North America,<=50K
7728,"[30, 40[", Self-emp-not-inc,111957,Undergraduate,10,Married-civ-spouse,Nontechnical, Husband,*,Male,0,0,52,North America,<=50K
7729,"[30, 40[", Private,340458,High School,8,Never-married,Other, Unmarried,*,Female,0,0,40,North America,<=50K
7731,"[30, 40[", Private,210945,High School,9,Married-civ-spouse,Nontechnical, Husband,*,Male,0,0,24,North America,<=50K
7733,"[40, 50[", Private,190543,Undergraduate,10,Married-civ-spouse,Technical, Wife,*,Female,0,0,40,North America,>50K
7734,"[20, 30[", Private,70261,Undergraduate,10,Never-married,Other, Own-child,*,Male,0,0,30,North America,<=50K
7736,"[30, 40[", Private,242094,High School,9,Married-civ-spouse,Other, Other-relative,*,Male,0,0,40,North America,<=50K
7738,"[20, 30[", Private,82531,Undergraduate,10,Never-married,Other, Not-in-family,*,Male,0,0,40,North America,<=50K
7739,"[50, 60[", Private,193374,Primary School,2,Married-civ-spouse,Technical, Husband,*,Male,0,0,40,North America,<=50K
7740,"[30, 40[", ?,186420,Undergraduate,13,Never-married,Other, Not-in-family,*,Female,0,0,40,North America,<=50K
7741,"[10, 20[", Private,323605,High School,4,Never-married,Other, Not-in-family,*,Male,0,0,60,North America,>50K
7742,"[50, 60[", Private,371064,High School,5,Married-civ-spouse,Other, Husband,*,Male,0,0,40,North America,<=50K
7743,"[20, 30[", Private,39927,High School,9,Never-married,Other, Not-in-family,*,Male,0,0,8,North America,<=50K
7744,"[20, 30[", Private,64292,Undergraduate,10,Never-married,Other, Own-child,*,Female,0,0,37,North America,<=50K
7745,"[30, 40[", Private,198660,High School,9,Married-civ-spouse,Technical, Husband,*,Male,99999,0,56,North America,>50K
7746,"[50, 60[", ?,196975,High School,9,Divorced,Other, Other-relative,*,Male,0,0,45,North America,<=50K
7747,"[20, 30[", Private,210165,Undergraduate,10,Never-married,Technical, Not-in-family,*,Male,0,0,50,North America,<=50K
7748,"[60, 70[", Private,144137,Undergraduate,10,Divorced,Other, Other-relative,*,Female,0,0,30,North America,<=50K
7749,"[50, 60[", Local-gov,155657,Undergraduate,13,Divorced,Nontechnical, Unmarried,*,Female,0,0,40,North America,<=50K
7750,"[20, 30[", ?,72953,High School,9,Never-married,Other, Not-in-family,*,Male,0,0,40,North America,<=50K
7751,"[60, 70[", Self-emp-not-inc,107548,High School,5,Married-civ-spouse,Other, Husband,*,Male,0,0,40,North America,<=50K
7752,"[40, 50[", Private,163258,Undergraduate,13,Never-married,Technical, Not-in-family,*,Male,0,0,40,North America,<=50K
7753,"[30, 40[", Private,221324,High School,9,Never-married,Technical, Unmarried,*,Female,0,0,40,North America,<=50K
7754,"[10, 20[", Private,444822,High School,7,Never-married,Nontechnical, Own-child,*,Female,0,0,8,North America,<=50K
7755,"[10, 20[", Private,154398,High School,7,Never-married,Other, Own-child,*,Male,0,0,16,North America,<=50K
7756,"[30, 40[", Private,120672,High School,7,Divorced,Nontechnical, Other-relative,*,Male,0,1721,40,North America,<=50K
7757,"[50, 60[", Private,159650,Undergraduate,10,Married-civ-spouse,Technical, Husband,*,Male,0,0,60,North America,>50K
7758,"[60, 70[", Private,290754,High School,6,Widowed,Nontechnical, Not-in-family,*,Female,0,0,40,North America,<=50K
7759,"[40, 50[", Private,49654,High School,9,Divorced,Other, Unmarried,*,Female,0,0,52,North America,<=50K
7760,"[20, 30[", Federal-gov,147352,High School,9,Never-married,Other, Not-in-family,*,Female,0,0,40,North America,<=50K
7761,"[20, 30[", Private,227943,Professional Education,12,Never-married,Nontechnical, Own-child,*,Male,0,0,30,North America,<=50K
7762,"[10, 20[", Private,423024,High School,9,Never-married,Other, Not-in-family,*,Male,0,0,20,North America,<=50K
7764,"[40, 50[", Private,445940,High School,5,Married-civ-spouse,Technical, Husband,*,Male,0,0,40,North America,<=50K
7765,"[20, 30[", Private,230824,Undergraduate,13,Never-married,Technical, Not-in-family,*,Male,0,0,40,North America,<=50K
7766,"[40, 50[", Private,48882,High School,9,Divorced,Other, Other-relative,*,Female,0,0,40,North America,<=50K
7767,"[40, 50[", Private,168195,High School,9,Married-civ-spouse,Nontechnical, Husband,*,Male,0,0,55,North America,<=50K
7768,"[50, 60[", Local-gov,188644,Primary School,3,Married-civ-spouse,Other, Husband,*,Male,0,0,40,North America,<=50K
7769,"[20, 30[", Private,136077,High School,6,Never-married,Nontechnical, Not-in-family,*,Male,0,0,40,North America,<=50K
7770,"[20, 30[", State-gov,119793,Undergraduate,10,Married-civ-spouse,Other, Husband,*,Male,0,0,40,North America,<=50K
7771,"[40, 50[", Private,336513,Undergraduate,10,Married-civ-spouse,Technical, Husband,*,Male,0,0,45,North America,<=50K
7772,"[50, 60[", Private,186991,High School,9,Married-civ-spouse,Technical, Husband,*,Male,0,0,40,North America,<=50K
7773,"[20, 30[", ?,218948,High School,4,Never-married,Other, Not-in-family,*,Female,0,0,32,North America,<=50K
7774,"[20, 30[", Private,211435,High School,9,Never-married,Technical, Unmarried,*,Female,0,0,40,North America,<=50K
7775,"[30, 40[", Self-emp-not-inc,280169,Undergraduate,10,Married-civ-spouse,Other, Husband,*,Male,3456,0,8,North America,<=50K
7776,"[20, 30[", Private,109997,High School,9,Divorced,Other, Not-in-family,*,Female,0,0,40,North America,<=50K
7777,"[30, 40[", Private,286789,Graduate,16,Married-civ-spouse,Nontechnical, Husband,*,Male,0,0,45,North America,>50K
7778,"[20, 30[", Private,102460,Undergraduate,13,Married-civ-spouse,Nontechnical, Husband,*,Male,0,0,40,North America,<=50K
7779,"[10, 20[", Private,287160,High School,7,Never-married,Other, Own-child,*,Female,0,0,15,North America,<=50K
7780,"[30, 40[", Private,198097,Undergraduate,13,Divorced,Nontechnical, Not-in-family,*,Male,0,0,50,North America,<=50K
7781,"[50, 60[", Private,119111,High School,9,Married-civ-spouse,Technical, Husband,*,Male,0,0,40,North America,<=50K
7782,"[20, 30[", Private,174461,Undergraduate,13,Never-married,Nontechnical, Not-in-family,*,Female,0,0,50,North America,<=50K
7783,"[20, 30[", Self-emp-not-inc,281678,Professional Education,11,Married-civ-spouse,Other, Husband,*,Male,0,0,55,North America,<=50K
7784,"[20, 30[", ?,377725,Undergraduate,13,Never-married,Other, Not-in-family,*,Female,0,0,40,North America,<=50K
7785,"[30, 40[", Private,151053,High School,9,Married-civ-spouse,Nontechnical, Husband,*,Male,0,0,40,North America,>50K
7786,"[40, 50[", Local-gov,186539,Graduate,14,Married-civ-spouse,Other, Husband,*,Male,0,0,40,North America,>50K
7787,"[20, 30[", ?,149478,Undergraduate,10,Never-married,Other, Other-relative,*,Female,0,0,25,North America,<=50K
7788,"[40, 50[", Private,198452,High School,7,Married-civ-spouse,Other, Husband,*,Male,0,0,40,North America,<=50K
7790,"[30, 40[", Private,176711,High School,9,Never-married,Other, Not-in-family,*,Male,0,0,40,North America,<=50K
7793,"[20, 30[", State-gov,38251,Undergraduate,10,Never-married,Technical, Own-child,*,Female,0,0,20,North America,<=50K
7794,"[30, 40[", Private,125761,Undergraduate,10,Never-married,Other, Not-in-family,*,Male,0,0,36,North America,<=50K
7795,"[20, 30[", Private,148645,Professional Education,12,Divorced,Technical, Not-in-family,*,Female,0,0,40,North America,<=50K
7796,"[40, 50[", Private,273435,High School,9,Married-civ-spouse,Technical, Husband,*,Male,0,1579,40,North America,<=50K
7797,"[40, 50[", Private,208613,Undergraduate,13,Separated,Technical, Not-in-family,*,Male,0,0,40,North America,<=50K
7798,"[30, 40[", Private,192565,High School,9,Married-civ-spouse,Technical, Husband,*,Male,0,0,40,North America,<=50K
7799,"[20, 30[", Private,183885,High School,9,Never-married,Other, Own-child,*,Male,0,0,30,North America,<=50K
7801,"[30, 40[", Private,191754,Undergraduate,13,Married-civ-spouse,Other, Husband,*,Male,0,0,50,North America,>50K
7803,"[50, 60[", Private,127014,High School,9,Married-civ-spouse,Other, Husband,*,Male,0,0,60,North America,<=50K
7804,"[40, 50[", Private,197919,Professional Education,12,Divorced,Nontechnical, Unmarried,*,Female,0,0,40,North America,<=50K
7805,"[30, 40[", Private,217460,Undergraduate,13,Married-civ-spouse,Nontechnical, Husband,*,Male,0,0,40,North America,>50K
7806,"[30, 40[", Private,86551,High School,9,Married-civ-spouse,Other, Husband,*,Male,0,0,40,North America,>50K
7807,"[50, 60[", Self-emp-inc,98051,Undergraduate,10,Married-civ-spouse,Nontechnical, Husband,*,Male,0,0,54,North America,>50K
7808,"[30, 40[", Private,215917,Undergraduate,10,Married-civ-spouse,Nontechnical, Husband,*,Male,0,0,40,Asia,<=50K
7809,"[50, 60[", Self-emp-not-inc,192982,High School,9,Married-civ-spouse,Other, Husband,*,Male,0,0,85,North America,<=50K
7810,"[20, 30[", Self-emp-not-inc,334132,Professional Education,12,Never-married,Technical, Not-in-family,*,Female,0,0,78,North America,<=50K
7811,"[40, 50[", Private,136986,Undergraduate,13,Married-civ-spouse,Nontechnical, Husband,*,Male,0,0,40,North America,>50K
7812,"[60, 70[", Private,116812,Undergraduate,10,Divorced,Other, Not-in-family,*,Female,0,0,40,North America,<=50K
7813,"[40, 50[", Private,189123,High School,7,Married-civ-spouse,Other, Husband,*,Male,0,1485,58,North America,<=50K
7814,"[20, 30[", Private,89648,Undergraduate,13,Never-married,Nontechnical, Not-in-family,*,Female,0,0,50,North America,<=50K
7815,"[30, 40[", ?,190027,High School,9,Never-married,Other, Unmarried,*,Female,0,0,20,North America,<=50K
7816,"[50, 60[", Private,99248,Undergraduate,10,Divorced,Other, Not-in-family,*,Male,0,0,40,North America,<=50K
7817,"[40, 50[", Private,57600,High School,9,Divorced,Technical, Not-in-family,*,Female,0,0,45,North America,<=50K
7818,"[20, 30[", Private,199224,Undergraduate,13,Married-civ-spouse,Technical, Husband,*,Male,0,0,45,North America,>50K
7819,"[50, 60[", Private,140363,High School,9,Divorced,Nontechnical, Not-in-family,*,Male,0,0,36,North America,<=50K
7820,"[30, 40[", Private,308812,Undergraduate,10,Never-married,Nontechnical, Not-in-family,*,Female,0,0,60,North America,<=50K
7821,"[20, 30[", Private,275421,Undergraduate,10,Never-married,Technical, Own-child,*,Female,0,0,40,North America,<=50K
7822,"[60, 70[", Private,213321,High School,9,Married-civ-spouse,Other, Husband,*,Male,0,0,40,North America,<=50K
7823,"[30, 40[", Private,157747,Professional Education,12,Married-civ-spouse,Nontechnical, Husband,*,Male,0,0,40,North America,<=50K
7824,"[50, 60[", Private,182314,Graduate,14,Married-civ-spouse,Technical, Husband,*,Male,0,0,40,North America,>50K
7826,"[50, 60[", ?,208640,High School,9,Married-civ-spouse,Other, Husband,*,Male,0,0,30,North America,>50K
7827,"[20, 30[", Self-emp-not-inc,189346,Undergraduate,10,Divorced,Technical, Not-in-family,*,Male,2202,0,50,North America,<=50K
7830,"[30, 40[", Private,154227,High School,9,Married-civ-spouse,Technical, Husband,*,Male,0,0,43,North America,>50K
7831,"[30, 40[", Private,105044,Undergraduate,10,Married-civ-spouse,Nontechnical, Husband,*,Male,0,0,42,North America,>50K
7832,"[40, 50[", Private,35910,Undergraduate,10,Married-civ-spouse,Nontechnical, Husband,*,Male,0,0,43,North America,>50K
7833,"[20, 30[", Private,189203,High School,9,Never-married,Nontechnical, Not-in-family,*,Male,0,0,40,North America,<=50K
7834,"[40, 50[", Private,116493,High School,9,Divorced,Technical, Not-in-family,*,Male,13550,0,44,North America,>50K
7835,"[40, 50[", Local-gov,19700,Undergraduate,13,Married-civ-spouse,Technical, Wife,*,Female,0,0,50,North America,>50K
7836,"[20, 30[", Private,48718,High School,6,Never-married,Other, Not-in-family,*,Female,2907,0,40,North America,<=50K
7837,"[40, 50[", Private,106113,Undergraduate,10,Married-civ-spouse,Nontechnical, Husband,*,Male,0,0,40,North America,>50K
7838,"[20, 30[", Private,256263,Professional Education,12,Married-civ-spouse,Nontechnical, Husband,*,Male,0,0,40,North America,<=50K
7839,"[30, 40[", ?,202498,High School,4,Separated,Other, Not-in-family,*,Male,0,0,40,North America,<=50K
7840,"[30, 40[", Private,120074,Undergraduate,13,Married-civ-spouse,Technical, Husband,*,Male,0,0,50,North America,>50K
7841,"[20, 30[", Private,122922,High School,9,Never-married,Nontechnical, Not-in-family,*,Female,0,0,50,North America,<=50K
7842,"[60, 70[", Self-emp-not-inc,116903,Professional Education,11,Married-civ-spouse,Technical, Husband,*,Male,0,2149,40,North America,<=50K
7843,"[40, 50[", Local-gov,222596,High School,9,Married-civ-spouse,Technical, Husband,*,Male,0,0,40,North America,>50K
7845,"[30, 40[", Private,156400,Undergraduate,10,Divorced,Other, Unmarried,*,Female,0,0,40,North America,<=50K
7846,"[30, 40[", Private,53373,High School,9,Married-civ-spouse,Technical, Husband,*,Male,0,0,35,North America,<=50K
7847,"[20, 30[", Private,58916,Undergraduate,10,Never-married,Other, Not-in-family,*,Female,0,0,30,North America,<=50K
7848,"[40, 50[", Local-gov,167159,Undergraduate,13,Married-civ-spouse,Other, Husband,*,Male,0,0,50,North America,>50K
7849,"[20, 30[", Private,283806,Undergraduate,10,Never-married,Other, Not-in-family,*,Female,0,0,40,North America,<=50K
7851,"[30, 40[", Local-gov,61778,High School,9,Married-civ-spouse,Technical, Husband,*,Male,15024,0,40,North America,>50K
7852,"[40, 50[", Private,33310,High School,9,Never-married,Other, Not-in-family,*,Female,0,0,40,North America,<=50K
7853,"[20, 30[", Self-emp-not-inc,202560,Undergraduate,10,Never-married,Technical, Own-child,*,Female,0,0,35,North America,<=50K
7854,"[20, 30[", Self-emp-not-inc,60828,Undergraduate,10,Never-married,Other, Own-child,*,Female,0,0,50,North America,<=50K
7855,"[50, 60[", State-gov,153486,Undergraduate,10,Married-civ-spouse,Other, Husband,*,Male,0,0,50,North America,<=50K
7857,"[30, 40[", Local-gov,370990,Graduate,14,Never-married,Technical, Not-in-family,*,Female,0,0,40,North America,<=50K
7858,"[30, 40[", Self-emp-not-inc,198867,High School,7,Married-civ-spouse,Technical, Husband,*,Male,0,0,40,North America,<=50K
7860,"[30, 40[", Private,175856,Graduate,14,Married-civ-spouse,Technical, Husband,*,Male,0,0,38,North America,<=50K
7862,"[20, 30[", ?,125159,Undergraduate,10,Never-married,Other, Not-in-family,*,Male,0,0,36,Unknown,<=50K
7863,"[30, 40[", Private,220690,Undergraduate,10,Divorced,Technical, Not-in-family,*,Male,0,0,80,North America,<=50K
7864,"[30, 40[", Private,160035,High School,9,Married-civ-spouse,Technical, Husband,*,Male,3908,0,55,North America,<=50K
7866,"[30, 40[", Self-emp-not-inc,134737,High School,9,Married-civ-spouse,Technical, Husband,*,Male,0,0,35,North America,<=50K
7867,"[20, 30[", Private,81648,High School,9,Married-civ-spouse,Nontechnical, Husband,*,Male,0,1887,55,North America,>50K
7868,"[40, 50[", State-gov,122177,Undergraduate,10,Married-civ-spouse,Technical, Husband,*,Male,0,0,40,North America,>50K
7869,"[50, 60[", Federal-gov,69614,High School,6,Separated,Technical, Not-in-family,*,Male,0,0,56,North America,<=50K
7870,"[30, 40[", Private,112115,Undergraduate,13,Married-civ-spouse,Nontechnical, Husband,*,Male,0,1902,45,North America,>50K
7871,"[20, 30[", Private,299422,High School,4,Married-civ-spouse,Nontechnical, Husband,*,Male,0,0,40,North America,<=50K
7873,"[20, 30[", Private,112854,Undergraduate,10,Never-married,Technical, Not-in-family,*,Female,0,0,16,North America,<=50K
7874,"[30, 40[", Self-emp-not-inc,33417,Undergraduate,10,Married-civ-spouse,Technical, Husband,*,Male,0,0,50,North America,<=50K
7875,"[40, 50[", Federal-gov,224559,High School,9,Married-civ-spouse,Other, Husband,*,Male,0,0,40,North America,>50K
7876,"[40, 50[", ?,468706,High School,9,Married-civ-spouse,Other, Husband,*,Male,0,0,40,North America,<=50K
7877,"[20, 30[", Private,357028,Undergraduate,10,Never-married,Nontechnical, Own-child,*,Male,0,0,40,North America,<=50K
7878,"[30, 40[", Local-gov,51158,Undergraduate,10,Married-civ-spouse,Technical, Wife,*,Female,7298,0,36,North America,>50K
7879,"[50, 60[", Private,186303,Undergraduate,13,Married-civ-spouse,Nontechnical, Husband,*,Male,0,0,40,North America,>50K
7880,"[50, 60[", Private,127749,High School,9,Married-civ-spouse,Other, Husband,*,Male,0,0,50,North America,<=50K
7881,"[20, 30[", Private,291386,Undergraduate,10,Never-married,Other, Not-in-family,*,Female,0,0,40,North America,<=50K
7882,"[20, 30[", Private,138054,Professional Education,12,Never-married,Other, Not-in-family,*,Male,0,0,40,North America,<=50K
7883,"[40, 50[", Self-emp-not-inc,174533,Undergraduate,10,Married-civ-spouse,Technical, Husband,*,Male,0,0,40,North America,<=50K
7884,"[40, 50[", Private,200835,High School,9,Married-civ-spouse,Technical, Husband,*,Male,0,0,40,North America,<=50K
7885,"[20, 30[", Private,108658,High School,9,Never-married,Nontechnical, Not-in-family,*,Male,0,0,45,North America,<=50K
7886,"[40, 50[", Private,180985,Undergraduate,10,Married-civ-spouse,Other, Husband,*,Male,0,0,60,North America,>50K
7887,"[20, 30[", Private,34803,Undergraduate,13,Never-married,Nontechnical, Own-child,*,Female,0,0,20,North America,<=50K
7888,"[50, 60[", Private,75867,Graduate,14,Married-civ-spouse,Technical, Husband,*,Male,0,0,60,North America,<=50K
7889,"[20, 30[", Private,156819,Professional Education,12,Divorced,Technical, Unmarried,*,Female,0,0,35,North America,<=50K
7891,"[20, 30[", Private,39827,Undergraduate,10,Married-civ-spouse,Technical, Wife,*,Female,0,0,40,North America,<=50K
7892,"[30, 40[", Private,130007,Undergraduate,13,Never-married,Other, Not-in-family,*,Male,0,0,40,North America,<=50K
7893,"[30, 40[", Self-emp-not-inc,80324,High School,9,Married-civ-spouse,Nontechnical, Husband,*,Male,0,0,60,North America,>50K
7895,"[30, 40[", Private,140869,High School,9,Never-married,Other, Unmarried,*,Female,0,0,40,North America,<=50K
7897,"[30, 40[", Private,287908,High School,9,Married-civ-spouse,Technical, Husband,*,Male,0,0,40,North America,<=50K
7898,"[30, 40[", Private,309630,High School,9,Married-civ-spouse,Other, Husband,*,Male,0,0,40,North America,<=50K
7899,"[40, 50[", Private,28225,Undergraduate,10,Married-civ-spouse,Other, Husband,*,Male,0,0,58,North America,<=50K
7900,"[40, 50[", ?,428584,High School,9,Married-civ-spouse,Other, Wife,*,Female,3464,0,20,North America,<=50K
7901,"[10, 20[", Private,39222,High School,7,Never-married,Other, Own-child,*,Male,0,0,40,North America,<=50K
7903,"[20, 30[", Private,122272,High School,9,Never-married,Other, Own-child,*,Female,0,0,40,North America,<=50K
7904,"[50, 60[", Self-emp-inc,198400,High School,9,Married-civ-spouse,Nontechnical, Husband,*,Male,0,0,60,North America,<=50K
7905,"[60, 70[", ?,73091,High School,4,Widowed,Other, Not-in-family,*,Male,0,0,40,North America,<=50K
7906,"[30, 40[", Self-emp-inc,283338,Undergraduate,13,Married-civ-spouse,Nontechnical, Husband,*,Male,7298,0,40,North America,>50K
7907,"[20, 30[", Private,208946,Undergraduate,10,Never-married,Nontechnical, Own-child,*,Male,0,0,40,North America,<=50K
7908,"[30, 40[", Private,348416,High School,9,Never-married,Other, Unmarried,*,Female,0,0,40,North America,<=50K
7910,"[20, 30[", Private,183887,Undergraduate,13,Never-married,Other, Own-child,*,Male,0,0,40,North America,<=50K
7911,"[30, 40[", Self-emp-not-inc,127961,Undergraduate,10,Married-civ-spouse,Technical, Husband,*,Male,0,0,45,North America,>50K
7912,"[20, 30[", Private,211129,Undergraduate,13,Never-married,Nontechnical, Own-child,*,Female,0,0,35,North America,<=50K
7913,"[20, 30[", Local-gov,187649,High School,9,Separated,Other, Other-relative,*,Female,0,0,40,North America,<=50K
7914,"[40, 50[", Federal-gov,94754,Graduate,14,Married-civ-spouse,Other, Husband,*,Male,0,0,40,North America,>50K
7915,"[30, 40[", Private,231826,High School,4,Married-civ-spouse,Technical, Husband,*,Male,0,0,40,North America,<=50K
7916,"[20, 30[", Private,142764,High School,9,Never-married,Technical, Not-in-family,*,Male,0,0,48,North America,<=50K
7917,"[20, 30[", Private,126822,Undergraduate,13,Never-married,Other, Own-child,*,Female,0,0,60,North America,<=50K
7918,"[30, 40[", Private,188069,High School,9,Married-civ-spouse,Technical, Husband,*,Male,0,0,40,North America,<=50K
7919,"[30, 40[", Private,284395,High School,9,Married-civ-spouse,Technical, Husband,*,Male,0,0,50,North America,<=50K
7920,"[40, 50[", Private,31267,High School,4,Married-civ-spouse,Technical, Husband,*,Male,0,0,40,North America,<=50K
7922,"[20, 30[", Private,144483,High School,9,Separated,Nontechnical, Unmarried,*,Female,0,0,40,North America,<=50K
7923,"[30, 40[", Private,133655,High School,9,Married-spouse-absent,Other, Unmarried,*,Female,0,0,40,North America,<=50K
7924,"[30, 40[", State-gov,112074,Graduate,16,Never-married,Technical, Not-in-family,*,Male,0,0,45,North America,<=50K
7925,"[20, 30[", Private,249727,High School,9,Never-married,Other, Own-child,*,Male,0,0,22,North America,<=50K
7926,"[10, 20[", Private,165754,Undergraduate,10,Never-married,Other, Own-child,*,Female,0,0,30,North America,<=50K
7927,"[30, 40[", Local-gov,172822,Professional Education,11,Never-married,Other, Not-in-family,*,Male,0,0,40,North America,<=50K
7928,"[40, 50[", Private,288433,Undergraduate,10,Never-married,Other, Own-child,*,Female,0,0,40,North America,<=50K
7929,"[40, 50[", Private,33331,Undergraduate,10,Married-civ-spouse,Other, Husband,*,Male,0,0,50,North America,<=50K
7930,"[40, 50[", Private,168071,High School,9,Married-civ-spouse,Nontechnical, Husband,*,Male,0,0,44,North America,<=50K
7931,"[40, 50[", Private,207277,Undergraduate,13,Married-civ-spouse,Nontechnical, Husband,*,Male,0,0,50,North America,>50K
7933,"[40, 50[", Private,136244,Undergraduate,10,Married-civ-spouse,Other, Wife,*,Female,0,0,40,North America,<=50K
7934,"[40, 50[", Private,972354,Undergraduate,10,Married-civ-spouse,Other, Husband,*,Male,0,0,48,North America,<=50K
7935,"[20, 30[", Private,245297,Undergraduate,10,Never-married,Other, Not-in-family,*,Female,0,0,20,North America,<=50K
7936,"[30, 40[", State-gov,71151,Undergraduate,13,Married-civ-spouse,Technical, Husband,*,Male,0,0,20,North America,<=50K
7937,"[10, 20[", Private,118352,Undergraduate,10,Never-married,Other, Own-child,*,Female,0,0,16,North America,<=50K
7938,"[20, 30[", Private,117210,High School,9,Never-married,Technical, Own-child,*,Male,0,0,40,North America,<=50K
7939,"[20, 30[", Private,120068,Professional Education,11,Married-civ-spouse,Nontechnical, Husband,*,Male,0,0,40,North America,<=50K
7940,"[20, 30[", Private,48343,High School,7,Never-married,Other, Not-in-family,*,Female,0,0,40,North America,<=50K
7942,"[50, 60[", ?,76437,Undergraduate,10,Divorced,Other, Unmarried,*,Female,0,0,40,North America,<=50K
7943,"[10, 20[", Private,281704,Undergraduate,10,Never-married,Other, Not-in-family,*,Male,0,0,35,North America,<=50K
7944,"[50, 60[", Private,123011,Undergraduate,10,Married-civ-spouse,Nontechnical, Husband,*,Male,0,0,45,North America,>50K
7945,"[50, 60[", Private,104729,High School,9,Divorced,Technical, Other-relative,*,Female,0,0,48,North America,<=50K
7946,"[20, 30[", Private,110134,Undergraduate,10,Divorced,Technical, Not-in-family,*,Male,0,0,40,North America,<=50K
7947,"[10, 20[", Private,186067,High School,6,Never-married,Technical, Own-child,*,Male,0,0,10,North America,<=50K
7948,"[40, 50[", Private,214702,High School,9,Divorced,Other, Unmarried,*,Female,0,0,37,North America,<=50K
7949,"[40, 50[", Private,384795,Undergraduate,13,Divorced,Technical, Unmarried,*,Female,0,0,32,North America,<=50K
7950,"[30, 40[", Private,175931,Undergraduate,10,Married-civ-spouse,Nontechnical, Husband,*,Male,0,0,44,North America,<=50K
7951,"[50, 60[", Private,366324,Undergraduate,10,Married-civ-spouse,Other, Wife,*,Female,0,0,30,North America,<=50K
7952,"[40, 50[", Private,118717,Undergraduate,13,Divorced,Technical, Not-in-family,*,Female,0,0,40,North America,<=50K
7953,"[20, 30[", Private,219835,Undergraduate,10,Never-married,Other, Own-child,*,Male,0,0,40,North America,<=50K
7954,"[20, 30[", Private,176486,Professional Education,11,Never-married,Other, Own-child,*,Female,0,0,36,North America,<=50K
7955,"[40, 50[", Private,273435,High School,9,Married-civ-spouse,Technical, Husband,*,Male,0,0,40,North America,<=50K
7956,"[20, 30[", Private,182661,Undergraduate,10,Never-married,Nontechnical, Own-child,*,Male,0,0,20,North America,<=50K
7957,"[20, 30[", Private,212304,High School,4,Never-married,Technical, Own-child,*,Male,0,0,48,North America,<=50K
7958,"[50, 60[", Local-gov,133963,Undergraduate,13,Never-married,Technical, Own-child,*,Female,0,0,40,North America,>50K
7959,"[40, 50[", Private,165152,High School,9,Married-civ-spouse,Nontechnical, Husband,*,Male,0,0,48,North America,>50K
7961,"[40, 50[", Private,196707,Professional Education,15,Divorced,Other, Not-in-family,*,Male,0,0,40,North America,<=50K
7962,"[30, 40[", Private,213002,High School,8,Never-married,Nontechnical, Not-in-family,*,Male,4650,0,50,North America,<=50K
7963,"[10, 20[", ?,26620,Undergraduate,10,Never-married,Other, Own-child,*,Female,0,0,40,North America,<=50K
7965,"[30, 40[", Private,148581,High School,9,Married-civ-spouse,Technical, Husband,*,Male,0,1740,40,North America,<=50K
7966,"[40, 50[", Private,459189,Undergraduate,10,Married-civ-spouse,Technical, Husband,*,Male,0,1902,50,North America,>50K
7967,"[20, 30[", Self-emp-not-inc,214689,High School,7,Never-married,Technical, Not-in-family,*,Male,0,0,40,North America,<=50K
7968,"[50, 60[", Private,289364,Undergraduate,10,Married-civ-spouse,Nontechnical, Husband,*,Male,7688,0,45,North America,>50K
7969,"[20, 30[", Private,174907,High School,9,Never-married,Other, Own-child,*,Female,0,0,40,North America,<=50K
7970,"[50, 60[", Self-emp-not-inc,348099,High School,6,Divorced,Nontechnical, Not-in-family,*,Female,0,0,50,North America,<=50K
7971,"[30, 40[", ?,104965,High School,5,Never-married,Other, Not-in-family,*,Female,0,0,30,North America,<=50K
7972,"[30, 40[", Private,31600,Undergraduate,13,Never-married,Technical, Not-in-family,*,Female,0,0,40,North America,<=50K
7973,"[30, 40[", Self-emp-not-inc,286282,Undergraduate,13,Married-civ-spouse,Other, Wife,*,Female,0,0,20,North America,<=50K
7974,"[30, 40[", Self-emp-not-inc,181705,High School,9,Married-civ-spouse,Technical, Husband,*,Male,3103,0,40,North America,>50K
7975,"[30, 40[", Private,238912,Graduate,16,Married-civ-spouse,Technical, Husband,*,Male,0,0,60,North America,>50K
7976,"[30, 40[", Private,134737,Graduate,14,Married-civ-spouse,Technical, Husband,*,Male,7688,0,55,North America,>50K
7977,"[60, 70[", ?,157403,Professional Education,15,Married-civ-spouse,Other, Husband,*,Male,6418,0,10,North America,>50K
7978,"[30, 40[", Private,197429,High School,9,Married-civ-spouse,Nontechnical, Husband,*,Male,0,0,45,North America,>50K
7979,"[40, 50[", Private,47343,Graduate,14,Married-civ-spouse,Technical, Husband,*,Male,0,0,40,North America,>50K
7981,"[20, 30[", Private,249957,Undergraduate,10,Never-married,Nontechnical, Own-child,*,Male,0,0,40,North America,<=50K
7983,"[50, 60[", Private,192982,High School,9,Married-civ-spouse,Technical, Husband,*,Male,0,1848,40,North America,>50K
7984,"[40, 50[", Private,209547,Undergraduate,13,Married-civ-spouse,Nontechnical, Husband,*,Male,0,1977,60,North America,>50K
7985,"[30, 40[", Private,142675,Undergraduate,13,Never-married,Nontechnical, Not-in-family,*,Male,0,0,30,North America,<=50K
7986,"[50, 60[", Federal-gov,190333,Undergraduate,10,Married-civ-spouse,Technical, Husband,*,Male,0,0,40,North America,<=50K
7987,"[30, 40[", Private,196396,Undergraduate,10,Never-married,Technical, Not-in-family,*,Male,0,0,40,North America,<=50K
7988,"[40, 50[", Private,166740,High School,9,Married-civ-spouse,Technical, Husband,*,Male,0,0,40,North America,<=50K
7989,"[40, 50[", Local-gov,174533,Professional Education,11,Married-civ-spouse,Nontechnical, Husband,*,Male,0,0,40,North America,>50K
7990,"[20, 30[", Private,210867,High School,4,Never-married,Other, Own-child,*,Male,0,0,50,Unknown,<=50K
7991,"[30, 40[", Private,118486,Undergraduate,13,Separated,Technical, Unmarried,*,Female,4934,0,32,North America,>50K
7992,"[40, 50[", Private,144067,Professional Education,11,Married-civ-spouse,Technical, Husband,*,Male,0,0,40,North America,<=50K
7993,"[30, 40[", Private,106964,High School,9,Married-civ-spouse,Technical, Husband,*,Male,0,0,40,North America,<=50K
7994,"[30, 40[", Private,178136,High School,9,Married-civ-spouse,Technical, Husband,*,Male,0,0,40,North America,<=50K
7996,"[40, 50[", Self-emp-not-inc,403550,Undergraduate,10,Married-civ-spouse,Technical, Husband,*,Male,0,0,50,North America,<=50K
7997,"[30, 40[", Private,498216,Undergraduate,13,Divorced,Nontechnical, Unmarried,*,Female,0,0,40,North America,<=50K
7998,"[40, 50[", Self-emp-not-inc,192755,High School,9,Married-civ-spouse,Technical, Wife,*,Female,0,0,20,North America,>50K
7999,"[20, 30[", ?,53738,Undergraduate,10,Never-married,Other, Own-child,*,Male,0,0,60,North America,<=50K
8000,"[30, 40[", Private,156192,Graduate,14,Married-civ-spouse,Technical, Husband,*,Male,0,0,45,North America,>50K
8001,"[40, 50[", Private,189802,Undergraduate,10,Divorced,Other, Not-in-family,*,Female,0,0,40,North America,<=50K
8002,"[60, 70[", ?,213149,Undergraduate,10,Married-civ-spouse,Other, Husband,*,Male,0,1825,40,North America,>50K
8004,"[30, 40[", Private,77634,High School,7,Married-civ-spouse,Other, Husband,*,Male,0,0,45,North America,<=50K
8005,"[20, 30[", Private,189830,Undergraduate,10,Married-civ-spouse,Other, Husband,*,Male,0,0,50,North America,<=50K
8006,"[10, 20[", Private,127190,High School,9,Never-married,Other, Own-child,*,Female,0,0,15,North America,<=50K
8007,"[40, 50[", ?,174147,Undergraduate,10,Married-civ-spouse,Other, Husband,*,Male,0,0,40,North America,<=50K
8008,"[20, 30[", Private,138107,High School,9,Never-married,Nontechnical, Own-child,*,Male,0,0,35,North America,<=50K
8009,"[40, 50[", Self-emp-inc,269733,Undergraduate,13,Married-civ-spouse,Nontechnical, Husband,*,Male,0,0,30,North America,<=50K
8010,"[40, 50[", State-gov,227734,High School,9,Married-civ-spouse,Other, Husband,*,Male,3464,0,40,North America,<=50K
8011,"[10, 20[", Private,318822,Undergraduate,10,Never-married,Other, Other-relative,*,Female,0,0,40,North America,<=50K
8012,"[40, 50[", Private,48885,High School,9,Divorced,Other, Not-in-family,*,Female,0,0,35,North America,<=50K
8013,"[40, 50[", Private,205424,Undergraduate,10,Married-civ-spouse,Nontechnical, Husband,*,Male,0,0,65,North America,>50K
8014,"[40, 50[", Private,173858,High School,4,Married-civ-spouse,Other, Husband,*,Male,0,0,42,Asia,<=50K
8015,"[30, 40[", Private,202450,High School,9,Married-civ-spouse,Technical, Husband,*,Male,0,0,55,North America,>50K
8016,"[20, 30[", Private,154779,Undergraduate,10,Never-married,Nontechnical, Other-relative,*,Female,0,0,40,North America,<=50K
8017,"[30, 40[", Private,180551,Undergraduate,10,Separated,Other, Unmarried,*,Female,0,0,40,North America,<=50K
8018,"[30, 40[", Private,177522,High School,9,Married-civ-spouse,Other, Own-child,*,Female,0,0,20,North America,<=50K
8019,"[20, 30[", Private,277328,Undergraduate,10,Never-married,Nontechnical, Own-child,*,Male,0,0,32,North America,<=50K
8020,"[30, 40[", Private,112584,High School,6,Divorced,Other, Unmarried,*,Female,0,0,38,North America,<=50K
8021,"[40, 50[", State-gov,85384,Undergraduate,10,Married-civ-spouse,Technical, Husband,*,Male,0,0,40,North America,>50K
8022,"[30, 40[", ?,123971,High School,7,Divorced,Other, Not-in-family,*,Female,0,0,49,North America,<=50K
8023,"[40, 50[", Private,69019,Undergraduate,10,Married-civ-spouse,Technical, Husband,*,Male,0,0,40,North America,>50K
8024,"[20, 30[", Private,112847,High School,9,Never-married,Other, Own-child,*,Male,0,0,40,North America,<=50K
8025,"[60, 70[", Self-emp-not-inc,52900,High School,9,Married-civ-spouse,Technical, Husband,*,Male,0,0,42,North America,>50K
8026,"[40, 50[", Private,37937,Undergraduate,13,Married-civ-spouse,Nontechnical, Husband,*,Male,0,0,55,North America,>50K
8027,"[40, 50[", Private,59380,Undergraduate,13,Separated,Nontechnical, Not-in-family,*,Female,0,0,55,North America,<=50K
8028,"[40, 50[", Private,114770,High School,9,Divorced,Other, Own-child,*,Female,0,0,32,North America,<=50K
8030,"[30, 40[", Private,176469,Undergraduate,13,Never-married,Nontechnical, Not-in-family,*,Male,0,0,38,North America,<=50K
8031,"[30, 40[", Private,176831,Undergraduate,13,Divorced,Technical, Unmarried,*,Female,0,0,40,North America,>50K
8032,"[30, 40[", Federal-gov,410034,High School,9,Married-civ-spouse,Other, Husband,*,Male,0,0,40,North America,<=50K
8033,"[20, 30[", Private,93662,Undergraduate,10,Divorced,Technical, Unmarried,*,Female,0,0,24,North America,<=50K
8034,"[40, 50[", Self-emp-inc,144236,Undergraduate,10,Never-married,Nontechnical, Not-in-family,*,Male,0,0,60,North America,<=50K
8035,"[40, 50[", Private,240917,High School,7,Separated,Other, Not-in-family,*,Female,0,0,35,North America,<=50K
8036,"[50, 60[", Private,608184,Undergraduate,13,Married-civ-spouse,Nontechnical, Husband,*,Male,0,1902,40,North America,>50K
8037,"[50, 60[", Private,243361,Undergraduate,10,Widowed,Other, Unmarried,*,Female,0,0,45,North America,<=50K
8038,"[40, 50[", Self-emp-not-inc,35166,Undergraduate,13,Married-civ-spouse,Other, Husband,*,Male,0,0,90,North America,<=50K
8039,"[40, 50[", Self-emp-inc,182655,Professional Education,11,Married-civ-spouse,Nontechnical, Husband,*,Male,0,0,60,North America,>50K
8040,"[50, 60[", Private,142717,Graduate,16,Divorced,Technical, Not-in-family,*,Female,4787,0,60,North America,>50K
8041,"[30, 40[", Private,272944,Undergraduate,10,Never-married,Technical, Not-in-family,*,Female,0,0,40,North America,<=50K
8042,"[20, 30[", ?,219233,High School,9,Never-married,Other, Own-child,*,Male,0,1602,30,North America,<=50K
8043,"[20, 30[", Private,228686,Undergraduate,10,Never-married,Other, Not-in-family,*,Male,0,0,45,North America,<=50K
8044,"[30, 40[", Private,236818,Professional Education,11,Never-married,Technical, Unmarried,*,Female,0,0,26,North America,<=50K
8047,"[60, 70[", Private,153891,Undergraduate,13,Married-civ-spouse,Nontechnical, Husband,*,Male,0,0,50,North America,>50K
8048,"[50, 60[", Private,190909,High School,9,Married-civ-spouse,Nontechnical, Husband,*,Male,0,0,40,North America,>50K
8050,"[40, 50[", Private,89073,High School,9,Married-civ-spouse,Technical, Husband,*,Male,0,0,48,North America,<=50K
8051,"[30, 40[", Federal-gov,238342,Undergraduate,13,Married-civ-spouse,Nontechnical, Husband,*,Male,7688,0,42,North America,>50K
8052,"[50, 60[", Private,259532,High School,4,Married-civ-spouse,Other, Husband,*,Male,0,0,50,North America,<=50K
8053,"[20, 30[", ?,189282,High School,9,Married-civ-spouse,Other, Not-in-family,*,Female,0,0,27,North America,<=50K
8054,"[40, 50[", Private,132481,Professional Education,12,Divorced,Technical, Not-in-family,*,Female,0,0,24,North America,<=50K
8056,"[30, 40[", Private,182323,High School,5,Married-civ-spouse,Technical, Husband,*,Male,0,0,40,North America,<=50K
8057,"[30, 40[", ?,216256,High School,9,Married-civ-spouse,Other, Husband,*,Male,3464,0,30,North America,<=50K
8058,"[50, 60[", Federal-gov,166419,High School,7,Never-married,Nontechnical, Not-in-family,*,Female,3674,0,40,North America,<=50K
8060,"[40, 50[", Private,155659,High School,9,Married-civ-spouse,Nontechnical, Husband,*,Male,0,0,60,North America,<=50K
8061,"[30, 40[", Private,155198,High School,5,Divorced,Technical, Not-in-family,*,Male,0,0,35,North America,<=50K
8062,"[40, 50[", Self-emp-not-inc,100931,Undergraduate,10,Never-married,Other, Not-in-family,*,Male,0,0,40,North America,<=50K
8063,"[20, 30[", Private,162945,High School,4,Never-married,Other, Own-child,*,Male,0,0,35,North America,<=50K
8064,"[30, 40[", Federal-gov,334346,Undergraduate,13,Married-civ-spouse,Nontechnical, Husband,*,Male,0,0,40,North America,>50K
8065,"[20, 30[", Private,181597,Undergraduate,10,Married-civ-spouse,Technical, Husband,*,Male,0,0,40,North America,<=50K
8067,"[50, 60[", Private,210217,Undergraduate,13,Divorced,Nontechnical, Unmarried,*,Male,0,0,40,North America,<=50K
8069,"[50, 60[", ?,300104,Primary School,3,Married-civ-spouse,Other, Husband,*,Male,7298,0,84,North America,>50K
8070,"[10, 20[", Private,271521,High School,9,Never-married,Other, Other-relative,*,Male,0,0,24,North America,<=50K
8071,"[10, 20[", Private,51255,High School,7,Never-married,Nontechnical, Own-child,*,Male,0,0,15,North America,<=50K
8072,"[40, 50[", Self-emp-not-inc,26669,Professional Education,12,Married-civ-spouse,Other, Wife,*,Female,0,0,99,North America,<=50K
8073,"[50, 60[", Private,194580,Professional Education,11,Married-civ-spouse,Nontechnical, Husband,*,Male,0,0,50,North America,<=50K
8074,"[30, 40[", State-gov,177974,High School,9,Married-civ-spouse,Other, Husband,*,Male,0,0,40,North America,>50K
8076,"[50, 60[", Self-emp-inc,136913,High School,9,Married-civ-spouse,Other, Husband,*,Male,0,0,50,North America,<=50K
8077,"[40, 50[", State-gov,230961,High School,9,Married-civ-spouse,Technical, Husband,*,Male,0,0,40,North America,<=50K
8078,"[20, 30[", Private,167062,Undergraduate,10,Divorced,Other, Unmarried,*,Male,0,0,40,North America,<=50K
8079,"[40, 50[", Private,120131,High School,9,Married-civ-spouse,Nontechnical, Husband,*,Male,0,0,40,North America,<=50K
8080,"[20, 30[", Private,243368,Primary School,1,Never-married,Other, Not-in-family,*,Male,0,0,50,North America,<=50K
8081,"[30, 40[", Private,171876,Professional Education,15,Never-married,Technical, Not-in-family,*,Female,0,0,45,North America,<=50K
8082,"[10, 20[", Private,136866,High School,9,Never-married,Technical, Own-child,*,Male,0,0,45,North America,<=50K
8083,"[40, 50[", Private,316820,Undergraduate,10,Married-civ-spouse,Other, Husband,*,Male,0,1485,40,North America,<=50K
8084,"[50, 60[", Private,185459,Graduate,14,Married-civ-spouse,Nontechnical, Husband,*,Male,0,0,50,North America,>50K
8085,"[60, 70[", ?,81761,High School,9,Divorced,Other, Own-child,*,Male,0,0,20,North America,<=50K
8086,"[30, 40[", Private,43716,Professional Education,11,Divorced,Technical, Unmarried,*,Male,0,0,43,North America,<=50K
8087,"[30, 40[", Private,220939,Professional Education,11,Divorced,Nontechnical, Not-in-family,*,Male,0,0,40,North America,<=50K
8089,"[50, 60[", Federal-gov,40808,Undergraduate,13,Never-married,Technical, Not-in-family,*,Female,0,0,43,North America,<=50K
8090,"[30, 40[", Private,183473,High School,9,Divorced,Other, Own-child,*,Female,0,0,40,North America,<=50K
8091,"[50, 60[", Private,108496,Graduate,14,Married-civ-spouse,Nontechnical, Husband,*,Male,0,0,45,North America,>50K
8092,"[50, 60[", Private,204838,High School,9,Divorced,Nontechnical, Unmarried,*,Female,0,0,38,North America,<=50K
8093,"[20, 30[", Private,132686,High School,9,Divorced,Technical, Unmarried,*,Male,0,0,40,North America,<=50K
8094,"[10, 20[", State-gov,117906,High School,6,Never-married,Other, Own-child,*,Male,0,0,40,North America,<=50K
8095,"[20, 30[", Private,304386,High School,9,Never-married,Other, Own-child,*,Female,0,0,30,North America,<=50K
8097,"[30, 40[", Private,165215,Graduate,14,Married-civ-spouse,Technical, Wife,*,Female,0,1902,18,North America,>50K
8098,"[10, 20[", ?,215463,High School,8,Never-married,Other, Own-child,*,Female,0,0,25,North America,<=50K
8100,"[20, 30[", ?,35829,Undergraduate,10,Divorced,Other, Unmarried,*,Female,0,0,50,North America,<=50K
8101,"[30, 40[", Private,248795,High School,9,Never-married,Technical, Not-in-family,*,Female,0,0,45,North America,<=50K
8102,"[40, 50[", Self-emp-not-inc,124692,High School,9,Married-civ-spouse,Technical, Husband,*,Male,0,1902,40,North America,>50K
8103,"[30, 40[", Local-gov,128054,Undergraduate,10,Divorced,Other, Unmarried,*,Female,0,0,40,North America,<=50K
8105,"[30, 40[", Self-emp-inc,113543,Professional Education,15,Married-civ-spouse,Technical, Husband,*,Male,0,0,40,North America,>50K
8106,"[20, 30[", Private,252153,Undergraduate,10,Never-married,Other, Not-in-family,*,Female,0,0,28,North America,<=50K
8107,"[40, 50[", Federal-gov,45891,Undergraduate,10,Divorced,Other, Unmarried,*,Male,0,0,42,North America,<=50K
8108,"[30, 40[", Private,112263,High School,7,Divorced,Nontechnical, Own-child,*,Male,0,0,40,North America,<=50K
8109,"[20, 30[", Private,47791,High School,8,Divorced,Other, Not-in-family,*,Female,0,0,10,North America,<=50K
8111,"[20, 30[", Private,34918,High School,9,Never-married,Nontechnical, Own-child,*,Female,0,0,30,North America,<=50K
8112,"[40, 50[", Private,91251,High School,4,Married-civ-spouse,Other, Husband,*,Male,0,0,30,Asia,<=50K
8113,"[30, 40[", Private,132996,High School,9,Married-civ-spouse,Technical, Husband,*,Male,5178,0,45,North America,>50K
8114,"[30, 40[", Private,306215,Professional Education,11,Never-married,Nontechnical, Not-in-family,*,Male,0,0,40,North America,<=50K
8115,"[20, 30[", Private,203570,High School,9,Separated,Other, Unmarried,*,Male,0,0,40,North America,<=50K
8116,"[40, 50[", Self-emp-not-inc,355918,Undergraduate,13,Separated,Technical, Not-in-family,*,Male,0,0,35,North America,<=50K
8117,"[30, 40[", Self-emp-not-inc,198841,Professional Education,15,Married-civ-spouse,Technical, Husband,*,Male,0,0,50,North America,>50K
8118,"[40, 50[", Private,282964,Undergraduate,13,Divorced,Nontechnical, Unmarried,*,Female,0,0,40,North America,<=50K
8119,"[30, 40[", Self-emp-not-inc,312197,High School,9,Married-civ-spouse,Other, Husband,*,Male,0,0,75,North America,>50K
8120,"[40, 50[", Private,98779,High School,6,Married-civ-spouse,Technical, Husband,*,Male,4386,0,60,North America,<=50K
8121,"[30, 40[", Private,200246,Undergraduate,13,Married-civ-spouse,Nontechnical, Husband,*,Male,0,0,40,North America,>50K
8122,"[20, 30[", Private,182771,Undergraduate,10,Never-married,Nontechnical, Own-child,*,Male,0,0,40,North America,<=50K
8123,"[20, 30[", Private,199908,High School,7,Married-civ-spouse,Other, Husband,*,Male,0,0,50,North America,<=50K
8125,"[50, 60[", Self-emp-not-inc,35295,Undergraduate,13,Never-married,Nontechnical, Unmarried,*,Male,0,0,60,North America,>50K
8126,"[20, 30[", Private,216858,Graduate,16,Never-married,Technical, Not-in-family,*,Male,0,0,52,North America,<=50K
8127,"[20, 30[", Private,332187,Undergraduate,13,Never-married,Other, Not-in-family,*,Female,0,0,65,North America,<=50K
8128,"[50, 60[", Private,255109,High School,9,Never-married,Nontechnical, Not-in-family,*,Female,0,0,45,North America,<=50K
8129,"[10, 20[", Private,111332,High School,7,Never-married,Nontechnical, Own-child,*,Female,0,0,20,North America,<=50K
8130,"[50, 60[", Local-gov,238431,High School,9,Divorced,Other, Unmarried,*,Female,0,0,38,North America,<=50K
8131,"[30, 40[", Private,131552,High School,9,Never-married,Other, Own-child,*,Female,0,0,40,North America,<=50K
8132,"[30, 40[", Private,110239,High School,6,Married-civ-spouse,Other, Husband,*,Male,0,0,55,North America,<=50K
8133,"[30, 40[", State-gov,255830,Professional Education,12,Never-married,Other, Own-child,*,Female,0,0,45,North America,<=50K
8134,"[10, 20[", ?,175648,High School,7,Never-married,Other, Own-child,*,Male,0,0,40,North America,<=50K
8135,"[20, 30[", Private,82998,Undergraduate,10,Never-married,Nontechnical, Not-in-family,*,Male,0,0,30,North America,<=50K
8136,"[10, 20[", Private,164320,High School,9,Never-married,Other, Own-child,*,Male,0,0,40,North America,<=50K
8137,"[20, 30[", Self-emp-not-inc,263498,Professional Education,11,Never-married,Other, Own-child,*,Male,0,0,40,North America,<=50K
8138,"[50, 60[", Self-emp-not-inc,162381,High School,9,Divorced,Nontechnical, Not-in-family,*,Male,0,0,40,North America,<=50K
8139,"[30, 40[", Local-gov,229651,Undergraduate,13,Married-civ-spouse,Technical, Husband,*,Male,0,0,50,North America,>50K
8140,"[20, 30[", Private,357348,High School,9,Separated,Other, Unmarried,*,Female,0,0,50,North America,<=50K
8141,"[10, 20[", Private,269657,Undergraduate,10,Never-married,Nontechnical, Not-in-family,*,Female,0,0,35,North America,<=50K
8142,"[30, 40[", Local-gov,82880,Undergraduate,13,Married-civ-spouse,Technical, Wife,*,Female,0,0,15,North America,<=50K
8143,"[10, 20[", Private,389755,High School,9,Never-married,Nontechnical, Own-child,*,Male,0,0,16,North America,<=50K
8144,"[30, 40[", Private,195136,Undergraduate,13,Married-civ-spouse,Technical, Wife,*,Female,0,1887,40,North America,>50K
8145,"[40, 50[", Private,207685,High School,9,Married-civ-spouse,Other, Husband,*,Male,0,0,45,Unknown,<=50K
8146,"[20, 30[", Private,222925,High School,9,Married-civ-spouse,Technical, Own-child,*,Female,2105,0,40,North America,<=50K
8147,"[20, 30[", ?,196388,Professional Education,12,Never-married,Other, Not-in-family,*,Male,0,0,12,North America,<=50K
8148,"[20, 30[", Private,50341,Undergraduate,13,Never-married,Other, Not-in-family,*,Female,0,0,40,North America,<=50K
8149,"[20, 30[", Private,214134,High School,6,Never-married,Other, Not-in-family,*,Male,0,0,84,North America,<=50K
8150,"[40, 50[", Private,114032,Professional Education,15,Married-civ-spouse,Technical, Husband,*,Male,0,0,60,North America,>50K
8151,"[40, 50[", Private,192053,High School,9,Married-civ-spouse,Nontechnical, Husband,*,Male,0,0,60,North America,>50K
8152,"[40, 50[", Private,240231,Undergraduate,13,Married-civ-spouse,Nontechnical, Husband,*,Male,0,0,40,Asia,>50K
8153,"[40, 50[", Private,44402,Undergraduate,13,Married-civ-spouse,Nontechnical, Husband,*,Male,0,0,60,North America,<=50K
8154,"[30, 40[", Self-emp-not-inc,191503,Undergraduate,10,Married-civ-spouse,Nontechnical, Husband,*,Male,0,0,50,North America,<=50K
8155,"[30, 40[", Private,163530,High School,9,Divorced,Other, Unmarried,*,Female,0,0,40,North America,<=50K
8156,"[50, 60[", Local-gov,136823,High School,9,Married-civ-spouse,Nontechnical, Wife,*,Female,0,0,32,North America,<=50K
8157,"[50, 60[", Private,121912,Undergraduate,10,Married-civ-spouse,Nontechnical, Husband,*,Male,0,0,40,North America,>50K
8158,"[30, 40[", Local-gov,58624,High School,9,Never-married,Other, Own-child,*,Male,0,0,40,North America,<=50K
8159,"[20, 30[", Local-gov,74056,Undergraduate,13,Never-married,Technical, Not-in-family,*,Male,0,0,50,North America,<=50K
8162,"[40, 50[", Private,209040,High School,9,Never-married,Other, Not-in-family,*,Male,0,0,40,North America,<=50K
8163,"[30, 40[", Private,206046,High School,9,Divorced,Technical, Not-in-family,*,Male,0,0,40,North America,<=50K
8164,"[20, 30[", Private,182494,High School,4,Never-married,Technical, Own-child,*,Male,0,0,40,North America,<=50K
8166,"[60, 70[", Private,147473,High School,9,Married-civ-spouse,Nontechnical, Husband,*,Male,0,0,40,North America,<=50K
8168,"[20, 30[", ?,388811,Undergraduate,10,Never-married,Other, Own-child,*,Female,0,0,40,North America,<=50K
8169,"[20, 30[", Private,221912,High School,9,Never-married,Nontechnical, Own-child,*,Male,0,0,40,North America,<=50K
8170,"[30, 40[", Private,48189,High School,9,Married-civ-spouse,Other, Husband,*,Male,0,0,45,North America,<=50K
8171,"[20, 30[", State-gov,382272,Undergraduate,13,Never-married,Technical, Not-in-family,*,Male,0,0,40,North America,<=50K
8172,"[20, 30[", Private,48347,Undergraduate,13,Never-married,Other, Own-child,*,Male,0,0,40,North America,<=50K
8173,"[40, 50[", Private,143046,Undergraduate,13,Never-married,Technical, Not-in-family,*,Female,0,1564,38,North America,>50K
8174,"[60, 70[", Self-emp-inc,137940,Professional Education,15,Married-civ-spouse,Technical, Husband,*,Male,15024,0,50,North America,>50K
8175,"[20, 30[", Private,249571,High School,9,Married-civ-spouse,Nontechnical, Husband,*,Male,0,0,40,North America,<=50K
8176,"[70, 80[", Private,121318,Undergraduate,10,Married-civ-spouse,Other, Husband,*,Male,0,0,20,North America,<=50K
8177,"[30, 40[", Private,224531,High School,9,Married-civ-spouse,Technical, Husband,*,Male,7298,0,40,North America,>50K
8178,"[20, 30[", Private,185019,High School,8,Never-married,Other, Not-in-family,*,Male,0,0,40,North America,<=50K
8179,"[60, 70[", Private,27886,High School,4,Divorced,Other, Not-in-family,*,Male,0,0,40,North America,<=50K
8180,"[50, 60[", Private,94741,High School,8,Married-civ-spouse,Other, Wife,*,Female,0,0,24,North America,<=50K
8181,"[20, 30[", Private,107801,Professional Education,12,Never-married,Other, Own-child,*,Female,0,2205,18,North America,<=50K
8182,"[40, 50[", Private,191256,High School,9,Married-civ-spouse,Other, Husband,*,Male,0,0,65,North America,>50K
8183,"[40, 50[", Private,256866,High School,9,Married-civ-spouse,Other, Husband,*,Male,0,0,48,North America,<=50K
8184,"[50, 60[", Private,197148,High School,9,Married-civ-spouse,Other, Husband,*,Male,0,0,24,North America,>50K
8186,"[20, 30[", Private,118657,High School,9,Separated,Technical, Other-relative,*,Male,0,0,40,North America,<=50K
8188,"[40, 50[", Private,242488,Undergraduate,10,Married-civ-spouse,Other, Husband,*,Male,5013,0,40,North America,<=50K
8189,"[20, 30[", ?,234970,Undergraduate,10,Never-married,Other, Own-child,*,Female,0,0,40,North America,<=50K
8190,"[20, 30[", Private,227915,High School,9,Never-married,Technical, Unmarried,*,Female,0,0,33,North America,<=50K
8192,"[40, 50[", Self-emp-not-inc,160962,Undergraduate,10,Never-married,Nontechnical, Own-child,*,Female,0,0,35,North America,<=50K
8193,"[30, 40[", ?,353881,Professional Education,11,Married-civ-spouse,Other, Husband,*,Male,3103,0,60,North America,>50K
8194,"[20, 30[", Private,188950,Undergraduate,10,Never-married,Technical, Own-child,*,Male,0,0,40,North America,<=50K
8195,"[30, 40[", Private,201328,Undergraduate,13,Married-civ-spouse,Technical, Husband,*,Male,0,0,50,North America,>50K
8196,"[20, 30[", Private,218678,Undergraduate,10,Never-married,Nontechnical, Not-in-family,*,Male,0,0,49,North America,<=50K
8197,"[20, 30[", Private,184255,High School,9,Married-civ-spouse,Nontechnical, Wife,*,Female,0,0,40,North America,<=50K
8198,"[30, 40[", Federal-gov,200968,Undergraduate,10,Married-civ-spouse,Other, Other-relative,*,Male,0,0,45,North America,>50K
8199,"[20, 30[", Private,102264,Undergraduate,10,Never-married,Technical, Not-in-family,*,Male,0,0,40,North America,<=50K
8200,"[20, 30[", Private,300584,High School,9,Never-married,Nontechnical, Unmarried,*,Male,0,0,40,North America,<=50K
8201,"[20, 30[", Private,208946,Undergraduate,10,Never-married,Other, Own-child,*,Male,0,0,25,North America,<=50K
8202,"[30, 40[", Private,105021,Undergraduate,13,Married-civ-spouse,Technical, Husband,*,Male,0,0,55,North America,<=50K
8203,"[20, 30[", Private,124751,Undergraduate,10,Never-married,Other, Own-child,*,Female,0,0,20,North America,<=50K
8204,"[10, 20[", Private,274057,High School,7,Never-married,Other, Own-child,*,Male,0,0,8,North America,<=50K
8205,"[30, 40[", Private,132879,Undergraduate,13,Married-civ-spouse,Nontechnical, Husband,*,Male,0,0,40,North America,>50K
8206,"[40, 50[", Self-emp-inc,260960,Undergraduate,13,Divorced,Other, Not-in-family,*,Male,0,0,35,North America,<=50K
8208,"[40, 50[", Private,356934,Graduate,14,Married-civ-spouse,Nontechnical, Husband,*,Male,0,0,40,North America,>50K
8209,"[30, 40[", Private,154410,Undergraduate,13,Married-civ-spouse,Nontechnical, Husband,*,Male,0,0,50,North America,>50K
8210,"[30, 40[", Private,35378,Undergraduate,10,Divorced,Other, Not-in-family,*,Female,0,0,45,North America,<=50K
8211,"[70, 80[", Private,301210,Primary School,2,Married-civ-spouse,Other, Husband,*,Male,0,1735,20,North America,<=50K
8212,"[30, 40[", Private,73621,Undergraduate,10,Divorced,Nontechnical, Unmarried,*,Female,0,0,42,North America,<=50K
8213,"[30, 40[", Private,108140,Graduate,14,Married-civ-spouse,Nontechnical, Husband,*,Male,15024,0,45,North America,>50K
8214,"[60, 70[", Private,217198,High School,9,Married-civ-spouse,Nontechnical, Husband,*,Male,0,0,10,North America,<=50K
8215,"[20, 30[", Private,157332,High School,9,Never-married,Other, Own-child,*,Female,0,0,35,North America,<=50K
8216,"[50, 60[", Private,202956,Professional Education,11,Married-civ-spouse,Nontechnical, Husband,*,Male,0,0,40,North America,<=50K
8217,"[30, 40[", Private,173495,High School,9,Never-married,Other, Own-child,*,Male,0,0,35,North America,<=50K
8218,"[60, 70[", Private,149811,High School,9,Divorced,Other, Unmarried,*,Female,0,2206,59,North America,<=50K
8219,"[30, 40[", Private,444219,High School,9,Married-civ-spouse,Technical, Wife,*,Female,0,0,45,North America,<=50K
8220,"[40, 50[", Private,125120,Undergraduate,10,Married-civ-spouse,Other, Wife,*,Female,0,0,37,North America,<=50K
8221,"[20, 30[", Private,190429,Undergraduate,10,Never-married,Other, Not-in-family,*,Female,0,0,40,North America,<=50K
8222,"[20, 30[", ?,190303,Professional Education,12,Never-married,Other, Other-relative,*,Male,0,0,40,North America,<=50K
8223,"[40, 50[", Private,248164,Undergraduate,13,Married-civ-spouse,Nontechnical, Husband,*,Male,4386,0,50,North America,>50K
8224,"[20, 30[", Federal-gov,208534,Professional Education,15,Married-civ-spouse,Technical, Husband,*,Male,0,0,80,North America,<=50K
8226,"[30, 40[", Self-emp-inc,196373,Undergraduate,13,Married-civ-spouse,Nontechnical, Husband,*,Male,0,0,45,North America,>50K
8227,"[30, 40[", Private,433788,Undergraduate,10,Married-civ-spouse,Other, Husband,*,Male,0,0,40,North America,>50K
8228,"[40, 50[", State-gov,122086,High School,9,Married-civ-spouse,Other, Husband,*,Male,0,0,40,North America,<=50K
8229,"[30, 40[", Private,137314,Professional Education,11,Never-married,Technical, Not-in-family,*,Male,0,0,45,North America,<=50K
8230,"[40, 50[", Self-emp-not-inc,33068,High School,9,Married-civ-spouse,Other, Husband,*,Male,0,0,50,North America,<=50K
8231,"[50, 60[", Private,210688,High School,9,Married-civ-spouse,Technical, Husband,*,Male,0,0,15,North America,<=50K
8232,"[20, 30[", Local-gov,117833,Undergraduate,13,Never-married,Technical, Not-in-family,*,Female,4865,0,35,North America,<=50K
8233,"[30, 40[", State-gov,103474,High School,9,Never-married,Other, Own-child,*,Female,0,0,40,North America,<=50K
8234,"[60, 70[", Private,115880,Graduate,16,Married-civ-spouse,Nontechnical, Husband,*,Male,0,0,40,North America,>50K
8235,"[20, 30[", Self-emp-not-inc,233933,High School,6,Never-married,Technical, Not-in-family,*,Female,0,0,32,North America,<=50K
8236,"[40, 50[", Private,52781,Undergraduate,10,Married-civ-spouse,Technical, Husband,*,Male,0,0,40,North America,<=50K
8238,"[60, 70[", Private,113080,High School,4,Divorced,Technical, Own-child,*,Male,0,0,40,North America,<=50K
8239,"[20, 30[", Private,251905,Professional Education,11,Never-married,Nontechnical, Own-child,*,Male,0,0,50,North America,<=50K
8241,"[20, 30[", ?,194096,Undergraduate,10,Never-married,Other, Own-child,*,Female,0,0,40,North America,<=50K
8242,"[20, 30[", Private,263831,Undergraduate,13,Never-married,Other, Own-child,*,Female,0,0,40,North America,<=50K
8243,"[20, 30[", Private,133136,High School,8,Married-civ-spouse,Other, Husband,*,Male,0,0,40,North America,>50K
8244,"[30, 40[", Private,121634,High School,6,Never-married,Technical, Own-child,*,Male,0,0,40,North America,<=50K
8245,"[20, 30[", Self-emp-inc,40767,Undergraduate,10,Married-civ-spouse,Technical, Husband,*,Male,0,0,40,North America,<=50K
8246,"[30, 40[", Federal-gov,355789,High School,9,Never-married,Other, Not-in-family,*,Female,0,0,50,North America,<=50K
8247,"[40, 50[", Local-gov,311914,Undergraduate,10,Divorced,Other, Not-in-family,*,Female,0,0,40,North America,<=50K
8248,"[20, 30[", Private,91189,Undergraduate,13,Married-civ-spouse,Other, Husband,*,Male,0,0,20,North America,<=50K
8249,"[40, 50[", Federal-gov,344060,Professional Education,15,Married-civ-spouse,Technical, Husband,*,Male,0,0,40,North America,>50K
8250,"[40, 50[", Private,113823,Undergraduate,13,Divorced,Other, Not-in-family,*,Male,0,0,40,North America,<=50K
8251,"[40, 50[", State-gov,185800,Graduate,14,Divorced,Technical, Unmarried,*,Female,7430,0,40,North America,>50K
8252,"[30, 40[", Private,76107,High School,9,Never-married,Other, Not-in-family,*,Male,0,0,45,North America,>50K
8253,"[20, 30[", Private,117618,Undergraduate,10,Never-married,Nontechnical, Own-child,*,Male,0,0,35,North America,<=50K
8254,"[30, 40[", Private,238008,High School,9,Widowed,Other, Own-child,*,Female,0,0,40,North America,<=50K
8255,"[30, 40[", Private,136480,Undergraduate,13,Married-civ-spouse,Nontechnical, Husband,*,Male,0,0,60,North America,>50K
8256,"[50, 60[", Private,285200,Undergraduate,10,Married-civ-spouse,Technical, Husband,*,Male,0,1887,35,North America,>50K
8257,"[10, 20[", Private,351040,Undergraduate,10,Never-married,Other, Own-child,*,Female,0,0,40,North America,<=50K
8258,"[30, 40[", Private,1226583,Undergraduate,13,Married-civ-spouse,Nontechnical, Husband,*,Male,0,0,52,North America,>50K
8259,"[20, 30[", Private,195767,High School,9,Never-married,Technical, Not-in-family,*,Male,0,0,40,North America,<=50K
8260,"[20, 30[", Private,187540,Undergraduate,10,Never-married,Technical, Not-in-family,*,Male,0,0,40,North America,<=50K
8261,"[40, 50[", Private,79372,High School,9,Divorced,Nontechnical, Not-in-family,*,Female,0,0,40,North America,<=50K
8262,"[30, 40[", Private,226665,Undergraduate,13,Married-civ-spouse,Nontechnical, Husband,*,Male,0,0,42,North America,>50K
8263,"[50, 60[", Private,213209,Undergraduate,10,Married-civ-spouse,Technical, Husband,*,Male,0,0,40,North America,>50K
8264,"[40, 50[", Private,211005,Undergraduate,10,Married-civ-spouse,Technical, Husband,*,Male,0,0,60,North America,<=50K
8265,"[20, 30[", Private,96178,Undergraduate,13,Never-married,Other, Own-child,*,Female,0,0,40,North America,<=50K
8266,"[40, 50[", Private,328216,Undergraduate,13,Married-civ-spouse,Nontechnical, Husband,*,Male,15024,0,40,North America,>50K
8267,"[30, 40[", Private,110713,Undergraduate,13,Married-civ-spouse,Nontechnical, Husband,*,Male,0,0,50,North America,>50K
8268,"[40, 50[", Self-emp-not-inc,225456,Undergraduate,13,Married-civ-spouse,Nontechnical, Husband,*,Male,0,0,50,North America,>50K
8269,"[60, 70[", Local-gov,159908,Undergraduate,13,Married-civ-spouse,Other, Wife,*,Female,0,1258,38,North America,<=50K
8270,"[40, 50[", Private,118308,Undergraduate,13,Married-civ-spouse,Technical, Husband,*,Male,0,1977,50,North America,>50K
8271,"[40, 50[", Private,180309,Undergraduate,10,Divorced,Technical, Unmarried,*,Female,0,0,40,North America,<=50K
8272,"[60, 70[", Self-emp-not-inc,39630,High School,9,Married-civ-spouse,Nontechnical, Husband,*,Male,0,0,40,North America,<=50K
8274,"[50, 60[", Private,172071,High School,9,Divorced,Other, Unmarried,*,Female,0,0,40,North America,<=50K
8275,"[20, 30[", Private,218887,High School,9,Never-married,Other, Unmarried,*,Female,0,0,35,North America,<=50K
8276,"[20, 30[", Private,664670,High School,9,Never-married,Technical, Own-child,*,Male,0,0,40,North America,<=50K
8277,"[40, 50[", Private,209149,High School,9,Divorced,Other, Not-in-family,*,Female,0,0,35,North America,<=50K
8278,"[20, 30[", Private,84619,Undergraduate,13,Married-civ-spouse,Technical, Husband,*,Male,0,0,40,North America,>50K
8279,"[30, 40[", Private,447346,High School,9,Married-civ-spouse,Nontechnical, Husband,*,Male,0,0,50,North America,>50K
8281,"[40, 50[", State-gov,99086,Undergraduate,13,Never-married,Nontechnical, Not-in-family,*,Female,0,0,50,North America,<=50K
8283,"[30, 40[", Private,326886,Professional Education,11,Married-civ-spouse,Nontechnical, Husband,*,Male,0,0,45,North America,>50K
8284,"[10, 20[", Private,181755,High School,9,Never-married,Nontechnical, Not-in-family,*,Male,0,0,30,North America,<=50K
8286,"[30, 40[", Self-emp-not-inc,326400,Graduate,14,Never-married,Technical, Not-in-family,*,Male,0,0,40,North America,<=50K
8288,"[30, 40[", Private,88967,High School,7,Never-married,Other, Unmarried,*,Male,0,0,65,North America,<=50K
8289,"[40, 50[", Self-emp-not-inc,170721,High School,9,Married-civ-spouse,Technical, Husband,*,Male,0,2002,40,North America,<=50K
8290,"[50, 60[", Private,148953,High School,9,Married-civ-spouse,Other, Husband,*,Male,0,0,50,North America,>50K
8291,"[10, 20[", Private,342752,High School,7,Never-married,Nontechnical, Own-child,*,Male,0,0,20,North America,<=50K
8292,"[50, 60[", Private,220871,High School,4,Widowed,Technical, Unmarried,*,Female,0,0,40,North America,<=50K
8293,"[70, 80[", Private,29675,High School,9,Widowed,Other, Other-relative,*,Female,0,0,12,North America,<=50K
8294,"[50, 60[", Federal-gov,183611,Undergraduate,10,Never-married,Other, Not-in-family,*,Male,0,0,40,North America,<=50K
8295,"[30, 40[", Private,115215,Undergraduate,10,Never-married,Other, Own-child,*,Male,0,0,45,North America,<=50K
8296,"[20, 30[", Private,152231,Undergraduate,10,Married-civ-spouse,Technical, Husband,*,Male,0,0,45,North America,<=50K
8297,"[20, 30[", ?,41356,Undergraduate,10,Never-married,Other, Not-in-family,*,Female,0,0,40,North America,<=50K
8298,"[20, 30[", Private,225142,Undergraduate,10,Never-married,Technical, Own-child,*,Male,0,0,40,North America,<=50K
8299,"[20, 30[", Self-emp-not-inc,121313,High School,9,Never-married,Technical, Own-child,*,Male,0,0,40,North America,<=50K
8300,"[20, 30[", Private,134821,High School,9,Never-married,Other, Own-child,*,Female,0,0,40,North America,<=50K
8301,"[50, 60[", Private,311350,Undergraduate,13,Married-civ-spouse,Nontechnical, Husband,*,Male,0,0,40,North America,>50K
8302,"[20, 30[", Private,102106,High School,6,Married-civ-spouse,Other, Wife,*,Female,0,0,40,North America,<=50K
8303,"[40, 50[", Private,427055,Undergraduate,10,Married-civ-spouse,Other, Husband,*,Male,0,0,45,North America,<=50K
8304,"[40, 50[", Private,117860,High School,9,Divorced,Other, Not-in-family,*,Male,0,0,40,North America,<=50K
8305,"[50, 60[", Private,285885,High School,5,Divorced,Other, Unmarried,*,Female,0,0,40,North America,<=50K
8306,"[20, 30[", Private,212800,Undergraduate,10,Never-married,Nontechnical, Own-child,*,Female,0,0,40,North America,<=50K
8307,"[20, 30[", Private,194864,High School,9,Married-civ-spouse,Nontechnical, Wife,*,Female,0,0,18,North America,<=50K
8308,"[30, 40[", Private,31438,High School,7,Married-civ-spouse,Other, Husband,*,Male,0,0,43,North America,<=50K
8309,"[40, 50[", Private,148254,High School,9,Divorced,Nontechnical, Not-in-family,*,Female,0,0,60,North America,<=50K
8311,"[60, 70[", Private,106595,High School,9,Widowed,Other, Not-in-family,*,Female,1848,0,40,North America,<=50K
8312,"[20, 30[", Private,144521,High School,9,Never-married,Other, Own-child,*,Female,0,0,40,North America,<=50K
8313,"[20, 30[", Private,172232,High School,9,Never-married,Other, Own-child,*,Male,0,0,48,North America,<=50K
8314,"[50, 60[", State-gov,123592,High School,9,Separated,Other, Unmarried,*,Female,3887,0,35,North America,<=50K
8315,"[20, 30[", Private,191921,Undergraduate,10,Never-married,Other, Own-child,*,Male,0,0,40,North America,<=50K
8316,"[60, 70[", Local-gov,237379,High School,9,Married-civ-spouse,Nontechnical, Husband,*,Male,3471,0,40,North America,<=50K
8317,"[10, 20[", Private,208463,High School,9,Never-married,Nontechnical, Own-child,*,Female,0,0,20,North America,<=50K
8318,"[50, 60[", Federal-gov,68985,High School,9,Married-civ-spouse,Other, Husband,*,Male,0,0,40,North America,<=50K
8319,"[50, 60[", Private,22418,High School,5,Divorced,Other, Not-in-family,*,Male,0,0,50,North America,<=50K
8320,"[50, 60[", Private,163047,High School,9,Married-civ-spouse,Nontechnical, Wife,*,Female,0,0,38,North America,<=50K
8321,"[50, 60[", Private,153870,Undergraduate,10,Married-civ-spouse,Other, Husband,*,Male,0,2603,40,North America,<=50K
8322,"[20, 30[", ?,124954,Undergraduate,10,Never-married,Other, Own-child,*,Male,0,0,30,North America,<=50K
8323,"[40, 50[", Private,197702,Undergraduate,10,Married-civ-spouse,Technical, Husband,*,Male,0,0,40,North America,<=50K
8324,"[20, 30[", Private,166415,High School,9,Never-married,Other, Unmarried,*,Male,0,0,52,North America,<=50K
8325,"[50, 60[", State-gov,116211,Professional Education,15,Married-civ-spouse,Nontechnical, Husband,*,Male,0,0,52,North America,>50K
8326,"[20, 30[", Private,33644,High School,9,Never-married,Other, Own-child,*,Female,0,0,30,North America,<=50K
8327,"[40, 50[", State-gov,33331,Professional Education,15,Married-civ-spouse,Technical, Husband,*,Male,0,1977,70,North America,>50K
8328,"[40, 50[", Private,73019,Undergraduate,13,Never-married,Technical, Not-in-family,*,Female,0,0,40,North America,<=50K
8329,"[50, 60[", Private,169182,High School,9,Separated,Other, Unmarried,*,Female,0,0,38,North America,<=50K
8331,"[20, 30[", Private,109869,High School,9,Never-married,Technical, Own-child,*,Male,0,0,30,North America,<=50K
8332,"[50, 60[", Private,316849,Undergraduate,10,Divorced,Other, Not-in-family,*,Male,0,0,40,North America,<=50K
8333,"[30, 40[", Private,208043,Undergraduate,13,Married-civ-spouse,Nontechnical, Husband,*,Male,0,0,55,North America,>50K
8334,"[60, 70[", Private,153790,High School,9,Married-civ-spouse,Other, Wife,*,Female,0,0,40,North America,<=50K
8335,"[50, 60[", State-gov,153451,Undergraduate,10,Divorced,Other, Not-in-family,*,Female,0,0,35,North America,<=50K
8336,"[50, 60[", Private,96840,High School,9,Divorced,Other, Unmarried,*,Female,0,0,40,North America,<=50K
8337,"[70, 80[", Private,192732,High School,9,Married-civ-spouse,Nontechnical, Husband,*,Male,0,0,20,North America,<=50K
8338,"[30, 40[", Private,209101,High School,9,Never-married,Other, Not-in-family,*,Male,0,0,40,North America,<=50K
8339,"[40, 50[", Private,146919,High School,9,Married-civ-spouse,Other, Wife,*,Female,0,0,40,North America,>50K
8340,"[40, 50[", Local-gov,192323,Undergraduate,10,Married-civ-spouse,Other, Husband,*,Male,0,0,38,North America,>50K
8341,"[40, 50[", Private,217019,High School,9,Never-married,Technical, Unmarried,*,Female,0,0,28,North America,<=50K
8342,"[30, 40[", Private,198211,High School,9,Married-civ-spouse,Nontechnical, Husband,*,Male,0,0,40,North America,<=50K
8343,"[20, 30[", Private,222490,Undergraduate,10,Never-married,Nontechnical, Own-child,*,Female,0,0,40,North America,<=50K
8344,"[20, 30[", Private,106758,High School,9,Divorced,Other, Unmarried,*,Female,0,0,45,North America,<=50K
8345,"[30, 40[", Private,561334,High School,9,Divorced,Other, Not-in-family,*,Male,0,0,40,North America,<=50K
8346,"[20, 30[", Private,203710,Undergraduate,13,Never-married,Technical, Not-in-family,*,Male,0,0,40,North America,<=50K
8347,"[40, 50[", Local-gov,203322,Undergraduate,10,Divorced,Other, Not-in-family,*,Female,0,0,38,North America,<=50K
8348,"[50, 60[", Private,123703,High School,9,Married-civ-spouse,Technical, Husband,*,Male,4386,0,40,North America,>50K
8349,"[40, 50[", State-gov,312015,High School,9,Never-married,Other, Not-in-family,*,Female,0,0,40,North America,<=50K
8350,"[20, 30[", Private,209428,Undergraduate,10,Married-civ-spouse,Nontechnical, Husband,*,Male,0,0,25,North America,<=50K
8351,"[60, 70[", Private,230292,Undergraduate,10,Married-civ-spouse,Other, Husband,*,Male,7688,0,40,North America,>50K
8352,"[10, 20[", Private,114420,High School,7,Never-married,Nontechnical, Own-child,*,Female,0,0,30,North America,<=50K
8353,"[20, 30[", Private,120238,Undergraduate,13,Never-married,Technical, Not-in-family,*,Male,3325,0,40,North America,<=50K
8354,"[30, 40[", Private,100375,High School,6,Divorced,Technical, Not-in-family,*,Male,0,0,60,North America,<=50K
8355,"[30, 40[", Self-emp-not-inc,42485,High School,7,Married-civ-spouse,Nontechnical, Husband,*,Male,0,0,70,North America,<=50K
8357,"[30, 40[", Local-gov,134367,High School,9,Never-married,Other, Own-child,*,Female,0,0,35,North America,<=50K
8358,"[40, 50[", Private,147099,High School,9,Divorced,Other, Unmarried,*,Female,0,0,30,North America,<=50K
8359,"[30, 40[", Private,36214,Undergraduate,13,Married-civ-spouse,Nontechnical, Husband,*,Male,4386,0,47,North America,>50K
8360,"[40, 50[", Private,119904,High School,9,Divorced,Technical, Not-in-family,*,Female,0,0,50,North America,>50K
8361,"[40, 50[", Self-emp-inc,105779,Undergraduate,13,Never-married,Nontechnical, Own-child,*,Male,0,0,40,North America,>50K
8362,"[60, 70[", Private,165020,High School,7,Married-civ-spouse,Technical, Husband,*,Male,0,0,48,North America,<=50K
8363,"[30, 40[", Private,187098,Professional Education,15,Married-civ-spouse,Nontechnical, Wife,*,Female,15024,0,47,North America,>50K
8364,"[40, 50[", ?,142030,High School,9,Divorced,Other, Unmarried,*,Female,0,0,40,North America,<=50K
8366,"[60, 70[", Private,121319,Undergraduate,13,Married-civ-spouse,Technical, Husband,*,Male,3103,0,40,North America,>50K
8367,"[50, 60[", Private,151580,Undergraduate,10,Married-civ-spouse,Technical, Husband,*,Male,15024,0,40,North America,>50K
8368,"[30, 40[", Private,162572,Undergraduate,13,Married-civ-spouse,Nontechnical, Husband,*,Male,0,0,40,North America,<=50K
8369,"[20, 30[", Private,35917,High School,9,Married-civ-spouse,Nontechnical, Husband,*,Male,0,0,40,North America,<=50K
8370,"[50, 60[", Self-emp-inc,35723,High School,4,Married-civ-spouse,Technical, Husband,*,Male,0,0,50,North America,>50K
8371,"[40, 50[", Private,194773,Undergraduate,10,Never-married,Other, Not-in-family,*,Female,0,0,40,North America,<=50K
8372,"[30, 40[", Private,62155,Undergraduate,10,Never-married,Nontechnical, Not-in-family,*,Male,0,0,35,North America,<=50K
8373,"[40, 50[", Self-emp-not-inc,192203,Undergraduate,10,Married-civ-spouse,Technical, Husband,*,Male,0,1485,40,North America,>50K
8374,"[40, 50[", Private,174370,Undergraduate,10,Separated,Nontechnical, Not-in-family,*,Male,0,0,55,North America,<=50K
8375,"[20, 30[", Private,161007,Professional Education,11,Married-civ-spouse,Nontechnical, Husband,*,Male,0,0,80,North America,<=50K
8376,"[20, 30[", Private,270517,High School,9,Never-married,Other, Own-child,*,Female,0,0,40,North America,<=50K
8377,"[40, 50[", Private,163847,Undergraduate,13,Married-civ-spouse,Other, Husband,*,Male,0,0,50,North America,>50K
8378,"[40, 50[", Private,193882,Professional Education,11,Never-married,Technical, Own-child,*,Male,0,0,40,North America,<=50K
8379,"[60, 70[", Private,160037,High School,4,Divorced,Other, Not-in-family,*,Male,0,0,35,North America,<=50K
8380,"[30, 40[", Federal-gov,189944,Undergraduate,10,Never-married,Other, Not-in-family,*,Female,0,0,72,North America,<=50K
8382,"[40, 50[", Private,163174,High School,9,Never-married,Other, Not-in-family,*,Female,0,0,40,North America,<=50K
8383,"[30, 40[", State-gov,188900,Professional Education,12,Never-married,Other, Not-in-family,*,Female,3325,0,35,North America,<=50K
8384,"[20, 30[", Private,214399,Undergraduate,10,Never-married,Nontechnical, Own-child,*,Female,0,0,30,North America,<=50K
8385,"[60, 70[", Private,156616,High School,9,Widowed,Other, Unmarried,*,Female,0,0,40,North America,<=50K
8386,"[20, 30[", Private,204862,Professional Education,12,Divorced,Technical, Not-in-family,*,Female,0,0,36,North America,<=50K
8387,"[30, 40[", ?,55921,High School,9,Married-civ-spouse,Other, Husband,*,Male,0,0,40,North America,<=50K
8388,"[30, 40[", State-gov,172475,Undergraduate,13,Never-married,Nontechnical, Not-in-family,*,Female,2977,0,45,North America,<=50K
8389,"[20, 30[", Private,153082,High School,9,Never-married,Nontechnical, Not-in-family,*,Male,0,0,30,North America,<=50K
8390,"[40, 50[", Local-gov,195418,Graduate,14,Divorced,Technical, Not-in-family,*,Male,0,0,40,North America,<=50K
8391,"[20, 30[", Local-gov,276840,High School,8,Never-married,Other, Own-child,*,Male,0,0,20,North America,<=50K
8392,"[30, 40[", Private,97933,Professional Education,12,Married-civ-spouse,Other, Wife,*,Female,0,1485,37,North America,>50K
8393,"[50, 60[", Self-emp-inc,119099,Undergraduate,10,Married-civ-spouse,Nontechnical, Husband,*,Male,0,0,99,North America,>50K
8394,"[40, 50[", Self-emp-not-inc,83411,High School,9,Married-civ-spouse,Nontechnical, Husband,*,Male,0,0,40,North America,>50K
8395,"[20, 30[", Private,198992,High School,9,Never-married,Nontechnical, Not-in-family,*,Female,0,0,33,North America,<=50K
8396,"[40, 50[", Private,337825,High School,9,Married-civ-spouse,Technical, Husband,*,Male,0,0,45,North America,<=50K
8397,"[30, 40[", Private,192002,Undergraduate,13,Married-civ-spouse,Nontechnical, Husband,*,Male,0,0,40,North America,>50K
8398,"[20, 30[", Private,189346,High School,9,Divorced,Nontechnical, Own-child,*,Male,0,0,40,North America,<=50K
8399,"[10, 20[", Private,231962,High School,9,Never-married,Other, Unmarried,*,Male,0,0,40,North America,<=50K
8400,"[20, 30[", Private,164488,Undergraduate,13,Never-married,Technical, Not-in-family,*,Male,13550,0,50,North America,>50K
8401,"[40, 50[", Private,200471,Undergraduate,13,Married-civ-spouse,Other, Husband,*,Male,0,0,45,North America,>50K
8403,"[40, 50[", Private,184846,Undergraduate,10,Divorced,Other, Unmarried,*,Female,0,0,40,North America,<=50K
8404,"[40, 50[", Private,233851,Undergraduate,13,Divorced,Other, Not-in-family,*,Female,0,0,40,North America,<=50K
8405,"[20, 30[", Private,499001,High School,9,Never-married,Technical, Unmarried,*,Male,0,0,40,North America,<=50K
8406,"[60, 70[", Local-gov,125768,Undergraduate,10,Divorced,Other, Not-in-family,*,Female,0,0,28,North America,<=50K
8407,"[30, 40[", Private,255004,Undergraduate,13,Never-married,Nontechnical, Not-in-family,*,Male,0,1741,38,North America,<=50K
8408,"[20, 30[", Private,157624,Undergraduate,13,Never-married,Other, Not-in-family,*,Female,0,0,40,North America,<=50K
8409,"[50, 60[", Private,146767,Undergraduate,13,Married-civ-spouse,Technical, Husband,*,Male,0,0,40,North America,>50K
8410,"[40, 50[", Private,118291,Undergraduate,10,Never-married,Technical, Not-in-family,*,Female,0,0,80,North America,<=50K
8411,"[40, 50[", Private,313181,High School,9,Divorced,Other, Other-relative,*,Male,0,0,38,North America,<=50K
8412,"[30, 40[", Private,87891,Professional Education,12,Married-civ-spouse,Nontechnical, Husband,*,Male,0,0,60,North America,<=50K
8413,"[30, 40[", Private,226443,Undergraduate,10,Married-civ-spouse,Technical, Husband,*,Male,0,0,55,North America,>50K
8414,"[40, 50[", Private,81132,Undergraduate,10,Married-civ-spouse,Technical, Other-relative,*,Male,0,0,40,Asia,<=50K
8415,"[20, 30[", Private,216436,Undergraduate,13,Never-married,Nontechnical, Other-relative,*,Female,0,0,30,North America,<=50K
8416,"[20, 30[", Private,213412,Undergraduate,13,Never-married,Technical, Unmarried,*,Male,0,0,40,North America,<=50K
8418,"[30, 40[", Private,369825,Undergraduate,13,Never-married,Nontechnical, Not-in-family,*,Male,4101,0,50,North America,<=50K
8419,"[50, 60[", Private,199763,Undergraduate,10,Married-civ-spouse,Technical, Husband,*,Male,0,0,45,North America,<=50K
8420,"[20, 30[", Private,239390,Undergraduate,13,Never-married,Nontechnical, Own-child,*,Male,0,0,18,North America,<=50K
8421,"[40, 50[", Self-emp-not-inc,173613,Undergraduate,10,Divorced,Nontechnical, Not-in-family,*,Female,0,0,65,North America,<=50K
8422,"[40, 50[", Self-emp-inc,37869,High School,9,Married-civ-spouse,Nontechnical, Husband,*,Male,0,0,50,North America,<=50K
8423,"[30, 40[", Private,302845,High School,9,Married-civ-spouse,Nontechnical, Wife,*,Female,0,0,48,North America,<=50K
8424,"[30, 40[", State-gov,85218,Graduate,14,Never-married,Technical, Unmarried,*,Female,0,0,24,North America,<=50K
8425,"[30, 40[", Private,48268,High School,9,Married-civ-spouse,Nontechnical, Husband,*,Male,0,0,55,North America,<=50K
8426,"[30, 40[", Private,173968,High School,9,Married-civ-spouse,Technical, Husband,*,Male,0,0,45,North America,<=50K
8428,"[40, 50[", Private,166857,High School,5,Divorced,Nontechnical, Not-in-family,*,Female,0,0,40,North America,<=50K
8429,"[10, 20[", ?,256191,High School,9,Never-married,Other, Own-child,*,Female,0,0,25,North America,<=50K
8430,"[20, 30[", Private,162872,Professional Education,12,Never-married,Technical, Not-in-family,*,Female,0,0,40,North America,<=50K
8432,"[40, 50[", Private,139193,High School,9,Divorced,Technical, Not-in-family,*,Male,0,0,40,North America,<=50K
8433,"[20, 30[", Private,791084,Undergraduate,10,Never-married,Technical, Own-child,*,Male,0,0,50,North America,<=50K
8434,"[20, 30[", Private,137214,High School,9,Married-civ-spouse,Nontechnical, Husband,*,Male,0,0,37,North America,<=50K
8435,"[10, 20[", Private,183258,Undergraduate,10,Never-married,Other, Own-child,*,Male,0,0,40,North America,<=50K
8437,"[40, 50[", Private,115323,Undergraduate,13,Married-civ-spouse,Nontechnical, Husband,*,Male,3103,0,40,North America,>50K
8438,"[40, 50[", Private,213055,Professional Education,12,Never-married,Other, Not-in-family,*,Female,0,0,50,North America,<=50K
8439,"[30, 40[", Private,155064,Professional Education,11,Divorced,Technical, Unmarried,*,Female,0,0,40,North America,<=50K
8440,"[20, 30[", Private,33551,High School,9,Never-married,Other, Own-child,*,Male,0,0,40,North America,<=50K
8441,"[40, 50[", Private,169995,High School,9,Divorced,Technical, Unmarried,*,Male,0,0,40,North America,<=50K
8443,"[40, 50[", Private,104196,High School,9,Married-civ-spouse,Technical, Husband,*,Male,0,0,40,North America,<=50K
8444,"[30, 40[", State-gov,114055,Undergraduate,13,Never-married,Nontechnical, Not-in-family,*,Female,0,0,40,North America,<=50K
8445,"[20, 30[", Private,274398,Undergraduate,10,Never-married,Other, Own-child,*,Female,0,0,20,North America,<=50K
8446,"[70, 80[", ?,27979,High School,9,Married-civ-spouse,Other, Husband,*,Male,2228,0,32,North America,<=50K
8448,"[40, 50[", Private,196571,Undergraduate,13,Married-civ-spouse,Nontechnical, Husband,*,Male,0,0,45,North America,>50K
8449,"[60, 70[", Private,101607,High School,9,Divorced,Technical, Not-in-family,*,Male,0,0,10,North America,<=50K
8451,"[50, 60[", Self-emp-inc,255822,High School,9,Divorced,Nontechnical, Not-in-family,*,Male,0,0,60,North America,<=50K
8452,"[70, 80[", Private,195184,High School,9,Widowed,Other, Unmarried,*,Female,0,0,12,North America,<=50K
8453,"[30, 40[", Federal-gov,245372,High School,9,Never-married,Other, Not-in-family,*,Male,0,0,40,North America,<=50K
8455,"[30, 40[", Private,224531,Undergraduate,10,Never-married,Other, Not-in-family,*,Male,0,0,40,North America,<=50K
8457,"[20, 30[", Private,118693,Undergraduate,13,Never-married,Other, Not-in-family,*,Male,0,0,35,North America,<=50K
8458,"[30, 40[", Private,297449,Undergraduate,13,Married-civ-spouse,Technical, Husband,*,Male,0,0,40,North America,>50K
8459,"[40, 50[", Self-emp-not-inc,125206,Professional Education,15,Married-civ-spouse,Technical, Husband,*,Male,0,0,40,North America,<=50K
8460,"[20, 30[", Private,393264,Undergraduate,13,Never-married,Technical, Not-in-family,*,Male,0,0,40,North America,<=50K
8461,"[30, 40[", Private,108140,Undergraduate,13,Never-married,Other, Not-in-family,*,Male,0,0,20,North America,<=50K
8463,"[50, 60[", Self-emp-not-inc,318106,High School,9,Married-civ-spouse,Nontechnical, Husband,*,Male,0,0,40,North America,>50K
8464,"[30, 40[", Private,156025,High School,9,Divorced,Nontechnical, Unmarried,*,Female,0,0,40,North America,<=50K
8465,"[30, 40[", State-gov,149455,High School,9,Never-married,Other, Unmarried,*,Female,0,0,40,North America,<=50K
8466,"[20, 30[", Private,359985,Primary School,3,Never-married,Other, Not-in-family,*,Female,0,0,33,North America,<=50K
8467,"[40, 50[", State-gov,165108,Graduate,14,Married-civ-spouse,Technical, Husband,*,Male,0,0,40,North America,>50K
8468,"[40, 50[", Private,115178,Professional Education,11,Married-civ-spouse,Other, Wife,*,Female,0,0,40,North America,>50K
8469,"[20, 30[", Private,149224,Undergraduate,10,Never-married,Other, Own-child,*,Male,0,0,30,North America,<=50K
8471,"[30, 40[", Private,174717,Undergraduate,13,Married-civ-spouse,Nontechnical, Husband,*,Male,0,0,50,North America,>50K
8472,"[70, 80[", ?,173064,Undergraduate,13,Married-civ-spouse,Other, Husband,*,Male,0,0,6,North America,<=50K
8473,"[20, 30[", Private,147755,Undergraduate,10,Married-civ-spouse,Technical, Husband,*,Male,0,1672,40,North America,<=50K
8474,"[50, 60[", Self-emp-not-inc,135716,High School,9,Married-civ-spouse,Other, Husband,*,Male,0,0,70,North America,<=50K
8475,"[40, 50[", Private,44216,High School,9,Divorced,Nontechnical, Unmarried,*,Female,0,0,45,North America,<=50K
8476,"[20, 30[", Private,37359,Professional Education,11,Married-civ-spouse,Technical, Husband,*,Male,99999,0,50,North America,>50K
8478,"[30, 40[", State-gov,70617,Graduate,14,Married-civ-spouse,Technical, Husband,*,Male,0,0,10,Asia,<=50K
8479,"[30, 40[", Private,154950,Undergraduate,10,Married-civ-spouse,Nontechnical, Husband,*,Male,15024,0,60,North America,>50K
8480,"[40, 50[", Private,356934,Professional Education,12,Divorced,Nontechnical, Not-in-family,*,Male,0,0,40,North America,>50K
8481,"[20, 30[", Private,271714,Undergraduate,10,Never-married,Other, Own-child,*,Female,0,0,30,North America,<=50K
8482,"[20, 30[", Private,247025,High School,9,Never-married,Other, Unmarried,*,Male,0,0,44,North America,<=50K
8483,"[30, 40[", Private,107417,High School,9,Never-married,Other, Not-in-family,*,Male,0,0,37,North America,<=50K
8484,"[30, 40[", State-gov,116554,Undergraduate,13,Never-married,Other, Not-in-family,*,Female,0,0,40,North America,<=50K
8485,"[20, 30[", Private,917220,High School,8,Never-married,Other, Own-child,*,Male,0,0,40,North America,<=50K
8486,"[20, 30[", Private,430084,Undergraduate,10,Never-married,Other, Not-in-family,*,Male,0,0,40,North America,<=50K
8488,"[20, 30[", Private,62737,Professional Education,11,Married-civ-spouse,Technical, Husband,*,Male,0,0,40,North America,<=50K
8489,"[20, 30[", Private,508548,High School,9,Married-civ-spouse,Other, Husband,*,Male,0,0,50,North America,<=50K
8490,"[30, 40[", Self-emp-inc,275223,Undergraduate,13,Married-civ-spouse,Nontechnical, Husband,*,Male,7688,0,40,North America,>50K
8491,"[30, 40[", Self-emp-not-inc,381931,High School,9,Married-civ-spouse,Other, Husband,*,Male,0,0,55,North America,<=50K
8492,"[20, 30[", Private,246974,Professional Education,11,Never-married,Technical, Not-in-family,*,Male,0,0,40,North America,<=50K
8493,"[40, 50[", Private,105431,High School,9,Divorced,Other, Not-in-family,*,Female,0,0,40,North America,<=50K
8494,"[30, 40[", Private,146311,High School,5,Married-civ-spouse,Technical, Husband,*,Male,0,0,40,North America,<=50K
8495,"[40, 50[", Self-emp-not-inc,159869,Graduate,16,Married-civ-spouse,Technical, Husband,*,Male,0,0,50,North America,<=50K
8496,"[20, 30[", Private,204641,Undergraduate,10,Never-married,Other, Own-child,*,Male,0,0,40,North America,<=50K
8499,"[60, 70[", ?,107744,Undergraduate,10,Married-civ-spouse,Other, Husband,*,Male,0,0,40,North America,<=50K
8500,"[40, 50[", Private,360393,Graduate,14,Married-civ-spouse,Nontechnical, Husband,*,Male,0,1902,50,North America,>50K
8501,"[10, 20[", Private,263340,Undergraduate,10,Never-married,Other, Own-child,*,Female,0,0,15,North America,<=50K
8502,"[10, 20[", Private,141918,High School,9,Never-married,Nontechnical, Own-child,*,Male,0,0,22,North America,<=50K
8503,"[30, 40[", Private,294292,Professional Education,15,Married-civ-spouse,Nontechnical, Husband,*,Male,0,0,40,North America,<=50K
8504,"[40, 50[", Private,128736,Undergraduate,13,Never-married,Technical, Unmarried,*,Female,0,0,40,North America,<=50K
8505,"[30, 40[", Local-gov,511289,Professional Education,11,Married-civ-spouse,Other, Husband,*,Male,0,0,48,North America,>50K
8506,"[20, 30[", Private,302406,Undergraduate,10,Married-civ-spouse,Nontechnical, Husband,*,Male,0,0,40,North America,>50K
8507,"[30, 40[", Local-gov,101517,Undergraduate,10,Divorced,Other, Unmarried,*,Female,0,0,35,North America,<=50K
8509,"[20, 30[", Self-emp-inc,189148,Undergraduate,10,Never-married,Other, Own-child,*,Male,0,0,40,North America,<=50K
8510,"[40, 50[", Self-emp-not-inc,103111,Professional Education,15,Married-civ-spouse,Technical, Husband,*,Male,0,0,60,North America,>50K
8511,"[40, 50[", Self-emp-not-inc,51620,Undergraduate,13,Separated,Technical, Not-in-family,*,Male,0,0,50,North America,<=50K
8512,"[20, 30[", Private,31606,High School,9,Never-married,Other, Unmarried,*,Female,0,0,40,North America,<=50K
8513,"[20, 30[", Private,34292,High School,9,Never-married,Other, Own-child,*,Male,0,0,38,North America,<=50K
8514,"[20, 30[", Private,107882,Professional Education,12,Never-married,Other, Own-child,*,Female,0,0,9,North America,<=50K
8515,"[10, 20[", Private,39529,High School,8,Never-married,Other, Own-child,*,Female,0,0,32,North America,<=50K
8516,"[10, 20[", Private,135315,High School,5,Never-married,Nontechnical, Own-child,*,Female,0,0,32,North America,<=50K
8517,"[20, 30[", Private,107812,High School,9,Divorced,Technical, Not-in-family,*,Male,0,0,40,North America,<=50K
8518,"[20, 30[", Private,229729,High School,9,Never-married,Other, Not-in-family,*,Male,0,0,40,North America,<=50K
8519,"[40, 50[", Private,111891,High School,9,Separated,Technical, Other-relative,*,Female,0,0,40,North America,<=50K
8520,"[30, 40[", Private,340917,High School,9,Never-married,Nontechnical, Not-in-family,*,Male,0,0,40,North America,<=50K
8521,"[60, 70[", Private,202952,High School,6,Divorced,Other, Not-in-family,*,Female,0,0,24,North America,<=50K
8523,"[30, 40[", Private,114955,Professional Education,12,Divorced,Technical, Not-in-family,*,Male,0,0,40,North America,<=50K
8524,"[40, 50[", Private,159869,Undergraduate,13,Married-civ-spouse,Nontechnical, Husband,*,Male,0,0,40,North America,>50K
8525,"[50, 60[", Self-emp-not-inc,57758,Professional Education,11,Married-civ-spouse,Nontechnical, Husband,*,Male,0,0,60,North America,>50K
8526,"[20, 30[", Private,207064,High School,9,Married-civ-spouse,Technical, Husband,*,Male,0,0,40,North America,<=50K
8527,"[20, 30[", Private,193090,Undergraduate,10,Never-married,Other, Not-in-family,*,Female,3674,0,40,North America,<=50K
8530,"[20, 30[", Local-gov,304960,Professional Education,12,Never-married,Other, Not-in-family,*,Female,0,1980,40,North America,<=50K
8532,"[20, 30[", ?,210029,Undergraduate,10,Never-married,Other, Own-child,*,Female,0,0,40,North America,<=50K
8533,"[30, 40[", State-gov,154246,Undergraduate,13,Divorced,Technical, Not-in-family,*,Male,4865,0,55,North America,<=50K
8534,"[20, 30[", Private,142519,High School,9,Never-married,Nontechnical, Own-child,*,Male,0,0,40,North America,<=50K
8536,"[70, 80[", Self-emp-inc,192230,Undergraduate,10,Married-civ-spouse,Nontechnical, Husband,*,Male,0,0,40,North America,<=50K
8537,"[30, 40[", Private,292592,High School,9,Never-married,Other, Own-child,*,Female,0,0,35,North America,<=50K
8538,"[20, 30[", Private,330132,Undergraduate,13,Married-civ-spouse,Technical, Wife,*,Female,0,0,40,North America,>50K
8539,"[20, 30[", Private,51111,Undergraduate,10,Never-married,Nontechnical, Not-in-family,*,Female,0,0,40,North America,<=50K
8540,"[30, 40[", Local-gov,258037,High School,9,Married-civ-spouse,Technical, Husband,*,Male,0,0,40,North America,>50K
8541,"[40, 50[", Local-gov,188291,Undergraduate,13,Married-civ-spouse,Other, Husband,*,Male,0,1902,40,North America,>50K
8542,"[30, 40[", State-gov,349066,High School,9,Divorced,Technical, Own-child,*,Male,0,0,40,North America,<=50K
8543,"[60, 70[", ?,191188,High School,9,Married-civ-spouse,Other, Husband,*,Male,0,0,40,North America,<=50K
8544,"[30, 40[", Private,133503,High School,9,Married-civ-spouse,Other, Husband,*,Male,2635,0,16,North America,<=50K
8545,"[40, 50[", Private,146497,Undergraduate,10,Widowed,Nontechnical, Unmarried,*,Female,0,0,55,North America,<=50K
8547,"[30, 40[", Private,175120,High School,9,Divorced,Technical, Not-in-family,*,Male,0,0,40,North America,<=50K
8548,"[20, 30[", Private,416577,High School,9,Married-civ-spouse,Technical, Husband,*,Male,0,0,45,North America,<=50K
8549,"[20, 30[", Private,253814,Undergraduate,13,Never-married,Nontechnical, Not-in-family,*,Female,0,0,45,North America,<=50K
8550,"[30, 40[", Private,159247,Undergraduate,13,Married-civ-spouse,Technical, Husband,*,Male,0,0,40,North America,>50K
8551,"[30, 40[", Self-emp-not-inc,102471,High School,9,Divorced,Other, Not-in-family,*,Male,0,0,80,North America,<=50K
8552,"[40, 50[", Private,213464,Undergraduate,10,Married-civ-spouse,Technical, Husband,*,Male,0,0,40,North America,<=50K
8553,"[20, 30[", Private,211968,Professional Education,11,Never-married,Other, Own-child,*,Female,0,0,20,North America,<=50K
8554,"[40, 50[", Federal-gov,32016,Graduate,14,Married-civ-spouse,Technical, Husband,*,Male,0,0,40,North America,>50K
8555,"[60, 70[", Private,512992,High School,7,Married-civ-spouse,Technical, Husband,*,Male,0,0,45,North America,<=50K
8556,"[30, 40[", Private,135020,High School,9,Never-married,Other, Own-child,*,Male,0,0,40,North America,<=50K
8557,"[30, 40[", Private,109133,High School,9,Married-civ-spouse,Technical, Husband,*,Male,0,0,40,Europe,<=50K
8558,"[20, 30[", Private,142712,Undergraduate,10,Married-civ-spouse,Technical, Husband,*,Male,0,0,40,North America,<=50K
8559,"[20, 30[", Federal-gov,76900,Undergraduate,13,Never-married,Technical, Not-in-family,*,Male,0,0,40,North America,<=50K
8560,"[30, 40[", Private,112176,Undergraduate,10,Divorced,Nontechnical, Own-child,*,Male,0,0,30,North America,<=50K
8561,"[40, 50[", Federal-gov,262233,Undergraduate,13,Divorced,Nontechnical, Not-in-family,*,Male,0,0,40,North America,>50K
8563,"[20, 30[", Private,194690,High School,4,Separated,Other, Own-child,*,Male,0,0,60,North America,<=50K
8564,"[30, 40[", Private,306678,High School,9,Married-civ-spouse,Technical, Husband,*,Male,2885,0,40,North America,<=50K
8565,"[10, 20[", ?,217769,Undergraduate,10,Never-married,Other, Own-child,*,Female,594,0,10,North America,<=50K
8566,"[30, 40[", Local-gov,308945,High School,9,Married-civ-spouse,Technical, Husband,*,Male,0,0,40,North America,>50K
8567,"[50, 60[", Private,46699,High School,9,Married-civ-spouse,Other, Wife,*,Female,0,0,40,North America,<=50K
8568,"[40, 50[", Private,377757,High School,5,Married-civ-spouse,Other, Husband,*,Male,0,0,40,North America,<=50K
8569,"[20, 30[", Private,220993,High School,9,Never-married,Nontechnical, Not-in-family,*,Male,0,1590,48,North America,<=50K
8570,"[40, 50[", Private,102147,High School,9,Married-civ-spouse,Technical, Husband,*,Male,0,0,40,North America,<=50K
8571,"[40, 50[", Private,113770,High School,9,Married-civ-spouse,Other, Wife,*,Female,0,0,40,North America,<=50K
8572,"[30, 40[", Private,139012,Undergraduate,13,Married-civ-spouse,Other, Husband,*,Male,0,0,40,Asia,<=50K
8573,"[40, 50[", Private,148900,Undergraduate,13,Married-civ-spouse,Technical, Husband,*,Male,0,0,50,North America,>50K
8574,"[20, 30[", Federal-gov,329426,Undergraduate,13,Never-married,Nontechnical, Not-in-family,*,Male,0,0,40,North America,<=50K
8575,"[60, 70[", Self-emp-inc,181408,Professional Education,11,Married-civ-spouse,Technical, Husband,*,Male,0,0,10,North America,<=50K
8576,"[40, 50[", Local-gov,101950,Professional Education,15,Separated,Technical, Unmarried,*,Female,0,0,40,North America,<=50K
8577,"[50, 60[", Self-emp-not-inc,32537,High School,9,Married-civ-spouse,Other, Husband,*,Male,0,0,40,North America,>50K
8578,"[40, 50[", Private,209547,High School,9,Never-married,Technical, Not-in-family,*,Male,0,0,40,North America,<=50K
8579,"[20, 30[", Private,202373,Undergraduate,10,Never-married,Nontechnical, Own-child,*,Male,0,0,25,North America,<=50K
8580,"[20, 30[", Self-emp-not-inc,151476,Professional Education,11,Never-married,Other, Not-in-family,*,Female,2174,0,40,North America,<=50K
8581,"[50, 60[", Self-emp-not-inc,174824,High School,9,Never-married,Other, Not-in-family,*,Male,8614,0,40,North America,>50K
8582,"[20, 30[", Private,138768,High School,9,Never-married,Other, Own-child,*,Male,0,0,40,North America,<=50K
8583,"[40, 50[", Private,143482,High School,9,Divorced,Other, Unmarried,*,Female,0,0,40,North America,<=50K
8584,"[50, 60[", Private,200190,Professional Education,12,Married-civ-spouse,Nontechnical, Husband,*,Male,0,0,80,North America,>50K
8585,"[30, 40[", Private,168407,Undergraduate,10,Divorced,Other, Unmarried,*,Female,5721,0,44,North America,<=50K
8587,"[20, 30[", Private,270517,High School,9,Never-married,Other, Own-child,*,Female,0,0,40,North America,<=50K
8588,"[40, 50[", Private,53506,Undergraduate,13,Divorced,Technical, Own-child,*,Female,0,0,40,North America,<=50K
8589,"[20, 30[", Private,105693,Undergraduate,13,Never-married,Technical, Not-in-family,*,Female,0,0,40,North America,<=50K
8590,"[20, 30[", Private,189589,Undergraduate,10,Divorced,Technical, Not-in-family,*,Female,0,0,40,North America,<=50K
8591,"[20, 30[", Private,164574,High School,9,Never-married,Other, Own-child,*,Male,0,0,30,North America,<=50K
8592,"[30, 40[", Private,185744,High School,9,Married-civ-spouse,Other, Wife,*,Female,0,0,20,North America,<=50K
8593,"[40, 50[", Local-gov,33155,High School,9,Never-married,Other, Own-child,*,Male,0,0,40,North America,<=50K
8594,"[20, 30[", Private,215955,Undergraduate,13,Married-civ-spouse,Nontechnical, Husband,*,Male,3103,0,40,North America,>50K
8595,"[30, 40[", Self-emp-not-inc,233571,High School,9,Separated,Other, Unmarried,*,Female,0,0,40,North America,<=50K
8596,"[40, 50[", Private,211253,Undergraduate,13,Divorced,Nontechnical, Unmarried,*,Female,0,0,40,North America,<=50K
8597,"[30, 40[", Federal-gov,191385,Professional Education,12,Divorced,Other, Not-in-family,*,Male,2174,0,40,North America,<=50K
8598,"[20, 30[", Private,137895,High School,9,Married-civ-spouse,Nontechnical, Husband,*,Male,0,0,45,North America,<=50K
8599,"[60, 70[", State-gov,159699,Undergraduate,13,Married-civ-spouse,Other, Husband,*,Male,0,0,38,North America,<=50K
8600,"[30, 40[", Private,295922,Undergraduate,10,Never-married,Other, Not-in-family,*,Male,0,0,40,North America,<=50K
8601,"[30, 40[", Self-emp-not-inc,175856,High School,9,Married-civ-spouse,Technical, Husband,*,Male,0,0,60,North America,<=50K
8602,"[20, 30[", Private,216129,High School,9,Never-married,Other, Own-child,*,Male,0,0,40,North America,<=50K
8603,"[60, 70[", Local-gov,407669,High School,4,Widowed,Other, Not-in-family,*,Female,0,0,35,North America,<=50K
8604,"[40, 50[", Local-gov,214242,Undergraduate,10,Married-civ-spouse,Technical, Husband,*,Male,0,0,40,North America,>50K
8605,"[20, 30[", Private,285457,Undergraduate,10,Never-married,Other, Own-child,*,Male,0,0,50,North America,<=50K
8606,"[30, 40[", Self-emp-inc,124420,High School,9,Divorced,Nontechnical, Not-in-family,*,Male,4650,0,40,North America,<=50K
8607,"[20, 30[", ?,246386,High School,9,Never-married,Other, Unmarried,*,Female,0,0,40,North America,<=50K
8608,"[10, 20[", Private,142751,High School,6,Never-married,Nontechnical, Not-in-family,*,Male,0,0,40,North America,<=50K
8609,"[50, 60[", Local-gov,283635,Graduate,14,Divorced,Technical, Not-in-family,*,Female,0,0,40,North America,<=50K
8610,"[20, 30[", Self-emp-not-inc,322931,High School,4,Married-civ-spouse,Other, Husband,*,Male,0,1902,40,North America,>50K
8611,"[40, 50[", Private,76482,High School,9,Married-civ-spouse,Technical, Husband,*,Male,0,0,40,North America,<=50K
8612,"[10, 20[", State-gov,431745,High School,7,Never-married,Other, Own-child,*,Male,0,0,30,North America,<=50K
8613,"[40, 50[", Private,141944,High School,9,Married-civ-spouse,Technical, Husband,*,Male,4386,0,40,North America,>50K
8614,"[30, 40[", Private,193042,Professional Education,15,Married-civ-spouse,Nontechnical, Husband,*,Male,15024,0,60,North America,>50K
8615,"[30, 40[", Private,67006,High School,6,Never-married,Technical, Not-in-family,*,Female,0,0,45,North America,<=50K
8616,"[20, 30[", Private,240398,Undergraduate,13,Never-married,Nontechnical, Not-in-family,*,Male,0,0,15,North America,<=50K
8617,"[30, 40[", Federal-gov,182714,Professional Education,15,Never-married,Technical, Not-in-family,*,Female,0,0,65,North America,>50K
8618,"[50, 60[", Federal-gov,172046,Undergraduate,10,Married-civ-spouse,Nontechnical, Husband,*,Male,0,0,40,North America,>50K
8619,"[30, 40[", Private,185177,Undergraduate,13,Married-civ-spouse,Nontechnical, Husband,*,Male,0,0,43,North America,<=50K
8620,"[30, 40[", Private,102858,Professional Education,12,Married-civ-spouse,Technical, Husband,*,Male,0,2002,42,North America,<=50K
8621,"[30, 40[", Private,84954,Undergraduate,10,Married-civ-spouse,Nontechnical, Husband,*,Male,2829,0,65,North America,<=50K
8622,"[20, 30[", Private,115895,Undergraduate,10,Never-married,Nontechnical, Own-child,*,Female,0,0,20,North America,<=50K
8623,"[20, 30[", Private,184589,Undergraduate,13,Never-married,Technical, Own-child,*,Female,0,0,21,North America,<=50K
8624,"[30, 40[", Private,282611,Undergraduate,13,Never-married,Nontechnical, Not-in-family,*,Female,0,0,40,North America,<=50K
8625,"[50, 60[", Private,218649,High School,9,Married-civ-spouse,Nontechnical, Husband,*,Male,0,0,40,North America,<=50K
8626,"[20, 30[", State-gov,157541,Undergraduate,10,Never-married,Technical, Not-in-family,*,Male,0,0,10,North America,<=50K
8627,"[70, 80[", Private,145419,High School,9,Widowed,Other, Unmarried,*,Female,0,0,5,North America,<=50K
8628,"[30, 40[", Private,122616,Undergraduate,10,Married-civ-spouse,Technical, Husband,*,Male,0,0,84,North America,>50K
8629,"[50, 60[", Private,204584,Graduate,14,Divorced,Nontechnical, Not-in-family,*,Female,0,0,40,North America,<=50K
8630,"[20, 30[", Private,117210,Undergraduate,10,Never-married,Nontechnical, Own-child,*,Male,0,0,45,North America,<=50K
8631,"[30, 40[", Private,69481,High School,9,Divorced,Technical, Not-in-family,*,Male,0,0,40,North America,<=50K
8632,"[60, 70[", Self-emp-not-inc,148492,High School,9,Married-civ-spouse,Technical, Husband,*,Male,0,1485,50,North America,>50K
8634,"[30, 40[", Private,29312,High School,6,Married-civ-spouse,Other, Husband,*,Male,0,0,80,North America,>50K
8635,"[50, 60[", Private,120302,High School,9,Married-civ-spouse,Technical, Husband,*,Male,0,0,40,North America,<=50K
8636,"[60, 70[", ?,111916,High School,9,Married-civ-spouse,Other, Husband,*,Male,0,0,40,North America,<=50K
8637,"[20, 30[", Private,182227,Undergraduate,10,Never-married,Other, Not-in-family,*,Male,0,0,30,North America,<=50K
8638,"[30, 40[", Private,219110,High School,9,Married-civ-spouse,Technical, Husband,*,Male,0,0,46,North America,<=50K
8640,"[10, 20[", Private,427862,Undergraduate,10,Never-married,Other, Own-child,*,Male,0,0,35,North America,<=50K
8641,"[20, 30[", State-gov,33551,Undergraduate,13,Married-civ-spouse,Technical, Husband,*,Male,0,0,38,North America,<=50K
8642,"[40, 50[", Private,164043,High School,9,Married-civ-spouse,Nontechnical, Husband,*,Male,0,0,40,North America,<=50K
8643,"[40, 50[", ?,116632,Undergraduate,10,Married-civ-spouse,Other, Husband,*,Male,0,0,45,North America,>50K
8644,"[40, 50[", Private,175133,Undergraduate,10,Never-married,Technical, Unmarried,*,Female,0,0,40,North America,<=50K
8645,"[30, 40[", Self-emp-not-inc,289731,High School,7,Married-civ-spouse,Technical, Husband,*,Male,0,0,40,North America,<=50K
8646,"[30, 40[", Private,256362,High School,9,Married-civ-spouse,Technical, Husband,*,Male,0,0,40,North America,>50K
8647,"[20, 30[", Private,282612,Professional Education,11,Never-married,Technical, Unmarried,*,Female,0,0,40,North America,<=50K
8648,"[20, 30[", Private,73679,Undergraduate,10,Never-married,Nontechnical, Own-child,*,Female,0,0,40,North America,<=50K
8649,"[30, 40[", Private,237824,High School,9,Married-spouse-absent,Other, Other-relative,*,Female,0,0,60,North America,<=50K
8650,"[30, 40[", Local-gov,357720,Professional Education,11,Never-married,Technical, Not-in-family,*,Female,0,0,40,North America,<=50K
8651,"[40, 50[", Self-emp-not-inc,155489,Undergraduate,10,Married-civ-spouse,Technical, Husband,*,Male,0,0,65,Europe,<=50K
8652,"[40, 50[", Private,138077,Undergraduate,13,Divorced,Other, Unmarried,*,Female,0,0,32,North America,<=50K
8653,"[40, 50[", Private,183479,Professional Education,11,Married-civ-spouse,Nontechnical, Husband,*,Male,0,0,40,North America,>50K
8654,"[30, 40[", Private,103596,High School,9,Never-married,Other, Not-in-family,*,Male,0,0,99,North America,<=50K
8655,"[30, 40[", Private,172304,High School,6,Married-civ-spouse,Technical, Husband,*,Male,0,0,40,North America,<=50K
8656,"[30, 40[", Self-emp-not-inc,313853,Undergraduate,13,Divorced,Other, Unmarried,*,Male,0,0,45,North America,>50K
8657,"[10, 20[", Private,294485,High School,6,Never-married,Other, Own-child,*,Male,0,0,30,North America,<=50K
8658,"[20, 30[", Private,637080,Undergraduate,10,Never-married,Nontechnical, Not-in-family,*,Male,0,0,25,North America,<=50K
8659,"[30, 40[", Private,385959,High School,9,Never-married,Technical, Own-child,*,Male,0,0,50,North America,<=50K
8660,"[30, 40[", Self-emp-not-inc,116539,High School,9,Married-civ-spouse,Technical, Husband,*,Male,0,0,40,North America,<=50K
8661,"[30, 40[", Private,129263,Undergraduate,10,Divorced,Nontechnical, Unmarried,*,Female,0,0,60,North America,<=50K
8662,"[60, 70[", Private,141253,High School,6,Divorced,Other, Not-in-family,*,Male,0,0,48,North America,<=50K
8663,"[30, 40[", State-gov,35626,Undergraduate,10,Divorced,Other, Unmarried,*,Female,0,0,15,North America,<=50K
8664,"[40, 50[", Federal-gov,94937,Undergraduate,13,Divorced,Other, Unmarried,*,Female,0,0,40,North America,<=50K
8665,"[40, 50[", Private,220269,Undergraduate,10,Married-civ-spouse,Technical, Husband,*,Male,0,0,40,North America,>50K
8666,"[20, 30[", Self-emp-not-inc,169544,High School,9,Married-civ-spouse,Other, Husband,*,Male,5178,0,40,North America,>50K
8667,"[30, 40[", Private,214604,Undergraduate,13,Married-civ-spouse,Nontechnical, Husband,*,Male,0,0,42,North America,>50K
8668,"[20, 30[", Private,81540,High School,9,Married-civ-spouse,Technical, Husband,*,Male,0,0,40,North America,>50K
8669,"[50, 60[", Private,24013,Undergraduate,10,Married-civ-spouse,Nontechnical, Husband,*,Male,0,0,84,North America,>50K
8670,"[20, 30[", Private,124940,Undergraduate,10,Married-civ-spouse,Other, Wife,*,Female,0,0,44,North America,<=50K
8671,"[30, 40[", State-gov,313729,Graduate,14,Never-married,Technical, Not-in-family,*,Male,0,0,60,North America,<=50K
8672,"[60, 70[", Private,192237,High School,6,Divorced,Nontechnical, Unmarried,*,Female,0,0,40,North America,<=50K
8673,"[20, 30[", ?,168524,Professional Education,11,Married-civ-spouse,Other, Own-child,*,Female,0,0,40,North America,<=50K
8674,"[40, 50[", Self-emp-not-inc,113324,Professional Education,11,Married-civ-spouse,Other, Husband,*,Male,0,0,70,North America,>50K
8675,"[20, 30[", Private,215477,Undergraduate,10,Never-married,Other, Own-child,*,Male,0,0,40,North America,<=50K
8676,"[20, 30[", Private,199903,Undergraduate,13,Never-married,Technical, Not-in-family,*,Female,0,0,40,North America,<=50K
8677,"[20, 30[", Private,431861,High School,9,Married-civ-spouse,Other, Husband,*,Male,0,0,40,North America,<=50K
8678,"[30, 40[", Private,105938,High School,9,Never-married,Technical, Own-child,*,Female,0,1602,20,North America,<=50K
8679,"[20, 30[", Private,274679,Graduate,14,Never-married,Technical, Not-in-family,*,Male,0,0,50,North America,<=50K
8680,"[20, 30[", Private,177499,Undergraduate,13,Never-married,Technical, Own-child,*,Male,0,1590,35,North America,<=50K
8681,"[20, 30[", Private,206125,Undergraduate,10,Married-civ-spouse,Technical, Husband,*,Male,0,0,40,North America,<=50K
8682,"[30, 40[", Local-gov,221740,Undergraduate,13,Married-civ-spouse,Technical, Wife,*,Female,0,0,30,North America,>50K
8683,"[50, 60[", Private,202652,High School,9,Widowed,Other, Not-in-family,*,Female,0,0,37,North America,<=50K
8684,"[30, 40[", Private,348960,High School,9,Married-civ-spouse,Nontechnical, Husband,*,Male,0,0,40,North America,<=50K
8685,"[30, 40[", Private,171876,Undergraduate,10,Divorced,Other, Unmarried,*,Female,0,0,40,North America,<=50K
8686,"[50, 60[", Private,157932,High School,6,Married-civ-spouse,Technical, Husband,*,Male,0,0,40,North America,>50K
8687,"[50, 60[", Private,201344,Undergraduate,13,Divorced,Technical, Own-child,*,Female,0,0,20,North America,<=50K
8689,"[30, 40[", Private,40067,Undergraduate,10,Married-civ-spouse,Technical, Husband,*,Male,0,0,40,North America,<=50K
8690,"[30, 40[", Private,326862,Undergraduate,10,Divorced,Technical, Own-child,*,Male,0,0,40,North America,<=50K
8691,"[40, 50[", Local-gov,189762,High School,9,Married-civ-spouse,Technical, Husband,*,Male,0,0,40,North America,>50K
8692,"[60, 70[", ?,149049,High School,9,Married-civ-spouse,Other, Husband,*,Male,0,0,40,North America,<=50K
8693,"[40, 50[", Private,226246,High School,9,Divorced,Nontechnical, Not-in-family,*,Male,0,0,50,North America,<=50K
8695,"[20, 30[", Private,38251,High School,9,Never-married,Other, Own-child,*,Female,0,0,40,North America,<=50K
8696,"[30, 40[", Private,196385,Graduate,14,Married-civ-spouse,Technical, Husband,*,Male,0,0,37,North America,>50K
8697,"[30, 40[", Self-emp-not-inc,217054,Undergraduate,10,Divorced,Other, Not-in-family,*,Male,0,0,40,North America,<=50K
8698,"[40, 50[", Self-emp-not-inc,104973,Graduate,14,Married-civ-spouse,Other, Husband,*,Male,0,0,40,North America,>50K
8699,"[40, 50[", Local-gov,238959,Graduate,14,Divorced,Nontechnical, Unmarried,*,Female,9562,0,40,North America,>50K
8700,"[40, 50[", State-gov,34218,High School,9,Married-civ-spouse,Technical, Husband,*,Male,0,0,40,North America,<=50K
8701,"[10, 20[", Local-gov,292962,High School,9,Never-married,Technical, Other-relative,*,Female,0,0,40,North America,<=50K
8702,"[40, 50[", Private,235924,Undergraduate,13,Divorced,Nontechnical, Own-child,*,Female,0,0,40,North America,<=50K
8703,"[30, 40[", Private,98656,Undergraduate,10,Never-married,Technical, Not-in-family,*,Female,0,0,40,North America,<=50K
8705,"[30, 40[", Local-gov,296466,Graduate,14,Never-married,Technical, Not-in-family,*,Male,0,0,60,North America,<=50K
8706,"[30, 40[", Private,323069,Professional Education,11,Divorced,Other, Unmarried,*,Female,0,0,40,North America,<=50K
8707,"[20, 30[", Private,184756,Undergraduate,13,Never-married,Nontechnical, Not-in-family,*,Female,0,0,40,North America,<=50K
8708,"[30, 40[", Local-gov,233993,Undergraduate,13,Never-married,Technical, Own-child,*,Female,0,0,15,North America,<=50K
8709,"[20, 30[", Private,130724,Undergraduate,10,Never-married,Nontechnical, Own-child,*,Male,0,0,25,North America,<=50K
8710,"[50, 60[", Self-emp-inc,181855,Professional Education,15,Married-civ-spouse,Technical, Husband,*,Male,99999,0,65,North America,>50K
8711,"[60, 70[", Self-emp-not-inc,127543,High School,6,Married-civ-spouse,Other, Husband,*,Male,2414,0,80,North America,<=50K
8712,"[40, 50[", Private,187164,High School,9,Married-civ-spouse,Nontechnical, Husband,*,Male,0,1672,45,North America,<=50K
8714,"[20, 30[", Private,216479,High School,9,Divorced,Nontechnical, Not-in-family,*,Female,0,0,40,North America,<=50K
8715,"[60, 70[", Private,135480,High School,9,Married-civ-spouse,Nontechnical, Husband,*,Male,0,0,16,North America,<=50K
8716,"[20, 30[", Private,204160,High School,9,Divorced,Technical, Own-child,*,Female,0,0,40,North America,<=50K
8717,"[60, 70[", State-gov,114650,High School,5,Married-civ-spouse,Technical, Husband,*,Male,0,0,40,North America,<=50K
8718,"[20, 30[", Self-emp-not-inc,240172,Undergraduate,13,Never-married,Nontechnical, Other-relative,*,Male,0,0,50,North America,<=50K
8719,"[20, 30[", Private,184831,Undergraduate,10,Married-civ-spouse,Nontechnical, Husband,*,Male,0,0,40,North America,<=50K
8720,"[20, 30[", Private,124590,High School,9,Never-married,Nontechnical, Other-relative,*,Male,0,0,40,North America,<=50K
8721,"[40, 50[", State-gov,120429,Graduate,16,Married-civ-spouse,Technical, Husband,*,Male,15024,0,50,North America,>50K
8722,"[20, 30[", Private,202033,Undergraduate,13,Married-civ-spouse,Other, Husband,*,Male,0,0,40,North America,>50K
8723,"[10, 20[", Private,156874,High School,8,Never-married,Other, Own-child,*,Male,0,0,27,North America,<=50K
8724,"[50, 60[", Self-emp-inc,177727,High School,6,Married-civ-spouse,Nontechnical, Husband,*,Male,4064,0,45,North America,<=50K
8725,"[40, 50[", Local-gov,334409,Undergraduate,13,Married-civ-spouse,Technical, Wife,*,Female,0,0,50,North America,>50K
8726,"[30, 40[", Private,311255,High School,9,Married-civ-spouse,Technical, Husband,*,Male,0,0,40,North America,<=50K
8727,"[20, 30[", Private,214227,Professional Education,11,Divorced,Other, Not-in-family,*,Female,0,0,30,North America,<=50K
8728,"[40, 50[", Private,115849,High School,9,Married-civ-spouse,Other, Husband,*,Male,0,0,40,North America,<=50K
8729,"[50, 60[", State-gov,671292,High School,9,Married-civ-spouse,Other, Husband,*,Male,0,0,38,North America,>50K
8730,"[50, 60[", Private,31460,High School,9,Divorced,Technical, Not-in-family,*,Male,0,0,40,North America,<=50K
8731,"[20, 30[", Private,141824,Undergraduate,10,Divorced,Nontechnical, Not-in-family,*,Female,0,0,40,North America,<=50K
8732,"[20, 30[", Private,310152,Undergraduate,10,Never-married,Other, Not-in-family,*,Male,3325,0,40,North America,<=50K
8733,"[20, 30[", Private,179953,Graduate,14,Never-married,Technical, Own-child,*,Female,2597,0,31,North America,<=50K
8734,"[30, 40[", Private,137952,Undergraduate,10,Married-civ-spouse,Other, Husband,*,Male,0,0,40,North America,<=50K
8735,"[30, 40[", Private,103323,Professional Education,12,Married-civ-spouse,Technical, Husband,*,Male,2829,0,40,North America,<=50K
8736,"[40, 50[", Private,174426,Undergraduate,10,Married-civ-spouse,Technical, Husband,*,Male,0,0,40,North America,<=50K
8737,"[40, 50[", State-gov,192779,Professional Education,12,Divorced,Other, Unmarried,*,Male,0,2258,38,North America,>50K
8738,"[30, 40[", Private,169955,Undergraduate,10,Married-civ-spouse,Other, Wife,*,Female,0,0,36,North America,<=50K
8739,"[40, 50[", Self-emp-not-inc,48087,High School,9,Never-married,Other, Not-in-family,*,Male,0,0,60,North America,<=50K
8740,"[30, 40[", Private,132601,Undergraduate,13,Married-civ-spouse,Nontechnical, Husband,*,Male,99999,0,50,North America,>50K
8741,"[40, 50[", Self-emp-inc,253060,Undergraduate,13,Married-civ-spouse,Nontechnical, Husband,*,Male,7688,0,45,North America,>50K
8742,"[50, 60[", Private,108435,Graduate,14,Married-civ-spouse,Nontechnical, Husband,*,Male,99999,0,60,North America,>50K
8743,"[30, 40[", State-gov,210452,Graduate,14,Married-civ-spouse,Nontechnical, Husband,*,Male,0,0,38,North America,<=50K
8744,"[20, 30[", Local-gov,134181,High School,9,Never-married,Nontechnical, Other-relative,*,Male,0,0,50,North America,<=50K
8745,"[50, 60[", Federal-gov,45487,High School,9,Married-civ-spouse,Other, Husband,*,Male,0,0,80,North America,<=50K
8746,"[40, 50[", Private,183522,Undergraduate,10,Married-civ-spouse,Nontechnical, Wife,*,Female,0,0,40,North America,>50K
8747,"[40, 50[", Private,199303,High School,9,Married-civ-spouse,Other, Husband,*,Male,0,0,40,North America,<=50K
8748,"[40, 50[", Private,83064,Undergraduate,10,Married-civ-spouse,Technical, Husband,*,Male,0,0,40,North America,<=50K
8749,"[20, 30[", ?,134997,Undergraduate,10,Separated,Other, Unmarried,*,Female,0,0,20,North America,<=50K
8750,"[30, 40[", Private,44419,Undergraduate,10,Never-married,Technical, Unmarried,*,Female,0,0,40,North America,<=50K
8751,"[20, 30[", Self-emp-not-inc,442612,High School,9,Married-civ-spouse,Nontechnical, Husband,*,Male,0,0,65,North America,>50K
8752,"[30, 40[", Local-gov,158092,Undergraduate,10,Never-married,Other, Own-child,*,Female,0,0,35,North America,<=50K
8754,"[30, 40[", Private,112650,High School,9,Divorced,Technical, Own-child,*,Male,0,0,40,North America,<=50K
8756,"[20, 30[", Private,207418,Undergraduate,13,Never-married,Technical, Not-in-family,*,Female,0,0,50,North America,<=50K
8757,"[20, 30[", ?,335453,Undergraduate,10,Never-married,Other, Own-child,*,Female,0,0,16,North America,<=50K
8758,"[20, 30[", Private,243660,High School,9,Married-civ-spouse,Technical, Husband,*,Male,0,0,50,North America,>50K
8759,"[20, 30[", Private,54243,High School,9,Divorced,Other, Not-in-family,*,Male,0,0,60,North America,<=50K
8760,"[50, 60[", Private,50385,Undergraduate,13,Divorced,Nontechnical, Not-in-family,*,Female,0,0,45,North America,>50K
8761,"[40, 50[", State-gov,187581,Professional Education,11,Married-civ-spouse,Technical, Husband,*,Male,0,0,48,North America,>50K
8763,"[20, 30[", Private,247025,Undergraduate,10,Never-married,Nontechnical, Not-in-family,*,Male,0,0,40,North America,<=50K
8764,"[50, 60[", ?,29231,High School,4,Married-civ-spouse,Other, Husband,*,Male,0,0,35,North America,<=50K
8765,"[20, 30[", State-gov,101094,Undergraduate,10,Never-married,Other, Own-child,*,Male,0,0,60,North America,<=50K
8766,"[40, 50[", Local-gov,176716,Graduate,14,Divorced,Technical, Not-in-family,*,Male,0,0,40,North America,<=50K
8767,"[30, 40[", Self-emp-not-inc,118429,High School,9,Married-civ-spouse,Nontechnical, Husband,*,Male,0,0,50,North America,<=50K
8768,"[50, 60[", Federal-gov,221532,Undergraduate,13,Married-civ-spouse,Other, Husband,*,Male,0,0,45,North America,>50K
8769,"[20, 30[", ?,120572,Undergraduate,10,Never-married,Other, Own-child,*,Female,0,0,40,North America,<=50K
8770,"[20, 30[", Local-gov,124680,Graduate,14,Never-married,Technical, Not-in-family,*,Female,0,0,40,North America,<=50K
8771,"[40, 50[", Private,153160,High School,9,Widowed,Other, Unmarried,*,Female,0,0,40,North America,<=50K
8772,"[30, 40[", Private,114678,High School,9,Divorced,Other, Unmarried,*,Female,5455,0,40,North America,<=50K
8773,"[40, 50[", State-gov,142856,High School,9,Married-civ-spouse,Technical, Husband,*,Male,0,0,40,North America,>50K
8774,"[30, 40[", Private,29702,High School,9,Married-civ-spouse,Nontechnical, Husband,*,Male,7688,0,40,North America,>50K
8775,"[20, 30[", Private,277700,Primary School,1,Never-married,Other, Own-child,*,Male,0,0,32,North America,<=50K
8776,"[50, 60[", Self-emp-inc,67433,High School,9,Married-civ-spouse,Nontechnical, Husband,*,Male,0,0,60,North America,<=50K
8777,"[40, 50[", Private,121124,High School,5,Married-civ-spouse,Technical, Husband,*,Male,0,0,40,North America,<=50K
8778,"[30, 40[", Private,394447,Graduate,14,Married-civ-spouse,Technical, Husband,*,Male,0,0,33,North America,>50K
8779,"[30, 40[", Private,79649,Undergraduate,10,Married-civ-spouse,Nontechnical, Husband,*,Male,0,0,40,North America,<=50K
8780,"[30, 40[", Private,203763,Graduate,16,Divorced,Technical, Unmarried,*,Female,0,0,80,North America,<=50K
8781,"[50, 60[", Private,229029,Undergraduate,13,Married-civ-spouse,Nontechnical, Husband,*,Male,15024,0,48,North America,>50K
8782,"[20, 30[", ?,494638,Professional Education,12,Never-married,Other, Own-child,*,Male,0,0,15,North America,<=50K
8783,"[40, 50[", Private,162816,Professional Education,12,Married-civ-spouse,Other, Husband,*,Male,0,0,45,North America,<=50K
8784,"[30, 40[", Private,109117,Professional Education,11,Never-married,Nontechnical, Own-child,*,Male,0,0,45,North America,<=50K
8785,"[20, 30[", Private,32732,High School,9,Married-civ-spouse,Technical, Husband,*,Male,0,0,50,North America,<=50K
8786,"[50, 60[", Self-emp-not-inc,217692,High School,9,Widowed,Technical, Not-in-family,*,Female,0,0,38,North America,<=50K
8787,"[20, 30[", Private,34590,Undergraduate,10,Never-married,Other, Own-child,*,Male,0,0,60,North America,<=50K
8788,"[10, 20[", ?,276864,Undergraduate,10,Never-married,Other, Own-child,*,Female,0,1602,20,North America,<=50K
8789,"[50, 60[", Private,168625,High School,9,Divorced,Technical, Not-in-family,*,Female,4101,0,40,North America,<=50K
8790,"[30, 40[", Private,91037,High School,9,Married-civ-spouse,Other, Wife,*,Female,0,0,40,North America,>50K
8791,"[40, 50[", Private,171484,High School,6,Married-civ-spouse,Technical, Husband,*,Male,0,0,40,North America,>50K
8792,"[50, 60[", Private,200453,High School,9,Married-civ-spouse,Technical, Husband,*,Male,15024,0,40,North America,>50K
8793,"[50, 60[", Private,36990,High School,9,Married-civ-spouse,Technical, Husband,*,Male,0,0,52,North America,<=50K
8794,"[30, 40[", Private,198211,High School,9,Married-civ-spouse,Technical, Husband,*,Male,0,0,40,North America,<=50K
8795,"[60, 70[", ?,30475,High School,4,Married-civ-spouse,Other, Husband,*,Male,0,0,40,North America,>50K
8796,"[30, 40[", Private,70995,Undergraduate,13,Married-civ-spouse,Other, Husband,*,Male,15024,0,99,North America,>50K
8797,"[20, 30[", Private,245790,High School,9,Never-married,Technical, Own-child,*,Male,0,0,40,North America,<=50K
8798,"[30, 40[", Private,273324,Undergraduate,10,Never-married,Other, Own-child,*,Male,0,1721,16,North America,<=50K
8800,"[30, 40[", Local-gov,247807,Professional Education,11,Never-married,Other, Not-in-family,*,Male,0,0,40,North America,>50K
8801,"[50, 60[", Private,163113,High School,9,Widowed,Nontechnical, Not-in-family,*,Female,0,0,35,North America,>50K
8802,"[50, 60[", Private,180522,Undergraduate,10,Never-married,Nontechnical, Not-in-family,*,Male,0,0,38,North America,<=50K
8803,"[20, 30[", Local-gov,203353,Undergraduate,13,Never-married,Nontechnical, Own-child,*,Female,0,0,12,North America,<=50K
8804,"[30, 40[", Private,87469,High School,9,Never-married,Other, Not-in-family,*,Male,0,0,40,North America,<=50K
8805,"[20, 30[", ?,216563,High School,7,Never-married,Other, Other-relative,*,Male,0,0,40,North America,<=50K
8807,"[40, 50[", Local-gov,173584,Undergraduate,13,Never-married,Technical, Not-in-family,*,Female,0,0,50,North America,<=50K
8808,"[40, 50[", Local-gov,80282,Undergraduate,13,Married-civ-spouse,Technical, Husband,*,Male,3137,0,40,North America,<=50K
8810,"[30, 40[", Federal-gov,408229,High School,9,Divorced,Technical, Unmarried,*,Female,0,0,40,North America,<=50K
8811,"[20, 30[", Private,431307,High School,6,Married-civ-spouse,Other, Wife,*,Female,0,0,50,North America,<=50K
8812,"[30, 40[", Private,134088,Professional Education,12,Never-married,Other, Not-in-family,*,Female,0,0,40,North America,<=50K
8813,"[40, 50[", Private,246396,High School,9,Married-civ-spouse,Other, Husband,*,Male,0,0,40,North America,<=50K
8814,"[30, 40[", Private,159255,High School,9,Married-civ-spouse,Nontechnical, Husband,*,Male,0,0,60,North America,>50K
8815,"[30, 40[", Private,106014,Undergraduate,10,Never-married,Other, Not-in-family,*,Male,0,0,40,North America,<=50K
8816,"[30, 40[", Private,186934,High School,9,Married-civ-spouse,Nontechnical, Husband,*,Male,7688,0,50,North America,>50K
8817,"[30, 40[", Private,120130,Undergraduate,10,Separated,Technical, Own-child,*,Male,0,0,40,North America,<=50K
8818,"[30, 40[", State-gov,203849,High School,4,Married-civ-spouse,Nontechnical, Husband,*,Male,0,0,19,North America,<=50K
8819,"[20, 30[", Private,207940,High School,9,Married-civ-spouse,Other, Wife,*,Female,0,0,30,North America,<=50K
8820,"[20, 30[", Private,302406,Professional Education,15,Never-married,Technical, Not-in-family,*,Male,0,0,60,North America,<=50K
8821,"[40, 50[", Self-emp-not-inc,144594,High School,4,Married-civ-spouse,Technical, Husband,*,Male,0,2179,40,North America,<=50K
8822,"[60, 70[", ?,171050,High School,9,Widowed,Other, Not-in-family,*,Female,0,0,9,North America,<=50K
8823,"[30, 40[", Private,459007,High School,9,Married-civ-spouse,Other, Husband,*,Male,0,0,90,North America,<=50K
8824,"[50, 60[", Private,372181,High School,9,Divorced,Nontechnical, Unmarried,*,Female,0,0,40,North America,>50K
8825,"[40, 50[", Self-emp-not-inc,172034,High School,9,Married-civ-spouse,Nontechnical, Husband,*,Male,0,0,75,North America,>50K
8826,"[40, 50[", Private,156566,Undergraduate,13,Married-civ-spouse,Nontechnical, Husband,*,Male,4386,0,50,North America,>50K
8827,"[30, 40[", Self-emp-inc,338320,High School,9,Married-civ-spouse,Nontechnical, Husband,*,Male,0,0,50,North America,>50K
8828,"[20, 30[", Private,353696,Undergraduate,10,Never-married,Other, Own-child,*,Male,0,0,20,North America,<=50K
8829,"[40, 50[", Self-emp-not-inc,342907,High School,9,Married-civ-spouse,Nontechnical, Husband,*,Male,0,0,60,North America,>50K
8830,"[60, 70[", Self-emp-inc,169717,Undergraduate,13,Married-civ-spouse,Nontechnical, Husband,*,Male,6418,0,45,North America,>50K
8831,"[20, 30[", Private,103762,Undergraduate,13,Never-married,Nontechnical, Own-child,*,Female,0,0,40,North America,<=50K
8832,"[30, 40[", State-gov,47570,Graduate,14,Never-married,Technical, Not-in-family,*,Female,0,0,40,North America,<=50K
8833,"[30, 40[", Private,119432,Undergraduate,13,Married-civ-spouse,Nontechnical, Husband,*,Male,0,0,40,North America,>50K
8834,"[20, 30[", Local-gov,144165,Undergraduate,13,Never-married,Technical, Own-child,*,Male,0,0,30,North America,<=50K
8835,"[30, 40[", Private,180647,Undergraduate,10,Never-married,Technical, Not-in-family,*,Female,0,0,40,North America,<=50K
8836,"[30, 40[", Local-gov,312232,Undergraduate,13,Married-civ-spouse,Other, Husband,*,Male,5178,0,40,North America,>50K
8837,"[30, 40[", State-gov,150488,Undergraduate,13,Never-married,Technical, Not-in-family,*,Female,0,0,40,North America,<=50K
8838,"[10, 20[", Private,200876,High School,7,Never-married,Other, Own-child,*,Male,0,0,16,North America,<=50K
8839,"[40, 50[", Private,188199,High School,5,Divorced,Nontechnical, Unmarried,*,Female,0,0,40,North America,<=50K
8840,"[50, 60[", State-gov,118793,High School,9,Married-civ-spouse,Other, Husband,*,Male,0,0,40,North America,<=50K
8841,"[50, 60[", Local-gov,204325,Undergraduate,10,Married-civ-spouse,Other, Husband,*,Male,0,0,52,North America,<=50K
8842,"[20, 30[", Private,256671,High School,9,Married-civ-spouse,Other, Wife,*,Female,0,0,40,North America,<=50K
8843,"[40, 50[", Private,231515,Professional Education,12,Never-married,Other, Not-in-family,*,Female,0,0,47,North America,<=50K
8844,"[20, 30[", Private,100669,Undergraduate,10,Never-married,Nontechnical, Own-child,*,Male,0,0,30,North America,<=50K
8845,"[30, 40[", Private,88913,Undergraduate,10,Separated,Other, Unmarried,*,Female,0,0,40,North America,<=50K
8846,"[20, 30[", Private,363219,Undergraduate,10,Never-married,Other, Not-in-family,*,Female,0,0,6,North America,<=50K
8847,"[20, 30[", ?,291547,Undergraduate,13,Married-civ-spouse,Other, Not-in-family,*,Female,0,0,6,North America,<=50K
8848,"[30, 40[", Private,308945,High School,9,Married-civ-spouse,Technical, Husband,*,Male,0,0,40,North America,<=50K
8849,"[30, 40[", Self-emp-not-inc,100316,Undergraduate,13,Married-civ-spouse,Technical, Husband,*,Male,0,0,35,North America,<=50K
8850,"[30, 40[", Private,296453,Graduate,14,Married-civ-spouse,Technical, Husband,*,Male,0,0,15,North America,<=50K
8851,"[60, 70[", Private,298834,Undergraduate,10,Married-civ-spouse,Other, Husband,*,Male,0,0,40,North America,<=50K
8852,"[40, 50[", Self-emp-not-inc,188694,High School,9,Married-civ-spouse,Nontechnical, Husband,*,Male,0,0,40,North America,<=50K
8853,"[60, 70[", ?,29240,High School,9,Widowed,Other, Not-in-family,*,Female,0,0,12,North America,<=50K
8854,"[30, 40[", Private,186934,High School,9,Married-civ-spouse,Nontechnical, Husband,*,Male,15024,0,60,North America,>50K
8855,"[10, 20[", Private,154908,High School,6,Never-married,Other, Own-child,*,Female,0,0,10,North America,<=50K
8856,"[30, 40[", Private,22201,High School,9,Married-civ-spouse,Other, Husband,*,Male,0,0,40,North America,>50K
8857,"[40, 50[", Private,216999,Undergraduate,13,Never-married,Nontechnical, Not-in-family,*,Male,0,0,55,North America,>50K
8858,"[40, 50[", Private,186916,Undergraduate,13,Married-civ-spouse,Technical, Husband,*,Male,0,0,40,North America,<=50K
8859,"[30, 40[", Private,116677,Undergraduate,10,Married-civ-spouse,Nontechnical, Husband,*,Male,0,0,40,North America,<=50K
8860,"[50, 60[", Private,95763,High School,6,Divorced,Technical, Not-in-family,*,Male,0,0,45,North America,<=50K
8861,"[40, 50[", Private,266710,Undergraduate,10,Separated,Other, Unmarried,*,Female,0,0,41,North America,<=50K
8862,"[40, 50[", Private,117849,Graduate,14,Married-civ-spouse,Nontechnical, Husband,*,Male,0,0,55,North America,>50K
8863,"[30, 40[", Private,242460,High School,9,Separated,Technical, Not-in-family,*,Male,0,0,50,North America,<=50K
8864,"[30, 40[", Self-emp-not-inc,202729,Undergraduate,13,Married-civ-spouse,Technical, Husband,*,Male,0,0,40,North America,>50K
8865,"[40, 50[", Private,181652,High School,9,Married-civ-spouse,Technical, Wife,*,Female,0,0,40,North America,<=50K
8867,"[30, 40[", Private,56121,High School,7,Divorced,Technical, Unmarried,*,Male,0,0,40,North America,<=50K
8868,"[40, 50[", Private,390369,High School,9,Divorced,Technical, Own-child,*,Male,0,0,40,North America,<=50K
8869,"[30, 40[", Private,149726,High School,9,Married-civ-spouse,Nontechnical, Husband,*,Male,0,0,40,North America,>50K
8870,"[20, 30[", Private,51262,High School,9,Never-married,Technical, Own-child,*,Male,0,0,40,North America,<=50K
8872,"[50, 60[", Federal-gov,205288,High School,9,Married-civ-spouse,Other, Wife,*,Female,7688,0,35,North America,>50K
8874,"[40, 50[", Private,89028,High School,9,Divorced,Technical, Not-in-family,*,Male,10520,0,40,North America,>50K
8875,"[30, 40[", Private,194630,Undergraduate,10,Divorced,Nontechnical, Unmarried,*,Female,0,0,40,North America,<=50K
8876,"[10, 20[", Self-emp-not-inc,212207,High School,9,Never-married,Other, Own-child,*,Male,0,0,11,North America,<=50K
8877,"[20, 30[", Private,204788,High School,9,Never-married,Other, Not-in-family,*,Female,0,0,40,North America,<=50K
8878,"[30, 40[", Private,158688,High School,9,Married-civ-spouse,Technical, Husband,*,Male,0,0,40,North America,<=50K
8879,"[30, 40[", Private,97723,Undergraduate,13,Married-civ-spouse,Technical, Husband,*,Male,0,0,40,North America,>50K
8880,"[30, 40[", Private,193026,Undergraduate,13,Married-civ-spouse,Nontechnical, Husband,*,Male,0,0,40,North America,>50K
8881,"[30, 40[", Self-emp-not-inc,257250,High School,4,Never-married,Other, Own-child,*,Male,0,0,75,North America,<=50K
8882,"[40, 50[", Private,355978,Graduate,14,Married-civ-spouse,Nontechnical, Husband,*,Male,0,0,40,North America,<=50K
8883,"[40, 50[", Self-emp-not-inc,200574,Professional Education,15,Married-civ-spouse,Technical, Husband,*,Male,0,1977,60,North America,>50K
8884,"[20, 30[", Private,376929,Primary School,3,Never-married,Other, Not-in-family,*,Female,0,0,40,North America,<=50K
8885,"[40, 50[", State-gov,123219,Graduate,14,Married-civ-spouse,Technical, Husband,*,Male,0,0,38,North America,>50K
8886,"[40, 50[", Private,82778,Primary School,2,Married-civ-spouse,Other, Husband,*,Male,0,0,40,North America,<=50K
8888,"[60, 70[", Private,103021,High School,4,Married-civ-spouse,Technical, Husband,*,Male,0,0,40,North America,<=50K
8889,"[30, 40[", Private,297767,Undergraduate,10,Separated,Other, Not-in-family,*,Male,0,0,40,North America,<=50K
8890,"[40, 50[", Private,259479,High School,9,Divorced,Other, Unmarried,*,Male,0,0,50,North America,<=50K
8891,"[20, 30[", Private,167787,Undergraduate,10,Never-married,Nontechnical, Own-child,*,Female,0,0,20,North America,<=50K
8892,"[20, 30[", Local-gov,40021,Undergraduate,10,Divorced,Other, Unmarried,*,Female,0,0,70,North America,<=50K
8893,"[50, 60[", Private,245275,High School,6,Married-civ-spouse,Other, Wife,*,Female,0,0,35,North America,<=50K
8894,"[40, 50[", Private,37402,Graduate,14,Never-married,Nontechnical, Not-in-family,*,Female,0,0,25,North America,<=50K
8895,"[30, 40[", Private,103608,Undergraduate,13,Married-civ-spouse,Nontechnical, Husband,*,Male,0,0,40,North America,<=50K
8897,"[20, 30[", Private,137618,Undergraduate,10,Never-married,Other, Not-in-family,*,Female,0,0,41,North America,>50K
8898,"[40, 50[", Self-emp-inc,96509,Undergraduate,10,Married-civ-spouse,Nontechnical, Husband,*,Male,0,0,60,Asia,<=50K
8899,"[60, 70[", Private,196174,High School,6,Divorced,Nontechnical, Not-in-family,*,Female,0,0,28,North America,<=50K
8900,"[20, 30[", Private,172612,High School,9,Married-civ-spouse,Technical, Husband,*,Male,0,0,40,North America,<=50K
8901,"[40, 50[", Private,141186,Undergraduate,10,Never-married,Other, Own-child,*,Female,0,0,40,North America,<=50K
8902,"[30, 40[", Private,228190,High School,9,Married-civ-spouse,Other, Husband,*,Male,0,0,40,North America,<=50K
8903,"[40, 50[", Self-emp-inc,190290,Undergraduate,13,Married-civ-spouse,Nontechnical, Husband,*,Male,0,0,40,Unknown,>50K
8904,"[30, 40[", Federal-gov,307404,Undergraduate,10,Divorced,Other, Unmarried,*,Female,0,0,40,North America,<=50K
8905,"[20, 30[", Private,152436,High School,9,Divorced,Other, Not-in-family,*,Female,0,0,50,North America,<=50K
8906,"[40, 50[", Self-emp-not-inc,182541,High School,9,Married-civ-spouse,Other, Husband,*,Male,0,1672,50,North America,<=50K
8907,"[30, 40[", Private,282153,Undergraduate,10,Never-married,Other, Own-child,*,Female,0,0,20,North America,<=50K
8909,"[40, 50[", Private,162003,Graduate,16,Never-married,Technical, Not-in-family,*,Male,0,0,36,North America,>50K
8910,"[30, 40[", Private,190759,Undergraduate,13,Married-civ-spouse,Technical, Husband,*,Male,0,0,45,North America,>50K
8911,"[20, 30[", Private,208122,Undergraduate,10,Divorced,Nontechnical, Not-in-family,*,Male,0,0,45,North America,<=50K
8912,"[50, 60[", Private,173832,Undergraduate,13,Married-civ-spouse,Nontechnical, Husband,*,Male,0,1902,40,North America,>50K
8913,"[50, 60[", Private,129173,High School,9,Never-married,Nontechnical, Not-in-family,*,Male,0,0,40,North America,<=50K
8914,"[30, 40[", Private,287548,Undergraduate,10,Married-civ-spouse,Nontechnical, Husband,*,Male,0,0,55,North America,>50K
8916,"[20, 30[", Private,146706,Undergraduate,10,Never-married,Other, Not-in-family,*,Female,0,0,30,North America,<=50K
8917,"[40, 50[", Private,285200,High School,9,Married-civ-spouse,Technical, Husband,*,Male,0,0,40,North America,<=50K
8918,"[30, 40[", Self-emp-inc,314375,Undergraduate,10,Married-civ-spouse,Nontechnical, Husband,*,Male,0,0,60,North America,>50K
8919,"[40, 50[", Private,203943,Undergraduate,13,Married-civ-spouse,Nontechnical, Husband,*,Male,0,0,35,North America,>50K
8920,"[10, 20[", ?,274746,High School,9,Never-married,Other, Unmarried,*,Female,0,0,20,North America,<=50K
8921,"[20, 30[", Private,517000,Undergraduate,13,Never-married,Other, Not-in-family,*,Male,0,0,35,North America,<=50K
8922,"[30, 40[", Private,66173,Undergraduate,13,Never-married,Other, Not-in-family,*,Female,0,0,50,North America,<=50K
8923,"[20, 30[", Private,182823,Undergraduate,13,Never-married,Nontechnical, Own-child,*,Male,0,0,30,North America,<=50K
8924,"[20, 30[", Private,159479,High School,9,Married-civ-spouse,Other, Husband,*,Male,0,0,55,North America,<=50K
8925,"[20, 30[", Private,135568,High School,9,Married-civ-spouse,Nontechnical, Husband,*,Male,0,0,40,North America,<=50K
8926,"[70, 80[", Private,333676,High School,9,Married-civ-spouse,Other, Husband,*,Male,0,0,50,North America,<=50K
8927,"[40, 50[", Private,201699,Professional Education,11,Married-civ-spouse,Technical, Husband,*,Male,0,0,40,North America,>50K
8928,"[20, 30[", Private,96020,Undergraduate,13,Married-civ-spouse,Nontechnical, Wife,*,Female,0,0,50,North America,>50K
8929,"[40, 50[", Private,176138,Undergraduate,13,Married-civ-spouse,Nontechnical, Husband,*,Male,0,0,50,North America,<=50K
8930,"[40, 50[", Private,47496,High School,9,Divorced,Technical, Not-in-family,*,Male,0,0,42,North America,<=50K
8931,"[20, 30[", Private,187158,Undergraduate,10,Never-married,Other, Own-child,*,Female,0,0,15,North America,<=50K
8932,"[20, 30[", Private,249727,Undergraduate,10,Never-married,Other, Own-child,*,Male,0,0,20,North America,<=50K
8933,"[70, 80[", Self-emp-not-inc,237624,High School,4,Married-civ-spouse,Technical, Husband,*,Male,0,0,10,North America,<=50K
8934,"[20, 30[", Private,175254,Undergraduate,10,Never-married,Other, Not-in-family,*,Male,0,0,40,North America,<=50K
8935,"[50, 60[", Self-emp-not-inc,42924,Undergraduate,10,Married-civ-spouse,Nontechnical, Husband,*,Male,0,0,50,North America,<=50K
8936,"[30, 40[", Private,205950,Undergraduate,10,Married-civ-spouse,Technical, Husband,*,Male,0,0,40,North America,>50K
8937,"[30, 40[", Private,111985,Undergraduate,10,Married-civ-spouse,Technical, Husband,*,Male,0,0,58,North America,<=50K
8938,"[30, 40[", Private,167476,Undergraduate,10,Divorced,Technical, Not-in-family,*,Male,0,0,50,North America,<=50K
8939,"[40, 50[", Private,221172,Professional Education,12,Married-civ-spouse,Nontechnical, Husband,*,Male,0,0,50,North America,>50K
8940,"[20, 30[", ?,188711,Undergraduate,10,Divorced,Other, Not-in-family,*,Male,0,0,30,North America,<=50K
8941,"[40, 50[", Private,199448,Professional Education,11,Divorced,Nontechnical, Unmarried,*,Female,0,0,40,North America,<=50K
8942,"[30, 40[", Private,313038,High School,9,Never-married,Technical, Not-in-family,*,Male,0,0,40,North America,<=50K
8943,"[20, 30[", Private,148431,High School,9,Never-married,Other, Not-in-family,*,Female,0,0,40,North America,<=50K
8945,"[40, 50[", Private,57914,High School,9,Married-civ-spouse,Other, Husband,*,Male,0,0,40,North America,<=50K
8946,"[50, 60[", Private,145166,High School,9,Married-civ-spouse,Other, Husband,*,Male,0,0,50,North America,<=50K
8947,"[50, 60[", Private,247119,High School,4,Widowed,Technical, Unmarried,*,Female,0,0,40,North America,<=50K
8948,"[50, 60[", Private,196278,Undergraduate,10,Widowed,Nontechnical, Not-in-family,*,Female,0,0,40,North America,<=50K
8950,"[20, 30[", Private,216481,Undergraduate,13,Never-married,Technical, Not-in-family,*,Female,0,0,40,North America,<=50K
8951,"[40, 50[", Private,188027,Undergraduate,10,Never-married,Nontechnical, Unmarried,*,Female,0,0,45,North America,<=50K
8952,"[30, 40[", Private,66686,High School,9,Married-civ-spouse,Other, Husband,*,Male,0,0,40,North America,>50K
8954,"[60, 70[", ?,325537,Professional Education,11,Married-civ-spouse,Other, Husband,*,Male,0,0,50,North America,>50K
8955,"[30, 40[", Self-emp-not-inc,250499,Undergraduate,10,Married-civ-spouse,Other, Wife,*,Female,0,0,55,North America,>50K
8956,"[50, 60[", Self-emp-not-inc,192869,High School,9,Married-civ-spouse,Other, Husband,*,Male,0,0,72,North America,<=50K
8957,"[40, 50[", Self-emp-inc,121352,Undergraduate,10,Married-civ-spouse,Nontechnical, Husband,*,Male,0,0,50,North America,<=50K
8958,"[30, 40[", Self-emp-not-inc,70985,High School,9,Married-civ-spouse,Other, Husband,*,Male,4064,0,40,North America,<=50K
8959,"[20, 30[", Self-emp-not-inc,123116,High School,9,Married-civ-spouse,Other, Husband,*,Male,0,0,40,North America,<=50K
8960,"[50, 60[", Local-gov,339163,Undergraduate,10,Widowed,Other, Unmarried,*,Female,0,0,40,North America,<=50K
8961,"[50, 60[", Self-emp-not-inc,124771,Undergraduate,13,Married-civ-spouse,Other, Husband,*,Male,0,0,30,North America,<=50K
8962,"[30, 40[", Private,167531,Professional Education,15,Married-civ-spouse,Technical, Wife,*,Female,15024,0,50,North America,>50K
8964,"[20, 30[", Private,199266,Undergraduate,13,Never-married,Nontechnical, Not-in-family,*,Female,0,0,30,North America,<=50K
8965,"[30, 40[", Private,190728,High School,9,Never-married,Other, Not-in-family,*,Female,0,0,40,North America,<=50K
8966,"[40, 50[", Private,99212,Professional Education,11,Married-civ-spouse,Nontechnical, Husband,*,Male,3103,0,48,North America,>50K
8967,"[30, 40[", Local-gov,421446,Undergraduate,13,Married-civ-spouse,Nontechnical, Husband,*,Male,0,0,50,North America,>50K
8969,"[20, 30[", Private,72310,Undergraduate,10,Never-married,Nontechnical, Own-child,*,Male,0,0,43,North America,<=50K
8970,"[20, 30[", Private,57512,Undergraduate,10,Never-married,Nontechnical, Not-in-family,*,Male,0,0,45,North America,<=50K
8971,"[40, 50[", Private,89413,Professional Education,11,Married-civ-spouse,Technical, Husband,*,Male,0,0,40,North America,<=50K
8972,"[50, 60[", Local-gov,28151,High School,9,Divorced,Other, Not-in-family,*,Female,0,0,40,North America,>50K
8974,"[30, 40[", Private,226943,High School,9,Divorced,Other, Unmarried,*,Female,0,0,35,North America,<=50K
8975,"[40, 50[", Private,182402,High School,9,Married-civ-spouse,Technical, Husband,*,Male,0,0,40,North America,>50K
8976,"[30, 40[", Private,305352,High School,6,Divorced,Technical, Other-relative,*,Male,0,0,40,North America,<=50K
8977,"[60, 70[", Self-emp-inc,189253,Undergraduate,10,Married-civ-spouse,Nontechnical, Husband,*,Male,0,0,45,North America,>50K
8978,"[60, 70[", Private,296485,Primary School,3,Married-civ-spouse,Other, Husband,*,Male,0,0,40,North America,<=50K
8979,"[30, 40[", Self-emp-not-inc,204375,Professional Education,15,Never-married,Technical, Not-in-family,*,Female,0,0,60,North America,>50K
8980,"[40, 50[", Self-emp-not-inc,249585,High School,7,Married-civ-spouse,Nontechnical, Husband,*,Male,0,0,65,North America,<=50K
8981,"[40, 50[", Private,148995,Graduate,14,Married-civ-spouse,Nontechnical, Husband,*,Male,0,0,65,North America,>50K
8982,"[40, 50[", Self-emp-inc,168071,High School,9,Married-civ-spouse,Nontechnical, Husband,*,Male,0,0,43,North America,>50K
8984,"[20, 30[", Private,211049,Undergraduate,10,Never-married,Technical, Not-in-family,*,Female,4101,0,40,North America,<=50K
8986,"[20, 30[", Private,50397,Undergraduate,10,Married-civ-spouse,Nontechnical, Husband,*,Male,0,0,35,North America,<=50K
8987,"[40, 50[", Private,177905,High School,9,Married-civ-spouse,Nontechnical, Husband,*,Male,3908,0,40,North America,<=50K
8988,"[30, 40[", Private,204374,Professional Education,15,Married-civ-spouse,Technical, Husband,*,Male,0,1977,60,North America,>50K
8989,"[40, 50[", Private,60001,Undergraduate,13,Divorced,Nontechnical, Unmarried,*,Male,0,0,44,North America,>50K
8990,"[30, 40[", Private,223046,High School,9,Married-civ-spouse,Other, Husband,*,Male,0,0,60,North America,<=50K
8991,"[20, 30[", ?,44921,High School,9,Married-civ-spouse,Other, Wife,*,Female,0,0,40,North America,<=50K
8992,"[20, 30[", Private,154571,Undergraduate,10,Never-married,Other, Own-child,*,Male,0,0,20,North America,<=50K
8994,"[20, 30[", Private,188675,Undergraduate,10,Married-civ-spouse,Technical, Husband,*,Male,0,0,40,North America,>50K
8995,"[20, 30[", Private,390817,Primary School,3,Never-married,Nontechnical, Not-in-family,*,Male,0,0,25,North America,<=50K
8996,"[20, 30[", ?,145964,Undergraduate,10,Never-married,Other, Not-in-family,*,Male,0,0,40,North America,<=50K
8997,"[40, 50[", Private,30424,High School,7,Separated,Other, Unmarried,*,Female,0,0,38,North America,<=50K
8998,"[50, 60[", Private,548361,High School,9,Married-civ-spouse,Technical, Husband,*,Male,0,0,40,North America,<=50K
8999,"[20, 30[", Private,189148,High School,9,Married-civ-spouse,Nontechnical, Husband,*,Male,0,0,48,North America,<=50K
9000,"[50, 60[", Self-emp-not-inc,266707,Primary School,2,Married-civ-spouse,Other, Husband,*,Male,0,2179,18,North America,<=50K
9001,"[50, 60[", Self-emp-not-inc,311569,High School,9,Divorced,Nontechnical, Not-in-family,*,Male,0,0,40,North America,<=50K
9002,"[20, 30[", Private,187653,High School,9,Never-married,Nontechnical, Not-in-family,*,Male,0,0,48,North America,<=50K
9003,"[30, 40[", Private,235379,Professional Education,12,Never-married,Technical, Unmarried,*,Female,0,0,36,North America,<=50K
9004,"[40, 50[", Private,188615,Undergraduate,10,Married-civ-spouse,Technical, Husband,*,Male,0,0,40,North America,>50K
9005,"[50, 60[", Private,322691,Undergraduate,13,Married-civ-spouse,Technical, Husband,*,Male,0,0,40,North America,>50K
9006,"[20, 30[", Private,184698,High School,6,Never-married,Technical, Not-in-family,*,Male,0,0,40,North America,<=50K
9007,"[50, 60[", Private,144361,High School,9,Married-civ-spouse,Technical, Husband,*,Male,0,0,40,North America,<=50K
9008,"[30, 40[", Private,130057,Undergraduate,13,Married-civ-spouse,Nontechnical, Husband,*,Male,0,0,45,North America,>50K
9009,"[30, 40[", Self-emp-inc,117963,Graduate,16,Never-married,Technical, Own-child,*,Male,0,0,40,North America,<=50K
9010,"[20, 30[", Private,123876,Undergraduate,10,Never-married,Other, Own-child,*,Female,0,0,20,North America,<=50K
9011,"[30, 40[", Private,248445,High School,9,Divorced,Nontechnical, Other-relative,*,Male,0,0,40,North America,<=50K
9012,"[30, 40[", Private,207172,Undergraduate,10,Never-married,Nontechnical, Other-relative,*,Female,0,0,40,North America,<=50K
9013,"[40, 50[", State-gov,119904,Professional Education,15,Never-married,Technical, Not-in-family,*,Female,0,1564,55,North America,>50K
9014,"[60, 70[", Private,134768,High School,9,Married-civ-spouse,Other, Husband,*,Male,0,0,40,North America,>50K
9015,"[40, 50[", Local-gov,269168,High School,9,Married-civ-spouse,Other, Husband,*,Male,0,0,40,Unknown,<=50K
9016,"[50, 60[", Private,132026,Undergraduate,13,Married-civ-spouse,Nontechnical, Husband,*,Male,7688,0,45,North America,>50K
9019,"[50, 60[", Private,298695,High School,4,Married-civ-spouse,Technical, Husband,*,Male,0,0,48,North America,<=50K
9020,"[20, 30[", Private,219835,Undergraduate,10,Never-married,Nontechnical, Not-in-family,*,Male,0,0,30,North America,<=50K
9021,"[30, 40[", Self-emp-not-inc,313729,Undergraduate,13,Married-civ-spouse,Nontechnical, Husband,*,Male,0,0,60,North America,>50K
9022,"[40, 50[", Private,140644,High School,9,Married-civ-spouse,Nontechnical, Husband,*,Male,0,0,50,North America,>50K
9023,"[30, 40[", Private,203488,Undergraduate,10,Married-civ-spouse,Technical, Husband,*,Male,0,0,40,North America,>50K
9024,"[50, 60[", Self-emp-not-inc,132341,High School,9,Married-civ-spouse,Nontechnical, Husband,*,Male,0,0,45,North America,>50K
9025,"[20, 30[", Private,161683,High School,7,Married-civ-spouse,Technical, Husband,*,Male,0,0,42,North America,<=50K
9026,"[30, 40[", Private,312771,Professional Education,11,Married-civ-spouse,Nontechnical, Husband,*,Male,0,0,40,North America,>50K
9027,"[30, 40[", Private,258102,Undergraduate,10,Married-civ-spouse,Nontechnical, Husband,*,Male,0,0,50,North America,<=50K
9028,"[50, 60[", ?,24127,Undergraduate,13,Married-civ-spouse,Other, Husband,*,Male,0,0,8,North America,<=50K
9029,"[40, 50[", Private,254367,Undergraduate,10,Married-civ-spouse,Nontechnical, Husband,*,Male,0,0,50,North America,>50K
9030,"[70, 80[", ?,185426,High School,9,Married-civ-spouse,Other, Husband,*,Male,0,0,15,North America,<=50K
9031,"[40, 50[", Private,152629,High School,9,Married-civ-spouse,Technical, Husband,*,Male,0,0,40,North America,>50K
9032,"[40, 50[", Local-gov,141058,High School,9,Married-civ-spouse,Nontechnical, Husband,*,Male,0,0,65,North America,<=50K
9033,"[40, 50[", Private,233130,Undergraduate,10,Married-civ-spouse,Technical, Husband,*,Male,0,0,40,North America,>50K
9034,"[20, 30[", Private,406641,High School,9,Never-married,Other, Not-in-family,*,Female,0,0,30,North America,<=50K
9035,"[30, 40[", State-gov,119422,High School,6,Married-civ-spouse,Other, Husband,*,Male,0,0,40,North America,<=50K
9036,"[30, 40[", Private,255486,High School,9,Married-civ-spouse,Other, Husband,*,Male,0,0,25,North America,<=50K
9037,"[20, 30[", Private,161532,Undergraduate,10,Never-married,Nontechnical, Own-child,*,Male,0,0,35,North America,<=50K
9038,"[20, 30[", Private,75759,High School,9,Married-civ-spouse,Other, Husband,*,Male,0,0,44,North America,>50K
9039,"[10, 20[", Private,163332,High School,9,Never-married,Nontechnical, Own-child,*,Female,0,0,22,North America,<=50K
9041,"[50, 60[", Private,34832,Undergraduate,13,Married-civ-spouse,Technical, Husband,*,Male,15024,0,40,North America,>50K
9042,"[20, 30[", Private,37933,High School,9,Never-married,Other, Not-in-family,*,Female,0,0,48,North America,<=50K
9043,"[20, 30[", Private,165107,Undergraduate,10,Never-married,Other, Own-child,*,Female,0,0,40,North America,<=50K
9044,"[30, 40[", Private,126011,Professional Education,11,Divorced,Technical, Own-child,*,Male,0,0,40,North America,<=50K
9045,"[20, 30[", Federal-gov,56651,Undergraduate,13,Never-married,Technical, Own-child,*,Female,0,0,40,North America,<=50K
9046,"[20, 30[", Private,522881,Primary School,3,Married-civ-spouse,Other, Husband,*,Male,0,0,35,North America,<=50K
9048,"[20, 30[", Private,132686,High School,8,Never-married,Technical, Own-child,*,Male,0,0,50,North America,<=50K
9049,"[50, 60[", Private,201112,High School,9,Divorced,Technical, Unmarried,*,Female,0,0,40,North America,<=50K
9050,"[40, 50[", Private,174283,High School,9,Married-civ-spouse,Technical, Husband,*,Male,0,0,40,North America,>50K
9051,"[20, 30[", Private,208591,Undergraduate,13,Never-married,Technical, Own-child,*,Male,0,0,40,North America,<=50K
9052,"[20, 30[", Private,126399,High School,9,Divorced,Nontechnical, Unmarried,*,Female,0,0,32,North America,<=50K
9054,"[10, 20[", Private,395567,High School,9,Never-married,Nontechnical, Own-child,*,Male,0,0,40,North America,<=50K
9055,"[70, 80[", Private,180455,Undergraduate,13,Widowed,Other, Not-in-family,*,Female,0,0,8,North America,<=50K
9056,"[20, 30[", Private,235853,High School,5,Never-married,Nontechnical, Not-in-family,*,Male,0,0,40,North America,<=50K
9057,"[20, 30[", Private,160731,Undergraduate,13,Married-civ-spouse,Technical, Husband,*,Male,0,0,40,North America,<=50K
9058,"[20, 30[", State-gov,31935,Undergraduate,10,Never-married,Technical, Own-child,*,Female,0,0,80,North America,<=50K
9059,"[40, 50[", Private,35166,Professional Education,15,Married-civ-spouse,Technical, Husband,*,Male,15024,0,50,North America,>50K
9060,"[20, 30[", Private,161092,Undergraduate,10,Married-civ-spouse,Other, Husband,*,Male,7298,0,40,North America,>50K
9061,"[20, 30[", Private,223019,High School,9,Never-married,Other, Own-child,*,Female,0,0,40,North America,<=50K
9062,"[30, 40[", Self-emp-not-inc,179673,Professional Education,15,Married-civ-spouse,Technical, Husband,*,Male,7688,0,60,North America,>50K
9063,"[40, 50[", State-gov,248895,Undergraduate,13,Married-civ-spouse,Nontechnical, Husband,*,Male,0,0,40,North America,>50K
9064,"[30, 40[", Private,200323,Professional Education,15,Never-married,Technical, Not-in-family,*,Male,0,0,60,North America,<=50K
9065,"[40, 50[", Private,230020,High School,9,Married-civ-spouse,Technical, Husband,*,Male,0,0,40,North America,<=50K
9066,"[20, 30[", Private,134890,Professional Education,11,Married-civ-spouse,Other, Husband,*,Male,0,0,40,North America,>50K
9068,"[50, 60[", Private,103824,High School,9,Never-married,Other, Not-in-family,*,Male,0,0,40,North America,<=50K
9069,"[30, 40[", State-gov,61431,High School,8,Never-married,Other, Not-in-family,*,Female,0,0,40,North America,<=50K
9070,"[50, 60[", Private,197319,Undergraduate,13,Married-civ-spouse,Nontechnical, Husband,*,Male,0,0,45,North America,>50K
9071,"[50, 60[", Private,183618,High School,9,Married-civ-spouse,Nontechnical, Husband,*,Male,0,0,40,North America,<=50K
9072,"[30, 40[", Self-emp-not-inc,268598,Undergraduate,13,Married-civ-spouse,Nontechnical, Husband,*,Male,7298,0,50,North America,>50K
9074,"[50, 60[", Private,39493,Professional Education,11,Married-civ-spouse,Other, Husband,*,Male,0,0,20,North America,<=50K
9075,"[30, 40[", Private,185360,High School,9,Married-civ-spouse,Nontechnical, Husband,*,Male,0,0,60,North America,<=50K
9076,"[20, 30[", Private,132661,Professional Education,11,Never-married,Other, Own-child,*,Female,0,0,60,North America,<=50K
9077,"[20, 30[", Private,266400,Undergraduate,10,Never-married,Technical, Own-child,*,Female,0,0,48,North America,<=50K
9078,"[20, 30[", Private,433669,Professional Education,12,Never-married,Other, Not-in-family,*,Male,0,0,40,North America,<=50K
9079,"[30, 40[", Self-emp-inc,216473,Undergraduate,13,Married-civ-spouse,Nontechnical, Husband,*,Male,0,0,60,North America,>50K
9080,"[20, 30[", Self-emp-not-inc,217404,High School,6,Never-married,Technical, Own-child,*,Male,0,0,40,North America,<=50K
9081,"[20, 30[", Private,227778,Professional Education,11,Never-married,Other, Other-relative,*,Male,0,0,40,North America,<=50K
9082,"[70, 80[", State-gov,96262,High School,9,Widowed,Other, Not-in-family,*,Female,0,0,40,North America,<=50K
9083,"[60, 70[", Private,247566,High School,9,Married-civ-spouse,Other, Husband,*,Male,0,0,24,North America,<=50K
9084,"[50, 60[", Private,139616,Undergraduate,13,Divorced,Nontechnical, Not-in-family,*,Male,0,0,45,North America,>50K
9085,"[30, 40[", Private,73585,Professional Education,11,Married-civ-spouse,Technical, Husband,*,Male,0,0,40,North America,<=50K
9086,"[40, 50[", Private,37869,Undergraduate,10,Divorced,Technical, Not-in-family,*,Male,0,1590,40,North America,<=50K
9087,"[30, 40[", Private,165814,High School,9,Married-civ-spouse,Other, Husband,*,Male,0,0,40,North America,<=50K
9088,"[30, 40[", Private,108913,High School,9,Never-married,Other, Not-in-family,*,Male,0,0,40,North America,<=50K
9089,"[30, 40[", Private,34975,Undergraduate,10,Married-civ-spouse,Nontechnical, Husband,*,Male,0,0,45,North America,<=50K
9090,"[30, 40[", Private,157078,High School,6,Never-married,Other, Unmarried,*,Female,0,0,40,North America,<=50K
9091,"[50, 60[", Private,232672,Graduate,14,Married-civ-spouse,Nontechnical, Husband,*,Male,0,0,40,North America,>50K
9092,"[20, 30[", Private,294295,High School,9,Never-married,Other, Unmarried,*,Male,0,0,40,North America,<=50K
9093,"[50, 60[", Self-emp-inc,130454,Undergraduate,10,Married-civ-spouse,Nontechnical, Husband,*,Male,0,0,50,North America,>50K
9094,"[20, 30[", Local-gov,461678,High School,6,Never-married,Other, Not-in-family,*,Male,0,0,40,North America,<=50K
9095,"[20, 30[", State-gov,252284,Undergraduate,10,Married-civ-spouse,Other, Husband,*,Male,0,0,40,North America,<=50K
9096,"[20, 30[", Private,256737,High School,7,Married-civ-spouse,Other, Husband,*,Male,0,0,40,North America,<=50K
9098,"[20, 30[", Private,234263,Undergraduate,13,Never-married,Nontechnical, Not-in-family,*,Male,0,0,40,North America,<=50K
9099,"[20, 30[", Private,109952,High School,6,Married-civ-spouse,Technical, Husband,*,Male,0,0,50,North America,<=50K
9100,"[20, 30[", Private,262570,High School,9,Never-married,Technical, Not-in-family,*,Male,0,0,40,North America,<=50K
9101,"[30, 40[", Self-emp-not-inc,65716,Professional Education,12,Married-civ-spouse,Other, Wife,*,Female,0,0,40,North America,>50K
9102,"[60, 70[", Private,201732,Undergraduate,10,Divorced,Other, Unmarried,*,Female,0,0,40,North America,<=50K
9104,"[30, 40[", Private,278924,Undergraduate,13,Never-married,Other, Not-in-family,*,Male,0,0,40,North America,<=50K
9105,"[40, 50[", Private,101593,Graduate,14,Married-civ-spouse,Nontechnical, Husband,*,Male,0,0,50,North America,>50K
9107,"[30, 40[", Private,342768,High School,9,Married-civ-spouse,Technical, Husband,*,Male,0,0,40,North America,<=50K
9108,"[50, 60[", Self-emp-not-inc,242606,Graduate,14,Married-civ-spouse,Nontechnical, Husband,*,Male,4386,0,45,North America,>50K
9109,"[20, 30[", State-gov,176727,Undergraduate,13,Never-married,Technical, Not-in-family,*,Male,0,0,40,North America,<=50K
9110,"[40, 50[", Private,99179,Undergraduate,13,Never-married,Technical, Not-in-family,*,Female,0,0,40,North America,<=50K
9111,"[10, 20[", State-gov,354104,Undergraduate,10,Never-married,Technical, Own-child,*,Male,0,0,10,North America,<=50K
9112,"[20, 30[", Private,61956,Undergraduate,10,Never-married,Other, Not-in-family,*,Male,0,0,50,North America,<=50K
9113,"[40, 50[", Federal-gov,137917,Undergraduate,10,Married-civ-spouse,Other, Husband,*,Male,0,0,40,North America,>50K
9114,"[40, 50[", Private,224658,Undergraduate,10,Married-civ-spouse,Nontechnical, Other-relative,*,Male,0,0,40,North America,<=50K
9115,"[30, 40[", Private,51100,Undergraduate,13,Divorced,Nontechnical, Not-in-family,*,Male,3325,0,40,North America,<=50K
9116,"[20, 30[", Private,224361,High School,9,Never-married,Other, Not-in-family,*,Male,0,0,40,North America,<=50K
9117,"[20, 30[", Private,362912,Undergraduate,10,Never-married,Technical, Own-child,*,Female,0,0,50,North America,<=50K
9118,"[20, 30[", Private,218782,High School,6,Never-married,Nontechnical, Other-relative,*,Male,0,0,40,North America,<=50K
9121,"[30, 40[", Private,140092,High School,7,Married-civ-spouse,Technical, Husband,*,Male,0,0,40,North America,<=50K
9122,"[30, 40[", Private,202210,High School,9,Never-married,Other, Unmarried,*,Female,0,0,40,North America,<=50K
9123,"[50, 60[", Private,416059,Undergraduate,13,Married-civ-spouse,Technical, Husband,*,Male,0,0,40,North America,>50K
9124,"[30, 40[", Self-emp-not-inc,281030,High School,9,Married-civ-spouse,Other, Husband,*,Male,0,0,94,North America,<=50K
9125,"[10, 20[", Private,169758,Undergraduate,10,Never-married,Nontechnical, Own-child,*,Male,0,0,35,North America,<=50K
9126,"[60, 70[", Private,193666,Graduate,16,Married-civ-spouse,Technical, Husband,*,Male,20051,0,55,North America,>50K
9127,"[40, 50[", Private,139907,High School,6,Never-married,Nontechnical, Unmarried,*,Male,0,0,50,North America,<=50K
9129,"[20, 30[", Private,149324,Undergraduate,10,Married-civ-spouse,Technical, Husband,*,Male,0,1485,40,North America,>50K
9130,"[40, 50[", Private,259307,Graduate,14,Married-civ-spouse,Nontechnical, Husband,*,Male,0,0,50,North America,>50K
9131,"[50, 60[", Self-emp-not-inc,74160,Graduate,14,Divorced,Technical, Unmarried,*,Male,0,0,60,North America,>50K
9132,"[40, 50[", Private,134797,Undergraduate,10,Divorced,Other, Not-in-family,*,Male,0,0,40,North America,<=50K
9133,"[20, 30[", State-gov,41103,Undergraduate,10,Never-married,Other, Own-child,*,Female,0,0,20,North America,<=50K
9134,"[30, 40[", Local-gov,193026,High School,9,Married-civ-spouse,Technical, Husband,*,Male,0,0,50,North America,>50K
9136,"[30, 40[", Private,126569,Undergraduate,10,Married-civ-spouse,Nontechnical, Husband,*,Male,4064,0,40,North America,<=50K
9137,"[60, 70[", Private,166461,High School,7,Married-civ-spouse,Nontechnical, Husband,*,Male,0,0,26,North America,<=50K
9138,"[20, 30[", ?,61387,Undergraduate,13,Married-civ-spouse,Other, Husband,*,Male,0,0,15,North America,<=50K
9139,"[20, 30[", Private,254746,Professional Education,11,Never-married,Other, Not-in-family,*,Female,0,0,40,North America,<=50K
9141,"[10, 20[", ?,180976,High School,6,Never-married,Other, Unmarried,*,Female,0,0,35,North America,<=50K
9142,"[70, 80[", Private,282642,High School,9,Married-civ-spouse,Nontechnical, Husband,*,Male,0,2174,40,North America,>50K
9143,"[50, 60[", Self-emp-not-inc,136413,High School,4,Married-civ-spouse,Other, Husband,*,Male,0,0,48,North America,<=50K
9144,"[20, 30[", Private,131463,Undergraduate,13,Married-civ-spouse,Technical, Husband,*,Male,0,0,40,North America,<=50K
9145,"[40, 50[", Local-gov,177240,Professional Education,15,Never-married,Technical, Not-in-family,*,Male,10520,0,40,North America,>50K
9146,"[30, 40[", Private,218490,Graduate,14,Married-civ-spouse,Nontechnical, Husband,*,Male,0,0,55,North America,>50K
9148,"[20, 30[", ?,80680,High School,9,Never-married,Other, Not-in-family,*,Female,0,0,40,North America,<=50K
9149,"[20, 30[", Private,20728,High School,9,Never-married,Nontechnical, Own-child,*,Female,4101,0,40,North America,<=50K
9150,"[40, 50[", Federal-gov,117628,High School,9,Married-civ-spouse,Technical, Husband,*,Male,0,0,40,North America,>50K
9151,"[20, 30[", Private,91939,High School,9,Never-married,Other, Not-in-family,*,Female,0,1721,30,North America,<=50K
9152,"[30, 40[", State-gov,175931,High School,9,Married-civ-spouse,Other, Husband,*,Male,0,0,40,North America,<=50K
9153,"[20, 30[", Private,309566,High School,9,Never-married,Other, Unmarried,*,Female,0,0,20,North America,<=50K
9154,"[50, 60[", Private,123703,High School,9,Divorced,Other, Not-in-family,*,Male,0,0,40,North America,<=50K
9155,"[10, 20[", ?,369678,High School,9,Never-married,Other, Not-in-family,*,Male,0,0,30,North America,<=50K
9156,"[50, 60[", Private,29928,Undergraduate,10,Married-civ-spouse,Nontechnical, Wife,*,Female,0,0,36,North America,<=50K
9157,"[20, 30[", Private,167868,High School,9,Never-married,Nontechnical, Not-in-family,*,Female,0,0,30,North America,<=50K
9158,"[20, 30[", Private,235894,High School,7,Married-civ-spouse,Nontechnical, Husband,*,Male,0,0,55,North America,<=50K
9159,"[20, 30[", Private,189888,High School,9,Never-married,Nontechnical, Not-in-family,*,Male,3325,0,60,North America,<=50K
9160,"[30, 40[", Private,111545,High School,9,Married-civ-spouse,Technical, Husband,*,Male,0,0,70,North America,<=50K
9161,"[30, 40[", Private,175972,Undergraduate,10,Married-civ-spouse,Other, Wife,*,Female,0,0,15,North America,<=50K
9162,"[30, 40[", Local-gov,254270,Undergraduate,13,Never-married,Technical, Not-in-family,*,Female,0,0,40,North America,<=50K
9163,"[40, 50[", Local-gov,185057,Graduate,14,Never-married,Technical, Not-in-family,*,Female,0,0,40,North America,<=50K
9164,"[70, 80[", Private,157593,Undergraduate,13,Married-civ-spouse,Nontechnical, Husband,*,Male,1455,0,6,North America,<=50K
9165,"[30, 40[", Private,101345,High School,9,Married-civ-spouse,Other, Wife,*,Female,0,0,40,North America,>50K
9166,"[50, 60[", Local-gov,176751,Undergraduate,13,Married-civ-spouse,Technical, Husband,*,Male,0,1902,40,North America,>50K
9167,"[30, 40[", Self-emp-not-inc,97723,Professional Education,11,Never-married,Technical, Not-in-family,*,Male,0,0,40,North America,<=50K
9169,"[30, 40[", Private,227597,Undergraduate,10,Married-civ-spouse,Technical, Husband,*,Male,0,0,40,North America,<=50K
9170,"[20, 30[", ?,143995,Undergraduate,10,Never-married,Other, Own-child,*,Male,0,0,20,North America,<=50K
9171,"[20, 30[", Private,250051,Undergraduate,10,Never-married,Technical, Own-child,*,Female,0,0,10,North America,<=50K
9172,"[20, 30[", Private,284078,Undergraduate,10,Never-married,Other, Not-in-family,*,Male,0,0,40,North America,<=50K
9173,"[30, 40[", Private,207668,Undergraduate,10,Married-civ-spouse,Nontechnical, Husband,*,Male,0,1887,40,North America,>50K
9174,"[10, 20[", Private,163787,Undergraduate,10,Never-married,Nontechnical, Own-child,*,Female,0,0,15,North America,<=50K
9175,"[20, 30[", Private,119170,High School,7,Never-married,Nontechnical, Unmarried,*,Female,0,0,45,North America,<=50K
9177,"[30, 40[", Private,114605,Professional Education,11,Married-civ-spouse,Other, Husband,*,Male,0,0,40,North America,>50K
9178,"[30, 40[", ?,317761,Undergraduate,13,Never-married,Other, Not-in-family,*,Male,0,0,40,North America,<=50K
9179,"[30, 40[", Private,164197,Undergraduate,13,Married-civ-spouse,Nontechnical, Husband,*,Male,0,0,60,North America,>50K
9180,"[50, 60[", Private,329266,High School,9,Married-civ-spouse,Technical, Husband,*,Male,0,0,44,North America,>50K
9182,"[40, 50[", Private,123598,Undergraduate,10,Married-civ-spouse,Nontechnical, Husband,*,Male,0,0,48,North America,>50K
9183,"[30, 40[", Private,259931,High School,7,Separated,Technical, Other-relative,*,Male,0,0,30,North America,<=50K
9184,"[30, 40[", Private,134737,Undergraduate,13,Married-civ-spouse,Technical, Husband,*,Male,99999,0,50,North America,>50K
9185,"[40, 50[", Private,106900,Professional Education,11,Never-married,Technical, Not-in-family,*,Male,0,0,40,North America,<=50K
9186,"[30, 40[", Private,87054,High School,9,Married-civ-spouse,Technical, Husband,*,Male,0,0,50,North America,<=50K
9187,"[30, 40[", Private,82622,Undergraduate,10,Married-civ-spouse,Other, Husband,*,Male,0,0,40,North America,>50K
9188,"[20, 30[", Private,181659,High School,9,Married-civ-spouse,Technical, Husband,*,Male,0,0,40,North America,<=50K
9189,"[20, 30[", Private,321205,Undergraduate,13,Never-married,Nontechnical, Not-in-family,*,Male,4101,0,35,North America,<=50K
9190,"[40, 50[", Self-emp-not-inc,231348,Undergraduate,10,Married-civ-spouse,Other, Husband,*,Male,0,0,40,North America,>50K
9191,"[40, 50[", Private,276096,High School,9,Married-civ-spouse,Technical, Husband,*,Male,0,0,40,North America,<=50K
9192,"[30, 40[", Private,290560,Undergraduate,10,Married-civ-spouse,Nontechnical, Husband,*,Male,0,0,45,North America,<=50K
9193,"[20, 30[", Private,307315,Undergraduate,10,Never-married,Other, Unmarried,*,Male,0,0,40,North America,<=50K
9194,"[30, 40[", State-gov,99156,Graduate,16,Married-civ-spouse,Technical, Husband,*,Male,0,0,50,North America,>50K
9195,"[20, 30[", Private,237928,Undergraduate,13,Never-married,Technical, Not-in-family,*,Male,0,0,39,North America,<=50K
9196,"[40, 50[", Private,153501,High School,9,Never-married,Other, Not-in-family,*,Male,0,0,40,North America,<=50K
9197,"[40, 50[", ?,149700,Undergraduate,13,Married-civ-spouse,Other, Husband,*,Male,0,0,36,North America,>50K
9198,"[40, 50[", Private,189680,Undergraduate,13,Married-civ-spouse,Nontechnical, Husband,*,Male,0,1977,40,North America,>50K
9199,"[30, 40[", Private,374524,Professional Education,15,Married-civ-spouse,Technical, Husband,*,Male,0,0,75,North America,>50K
9200,"[60, 70[", Self-emp-not-inc,127805,High School,4,Married-civ-spouse,Other, Husband,*,Male,0,0,40,North America,>50K
9203,"[20, 30[", Private,197182,Professional Education,12,Never-married,Technical, Not-in-family,*,Female,0,0,40,North America,<=50K
9204,"[30, 40[", Private,241998,Undergraduate,13,Married-civ-spouse,Technical, Husband,*,Male,0,0,50,North America,>50K
9205,"[40, 50[", Federal-gov,156410,High School,9,Married-civ-spouse,Other, Husband,*,Male,0,0,50,North America,>50K
9206,"[50, 60[", Private,473836,High School,4,Widowed,Other, Other-relative,*,Female,0,0,45,North America,<=50K
9207,"[20, 30[", Private,198431,High School,9,Never-married,Nontechnical, Not-in-family,*,Female,0,0,40,North America,<=50K
9208,"[20, 30[", Private,113936,High School,9,Never-married,Nontechnical, Own-child,*,Male,0,0,40,North America,<=50K
9209,"[20, 30[", Private,318915,High School,9,Never-married,Other, Unmarried,*,Female,0,0,40,North America,<=50K
9211,"[30, 40[", ?,193172,Professional Education,11,Married-civ-spouse,Other, Own-child,*,Female,7688,0,50,North America,>50K
9212,"[20, 30[", Federal-gov,320294,High School,9,Never-married,Technical, Not-in-family,*,Male,0,0,40,North America,<=50K
9213,"[50, 60[", State-gov,400285,High School,9,Married-civ-spouse,Other, Husband,*,Male,0,0,40,North America,>50K
9214,"[20, 30[", ?,283731,Undergraduate,13,Never-married,Other, Own-child,*,Male,0,0,40,North America,<=50K
9215,"[30, 40[", Local-gov,227154,Undergraduate,13,Married-civ-spouse,Technical, Husband,*,Male,0,0,40,Asia,<=50K
9216,"[40, 50[", Private,298659,High School,9,Married-civ-spouse,Nontechnical, Husband,*,Male,0,0,15,North America,<=50K
9217,"[40, 50[", Private,212120,Undergraduate,13,Married-civ-spouse,Nontechnical, Husband,*,Male,0,0,45,North America,>50K
9218,"[50, 60[", Private,320510,Undergraduate,13,Married-civ-spouse,Nontechnical, Husband,*,Male,0,1902,40,North America,>50K
9219,"[20, 30[", Private,175800,High School,9,Never-married,Technical, Unmarried,*,Female,0,0,55,North America,<=50K
9220,"[50, 60[", Private,170169,High School,9,Separated,Other, Not-in-family,*,Female,0,0,40,North America,<=50K
9221,"[40, 50[", Private,344157,High School,7,Divorced,Nontechnical, Not-in-family,*,Male,0,0,40,North America,<=50K
9222,"[10, 20[", Private,199441,High School,9,Never-married,Technical, Not-in-family,*,Female,0,0,40,North America,<=50K
9223,"[40, 50[", Private,225456,High School,9,Never-married,Technical, Other-relative,*,Male,0,0,50,North America,<=50K
9224,"[30, 40[", Private,61178,High School,7,Married-civ-spouse,Technical, Husband,*,Male,0,0,40,North America,<=50K
9227,"[40, 50[", Private,182108,Graduate,14,Never-married,Technical, Not-in-family,*,Female,27828,0,35,North America,>50K
9228,"[40, 50[", Private,273771,Undergraduate,13,Married-civ-spouse,Nontechnical, Husband,*,Male,99999,0,40,North America,>50K
9229,"[30, 40[", Private,208291,High School,9,Married-civ-spouse,Nontechnical, Husband,*,Male,0,0,50,North America,<=50K
9230,"[30, 40[", Private,224358,High School,6,Never-married,Other, Unmarried,*,Female,0,0,40,North America,<=50K
9231,"[30, 40[", Private,55176,High School,4,Married-civ-spouse,Technical, Husband,*,Male,0,0,40,North America,<=50K
9232,"[60, 70[", State-gov,152711,Undergraduate,13,Married-civ-spouse,Nontechnical, Husband,*,Male,0,0,40,North America,>50K
9233,"[50, 60[", Private,68684,High School,9,Married-civ-spouse,Other, Husband,*,Male,0,0,40,North America,<=50K
9234,"[20, 30[", Private,185452,Undergraduate,13,Never-married,Technical, Not-in-family,*,Female,0,0,50,North America,<=50K
9235,"[30, 40[", Federal-gov,175232,Undergraduate,10,Married-civ-spouse,Nontechnical, Husband,*,Male,0,1977,60,North America,>50K
9236,"[20, 30[", Private,173851,Undergraduate,10,Never-married,Technical, Not-in-family,*,Male,0,0,40,North America,<=50K
9238,"[30, 40[", Local-gov,51424,High School,9,Divorced,Other, Unmarried,*,Female,0,0,40,North America,<=50K
9240,"[20, 30[", Private,262656,High School,9,Never-married,Other, Own-child,*,Female,0,0,40,North America,<=50K
9241,"[30, 40[", Private,233194,High School,9,Married-civ-spouse,Nontechnical, Husband,*,Male,0,0,40,North America,>50K
9242,"[40, 50[", Private,290660,Undergraduate,13,Married-civ-spouse,Technical, Husband,*,Male,7688,0,55,North America,>50K
9243,"[20, 30[", Private,151105,Undergraduate,10,Never-married,Nontechnical, Other-relative,*,Female,0,0,18,North America,<=50K
9244,"[30, 40[", Private,179117,Professional Education,12,Never-married,Technical, Not-in-family,*,Female,10520,0,50,North America,>50K
9245,"[70, 80[", ?,33608,Undergraduate,10,Married-civ-spouse,Other, Husband,*,Male,9386,0,30,North America,>50K
9246,"[30, 40[", Private,317434,High School,9,Married-civ-spouse,Technical, Husband,*,Male,0,0,40,North America,<=50K
9247,"[30, 40[", State-gov,126569,High School,9,Married-civ-spouse,Technical, Husband,*,Male,7298,0,40,North America,>50K
9248,"[30, 40[", Local-gov,745768,Undergraduate,10,Divorced,Nontechnical, Unmarried,*,Female,0,0,45,North America,<=50K
9250,"[20, 30[", Private,302603,High School,9,Never-married,Other, Own-child,*,Male,0,0,45,North America,<=50K
9251,"[50, 60[", Private,46788,Undergraduate,13,Divorced,Technical, Unmarried,*,Male,0,0,25,North America,<=50K
9253,"[40, 50[", Private,179135,High School,9,Divorced,Other, Not-in-family,*,Female,0,0,40,North America,<=50K
9254,"[50, 60[", Federal-gov,175873,Undergraduate,10,Married-civ-spouse,Other, Husband,*,Male,0,0,40,North America,>50K
9255,"[30, 40[", Private,57426,Undergraduate,13,Never-married,Nontechnical, Not-in-family,*,Male,0,0,45,North America,<=50K
9256,"[30, 40[", Private,312206,High School,9,Married-civ-spouse,Technical, Husband,*,Male,0,0,40,North America,<=50K
9257,"[10, 20[", Without-pay,344858,High School,9,Never-married,Other, Own-child,*,Male,0,0,20,North America,<=50K
9258,"[20, 30[", State-gov,177035,High School,7,Divorced,Other, Unmarried,*,Female,0,0,40,North America,<=50K
9259,"[60, 70[", Private,88055,High School,6,Married-civ-spouse,Other, Husband,*,Male,0,0,40,North America,<=50K
9260,"[30, 40[", Self-emp-not-inc,111095,High School,9,Married-civ-spouse,Nontechnical, Husband,*,Male,0,0,50,North America,<=50K
9261,"[30, 40[", Private,192251,High School,6,Divorced,Other, Not-in-family,*,Female,0,0,60,North America,<=50K
9263,"[20, 30[", Federal-gov,211596,Graduate,14,Never-married,Technical, Not-in-family,*,Male,0,0,40,North America,<=50K
9264,"[10, 20[", Private,268276,High School,8,Never-married,Other, Own-child,*,Male,0,0,12,North America,<=50K
9266,"[50, 60[", Local-gov,20676,High School,9,Married-civ-spouse,Nontechnical, Husband,*,Male,0,0,48,North America,<=50K
9267,"[30, 40[", Private,115803,High School,7,Divorced,Other, Not-in-family,*,Male,0,0,40,North America,<=50K
9268,"[30, 40[", Local-gov,124827,Undergraduate,10,Married-civ-spouse,Nontechnical, Husband,*,Male,0,0,40,North America,>50K
9269,"[30, 40[", Private,95336,High School,9,Married-civ-spouse,Technical, Husband,*,Male,0,0,45,North America,>50K
9270,"[30, 40[", Private,257942,High School,9,Married-civ-spouse,Nontechnical, Husband,*,Male,0,0,40,North America,<=50K
9271,"[20, 30[", Private,72593,High School,9,Never-married,Other, Own-child,*,Male,0,0,40,North America,<=50K
9272,"[20, 30[", Private,147340,Undergraduate,10,Never-married,Nontechnical, Own-child,*,Female,0,0,40,North America,<=50K
9273,"[30, 40[", Private,185325,Undergraduate,13,Married-civ-spouse,Technical, Husband,*,Male,0,0,50,North America,>50K
9274,"[50, 60[", Self-emp-not-inc,357943,Undergraduate,13,Married-civ-spouse,Nontechnical, Husband,*,Male,0,0,40,North America,>50K
9275,"[20, 30[", Private,215395,Undergraduate,10,Never-married,Other, Not-in-family,*,Male,0,1602,10,North America,<=50K
9276,"[50, 60[", Local-gov,30682,Graduate,14,Married-civ-spouse,Technical, Husband,*,Male,0,0,50,North America,<=50K
9277,"[20, 30[", Federal-gov,29591,Undergraduate,13,Never-married,Technical, Not-in-family,*,Female,0,0,40,North America,<=50K
9278,"[30, 40[", Private,215392,Undergraduate,13,Divorced,Technical, Not-in-family,*,Female,0,0,40,North America,<=50K
9279,"[30, 40[", Private,110554,High School,9,Married-civ-spouse,Technical, Wife,*,Female,4386,0,40,North America,>50K
9280,"[40, 50[", Self-emp-not-inc,133584,Undergraduate,10,Married-civ-spouse,Technical, Husband,*,Male,0,0,40,North America,<=50K
9281,"[30, 40[", Private,210438,High School,4,Divorced,Nontechnical, Unmarried,*,Female,0,0,40,North America,<=50K
9282,"[50, 60[", Private,256916,High School,9,Married-civ-spouse,Nontechnical, Husband,*,Male,0,0,40,North America,<=50K
9283,"[40, 50[", Private,73541,High School,6,Divorced,Technical, Not-in-family,*,Male,0,0,40,North America,<=50K
9284,"[20, 30[", Private,109952,Undergraduate,10,Married-civ-spouse,Technical, Husband,*,Male,0,0,60,North America,<=50K
9286,"[20, 30[", Private,401723,High School,9,Never-married,Other, Not-in-family,*,Female,0,0,40,North America,<=50K
9287,"[40, 50[", Private,179524,Undergraduate,13,Separated,Other, Not-in-family,*,Female,0,0,50,North America,<=50K
9288,"[30, 40[", State-gov,296282,High School,9,Married-civ-spouse,Technical, Husband,*,Male,0,0,40,North America,<=50K
9290,"[50, 60[", Private,191965,High School,7,Married-civ-spouse,Other, Wife,*,Female,3908,0,28,North America,<=50K
9291,"[50, 60[", Private,96792,High School,9,Widowed,Other, Unmarried,*,Female,0,0,32,North America,<=50K
9292,"[40, 50[", Private,185041,High School,4,Married-civ-spouse,Other, Husband,*,Male,0,1672,55,North America,<=50K
9293,"[10, 20[", ?,233779,Undergraduate,10,Never-married,Other, Own-child,*,Male,0,0,60,North America,<=50K
9294,"[40, 50[", Private,347834,High School,9,Divorced,Other, Not-in-family,*,Female,0,0,40,North America,<=50K
9295,"[30, 40[", Private,215373,Undergraduate,13,Never-married,Nontechnical, Not-in-family,*,Male,0,0,70,North America,<=50K
9296,"[30, 40[", Self-emp-not-inc,169426,Professional Education,12,Married-civ-spouse,Technical, Husband,*,Male,0,0,40,North America,<=50K
9297,"[40, 50[", Private,202856,Undergraduate,10,Divorced,Other, Not-in-family,*,Female,0,0,36,North America,<=50K
9298,"[30, 40[", Private,50276,Undergraduate,13,Never-married,Nontechnical, Not-in-family,*,Male,0,0,40,North America,<=50K
9299,"[40, 50[", Self-emp-not-inc,187454,Undergraduate,13,Married-civ-spouse,Technical, Husband,*,Male,0,0,40,North America,<=50K
9300,"[40, 50[", Private,126098,High School,9,Separated,Technical, Unmarried,*,Female,0,0,40,North America,<=50K
9301,"[10, 20[", Private,250639,Undergraduate,10,Never-married,Other, Own-child,*,Male,0,0,24,North America,<=50K
9302,"[60, 70[", Self-emp-inc,195366,Undergraduate,13,Married-civ-spouse,Technical, Husband,*,Male,0,0,40,North America,<=50K
9303,"[50, 60[", Self-emp-not-inc,186845,Undergraduate,13,Married-civ-spouse,Other, Husband,*,Male,0,0,8,North America,<=50K
9304,"[20, 30[", Federal-gov,119156,High School,9,Never-married,Other, Other-relative,*,Male,0,0,20,North America,<=50K
9305,"[20, 30[", Private,162343,High School,9,Never-married,Other, Not-in-family,*,Male,0,0,40,North America,<=50K
9307,"[20, 30[", Self-emp-not-inc,394927,Undergraduate,10,Never-married,Technical, Not-in-family,*,Male,0,0,45,North America,<=50K
9309,"[30, 40[", Private,370767,High School,9,Married-civ-spouse,Technical, Husband,*,Male,0,2377,60,North America,<=50K
9310,"[40, 50[", Private,352005,Undergraduate,13,Married-civ-spouse,Nontechnical, Husband,*,Male,15024,0,45,North America,>50K
9311,"[50, 60[", Private,165681,Undergraduate,10,Married-civ-spouse,Nontechnical, Husband,*,Male,0,0,40,North America,<=50K
9312,"[50, 60[", Private,258819,High School,9,Divorced,Technical, Not-in-family,*,Male,0,0,40,North America,>50K
9313,"[20, 30[", Private,130793,Undergraduate,10,Divorced,Other, Not-in-family,*,Male,0,0,30,North America,<=50K
9314,"[30, 40[", Private,118909,Professional Education,12,Never-married,Other, Unmarried,*,Female,0,0,40,North America,<=50K
9315,"[40, 50[", Private,202466,Undergraduate,10,Married-civ-spouse,Nontechnical, Wife,*,Female,0,0,60,North America,<=50K
9316,"[40, 50[", Private,161558,High School,6,Married-spouse-absent,Other, Not-in-family,*,Male,0,0,45,North America,<=50K
9317,"[30, 40[", Private,188246,High School,9,Divorced,Technical, Own-child,*,Male,0,0,40,North America,<=50K
9319,"[40, 50[", Private,144594,High School,9,Married-civ-spouse,Other, Husband,*,Male,2829,0,40,North America,<=50K
9320,"[30, 40[", Self-emp-not-inc,123429,High School,9,Married-civ-spouse,Nontechnical, Husband,*,Male,0,0,60,North America,<=50K
9321,"[30, 40[", Self-emp-inc,340110,Undergraduate,10,Married-civ-spouse,Nontechnical, Husband,*,Male,0,0,50,North America,>50K
9322,"[20, 30[", Private,523067,Undergraduate,10,Never-married,Technical, Own-child,*,Male,0,0,3,North America,<=50K
9323,"[40, 50[", Self-emp-not-inc,113513,Undergraduate,13,Married-civ-spouse,Other, Husband,*,Male,0,0,50,North America,<=50K
9324,"[60, 70[", ?,186809,Undergraduate,13,Married-civ-spouse,Other, Husband,*,Male,0,0,30,North America,>50K
9326,"[30, 40[", Local-gov,295589,Undergraduate,10,Never-married,Other, Own-child,*,Male,0,0,40,North America,<=50K
9327,"[20, 30[", Private,370548,Professional Education,11,Never-married,Technical, Not-in-family,*,Male,0,0,30,North America,<=50K
9328,"[20, 30[", Private,120572,Undergraduate,10,Never-married,Other, Not-in-family,*,Female,0,0,12,North America,<=50K
9330,"[20, 30[", Private,55860,Undergraduate,10,Never-married,Other, Not-in-family,*,Female,0,0,40,North America,<=50K
9331,"[30, 40[", Private,158800,Undergraduate,13,Married-civ-spouse,Nontechnical, Husband,*,Male,0,0,50,North America,>50K
9332,"[30, 40[", Private,131568,High School,5,Never-married,Technical, Not-in-family,*,Male,0,0,40,North America,<=50K
9333,"[40, 50[", Private,173613,High School,9,Divorced,Nontechnical, Unmarried,*,Female,0,0,30,North America,<=50K
9334,"[20, 30[", Private,216867,High School,4,Married-civ-spouse,Technical, Husband,*,Male,0,0,40,North America,<=50K
9335,"[30, 40[", Private,104089,Professional Education,11,Never-married,Technical, Own-child,*,Male,0,0,40,North America,<=50K
9337,"[20, 30[", State-gov,340269,Undergraduate,10,Never-married,Other, Not-in-family,*,Male,0,0,40,North America,<=50K
9338,"[20, 30[", Private,236246,Professional Education,12,Married-civ-spouse,Nontechnical, Husband,*,Male,0,0,40,North America,<=50K
9339,"[40, 50[", Private,213408,Undergraduate,10,Divorced,Nontechnical, Unmarried,*,Female,0,0,40,North America,<=50K
9340,"[40, 50[", ?,84232,High School,9,Never-married,Other, Not-in-family,*,Female,0,0,4,North America,<=50K
9342,"[60, 70[", ?,28197,High School,9,Married-civ-spouse,Other, Husband,*,Male,0,0,60,North America,>50K
9343,"[20, 30[", Private,262749,Undergraduate,10,Never-married,Other, Own-child,*,Male,0,0,35,North America,<=50K
9344,"[30, 40[", Federal-gov,198265,Undergraduate,13,Married-civ-spouse,Other, Husband,*,Male,0,0,60,North America,<=50K
9345,"[40, 50[", Private,170871,Graduate,14,Married-civ-spouse,Nontechnical, Husband,*,Male,0,0,45,North America,>50K
9346,"[20, 30[", Private,177761,Undergraduate,10,Married-civ-spouse,Other, Husband,*,Male,0,0,50,North America,<=50K
9347,"[50, 60[", Private,175689,Undergraduate,10,Married-civ-spouse,Other, Wife,*,Female,0,0,14,North America,>50K
9348,"[40, 50[", Private,205100,Undergraduate,13,Married-civ-spouse,Nontechnical, Husband,*,Male,15024,0,60,North America,>50K
9349,"[20, 30[", Private,77759,Undergraduate,10,Never-married,Nontechnical, Own-child,*,Female,0,0,15,North America,<=50K
9350,"[50, 60[", State-gov,77905,Professional Education,11,Divorced,Technical, Unmarried,*,Female,0,0,40,North America,<=50K
9351,"[60, 70[", ?,193575,High School,7,Never-married,Other, Unmarried,*,Male,0,0,40,North America,<=50K
9352,"[40, 50[", State-gov,116520,Graduate,16,Married-civ-spouse,Technical, Husband,*,Male,0,0,40,North America,>50K
9355,"[50, 60[", Private,508891,High School,9,Divorced,Technical, Own-child,*,Male,0,0,40,North America,<=50K
9356,"[20, 30[", Private,211345,Undergraduate,10,Never-married,Nontechnical, Own-child,*,Female,0,0,20,North America,<=50K
9357,"[60, 70[", Self-emp-not-inc,170877,High School,9,Married-civ-spouse,Nontechnical, Husband,*,Male,0,0,48,North America,<=50K
9358,"[10, 20[", ?,97318,High School,9,Never-married,Other, Own-child,*,Female,0,0,35,North America,<=50K
9359,"[40, 50[", Private,184105,High School,9,Married-civ-spouse,Nontechnical, Husband,*,Male,0,0,50,North America,<=50K
9360,"[50, 60[", Private,150941,High School,9,Divorced,Technical, Unmarried,*,Female,0,0,44,North America,<=50K
9361,"[30, 40[", Private,303942,High School,9,Married-civ-spouse,Technical, Husband,*,Male,0,0,40,North America,<=50K
9362,"[20, 30[", Local-gov,273929,High School,9,Never-married,Other, Own-child,*,Male,0,0,40,North America,<=50K
9363,"[30, 40[", Private,197077,High School,9,Married-civ-spouse,Other, Husband,*,Male,0,0,40,North America,<=50K
9364,"[60, 70[", Private,162825,High School,9,Married-civ-spouse,Technical, Husband,*,Male,0,0,40,North America,>50K
9365,"[40, 50[", Private,159869,High School,9,Divorced,Nontechnical, Not-in-family,*,Male,0,0,44,North America,<=50K
9367,"[10, 20[", ?,406920,High School,6,Never-married,Other, Own-child,*,Male,0,0,40,North America,<=50K
9368,"[20, 30[", Private,227986,High School,9,Never-married,Technical, Unmarried,*,Female,0,0,40,North America,<=50K
9369,"[30, 40[", Private,137527,Undergraduate,13,Never-married,Other, Not-in-family,*,Female,0,0,50,North America,<=50K
9370,"[30, 40[", Private,180150,High School,8,Divorced,Nontechnical, Not-in-family,*,Male,0,0,40,North America,<=50K
9372,"[50, 60[", Private,281792,Undergraduate,13,Married-civ-spouse,Technical, Husband,*,Male,0,0,40,North America,>50K
9373,"[40, 50[", Private,224799,Undergraduate,13,Married-civ-spouse,Technical, Husband,*,Male,0,0,45,North America,<=50K
9375,"[60, 70[", Private,22313,High School,7,Married-civ-spouse,Technical, Husband,*,Male,0,0,20,North America,<=50K
9376,"[40, 50[", Private,194636,High School,9,Married-civ-spouse,Nontechnical, Husband,*,Male,0,0,40,North America,<=50K
9377,"[50, 60[", Private,156089,Undergraduate,10,Widowed,Other, Unmarried,*,Female,0,0,40,North America,<=50K
9378,"[50, 60[", Private,193720,Undergraduate,10,Married-civ-spouse,Nontechnical, Husband,*,Male,0,1977,40,North America,>50K
9379,"[20, 30[", Private,218667,High School,9,Married-civ-spouse,Nontechnical, Husband,*,Male,0,0,40,North America,<=50K
9380,"[30, 40[", Private,358837,Undergraduate,10,Never-married,Technical, Unmarried,*,Female,0,0,40,North America,<=50K
9381,"[20, 30[", Private,174685,High School,9,Never-married,Other, Own-child,*,Male,0,0,40,North America,<=50K
9382,"[30, 40[", Private,168854,High School,9,Married-civ-spouse,Other, Husband,*,Male,0,0,54,North America,<=50K
9383,"[20, 30[", Private,133696,Undergraduate,13,Never-married,Nontechnical, Unmarried,*,Male,0,0,65,North America,<=50K
9385,"[10, 20[", Private,115215,High School,9,Never-married,Other, Own-child,*,Male,0,0,25,North America,<=50K
9386,"[40, 50[", Self-emp-not-inc,152958,High School,9,Married-civ-spouse,Nontechnical, Husband,*,Male,0,0,35,North America,>50K
9387,"[20, 30[", Private,217200,High School,9,Married-civ-spouse,Technical, Husband,*,Male,0,0,40,North America,<=50K
9388,"[30, 40[", Private,235124,Undergraduate,10,Married-civ-spouse,Other, Husband,*,Male,0,0,46,North America,<=50K
9389,"[30, 40[", Local-gov,144949,High School,9,Divorced,Technical, Unmarried,*,Male,0,0,40,North America,<=50K
9391,"[40, 50[", Private,281209,Undergraduate,10,Married-civ-spouse,Other, Husband,*,Male,0,0,50,North America,<=50K
9392,"[40, 50[", Private,155489,Graduate,14,Married-civ-spouse,Nontechnical, Husband,*,Male,0,0,50,North America,>50K
9393,"[30, 40[", Private,290306,High School,9,Married-civ-spouse,Technical, Husband,*,Male,0,0,40,North America,>50K
9394,"[10, 20[", Private,182042,High School,7,Never-married,Other, Own-child,*,Female,0,0,19,North America,<=50K
9395,"[30, 40[", Private,210008,High School,9,Never-married,Nontechnical, Own-child,*,Female,0,0,40,North America,<=50K
9396,"[50, 60[", Private,234938,High School,9,Married-civ-spouse,Nontechnical, Husband,*,Male,4064,0,55,North America,<=50K
9397,"[40, 50[", Private,315423,Undergraduate,10,Married-civ-spouse,Nontechnical, Husband,*,Male,0,2042,50,North America,<=50K
9398,"[20, 30[", Self-emp-not-inc,30244,High School,9,Never-married,Other, Own-child,*,Male,0,0,80,North America,<=50K
9399,"[50, 60[", Local-gov,30008,Undergraduate,13,Married-civ-spouse,Technical, Husband,*,Male,0,0,45,North America,>50K
9400,"[30, 40[", Self-emp-not-inc,201328,High School,4,Married-civ-spouse,Other, Husband,*,Male,0,0,56,North America,<=50K
9401,"[30, 40[", State-gov,96468,Graduate,14,Never-married,Technical, Own-child,*,Female,0,0,40,North America,<=50K
9402,"[20, 30[", Private,486332,High School,9,Divorced,Other, Not-in-family,*,Male,0,0,40,North America,<=50K
9403,"[10, 20[", Private,46162,High School,9,Never-married,Other, Own-child,*,Male,0,0,25,North America,<=50K
9405,"[40, 50[", Local-gov,175958,High School,5,Never-married,Other, Own-child,*,Male,0,0,40,North America,<=50K
9406,"[20, 30[", Private,119309,Undergraduate,10,Never-married,Technical, Own-child,*,Male,0,1602,16,North America,<=50K
9407,"[40, 50[", Private,175935,High School,9,Divorced,Other, Not-in-family,*,Male,0,1980,46,North America,<=50K
9408,"[30, 40[", Private,204527,High School,9,Married-civ-spouse,Technical, Husband,*,Male,0,0,50,North America,<=50K
9409,"[20, 30[", ?,57827,Undergraduate,10,Never-married,Other, Own-child,*,Male,0,0,40,North America,<=50K
9410,"[10, 20[", Private,418176,High School,9,Never-married,Nontechnical, Not-in-family,*,Male,0,0,32,North America,<=50K
9411,"[20, 30[", Private,262744,Undergraduate,10,Never-married,Other, Own-child,*,Male,0,0,40,North America,<=50K
9412,"[20, 30[", Private,177287,Undergraduate,10,Never-married,Nontechnical, Own-child,*,Female,0,0,30,North America,<=50K
9413,"[30, 40[", Private,255004,Professional Education,12,Divorced,Nontechnical, Not-in-family,*,Male,0,0,52,North America,<=50K
9414,"[60, 70[", Private,183735,Undergraduate,10,Married-civ-spouse,Nontechnical, Husband,*,Male,0,0,40,North America,<=50K
9415,"[20, 30[", Self-emp-not-inc,318644,Professional Education,15,Never-married,Technical, Own-child,*,Male,0,0,20,North America,<=50K
9416,"[40, 50[", Federal-gov,132125,Undergraduate,13,Married-civ-spouse,Nontechnical, Husband,*,Male,0,0,52,North America,>50K
9417,"[30, 40[", Private,206051,High School,9,Married-civ-spouse,Technical, Husband,*,Male,0,0,40,North America,<=50K
9419,"[30, 40[", Private,225750,Undergraduate,13,Divorced,Technical, Unmarried,*,Female,0,0,32,North America,<=50K
9420,"[30, 40[", Private,245777,High School,9,Divorced,Nontechnical, Not-in-family,*,Male,0,0,40,North America,<=50K
9421,"[40, 50[", Private,169092,High School,9,Divorced,Nontechnical, Not-in-family,*,Female,0,0,55,North America,<=50K
9422,"[60, 70[", Private,211035,Undergraduate,13,Married-civ-spouse,Other, Wife,*,Female,0,0,30,North America,>50K
9423,"[20, 30[", Private,285432,High School,9,Never-married,Nontechnical, Own-child,*,Male,0,0,40,North America,<=50K
9424,"[50, 60[", Local-gov,154779,Undergraduate,10,Divorced,Other, Not-in-family,*,Female,0,0,40,North America,<=50K
9425,"[50, 60[", Private,37237,Undergraduate,13,Married-civ-spouse,Technical, Husband,*,Male,0,0,40,North America,>50K
9426,"[50, 60[", Private,417419,High School,4,Divorced,Technical, Own-child,*,Male,0,0,40,North America,<=50K
9427,"[30, 40[", Self-emp-inc,33975,High School,9,Married-civ-spouse,Technical, Husband,*,Male,0,0,50,North America,<=50K
9428,"[30, 40[", Private,42485,High School,9,Divorced,Technical, Unmarried,*,Male,0,0,40,North America,<=50K
9429,"[20, 30[", Private,170017,Undergraduate,13,Married-civ-spouse,Technical, Husband,*,Male,0,0,40,North America,<=50K
9430,"[20, 30[", Private,152683,High School,9,Married-civ-spouse,Other, Husband,*,Male,3908,0,35,North America,<=50K
9431,"[20, 30[", Private,41721,Undergraduate,10,Never-married,Other, Own-child,*,Male,0,0,60,North America,<=50K
9432,"[60, 70[", Private,66634,High School,4,Married-civ-spouse,Technical, Husband,*,Male,0,0,40,North America,<=50K
9434,"[40, 50[", Private,167882,High School,9,Divorced,Technical, Not-in-family,*,Female,0,0,43,North America,<=50K
9435,"[40, 50[", Private,179428,Undergraduate,10,Married-civ-spouse,Other, Husband,*,Male,0,0,55,North America,<=50K
9436,"[20, 30[", Private,57512,High School,9,Never-married,Other, Not-in-family,*,Male,0,0,40,North America,<=50K
9437,"[30, 40[", Private,301614,High School,9,Married-civ-spouse,Technical, Husband,*,Male,0,0,40,North America,<=50K
9438,"[20, 30[", Private,193820,Undergraduate,13,Never-married,Nontechnical, Not-in-family,*,Female,0,1876,40,North America,<=50K
9439,"[50, 60[", Private,222247,High School,6,Married-civ-spouse,Other, Husband,*,Male,0,1887,40,North America,>50K
9440,"[30, 40[", Self-emp-inc,189092,Undergraduate,13,Married-civ-spouse,Nontechnical, Husband,*,Male,0,0,45,North America,<=50K
9442,"[30, 40[", Private,308691,Graduate,14,Married-civ-spouse,Technical, Husband,*,Male,0,0,48,North America,<=50K
9443,"[30, 40[", Private,169672,High School,9,Married-civ-spouse,Nontechnical, Husband,*,Male,0,0,40,North America,<=50K
9444,"[50, 60[", Private,120914,High School,7,Married-civ-spouse,Technical, Husband,*,Male,0,0,40,North America,<=50K
9445,"[30, 40[", Private,370156,High School,9,Divorced,Other, Unmarried,*,Female,0,0,38,North America,<=50K
9446,"[20, 30[", Private,398220,Primary School,3,Never-married,Technical, Other-relative,*,Male,0,0,40,North America,<=50K
9447,"[40, 50[", Self-emp-not-inc,208277,High School,9,Married-civ-spouse,Technical, Wife,*,Female,0,0,45,North America,<=50K
9448,"[40, 50[", Private,337456,High School,9,Divorced,Other, Unmarried,*,Female,0,0,40,North America,<=50K
9449,"[50, 60[", Private,172666,Undergraduate,10,Married-civ-spouse,Technical, Husband,*,Male,0,0,40,North America,>50K
9450,"[20, 30[", Self-emp-not-inc,32280,High School,9,Never-married,Other, Not-in-family,*,Male,0,0,45,North America,<=50K
9451,"[30, 40[", Private,194901,High School,9,Married-civ-spouse,Technical, Husband,*,Male,0,0,45,North America,<=50K
9453,"[30, 40[", Private,173730,Undergraduate,13,Married-civ-spouse,Nontechnical, Husband,*,Male,7688,0,40,North America,>50K
9454,"[40, 50[", Local-gov,153312,Graduate,14,Married-civ-spouse,Technical, Husband,*,Male,0,0,10,North America,>50K
9455,"[20, 30[", Private,274797,High School,9,Never-married,Nontechnical, Own-child,*,Male,0,0,25,North America,<=50K
9456,"[30, 40[", Private,359249,Professional Education,11,Never-married,Other, Own-child,*,Male,0,0,40,North America,<=50K
9457,"[20, 30[", Private,152744,Undergraduate,10,Never-married,Other, Not-in-family,*,Female,0,0,40,Asia,<=50K
9458,"[50, 60[", Private,188041,High School,9,Divorced,Nontechnical, Not-in-family,*,Male,0,0,40,North America,<=50K
9459,"[30, 40[", Private,97723,Undergraduate,10,Never-married,Technical, Not-in-family,*,Male,0,0,38,North America,<=50K
9460,"[40, 50[", State-gov,354529,Undergraduate,10,Never-married,Other, Not-in-family,*,Female,0,0,40,North America,<=50K
9461,"[20, 30[", Private,249727,Undergraduate,10,Never-married,Other, Own-child,*,Male,0,0,30,North America,<=50K
9462,"[20, 30[", Private,189590,Undergraduate,10,Never-married,Other, Not-in-family,*,Male,0,0,30,North America,<=50K
9464,"[50, 60[", Self-emp-not-inc,205296,Undergraduate,10,Married-civ-spouse,Nontechnical, Wife,*,Female,0,0,50,North America,<=50K
9465,"[40, 50[", Private,303637,High School,9,Married-civ-spouse,Nontechnical, Husband,*,Male,0,0,49,North America,>50K
9466,"[40, 50[", Private,242861,High School,9,Married-civ-spouse,Other, Husband,*,Male,0,0,40,North America,<=50K
9467,"[20, 30[", Private,37599,Undergraduate,10,Never-married,Other, Not-in-family,*,Male,0,0,24,North America,<=50K
9468,"[40, 50[", State-gov,199381,Graduate,14,Married-civ-spouse,Technical, Wife,*,Female,15024,0,37,North America,>50K
9469,"[30, 40[", Self-emp-not-inc,56328,Undergraduate,13,Married-civ-spouse,Technical, Wife,*,Female,0,0,8,North America,>50K
9470,"[20, 30[", Private,256211,Undergraduate,10,Never-married,Technical, Other-relative,*,Male,0,0,40,Asia,<=50K
9472,"[40, 50[", Private,266084,Undergraduate,10,Divorced,Technical, Other-relative,*,Male,0,0,50,North America,<=50K
9473,"[30, 40[", Private,161111,Undergraduate,13,Never-married,Nontechnical, Not-in-family,*,Female,0,0,40,North America,<=50K
9474,"[40, 50[", Private,199031,Undergraduate,10,Divorced,Other, Own-child,*,Male,0,1380,40,North America,<=50K
9476,"[60, 70[", Self-emp-not-inc,204085,Undergraduate,10,Married-civ-spouse,Nontechnical, Husband,*,Male,0,0,25,North America,<=50K
9477,"[10, 20[", ?,369527,Undergraduate,10,Never-married,Other, Own-child,*,Female,0,0,40,North America,<=50K
9478,"[40, 50[", Private,464945,High School,9,Never-married,Other, Not-in-family,*,Male,0,0,45,North America,<=50K
9479,"[40, 50[", Local-gov,174684,High School,9,Divorced,Technical, Unmarried,*,Male,0,0,40,North America,<=50K
9480,"[20, 30[", Local-gov,166295,Undergraduate,13,Married-civ-spouse,Other, Husband,*,Male,0,0,41,North America,<=50K
9481,"[30, 40[", Private,220511,Undergraduate,10,Married-civ-spouse,Technical, Husband,*,Male,0,0,40,North America,<=50K
9482,"[50, 60[", Private,246936,High School,7,Married-civ-spouse,Other, Husband,*,Male,0,0,40,North America,<=50K
9483,"[30, 40[", Private,104509,Undergraduate,10,Divorced,Other, Unmarried,*,Female,0,0,40,North America,<=50K
9484,"[40, 50[", ?,266337,High School,9,Married-civ-spouse,Other, Husband,*,Male,0,0,40,North America,<=50K
9485,"[30, 40[", Private,252168,High School,9,Married-civ-spouse,Other, Husband,*,Male,0,0,40,North America,<=50K
9486,"[20, 30[", Private,92093,Undergraduate,13,Married-civ-spouse,Nontechnical, Husband,*,Male,0,0,20,North America,<=50K
9487,"[60, 70[", Private,88055,Undergraduate,13,Married-civ-spouse,Technical, Husband,*,Male,0,0,40,North America,<=50K
9488,"[30, 40[", Private,129591,Undergraduate,10,Married-civ-spouse,Technical, Husband,*,Male,0,0,40,North America,<=50K
9489,"[40, 50[", Private,142719,High School,9,Married-spouse-absent,Other, Not-in-family,*,Male,0,0,65,North America,<=50K
9490,"[10, 20[", ?,264924,Undergraduate,10,Never-married,Other, Own-child,*,Female,0,0,40,North America,<=50K
9491,"[40, 50[", Private,128796,Undergraduate,13,Married-civ-spouse,Nontechnical, Husband,*,Male,0,0,44,North America,>50K
9492,"[30, 40[", Private,115336,High School,9,Divorced,Other, Unmarried,*,Female,0,0,70,North America,<=50K
9493,"[50, 60[", Private,190333,Undergraduate,10,Married-civ-spouse,Other, Husband,*,Male,0,0,40,North America,>50K
9494,"[60, 70[", Self-emp-not-inc,179444,High School,4,Married-civ-spouse,Nontechnical, Husband,*,Male,0,0,15,North America,<=50K
9495,"[40, 50[", Private,218676,Undergraduate,10,Married-civ-spouse,Technical, Husband,*,Male,0,0,43,North America,<=50K
9496,"[10, 20[", Local-gov,148194,High School,7,Never-married,Other, Own-child,*,Female,0,0,12,North America,<=50K
9497,"[30, 40[", Private,184833,High School,9,Never-married,Other, Not-in-family,*,Female,0,0,35,North America,<=50K
9498,"[70, 80[", Self-emp-not-inc,280639,High School,9,Widowed,Other, Other-relative,*,Female,2329,0,20,North America,<=50K
9499,"[10, 20[", Private,217769,Undergraduate,10,Never-married,Other, Own-child,*,Female,0,0,15,North America,<=50K
9500,"[20, 30[", ?,180553,High School,9,Married-civ-spouse,Other, Wife,*,Female,0,0,40,North America,>50K
9501,"[60, 70[", Private,56009,Undergraduate,10,Married-civ-spouse,Nontechnical, Husband,*,Male,0,0,40,North America,<=50K
9502,"[30, 40[", Private,255334,Undergraduate,13,Married-civ-spouse,Technical, Husband,*,Male,0,0,25,North America,>50K
9503,"[40, 50[", Self-emp-inc,328216,Undergraduate,13,Married-civ-spouse,Nontechnical, Husband,*,Male,0,1902,42,Unknown,>50K
9504,"[20, 30[", Private,349154,High School,6,Separated,Other, Unmarried,*,Female,0,0,40,North America,<=50K
9505,"[40, 50[", Local-gov,24763,Undergraduate,10,Divorced,Other, Unmarried,*,Male,6849,0,40,North America,<=50K
9506,"[40, 50[", State-gov,41834,High School,9,Married-civ-spouse,Other, Husband,*,Male,0,0,38,North America,>50K
9507,"[20, 30[", Private,113466,High School,9,Never-married,Nontechnical, Not-in-family,*,Male,0,0,40,North America,<=50K
9508,"[20, 30[", Private,130856,Undergraduate,10,Married-civ-spouse,Technical, Husband,*,Male,0,0,60,North America,<=50K
9509,"[60, 70[", Self-emp-not-inc,268797,High School,9,Married-civ-spouse,Other, Wife,*,Female,0,0,17,North America,<=50K
9510,"[40, 50[", Private,202117,High School,7,Divorced,Other, Not-in-family,*,Female,0,0,34,North America,<=50K
9511,"[10, 20[", Private,280146,Undergraduate,10,Never-married,Nontechnical, Own-child,*,Male,0,0,20,North America,<=50K
9512,"[30, 40[", Private,70377,Undergraduate,10,Never-married,Technical, Not-in-family,*,Female,0,0,40,North America,<=50K
9513,"[20, 30[", Private,236696,Undergraduate,10,Never-married,Other, Not-in-family,*,Male,0,0,30,North America,<=50K
9514,"[30, 40[", Local-gov,222572,Graduate,14,Never-married,Technical, Unmarried,*,Female,0,0,43,North America,<=50K
9515,"[40, 50[", Self-emp-inc,110702,Undergraduate,10,Divorced,Nontechnical, Unmarried,*,Female,2036,0,60,North America,<=50K
9516,"[40, 50[", Private,96129,High School,9,Married-civ-spouse,Nontechnical, Husband,*,Male,0,0,72,North America,>50K
9517,"[20, 30[", Local-gov,200492,Undergraduate,13,Never-married,Technical, Own-child,*,Female,0,0,40,North America,<=50K
9518,"[20, 30[", Private,193820,Graduate,14,Never-married,Technical, Own-child,*,Female,0,0,40,North America,<=50K
9519,"[30, 40[", Private,454508,High School,7,Never-married,Technical, Not-in-family,*,Male,0,2001,40,North America,<=50K
9520,"[50, 60[", Private,220789,Undergraduate,13,Divorced,Other, Not-in-family,*,Male,0,0,45,North America,<=50K
9521,"[30, 40[", Private,101345,High School,9,Married-civ-spouse,Nontechnical, Wife,*,Female,0,0,42,North America,>50K
9522,"[40, 50[", Private,140559,High School,9,Widowed,Other, Unmarried,*,Female,0,0,25,North America,<=50K
9523,"[40, 50[", Self-emp-inc,64885,Graduate,14,Married-civ-spouse,Nontechnical, Husband,*,Male,0,0,70,North America,>50K
9524,"[30, 40[", Private,402361,High School,9,Married-civ-spouse,Technical, Husband,*,Male,0,0,40,North America,<=50K
9526,"[40, 50[", Private,185385,Professional Education,12,Married-civ-spouse,Nontechnical, Husband,*,Male,0,0,45,North America,<=50K
9527,"[20, 30[", Private,112706,Professional Education,11,Never-married,Technical, Own-child,*,Male,0,0,40,North America,<=50K
9528,"[40, 50[", Private,130364,High School,9,Never-married,Technical, Unmarried,*,Male,0,0,40,North America,<=50K
9529,"[50, 60[", Local-gov,147428,Graduate,14,Married-civ-spouse,Technical, Husband,*,Male,0,0,40,North America,>50K
9530,"[20, 30[", Private,205895,Undergraduate,10,Never-married,Nontechnical, Own-child,*,Female,0,0,20,North America,<=50K
9531,"[60, 70[", ?,273569,High School,9,Widowed,Other, Unmarried,*,Male,0,0,40,North America,<=50K
9532,"[40, 50[", Private,153160,Undergraduate,10,Married-civ-spouse,Other, Wife,*,Female,0,0,40,North America,<=50K
9534,"[40, 50[", Private,195661,Undergraduate,10,Married-civ-spouse,Other, Husband,*,Male,0,0,54,North America,<=50K
9535,"[20, 30[", State-gov,146243,Undergraduate,10,Separated,Other, Not-in-family,*,Female,0,0,30,North America,<=50K
9536,"[50, 60[", ?,105428,Undergraduate,10,Married-civ-spouse,Other, Husband,*,Male,0,0,12,North America,<=50K
9537,"[20, 30[", Private,149943,High School,9,Never-married,Other, Other-relative,*,Male,0,0,60,Unknown,<=50K
9538,"[50, 60[", Local-gov,246197,High School,9,Married-civ-spouse,Technical, Husband,*,Male,0,0,40,North America,<=50K
9539,"[50, 60[", Local-gov,192563,Undergraduate,10,Divorced,Nontechnical, Not-in-family,*,Female,0,0,38,North America,<=50K
9540,"[10, 20[", Private,244115,High School,9,Never-married,Other, Own-child,*,Male,0,0,30,North America,<=50K
9541,"[30, 40[", Local-gov,98587,Undergraduate,10,Divorced,Technical, Own-child,*,Female,0,0,45,North America,<=50K
9542,"[40, 50[", Private,145886,Undergraduate,10,Divorced,Other, Unmarried,*,Female,0,0,40,North America,<=50K
9543,"[20, 30[", Private,244315,High School,9,Divorced,Technical, Other-relative,*,Male,0,0,40,North America,<=50K
9544,"[40, 50[", Private,192779,Undergraduate,10,Divorced,Technical, Not-in-family,*,Male,0,0,40,North America,<=50K
9545,"[50, 60[", Private,209464,High School,9,Separated,Other, Unmarried,*,Female,0,0,35,North America,<=50K
9546,"[60, 70[", Private,25141,Undergraduate,10,Married-civ-spouse,Other, Husband,*,Male,0,0,60,North America,<=50K
9547,"[20, 30[", Private,405793,Professional Education,12,Married-civ-spouse,Technical, Husband,*,Male,0,0,45,North America,>50K
9548,"[40, 50[", Federal-gov,53498,High School,9,Divorced,Other, Unmarried,*,Female,0,0,40,North America,<=50K
9549,"[60, 70[", ?,476653,Undergraduate,13,Married-civ-spouse,Other, Husband,*,Male,0,0,20,North America,<=50K
9552,"[40, 50[", State-gov,109762,Graduate,14,Never-married,Technical, Not-in-family,*,Male,0,0,40,North America,<=50K
9554,"[40, 50[", Federal-gov,119890,Professional Education,11,Separated,Technical, Not-in-family,*,Female,0,0,30,North America,<=50K
9555,"[20, 30[", Self-emp-not-inc,409230,Undergraduate,10,Never-married,Other, Own-child,*,Male,0,0,30,North America,<=50K
9557,"[30, 40[", ?,129150,High School,6,Separated,Other, Own-child,*,Male,0,0,35,North America,<=50K
9558,"[40, 50[", Self-emp-not-inc,119199,Undergraduate,10,Married-civ-spouse,Other, Wife,*,Female,0,0,35,North America,>50K
9560,"[40, 50[", Local-gov,351161,Undergraduate,10,Divorced,Technical, Not-in-family,*,Male,0,0,40,North America,<=50K
9561,"[50, 60[", Private,174533,Undergraduate,13,Never-married,Nontechnical, Not-in-family,*,Female,0,0,45,North America,>50K
9562,"[30, 40[", Private,324386,Undergraduate,13,Never-married,Technical, Own-child,*,Male,0,0,40,North America,<=50K
9563,"[20, 30[", Private,126568,Undergraduate,13,Married-civ-spouse,Other, Husband,*,Male,0,0,33,North America,<=50K
9564,"[20, 30[", Private,275703,Undergraduate,10,Married-civ-spouse,Nontechnical, Husband,*,Male,0,0,40,North America,<=50K
9565,"[30, 40[", Self-emp-not-inc,219611,Undergraduate,13,Never-married,Nontechnical, Not-in-family,*,Female,2174,0,50,North America,<=50K
9566,"[40, 50[", Private,200471,High School,7,Never-married,Other, Not-in-family,*,Male,0,0,60,North America,<=50K
9567,"[60, 70[", Private,155261,High School,9,Married-civ-spouse,Nontechnical, Husband,*,Male,0,0,40,North America,>50K
9568,"[70, 80[", State-gov,74040,High School,4,Divorced,Other, Not-in-family,*,Female,0,0,40,North America,<=50K
9569,"[30, 40[", Private,226296,High School,7,Married-civ-spouse,Nontechnical, Husband,*,Male,0,0,40,North America,<=50K
9570,"[20, 30[", Private,211968,Undergraduate,13,Never-married,Other, Own-child,*,Female,0,0,40,North America,<=50K
9571,"[40, 50[", Local-gov,126446,Undergraduate,10,Never-married,Other, Unmarried,*,Female,0,0,30,North America,<=50K
9572,"[20, 30[", Private,262885,High School,7,Never-married,Other, Unmarried,*,Female,0,0,32,North America,<=50K
9573,"[30, 40[", Private,188069,High School,5,Married-civ-spouse,Other, Husband,*,Male,0,0,25,North America,<=50K
9574,"[10, 20[", Private,113546,High School,7,Never-married,Technical, Not-in-family,*,Male,0,0,56,North America,<=50K
9575,"[20, 30[", Private,227070,High School,6,Married-civ-spouse,Technical, Wife,*,Female,0,0,40,North America,<=50K
9576,"[30, 40[", Private,136997,High School,9,Divorced,Other, Unmarried,*,Female,0,0,35,North America,<=50K
9577,"[30, 40[", ?,119006,High School,9,Widowed,Other, Own-child,*,Female,0,0,38,North America,<=50K
9578,"[20, 30[", Private,212407,High School,9,Never-married,Technical, Other-relative,*,Male,0,0,40,North America,<=50K
9581,"[30, 40[", Private,141802,Undergraduate,10,Divorced,Other, Unmarried,*,Female,0,0,40,North America,<=50K
9582,"[40, 50[", ?,184513,Undergraduate,13,Married-civ-spouse,Other, Husband,*,Male,0,0,80,North America,>50K
9583,"[30, 40[", Self-emp-not-inc,124187,Professional Education,12,Never-married,Other, Not-in-family,*,Male,0,0,32,North America,<=50K
9584,"[10, 20[", Private,201743,Undergraduate,10,Never-married,Other, Own-child,*,Female,0,0,26,North America,<=50K
9585,"[10, 20[", Private,156736,High School,6,Never-married,Nontechnical, Unmarried,*,Female,0,0,12,North America,<=50K
9586,"[40, 50[", Self-emp-not-inc,47261,Undergraduate,10,Married-civ-spouse,Other, Husband,*,Male,0,0,50,North America,<=50K
9587,"[60, 70[", Private,150693,High School,9,Widowed,Other, Not-in-family,*,Female,0,0,42,North America,<=50K
9588,"[50, 60[", Local-gov,233734,Graduate,14,Divorced,Technical, Not-in-family,*,Female,0,0,40,North America,>50K
9589,"[40, 50[", State-gov,35969,Graduate,14,Married-civ-spouse,Technical, Husband,*,Male,0,0,60,North America,>50K
9590,"[40, 50[", Private,159550,High School,9,Divorced,Other, Not-in-family,*,Female,0,0,40,North America,<=50K
9591,"[30, 40[", Private,190823,Undergraduate,10,Never-married,Other, Own-child,*,Female,0,0,40,North America,<=50K
9594,"[40, 50[", Local-gov,488706,Undergraduate,10,Married-civ-spouse,Nontechnical, Husband,*,Male,0,0,40,North America,<=50K
9596,"[20, 30[", Federal-gov,105189,High School,9,Divorced,Other, Not-in-family,*,Male,4865,0,50,North America,<=50K
9597,"[60, 70[", State-gov,109735,High School,9,Divorced,Other, Not-in-family,*,Female,0,0,38,North America,<=50K
9598,"[50, 60[", Private,172942,Undergraduate,10,Divorced,Other, Own-child,*,Male,0,0,28,North America,<=50K
9599,"[40, 50[", Local-gov,209899,Graduate,14,Never-married,Technical, Not-in-family,*,Female,8614,0,47,North America,>50K
9600,"[20, 30[", Self-emp-inc,87745,Undergraduate,10,Never-married,Nontechnical, Not-in-family,*,Male,0,0,60,North America,<=50K
9601,"[40, 50[", Private,187881,Undergraduate,10,Married-civ-spouse,Nontechnical, Husband,*,Male,3942,0,40,North America,<=50K
9602,"[50, 60[", Private,234125,High School,9,Married-civ-spouse,Other, Husband,*,Male,0,0,40,North America,<=50K
9603,"[30, 40[", Private,272944,High School,9,Never-married,Other, Not-in-family,*,Male,0,0,45,North America,<=50K
9604,"[20, 30[", Local-gov,129232,High School,9,Never-married,Other, Own-child,*,Male,0,0,40,North America,<=50K
9605,"[20, 30[", Private,100345,Undergraduate,13,Never-married,Technical, Not-in-family,*,Male,13550,0,55,North America,>50K
9606,"[50, 60[", Self-emp-not-inc,195835,Undergraduate,10,Divorced,Technical, Not-in-family,*,Male,0,0,45,North America,<=50K
9607,"[20, 30[", Private,251854,High School,7,Never-married,Other, Own-child,*,Female,0,0,40,North America,<=50K
9608,"[40, 50[", Private,103474,High School,9,Married-civ-spouse,Nontechnical, Wife,*,Female,0,0,30,North America,<=50K
9609,"[30, 40[", Private,22042,Professional Education,11,Never-married,Technical, Not-in-family,*,Female,0,0,39,North America,<=50K
9610,"[30, 40[", Private,343721,Undergraduate,13,Married-civ-spouse,Technical, Husband,*,Male,0,0,40,North America,>50K
9611,"[10, 20[", Private,232368,Undergraduate,10,Never-married,Other, Own-child,*,Female,0,0,35,North America,<=50K
9612,"[50, 60[", Private,174478,High School,6,Never-married,Other, Not-in-family,*,Male,0,0,29,North America,<=50K
9613,"[50, 60[", Private,282023,Undergraduate,13,Married-civ-spouse,Nontechnical, Husband,*,Male,15024,0,50,North America,>50K
9614,"[20, 30[", Private,274690,Undergraduate,13,Never-married,Other, Not-in-family,*,Male,0,0,45,North America,<=50K
9615,"[50, 60[", Private,251675,High School,9,Married-civ-spouse,Technical, Husband,*,Male,0,0,40,North America,<=50K
9617,"[60, 70[", Private,128367,Undergraduate,10,Divorced,Technical, Unmarried,*,Male,3325,0,42,North America,<=50K
9618,"[30, 40[", Private,37380,Undergraduate,10,Divorced,Other, Unmarried,*,Female,0,0,38,North America,<=50K
9619,"[30, 40[", Private,173730,High School,9,Married-civ-spouse,Nontechnical, Husband,*,Male,0,0,50,North America,<=50K
9620,"[40, 50[", Private,353824,Undergraduate,10,Divorced,Technical, Not-in-family,*,Male,0,0,45,North America,>50K
9621,"[20, 30[", Private,225890,Undergraduate,10,Never-married,Other, Other-relative,*,Female,0,0,30,North America,<=50K
9622,"[20, 30[", State-gov,147147,Undergraduate,13,Never-married,Other, Not-in-family,*,Female,0,0,20,North America,<=50K
9623,"[50, 60[", Private,233780,Professional Education,11,Divorced,Other, Not-in-family,*,Female,2202,0,40,North America,<=50K
9628,"[20, 30[", Private,314182,High School,9,Never-married,Other, Not-in-family,*,Female,0,0,40,North America,<=50K
9629,"[40, 50[", Private,220776,Graduate,14,Married-civ-spouse,Nontechnical, Husband,*,Male,0,0,35,North America,>50K
9630,"[30, 40[", Local-gov,189269,High School,9,Never-married,Other, Own-child,*,Male,0,0,40,North America,<=50K
9631,"[30, 40[", Private,35429,High School,9,Married-civ-spouse,Nontechnical, Husband,*,Male,0,2042,40,North America,<=50K
9632,"[40, 50[", Private,154374,Undergraduate,13,Married-civ-spouse,Nontechnical, Husband,*,Male,0,2415,60,North America,>50K
9634,"[50, 60[", Private,251487,High School,4,Widowed,Technical, Not-in-family,*,Female,0,0,40,North America,<=50K
9635,"[30, 40[", Private,177531,High School,9,Never-married,Nontechnical, Unmarried,*,Female,0,0,25,North America,<=50K
9636,"[20, 30[", Private,53942,Undergraduate,13,Married-civ-spouse,Technical, Husband,*,Male,0,0,40,North America,<=50K
9637,"[30, 40[", Private,113481,High School,9,Divorced,Technical, Not-in-family,*,Male,0,0,40,North America,<=50K
9638,"[50, 60[", Private,361324,High School,6,Married-civ-spouse,Technical, Husband,*,Male,0,0,40,North America,<=50K
9639,"[40, 50[", Private,330087,Undergraduate,13,Married-civ-spouse,Nontechnical, Husband,*,Male,0,0,55,North America,>50K
9640,"[30, 40[", Private,276221,Graduate,16,Married-civ-spouse,Technical, Husband,*,Male,0,0,40,North America,<=50K
9641,"[40, 50[", Private,121055,Undergraduate,10,Never-married,Nontechnical, Not-in-family,*,Male,0,0,45,North America,<=50K
9642,"[60, 70[", Private,118696,High School,9,Married-civ-spouse,Technical, Husband,*,Male,0,0,40,North America,<=50K
9643,"[60, 70[", Self-emp-not-inc,289741,Undergraduate,10,Married-civ-spouse,Nontechnical, Husband,*,Male,0,0,20,North America,<=50K
9644,"[10, 20[", Private,238401,Undergraduate,10,Never-married,Nontechnical, Own-child,*,Female,0,0,25,North America,<=50K
9646,"[60, 70[", Self-emp-not-inc,26911,High School,4,Widowed,Other, Not-in-family,*,Female,0,0,66,North America,<=50K
9647,"[20, 30[", Private,161155,Professional Education,12,Married-civ-spouse,Technical, Husband,*,Male,0,0,50,North America,<=50K
9648,"[40, 50[", Private,252519,Undergraduate,13,Married-civ-spouse,Nontechnical, Husband,*,Male,0,0,40,North America,>50K
9649,"[30, 40[", Private,43712,High School,9,Married-civ-spouse,Nontechnical, Husband,*,Male,7298,0,40,North America,>50K
9650,"[60, 70[", ?,167826,Undergraduate,13,Married-civ-spouse,Other, Husband,*,Male,0,0,40,North America,<=50K
9651,"[30, 40[", Private,188900,Undergraduate,13,Married-civ-spouse,Nontechnical, Wife,*,Female,0,0,40,North America,<=50K
9652,"[40, 50[", Private,120057,Professional Education,12,Married-civ-spouse,Nontechnical, Husband,*,Male,4386,0,45,North America,>50K
9653,"[20, 30[", Private,134113,Undergraduate,13,Never-married,Other, Not-in-family,*,Male,0,0,30,North America,<=50K
9654,"[40, 50[", Local-gov,165822,Undergraduate,10,Divorced,Other, Unmarried,*,Male,0,0,40,North America,<=50K
9655,"[10, 20[", Private,99161,High School,6,Never-married,Other, Own-child,*,Male,0,0,8,North America,<=50K
9656,"[40, 50[", Local-gov,74581,Undergraduate,13,Divorced,Technical, Unmarried,*,Male,0,0,65,North America,<=50K
9657,"[10, 20[", Private,304643,Undergraduate,10,Never-married,Nontechnical, Own-child,*,Male,0,0,20,North America,<=50K
9658,"[50, 60[", Private,121821,Primary School,2,Married-civ-spouse,Other, Husband,*,Male,0,0,40,North America,<=50K
9659,"[20, 30[", Private,154863,High School,9,Never-married,Other, Unmarried,*,Male,0,0,35,North America,<=50K
9660,"[30, 40[", Local-gov,365430,Undergraduate,10,Married-civ-spouse,Other, Husband,*,Male,0,0,40,North America,>50K
9661,"[20, 30[", Private,183111,Professional Education,11,Married-civ-spouse,Technical, Husband,*,Male,0,0,40,North America,<=50K
9662,"[30, 40[", Private,50178,Undergraduate,10,Never-married,Nontechnical, Own-child,*,Male,0,0,35,North America,<=50K
9663,"[30, 40[", Private,186845,Professional Education,15,Married-civ-spouse,Technical, Husband,*,Male,0,0,45,North America,>50K
9664,"[50, 60[", Private,159908,High School,8,Never-married,Technical, Not-in-family,*,Male,0,0,40,North America,<=50K
9667,"[20, 30[", Private,143032,Graduate,14,Never-married,Technical, Own-child,*,Female,0,0,36,North America,<=50K
9668,"[30, 40[", Private,382368,High School,7,Married-civ-spouse,Technical, Husband,*,Male,0,0,40,North America,<=50K
9669,"[40, 50[", Private,210013,High School,9,Married-civ-spouse,Other, Husband,*,Male,0,0,50,North America,<=50K
9670,"[10, 20[", Private,293928,High School,9,Never-married,Other, Own-child,*,Female,0,0,20,North America,<=50K
9671,"[20, 30[", Private,208503,Undergraduate,10,Never-married,Other, Own-child,*,Male,0,0,10,North America,<=50K
9672,"[30, 40[", State-gov,191841,Undergraduate,13,Never-married,Other, Not-in-family,*,Female,8614,0,40,North America,>50K
9673,"[40, 50[", Self-emp-not-inc,355978,Professional Education,15,Married-civ-spouse,Technical, Husband,*,Male,99999,0,35,North America,>50K
9674,"[60, 70[", Local-gov,202738,High School,9,Married-civ-spouse,Other, Wife,*,Female,0,0,35,North America,<=50K
9675,"[30, 40[", Local-gov,144322,Professional Education,11,Never-married,Other, Not-in-family,*,Female,0,0,43,North America,<=50K
9676,"[70, 80[", Self-emp-not-inc,155141,Undergraduate,13,Married-civ-spouse,Technical, Husband,*,Male,0,2377,12,North America,>50K
9677,"[20, 30[", Private,160120,High School,6,Never-married,Other, Own-child,*,Male,0,0,30,North America,<=50K
9679,"[30, 40[", Private,212900,High School,9,Married-civ-spouse,Technical, Husband,*,Male,0,0,40,North America,<=50K
9680,"[20, 30[", Private,115677,Undergraduate,13,Never-married,Technical, Not-in-family,*,Male,0,0,40,North America,<=50K
9681,"[30, 40[", Private,252250,High School,7,Divorced,Technical, Not-in-family,*,Male,0,0,65,North America,<=50K
9682,"[20, 30[", Private,212041,High School,9,Never-married,Technical, Not-in-family,*,Male,0,0,50,North America,<=50K
9683,"[50, 60[", State-gov,198145,Undergraduate,13,Married-civ-spouse,Other, Husband,*,Male,0,0,35,North America,>50K
9684,"[60, 70[", Local-gov,113658,Undergraduate,10,Married-civ-spouse,Other, Wife,*,Female,0,0,35,North America,<=50K
9685,"[20, 30[", Private,32426,Undergraduate,10,Never-married,Nontechnical, Not-in-family,*,Male,0,0,25,North America,<=50K
9686,"[50, 60[", Private,98791,Undergraduate,10,Married-civ-spouse,Nontechnical, Husband,*,Male,0,0,40,North America,>50K
9687,"[30, 40[", Private,203828,High School,5,Married-civ-spouse,Other, Husband,*,Male,0,0,65,North America,<=50K
9688,"[20, 30[", State-gov,186634,High School,8,Never-married,Nontechnical, Not-in-family,*,Male,0,0,50,North America,>50K
9689,"[50, 60[", Self-emp-not-inc,125147,High School,6,Married-civ-spouse,Other, Husband,*,Male,0,0,60,North America,<=50K
9690,"[20, 30[", Private,247455,Undergraduate,13,Married-civ-spouse,Nontechnical, Wife,*,Female,5178,0,42,North America,>50K
9692,"[30, 40[", Private,330826,Professional Education,11,Married-civ-spouse,Technical, Wife,*,Female,0,0,30,North America,<=50K
9693,"[20, 30[", Private,200802,Undergraduate,10,Never-married,Technical, Not-in-family,*,Female,0,0,40,North America,<=50K
9694,"[20, 30[", Private,156266,High School,9,Never-married,Nontechnical, Own-child,*,Male,0,0,20,North America,<=50K
9695,"[50, 60[", Self-emp-not-inc,72257,Undergraduate,10,Married-civ-spouse,Nontechnical, Husband,*,Male,0,0,50,North America,<=50K
9696,"[40, 50[", Private,363087,High School,9,Separated,Technical, Unmarried,*,Female,0,0,40,North America,<=50K
9697,"[20, 30[", Private,25955,Undergraduate,10,Never-married,Technical, Own-child,*,Male,0,0,40,North America,<=50K
9698,"[20, 30[", Private,334633,High School,9,Divorced,Other, Not-in-family,*,Female,0,0,40,North America,<=50K
9699,"[20, 30[", Private,109162,Graduate,14,Never-married,Technical, Not-in-family,*,Female,0,0,50,North America,<=50K
9700,"[40, 50[", Private,569761,Professional Education,11,Married-civ-spouse,Nontechnical, Husband,*,Male,0,0,40,North America,<=50K
9701,"[30, 40[", Private,209900,Undergraduate,13,Married-civ-spouse,Technical, Husband,*,Male,0,0,40,North America,<=50K
9702,"[20, 30[", State-gov,272986,Professional Education,12,Never-married,Other, Own-child,*,Female,0,0,8,North America,<=50K
9703,"[50, 60[", ?,52267,Graduate,14,Married-civ-spouse,Other, Husband,*,Male,0,0,18,North America,<=50K
9704,"[40, 50[", Private,82946,High School,9,Never-married,Nontechnical, Not-in-family,*,Female,0,0,40,North America,<=50K
9705,"[50, 60[", Private,104651,Undergraduate,13,Married-civ-spouse,Technical, Husband,*,Male,0,0,50,North America,<=50K
9706,"[20, 30[", Local-gov,58441,Undergraduate,13,Never-married,Technical, Not-in-family,*,Female,0,0,40,North America,<=50K
9707,"[40, 50[", Local-gov,269733,High School,9,Separated,Other, Not-in-family,*,Male,0,0,40,North America,<=50K
9708,"[10, 20[", ?,128453,High School,9,Never-married,Other, Own-child,*,Female,0,0,28,North America,<=50K
9709,"[30, 40[", Private,179468,High School,9,Divorced,Technical, Not-in-family,*,Male,0,0,40,North America,<=50K
9710,"[30, 40[", Private,183081,Undergraduate,10,Never-married,Nontechnical, Not-in-family,*,Male,0,0,40,North America,<=50K
9712,"[30, 40[", ?,157289,High School,7,Never-married,Other, Unmarried,*,Male,0,0,40,North America,<=50K
9713,"[20, 30[", Private,359828,Undergraduate,13,Married-civ-spouse,Technical, Husband,*,Male,0,0,44,North America,>50K
9714,"[30, 40[", Private,155659,High School,9,Divorced,Other, Unmarried,*,Female,0,0,36,North America,<=50K
9715,"[20, 30[", Private,585203,Undergraduate,13,Married-civ-spouse,Nontechnical, Wife,*,Female,7688,0,45,North America,>50K
9716,"[60, 70[", Private,173601,Undergraduate,13,Married-civ-spouse,Technical, Husband,*,Male,0,0,40,North America,<=50K
9717,"[40, 50[", Self-emp-not-inc,214541,High School,9,Divorced,Other, Not-in-family,*,Male,0,1590,40,North America,<=50K
9718,"[40, 50[", Self-emp-not-inc,163352,Professional Education,15,Married-civ-spouse,Technical, Husband,*,Male,0,0,85,North America,>50K
9719,"[30, 40[", Self-emp-not-inc,153976,High School,9,Married-civ-spouse,Other, Husband,*,Male,0,0,50,North America,<=50K
9720,"[40, 50[", Local-gov,247676,Graduate,14,Divorced,Technical, Unmarried,*,Female,5455,0,45,North America,<=50K
9721,"[40, 50[", State-gov,155372,Graduate,14,Divorced,Technical, Not-in-family,*,Female,0,0,40,North America,<=50K
9722,"[50, 60[", Private,329733,Undergraduate,10,Never-married,Nontechnical, Not-in-family,*,Male,0,0,40,North America,<=50K
9723,"[50, 60[", Private,162576,Professional Education,12,Married-civ-spouse,Technical, Husband,*,Male,0,0,40,North America,>50K
9724,"[20, 30[", Private,176520,High School,9,Never-married,Other, Not-in-family,*,Male,0,0,53,North America,<=50K
9725,"[50, 60[", State-gov,226885,High School,9,Never-married,Other, Not-in-family,*,Male,0,0,40,North America,<=50K
9726,"[10, 20[", Private,120781,High School,6,Never-married,Other, Own-child,*,Male,0,0,20,North America,<=50K
9727,"[30, 40[", Private,375827,High School,9,Never-married,Nontechnical, Other-relative,*,Male,0,0,40,North America,<=50K
9728,"[40, 50[", Private,205504,High School,9,Divorced,Technical, Not-in-family,*,Male,0,0,20,North America,<=50K
9729,"[20, 30[", Private,198813,High School,9,Never-married,Nontechnical, Own-child,*,Female,0,0,40,North America,<=50K
9730,"[40, 50[", Self-emp-inc,254291,Undergraduate,13,Married-civ-spouse,Nontechnical, Husband,*,Male,7298,0,50,North America,>50K
9731,"[60, 70[", Private,159908,Undergraduate,10,Married-civ-spouse,Other, Wife,*,Female,0,0,38,North America,>50K
9732,"[40, 50[", Private,40000,Undergraduate,13,Married-civ-spouse,Nontechnical, Husband,*,Male,4064,0,44,North America,<=50K
9733,"[60, 70[", Private,102874,High School,9,Widowed,Other, Not-in-family,*,Female,0,0,24,North America,<=50K
9734,"[30, 40[", Private,117381,Undergraduate,13,Never-married,Nontechnical, Not-in-family,*,Male,8614,0,45,North America,>50K
9736,"[60, 70[", Private,539563,Undergraduate,10,Married-civ-spouse,Nontechnical, Husband,*,Male,0,0,45,North America,>50K
9737,"[20, 30[", Private,261561,Undergraduate,13,Never-married,Technical, Not-in-family,*,Female,0,0,40,North America,<=50K
9738,"[20, 30[", Private,81057,Undergraduate,10,Never-married,Other, Own-child,*,Female,0,0,40,North America,<=50K
9739,"[30, 40[", Self-emp-not-inc,160120,Undergraduate,13,Married-civ-spouse,Nontechnical, Husband,*,Male,0,0,45,Unknown,<=50K
9740,"[10, 20[", Private,41979,High School,6,Never-married,Other, Own-child,*,Male,0,0,40,North America,<=50K
9741,"[20, 30[", Private,275110,High School,9,Married-civ-spouse,Nontechnical, Husband,*,Male,0,0,80,North America,>50K
9742,"[60, 70[", Private,265661,High School,9,Married-civ-spouse,Other, Husband,*,Male,0,0,40,North America,<=50K
9744,"[30, 40[", Private,236543,High School,8,Married-civ-spouse,Technical, Other-relative,*,Male,0,0,40,North America,<=50K
9745,"[10, 20[", Private,29510,Undergraduate,10,Never-married,Other, Own-child,*,Female,0,0,20,North America,<=50K
9746,"[40, 50[", State-gov,105804,High School,7,Married-civ-spouse,Other, Husband,*,Male,0,0,40,North America,<=50K
9747,"[20, 30[", Private,194604,Undergraduate,13,Never-married,Nontechnical, Own-child,*,Female,0,0,15,North America,<=50K
9748,"[20, 30[", Private,1038553,High School,9,Never-married,Nontechnical, Not-in-family,*,Male,0,0,45,North America,<=50K
9750,"[30, 40[", Private,193231,Undergraduate,13,Never-married,Technical, Not-in-family,*,Male,3325,0,60,North America,<=50K
9751,"[40, 50[", Private,307468,Professional Education,15,Married-civ-spouse,Technical, Husband,*,Male,0,0,29,North America,>50K
9752,"[30, 40[", Private,255941,Graduate,14,Never-married,Nontechnical, Not-in-family,*,Female,10520,0,50,North America,>50K
9753,"[40, 50[", Local-gov,107845,Professional Education,12,Divorced,Other, Not-in-family,*,Female,0,0,56,North America,>50K
9754,"[40, 50[", Self-emp-not-inc,567788,Primary School,3,Married-civ-spouse,Other, Husband,*,Male,0,0,40,North America,<=50K
9755,"[30, 40[", Private,91857,High School,9,Married-civ-spouse,Technical, Husband,*,Male,0,0,44,North America,<=50K
9756,"[30, 40[", Private,732569,High School,5,Divorced,Other, Unmarried,*,Female,0,0,40,North America,<=50K
9757,"[20, 30[", Private,86613,Primary School,2,Never-married,Other, Not-in-family,*,Male,0,0,20,North America,<=50K
9759,"[40, 50[", Private,114754,High School,9,Married-civ-spouse,Other, Husband,*,Male,0,0,40,North America,<=50K
9760,"[30, 40[", Private,235124,High School,9,Married-civ-spouse,Other, Husband,*,Male,99999,0,40,North America,>50K
9761,"[30, 40[", Local-gov,218490,High School,9,Married-civ-spouse,Other, Husband,*,Male,7688,0,35,North America,>50K
9762,"[20, 30[", Private,329426,Undergraduate,13,Never-married,Nontechnical, Not-in-family,*,Male,0,0,45,North America,<=50K
9763,"[40, 50[", Private,181015,High School,9,Divorced,Technical, Unmarried,*,Female,0,0,50,North America,<=50K
9764,"[40, 50[", Self-emp-not-inc,264740,Professional Education,15,Married-civ-spouse,Technical, Husband,*,Male,0,0,40,North America,>50K
9765,"[30, 40[", Private,381153,Undergraduate,10,Never-married,Nontechnical, Unmarried,*,Male,0,0,60,North America,<=50K
9766,"[30, 40[", Private,189759,Undergraduate,13,Married-civ-spouse,Nontechnical, Husband,*,Male,0,1977,45,North America,>50K
9768,"[30, 40[", Private,218542,Undergraduate,10,Divorced,Technical, Unmarried,*,Female,0,0,40,North America,<=50K
9769,"[50, 60[", Private,298507,Undergraduate,13,Married-civ-spouse,Technical, Husband,*,Male,3103,0,40,North America,>50K
9771,"[20, 30[", Private,168997,Undergraduate,10,Married-civ-spouse,Technical, Husband,*,Male,0,0,40,North America,<=50K
9772,"[30, 40[", Private,168894,Undergraduate,10,Never-married,Other, Not-in-family,*,Female,0,0,40,North America,<=50K
9773,"[20, 30[", Private,149809,Professional Education,12,Never-married,Nontechnical, Own-child,*,Male,0,0,40,North America,<=50K
9774,"[30, 40[", Private,344073,High School,9,Separated,Other, Not-in-family,*,Male,0,0,40,North America,>50K
9775,"[20, 30[", Private,416165,Undergraduate,10,Never-married,Nontechnical, Unmarried,*,Female,0,0,32,North America,<=50K
9776,"[30, 40[", Private,41490,Undergraduate,10,Divorced,Other, Unmarried,*,Female,0,0,40,North America,<=50K
9777,"[60, 70[", Private,40269,Undergraduate,10,Married-civ-spouse,Nontechnical, Husband,*,Male,0,0,40,North America,>50K
9778,"[60, 70[", ?,243256,High School,5,Married-civ-spouse,Other, Husband,*,Male,0,0,15,North America,<=50K
9779,"[40, 50[", Private,250536,Undergraduate,10,Separated,Other, Unmarried,*,Female,0,0,21,North America,<=50K
9780,"[40, 50[", Federal-gov,105586,Professional Education,11,Married-civ-spouse,Technical, Husband,*,Male,0,0,40,North America,>50K
9781,"[50, 60[", Private,51499,Professional Education,11,Married-civ-spouse,Technical, Husband,*,Male,0,0,40,North America,<=50K
9782,"[30, 40[", Local-gov,189878,Undergraduate,10,Married-civ-spouse,Other, Husband,*,Male,0,0,60,North America,<=50K
9783,"[30, 40[", Private,179481,High School,9,Never-married,Technical, Not-in-family,*,Male,4650,0,44,North America,<=50K
9784,"[20, 30[", Private,299765,Undergraduate,10,Separated,Other, Other-relative,*,Female,0,0,40,North America,<=50K
9786,"[30, 40[", Private,54608,Undergraduate,13,Married-civ-spouse,Other, Husband,*,Male,0,0,40,North America,<=50K
9787,"[40, 50[", ?,174702,Undergraduate,10,Never-married,Other, Not-in-family,*,Male,0,0,35,North America,<=50K
9788,"[30, 40[", Self-emp-not-inc,285020,High School,9,Married-civ-spouse,Technical, Husband,*,Male,2885,0,40,North America,<=50K
9789,"[20, 30[", Private,201145,High School,9,Never-married,Technical, Not-in-family,*,Male,0,0,65,North America,<=50K
9790,"[50, 60[", Private,125796,Undergraduate,10,Married-civ-spouse,Other, Wife,*,Female,0,0,35,North America,<=50K
9791,"[50, 60[", Private,249072,High School,9,Married-civ-spouse,Other, Husband,*,Male,0,0,60,North America,<=50K
9792,"[30, 40[", Private,99156,Undergraduate,13,Never-married,Nontechnical, Not-in-family,*,Male,0,0,50,North America,<=50K
9794,"[30, 40[", Private,111128,Undergraduate,13,Married-civ-spouse,Technical, Husband,*,Male,0,0,48,North America,>50K
9795,"[30, 40[", Local-gov,157887,High School,9,Married-civ-spouse,Technical, Husband,*,Male,0,0,40,North America,<=50K
9796,"[30, 40[", Private,74194,High School,9,Married-civ-spouse,Nontechnical, Husband,*,Male,0,0,55,North America,<=50K
9797,"[40, 50[", Self-emp-inc,168191,Undergraduate,10,Married-civ-spouse,Technical, Husband,*,Male,0,0,40,North America,<=50K
9798,"[40, 50[", Private,28334,Undergraduate,10,Married-civ-spouse,Nontechnical, Husband,*,Male,0,0,45,North America,>50K
9800,"[40, 50[", Private,721161,Undergraduate,10,Separated,Technical, Not-in-family,*,Male,0,0,40,North America,<=50K
9801,"[30, 40[", Private,188069,Undergraduate,10,Married-civ-spouse,Nontechnical, Husband,*,Male,0,0,50,North America,>50K
9802,"[40, 50[", Private,145178,Undergraduate,10,Divorced,Technical, Unmarried,*,Female,0,0,30,North America,<=50K
9803,"[10, 20[", Private,52967,High School,6,Never-married,Other, Own-child,*,Female,0,0,6,North America,<=50K
9804,"[10, 20[", Private,177578,High School,9,Never-married,Nontechnical, Own-child,*,Female,0,0,38,North America,<=50K
9805,"[30, 40[", Self-emp-inc,185384,Undergraduate,10,Married-civ-spouse,Nontechnical, Wife,*,Female,0,0,25,North America,<=50K
9807,"[50, 60[", Private,329059,Undergraduate,13,Never-married,Technical, Not-in-family,*,Male,0,0,50,North America,<=50K
9808,"[30, 40[", Local-gov,348802,High School,9,Married-civ-spouse,Other, Husband,*,Male,0,0,40,North America,<=50K
9809,"[50, 60[", Private,34233,High School,9,Married-civ-spouse,Other, Husband,*,Male,0,0,50,North America,<=50K
9810,"[20, 30[", Private,509629,High School,9,Never-married,Other, Own-child,*,Female,0,0,25,North America,<=50K
9812,"[40, 50[", Local-gov,83286,Graduate,14,Married-civ-spouse,Technical, Wife,*,Female,0,0,40,North America,>50K
9813,"[20, 30[", Private,309098,Professional Education,11,Never-married,Technical, Not-in-family,*,Male,0,0,40,North America,<=50K
9814,"[40, 50[", Private,188950,Graduate,14,Married-civ-spouse,Nontechnical, Husband,*,Male,0,0,50,North America,>50K
9815,"[20, 30[", Private,224217,High School,9,Never-married,Other, Not-in-family,*,Male,0,0,40,North America,<=50K
9817,"[40, 50[", Self-emp-not-inc,123306,Professional Education,15,Married-civ-spouse,Technical, Husband,*,Male,0,0,45,North America,>50K
9818,"[50, 60[", Federal-gov,279337,High School,9,Married-civ-spouse,Other, Husband,*,Male,0,0,40,North America,<=50K
9819,"[30, 40[", Private,347166,Graduate,16,Never-married,Technical, Not-in-family,*,Male,0,0,50,North America,>50K
9820,"[30, 40[", Local-gov,251396,Professional Education,12,Married-civ-spouse,Technical, Husband,*,Male,0,0,45,North America,>50K
9821,"[10, 20[", Self-emp-inc,143034,High School,6,Never-married,Other, Own-child,*,Male,0,0,4,North America,<=50K
9823,"[30, 40[", Local-gov,162651,Undergraduate,13,Divorced,Technical, Not-in-family,*,Male,0,0,40,North America,<=50K
9825,"[30, 40[", Local-gov,84570,Undergraduate,10,Never-married,Other, Own-child,*,Female,0,0,40,North America,<=50K
9826,"[30, 40[", Private,181091,Undergraduate,13,Married-civ-spouse,Other, Husband,*,Male,0,0,60,Asia,>50K
9827,"[50, 60[", Local-gov,117496,Graduate,14,Married-civ-spouse,Technical, Wife,*,Female,0,0,40,North America,>50K
9829,"[50, 60[", Self-emp-inc,204447,Undergraduate,10,Divorced,Other, Not-in-family,*,Male,0,0,40,North America,<=50K
9830,"[10, 20[", Private,374969,High School,6,Never-married,Other, Not-in-family,*,Male,0,0,56,North America,<=50K
9832,"[40, 50[", Private,179869,High School,9,Married-civ-spouse,Technical, Husband,*,Male,0,0,40,North America,<=50K
9833,"[60, 70[", Self-emp-not-inc,137733,Undergraduate,13,Married-civ-spouse,Other, Husband,*,Male,0,0,50,North America,<=50K
9834,"[20, 30[", Private,193125,High School,9,Never-married,Technical, Not-in-family,*,Female,0,0,40,North America,<=50K
9835,"[30, 40[", Private,103649,Undergraduate,10,Never-married,Other, Own-child,*,Female,0,0,40,North America,<=50K
9836,"[50, 60[", State-gov,54260,Graduate,16,Married-civ-spouse,Technical, Not-in-family,*,Male,2885,0,40,Asia,<=50K
9837,"[20, 30[", Private,197932,High School,9,Married-civ-spouse,Nontechnical, Wife,*,Female,0,0,40,North America,>50K
9838,"[30, 40[", Private,249720,Undergraduate,13,Never-married,Other, Unmarried,*,Female,0,0,27,North America,<=50K
9840,"[20, 30[", Private,259865,High School,9,Never-married,Other, Not-in-family,*,Female,0,0,30,North America,<=50K
9841,"[20, 30[", Private,301694,High School,9,Never-married,Technical, Not-in-family,*,Male,0,0,35,North America,<=50K
9842,"[40, 50[", Self-emp-inc,276934,Undergraduate,13,Married-civ-spouse,Nontechnical, Husband,*,Male,0,0,70,North America,>50K
9843,"[20, 30[", Private,395512,High School,8,Married-civ-spouse,Technical, Other-relative,*,Male,0,0,40,North America,<=50K
9844,"[40, 50[", Private,168071,High School,9,Never-married,Technical, Own-child,*,Male,0,0,28,North America,<=50K
9845,"[20, 30[", Private,45317,Undergraduate,10,Separated,Nontechnical, Own-child,*,Female,0,0,40,North America,<=50K
9846,"[40, 50[", Self-emp-not-inc,311177,Undergraduate,10,Never-married,Other, Not-in-family,*,Male,0,0,30,North America,<=50K
9847,"[20, 30[", Self-emp-not-inc,190636,Undergraduate,10,Married-civ-spouse,Technical, Husband,*,Male,0,1485,60,North America,>50K
9850,"[20, 30[", Private,107389,High School,9,Never-married,Nontechnical, Own-child,*,Male,0,0,32,North America,<=50K
9851,"[10, 20[", Private,293440,High School,7,Never-married,Other, Own-child,*,Female,0,0,15,North America,<=50K
9852,"[50, 60[", Private,145409,High School,9,Married-civ-spouse,Technical, Husband,*,Male,0,0,40,North America,>50K
9853,"[20, 30[", Private,213902,Primary School,3,Never-married,Other, Other-relative,*,Female,0,0,40,North America,<=50K
9856,"[40, 50[", Local-gov,233891,High School,9,Never-married,Other, Unmarried,*,Female,0,0,35,North America,<=50K
9858,"[30, 40[", Private,474136,High School,9,Never-married,Technical, Not-in-family,*,Male,0,1408,40,North America,<=50K
9859,"[40, 50[", Self-emp-not-inc,355856,Undergraduate,13,Married-civ-spouse,Nontechnical, Husband,*,Male,0,0,50,Asia,<=50K
9860,"[20, 30[", ?,144685,Undergraduate,10,Never-married,Other, Own-child,*,Female,0,1602,40,Asia,<=50K
9861,"[40, 50[", Self-emp-not-inc,139212,Undergraduate,10,Divorced,Technical, Not-in-family,*,Male,0,0,40,North America,<=50K
9862,"[50, 60[", State-gov,143931,Undergraduate,13,Widowed,Technical, Not-in-family,*,Female,0,0,40,North America,<=50K
9863,"[50, 60[", Federal-gov,160703,High School,9,Married-civ-spouse,Other, Husband,*,Male,0,0,40,North America,<=50K
9864,"[30, 40[", Private,191291,Undergraduate,10,Never-married,Technical, Not-in-family,*,Male,0,0,40,North America,<=50K
9865,"[40, 50[", Private,68729,Undergraduate,10,Married-civ-spouse,Nontechnical, Husband,*,Male,0,1902,40,North America,>50K
9867,"[30, 40[", Private,227545,Undergraduate,10,Married-civ-spouse,Nontechnical, Husband,*,Male,0,0,44,North America,>50K
9868,"[30, 40[", Private,32776,Undergraduate,13,Married-civ-spouse,Nontechnical, Husband,*,Male,0,1977,40,North America,>50K
9869,"[30, 40[", Private,228881,Undergraduate,10,Separated,Technical, Not-in-family,*,Male,0,0,40,North America,<=50K
9870,"[20, 30[", Private,84648,Undergraduate,10,Never-married,Nontechnical, Own-child,*,Female,0,0,25,North America,<=50K
9872,"[60, 70[", ?,68954,High School,9,Widowed,Other, Not-in-family,*,Female,0,0,11,North America,<=50K
9873,"[40, 50[", Local-gov,285060,Graduate,14,Married-civ-spouse,Nontechnical, Husband,*,Male,0,1977,41,North America,>50K
9874,"[50, 60[", Self-emp-inc,209569,High School,9,Divorced,Nontechnical, Unmarried,*,Female,0,0,50,North America,>50K
9875,"[30, 40[", Local-gov,331126,Undergraduate,13,Never-married,Other, Own-child,*,Male,0,0,48,North America,<=50K
9876,"[20, 30[", Private,279872,Undergraduate,10,Divorced,Other, Not-in-family,*,Male,0,0,40,North America,<=50K
9877,"[50, 60[", Private,150560,Undergraduate,13,Divorced,Other, Not-in-family,*,Female,14084,0,40,North America,>50K
9878,"[20, 30[", Local-gov,185647,Undergraduate,10,Married-civ-spouse,Other, Husband,*,Male,0,0,48,North America,<=50K
9879,"[50, 60[", Private,128871,High School,4,Divorced,Technical, Not-in-family,*,Female,0,0,64,North America,<=50K
9880,"[30, 40[", Federal-gov,386331,High School,9,Married-civ-spouse,Other, Husband,*,Male,0,0,50,North America,<=50K
9881,"[50, 60[", Private,117814,Undergraduate,10,Divorced,Other, Unmarried,*,Female,0,0,38,North America,<=50K
9882,"[40, 50[", Private,220609,Undergraduate,10,Divorced,Technical, Not-in-family,*,Female,0,0,50,North America,<=50K
9883,"[40, 50[", Local-gov,117022,High School,9,Married-spouse-absent,Other, Unmarried,*,Male,0,0,40,North America,<=50K
9884,"[50, 60[", Self-emp-inc,176751,Graduate,14,Divorced,Nontechnical, Not-in-family,*,Male,0,0,80,North America,>50K
9885,"[60, 70[", ?,76371,High School,9,Married-civ-spouse,Other, Husband,*,Male,0,0,35,North America,<=50K
9886,"[30, 40[", Private,80410,High School,7,Married-civ-spouse,Other, Husband,*,Male,0,0,40,North America,<=50K
9887,"[20, 30[", Private,127202,High School,9,Divorced,Technical, Not-in-family,*,Male,0,0,40,North America,<=50K
9888,"[20, 30[", Private,121471,High School,7,Never-married,Nontechnical, Not-in-family,*,Female,0,0,40,North America,<=50K
9889,"[20, 30[", Private,219086,Undergraduate,10,Married-civ-spouse,Nontechnical, Husband,*,Male,0,0,55,North America,<=50K
9890,"[50, 60[", Private,271571,Undergraduate,10,Married-civ-spouse,Technical, Husband,*,Male,15024,0,50,North America,>50K
9891,"[30, 40[", Private,241583,Undergraduate,10,Married-civ-spouse,Technical, Husband,*,Male,0,0,40,North America,<=50K
9892,"[20, 30[", Private,374253,High School,9,Separated,Other, Not-in-family,*,Female,0,0,55,North America,<=50K
9893,"[30, 40[", Private,214993,High School,9,Married-civ-spouse,Technical, Husband,*,Male,0,0,40,North America,<=50K
9894,"[50, 60[", Local-gov,199995,Undergraduate,13,Divorced,Other, Not-in-family,*,Male,0,0,40,North America,>50K
9895,"[30, 40[", Private,450924,High School,8,Married-civ-spouse,Other, Husband,*,Male,3942,0,40,North America,<=50K
9896,"[20, 30[", Private,120359,High School,9,Married-civ-spouse,Other, Husband,*,Male,0,0,40,North America,<=50K
9897,"[70, 80[", Private,93125,High School,9,Married-civ-spouse,Nontechnical, Husband,*,Male,1424,0,24,North America,<=50K
9898,"[20, 30[", Private,187513,Professional Education,11,Never-married,Technical, Unmarried,*,Male,0,0,40,North America,<=50K
9899,"[60, 70[", Private,243569,Undergraduate,10,Widowed,Other, Unmarried,*,Female,0,0,24,North America,<=50K
9900,"[40, 50[", Private,295510,High School,9,Married-civ-spouse,Nontechnical, Husband,*,Male,0,0,45,North America,>50K
9901,"[20, 30[", Private,29732,Undergraduate,13,Married-civ-spouse,Technical, Wife,*,Female,0,0,24,North America,<=50K
9902,"[30, 40[", Private,211743,Undergraduate,13,Never-married,Nontechnical, Not-in-family,*,Male,0,0,45,North America,<=50K
9903,"[30, 40[", Private,251396,Professional Education,12,Married-civ-spouse,Nontechnical, Husband,*,Male,0,0,65,North America,>50K
9904,"[60, 70[", Private,477697,High School,9,Married-civ-spouse,Nontechnical, Husband,*,Male,0,0,16,North America,<=50K
9905,"[40, 50[", Private,151584,Undergraduate,10,Married-civ-spouse,Technical, Husband,*,Male,0,0,40,North America,>50K
9906,"[40, 50[", Private,193882,Undergraduate,13,Married-civ-spouse,Nontechnical, Husband,*,Male,0,0,40,North America,>50K
9907,"[60, 70[", ?,117542,High School,9,Married-civ-spouse,Other, Husband,*,Male,1409,0,15,North America,<=50K
9908,"[30, 40[", Private,242460,Undergraduate,13,Married-civ-spouse,Nontechnical, Husband,*,Male,7688,0,40,North America,>50K
9909,"[30, 40[", Private,411395,Undergraduate,10,Married-civ-spouse,Nontechnical, Husband,*,Male,0,0,36,North America,<=50K
9910,"[50, 60[", Private,191025,Undergraduate,10,Divorced,Other, Not-in-family,*,Female,0,0,43,North America,<=50K
9912,"[30, 40[", Private,208657,Undergraduate,10,Divorced,Other, Unmarried,*,Female,0,0,40,North America,<=50K
9913,"[20, 30[", Private,29599,Undergraduate,10,Married-civ-spouse,Other, Husband,*,Male,0,0,38,North America,<=50K
9914,"[30, 40[", Private,423711,High School,9,Married-civ-spouse,Technical, Husband,*,Male,0,0,45,North America,<=50K
9915,"[20, 30[", Private,122000,Undergraduate,10,Never-married,Nontechnical, Not-in-family,*,Male,0,0,60,North America,<=50K
9916,"[30, 40[", Private,148581,High School,9,Married-civ-spouse,Other, Husband,*,Male,0,0,50,North America,>50K
9917,"[40, 50[", Self-emp-not-inc,222978,Graduate,16,Never-married,Technical, Not-in-family,*,Female,0,0,45,North America,<=50K
9918,"[30, 40[", Private,149118,High School,9,Divorced,Technical, Not-in-family,*,Female,0,0,40,North America,<=50K
9919,"[30, 40[", Self-emp-inc,218407,Undergraduate,10,Never-married,Nontechnical, Not-in-family,*,Male,0,0,70,North America,<=50K
9920,"[40, 50[", Self-emp-not-inc,112200,Undergraduate,13,Never-married,Nontechnical, Not-in-family,*,Male,10520,0,45,North America,>50K
9921,"[40, 50[", Private,85604,High School,9,Divorced,Technical, Not-in-family,*,Male,0,0,40,North America,>50K
9922,"[10, 20[", Private,111232,High School,9,Never-married,Nontechnical, Own-child,*,Male,0,0,40,North America,<=50K
9923,"[20, 30[", Private,99199,High School,9,Married-civ-spouse,Nontechnical, Husband,*,Male,0,0,48,North America,<=50K
9924,"[50, 60[", Private,199995,High School,5,Married-civ-spouse,Technical, Husband,*,Male,0,0,50,North America,>50K
9925,"[60, 70[", Private,122850,High School,9,Married-civ-spouse,Technical, Husband,*,Male,0,0,16,North America,<=50K
9926,"[70, 80[", ?,90557,High School,7,Married-civ-spouse,Other, Husband,*,Male,0,0,8,North America,<=50K
9927,"[10, 20[", ?,271935,High School,7,Never-married,Other, Other-relative,*,Female,0,0,20,North America,<=50K
9928,"[30, 40[", Self-emp-not-inc,361497,High School,9,Never-married,Technical, Not-in-family,*,Male,0,0,40,North America,<=50K
9929,"[20, 30[", Local-gov,399020,Undergraduate,10,Never-married,Other, Not-in-family,*,Female,0,0,55,North America,<=50K
9930,"[30, 40[", Private,345277,Undergraduate,13,Never-married,Technical, Not-in-family,*,Female,0,0,45,North America,>50K
9931,"[20, 30[", Federal-gov,55233,Undergraduate,10,Never-married,Other, Other-relative,*,Female,0,0,40,North America,<=50K
9932,"[20, 30[", Self-emp-not-inc,200515,Undergraduate,10,Married-civ-spouse,Technical, Husband,*,Male,0,0,40,North America,<=50K
9933,"[20, 30[", Private,188119,High School,9,Never-married,Nontechnical, Not-in-family,*,Female,0,0,40,North America,<=50K
9934,"[20, 30[", Private,176683,High School,9,Never-married,Other, Not-in-family,*,Male,0,0,48,North America,<=50K
9935,"[20, 30[", Private,309178,High School,9,Never-married,Other, Own-child,*,Male,0,0,40,North America,<=50K
9936,"[60, 70[", Self-emp-not-inc,40021,High School,9,Married-civ-spouse,Other, Husband,*,Male,0,0,35,North America,<=50K
9937,"[30, 40[", Self-emp-inc,49923,High School,9,Married-civ-spouse,Nontechnical, Husband,*,Male,0,0,40,North America,<=50K
9938,"[30, 40[", ?,36635,Undergraduate,10,Never-married,Other, Unmarried,*,Female,0,0,25,North America,<=50K
9940,"[30, 40[", Private,124407,Undergraduate,13,Never-married,Technical, Not-in-family,*,Female,0,0,40,North America,<=50K
9941,"[30, 40[", Self-emp-not-inc,301568,High School,9,Married-civ-spouse,Technical, Wife,*,Female,0,0,35,North America,>50K
9942,"[20, 30[", Private,339956,High School,9,Married-civ-spouse,Other, Husband,*,Male,0,0,60,North America,<=50K
9943,"[30, 40[", Private,176335,Undergraduate,10,Never-married,Other, Not-in-family,*,Male,0,0,40,North America,<=50K
9944,"[30, 40[", Private,198452,Professional Education,12,Divorced,Nontechnical, Not-in-family,*,Female,0,0,45,North America,<=50K
9946,"[40, 50[", Private,171807,Undergraduate,13,Divorced,Other, Unmarried,*,Female,0,0,56,North America,>50K
9947,"[20, 30[", Private,362826,High School,9,Never-married,Nontechnical, Other-relative,*,Male,0,0,45,North America,<=50K
9948,"[40, 50[", Self-emp-not-inc,344329,High School,9,Married-civ-spouse,Other, Husband,*,Male,0,0,10,North America,<=50K
9949,"[20, 30[", Private,137678,High School,9,Never-married,Other, Not-in-family,*,Male,0,0,40,North America,<=50K
9950,"[20, 30[", Private,175424,Undergraduate,10,Never-married,Other, Own-child,*,Female,0,0,40,North America,<=50K
9951,"[30, 40[", State-gov,73296,High School,9,Never-married,Other, Unmarried,*,Female,1831,0,40,North America,<=50K
9952,"[30, 40[", State-gov,137613,Graduate,14,Married-civ-spouse,Technical, Husband,*,Male,0,0,17,Asia,<=50K
9953,"[60, 70[", Self-emp-not-inc,354405,High School,9,Widowed,Other, Not-in-family,*,Female,0,0,20,North America,<=50K
9954,"[30, 40[", Private,130057,High School,9,Married-civ-spouse,Nontechnical, Husband,*,Male,0,0,55,North America,>50K
9955,"[40, 50[", Self-emp-not-inc,362883,High School,9,Divorced,Technical, Not-in-family,*,Male,0,0,60,North America,>50K
9956,"[50, 60[", Private,49017,High School,9,Widowed,Other, Not-in-family,*,Female,0,0,24,North America,<=50K
9958,"[40, 50[", Self-emp-inc,99185,Undergraduate,13,Married-civ-spouse,Technical, Husband,*,Male,0,0,60,North America,<=50K
9959,"[40, 50[", Private,294708,High School,9,Married-civ-spouse,Other, Husband,*,Male,0,0,40,North America,>50K
9960,"[10, 20[", Private,228238,High School,9,Never-married,Technical, Other-relative,*,Male,0,0,40,North America,<=50K
9961,"[20, 30[", Private,156819,High School,9,Divorced,Nontechnical, Unmarried,*,Female,0,0,36,North America,<=50K
9962,"[40, 50[", Private,332727,Undergraduate,13,Married-civ-spouse,Technical, Husband,*,Male,0,0,60,North America,>50K
9963,"[20, 30[", Private,289944,Undergraduate,10,Never-married,Technical, Not-in-family,*,Female,0,0,20,North America,<=50K
9965,"[20, 30[", Private,24153,Undergraduate,10,Married-civ-spouse,Other, Wife,*,Female,0,0,40,North America,<=50K
9966,"[40, 50[", Private,273425,Undergraduate,13,Married-civ-spouse,Nontechnical, Husband,*,Male,0,0,50,North America,>50K
9967,"[60, 70[", Private,231183,High School,9,Widowed,Nontechnical, Not-in-family,*,Female,0,0,40,North America,<=50K
9968,"[20, 30[", Private,313930,High School,7,Never-married,Technical, Not-in-family,*,Male,0,0,40,North America,<=50K
9969,"[20, 30[", Private,114483,High School,9,Married-civ-spouse,Technical, Husband,*,Male,0,0,40,North America,<=50K
9970,"[40, 50[", Private,162108,Undergraduate,13,Never-married,Other, Not-in-family,*,Female,0,0,40,North America,<=50K
9971,"[10, 20[", Private,168807,High School,4,Never-married,Technical, Not-in-family,*,Male,0,0,45,North America,<=50K
9972,"[40, 50[", Local-gov,143828,Graduate,14,Divorced,Technical, Unmarried,*,Female,9562,0,40,North America,>50K
9974,"[40, 50[", Local-gov,111558,Undergraduate,10,Divorced,Technical, Own-child,*,Female,0,0,40,North America,<=50K
9975,"[10, 20[", Private,69770,Undergraduate,10,Never-married,Other, Own-child,*,Male,0,0,20,North America,<=50K
9976,"[30, 40[", Private,291981,High School,9,Divorced,Technical, Not-in-family,*,Male,0,0,40,North America,<=50K
9977,"[20, 30[", Private,102460,Undergraduate,10,Married-civ-spouse,Other, Husband,*,Male,0,0,40,North America,<=50K
9978,"[40, 50[", Private,151584,High School,9,Divorced,Nontechnical, Own-child,*,Male,0,1876,40,North America,<=50K
9979,"[40, 50[", Local-gov,287320,Graduate,14,Never-married,Technical, Not-in-family,*,Male,0,0,40,North America,<=50K
9980,"[20, 30[", Private,115677,Undergraduate,13,Never-married,Technical, Not-in-family,*,Male,0,0,40,North America,<=50K
9981,"[20, 30[", Private,239632,High School,9,Never-married,Other, Not-in-family,*,Female,0,0,40,North America,<=50K
9982,"[30, 40[", Private,409172,Undergraduate,13,Married-civ-spouse,Nontechnical, Own-child,*,Male,0,0,55,North America,<=50K
9983,"[20, 30[", Private,186849,High School,9,Never-married,Other, Other-relative,*,Male,0,0,40,North America,<=50K
9984,"[20, 30[", Private,118861,High School,6,Married-civ-spouse,Technical, Wife,*,Female,0,0,48,North America,<=50K
9986,"[40, 50[", State-gov,170924,Graduate,14,Married-civ-spouse,Technical, Husband,*,Male,0,0,40,North America,<=50K
9987,"[60, 70[", ?,274451,High School,4,Married-civ-spouse,Other, Husband,*,Male,0,0,40,North America,<=50K
9988,"[40, 50[", Private,153489,Undergraduate,13,Married-civ-spouse,Nontechnical, Husband,*,Male,0,0,50,North America,<=50K
9989,"[30, 40[", Private,186489,High School,5,Married-civ-spouse,Nontechnical, Husband,*,Male,0,0,46,North America,<=50K
9990,"[10, 20[", Private,192409,High School,8,Never-married,Other, Own-child,*,Female,0,0,25,North America,<=50K
9991,"[50, 60[", State-gov,337599,Undergraduate,10,Divorced,Other, Not-in-family,*,Male,0,0,40,North America,<=50K
9992,"[40, 50[", Private,195545,High School,9,Divorced,Technical, Own-child,*,Female,0,0,40,North America,<=50K
9993,"[60, 70[", Private,61892,High School,9,Widowed,Other, Not-in-family,*,Female,0,0,15,North America,<=50K
9994,"[30, 40[", Self-emp-not-inc,175697,Professional Education,11,Married-civ-spouse,Technical, Husband,*,Male,0,0,75,North America,<=50K
9995,"[30, 40[", Private,80303,Undergraduate,10,Married-civ-spouse,Nontechnical, Husband,*,Male,0,0,60,North America,>50K
9996,"[20, 30[", Private,419658,High School,9,Never-married,Other, Own-child,*,Female,0,0,8,North America,<=50K
9997,"[20, 30[", Private,319163,Undergraduate,10,Never-married,Other, Own-child,*,Male,0,0,40,North America,<=50K
9998,"[30, 40[", Private,126743,Primary School,2,Married-civ-spouse,Other, Husband,*,Male,0,0,53,North America,<=50K
9999,"[30, 40[", Private,301568,Undergraduate,10,Divorced,Nontechnical, Unmarried,*,Female,0,0,40,North America,<=50K
10000,"[30, 40[", Private,120461,Undergraduate,10,Divorced,Other, Not-in-family,*,Female,0,0,50,North America,<=50K
10001,"[20, 30[", Private,268145,Undergraduate,13,Never-married,Nontechnical, Not-in-family,*,Female,0,0,45,North America,<=50K
10002,"[50, 60[", Private,257337,Undergraduate,10,Married-civ-spouse,Technical, Husband,*,Male,0,0,40,North America,>50K
10004,"[20, 30[", Private,303431,High School,9,Married-civ-spouse,Other, Wife,*,Female,0,0,40,North America,<=50K
10005,"[50, 60[", Private,124963,Professional Education,12,Married-civ-spouse,Nontechnical, Husband,*,Male,0,0,50,North America,<=50K
10006,"[20, 30[", Private,158218,High School,9,Never-married,Other, Unmarried,*,Male,0,0,35,North America,<=50K
10007,"[20, 30[", State-gov,553473,Undergraduate,13,Married-civ-spouse,Other, Wife,*,Female,0,0,48,North America,<=50K
10008,"[50, 60[", Private,46155,High School,9,Married-civ-spouse,Other, Other-relative,*,Female,0,0,40,North America,<=50K
10009,"[60, 70[", Private,138714,Undergraduate,13,Married-civ-spouse,Technical, Husband,*,Male,0,0,55,North America,>50K
10010,"[50, 60[", Private,231781,High School,9,Married-civ-spouse,Nontechnical, Husband,*,Male,0,0,40,North America,>50K
10012,"[20, 30[", Private,19410,High School,9,Divorced,Nontechnical, Unmarried,*,Female,0,0,48,North America,<=50K
10013,"[70, 80[", ?,28471,High School,5,Widowed,Other, Unmarried,*,Female,0,0,25,North America,<=50K
10014,"[20, 30[", Private,185821,Undergraduate,10,Never-married,Nontechnical, Own-child,*,Female,0,0,40,North America,<=50K
10016,"[20, 30[", ?,194031,Undergraduate,10,Never-married,Other, Not-in-family,*,Female,0,0,25,North America,<=50K
10017,"[40, 50[", Local-gov,144995,Graduate,14,Married-civ-spouse,Nontechnical, Husband,*,Male,0,0,55,North America,<=50K
10018,"[40, 50[", Private,162494,High School,9,Never-married,Nontechnical, Own-child,*,Female,0,0,19,North America,<=50K
10019,"[30, 40[", Private,171968,High School,9,Married-civ-spouse,Technical, Husband,*,Male,0,0,40,North America,<=50K
10020,"[20, 30[", Private,232569,High School,9,Never-married,Nontechnical, Not-in-family,*,Male,0,0,40,North America,<=50K
10021,"[40, 50[", Private,161819,High School,7,Separated,Other, Unmarried,*,Female,0,0,25,North America,<=50K
10022,"[10, 20[", Private,123343,High School,7,Never-married,Nontechnical, Not-in-family,*,Female,0,0,30,North America,<=50K
10023,"[40, 50[", Private,105449,Undergraduate,13,Never-married,Other, Not-in-family,*,Male,0,0,25,North America,<=50K
10024,"[40, 50[", Private,181717,Professional Education,11,Separated,Technical, Own-child,*,Female,0,0,36,North America,<=50K
10025,"[40, 50[", Local-gov,102359,Undergraduate,13,Married-civ-spouse,Technical, Husband,*,Male,0,0,37,North America,<=50K
10026,"[20, 30[", Private,72887,High School,9,Never-married,Nontechnical, Other-relative,*,Male,0,0,40,North America,<=50K
10028,"[30, 40[", Private,255191,Undergraduate,13,Married-civ-spouse,Technical, Husband,*,Male,0,0,45,North America,>50K
10029,"[30, 40[", Private,174789,Undergraduate,10,Never-married,Technical, Not-in-family,*,Male,0,0,40,North America,<=50K
10030,"[30, 40[", Private,110402,High School,7,Married-civ-spouse,Nontechnical, Husband,*,Male,0,0,35,North America,<=50K
10031,"[10, 20[", Private,208513,High School,9,Never-married,Technical, Other-relative,*,Male,0,0,40,North America,<=50K
10032,"[30, 40[", Private,121904,Undergraduate,10,Never-married,Other, Not-in-family,*,Female,0,0,28,North America,<=50K
10033,"[20, 30[", Private,34335,High School,9,Divorced,Nontechnical, Not-in-family,*,Male,14084,0,40,North America,>50K
10035,"[60, 70[", ?,135285,High School,9,Married-civ-spouse,Other, Husband,*,Male,0,2603,32,North America,<=50K
10036,"[30, 40[", Self-emp-inc,126675,Undergraduate,10,Married-civ-spouse,Technical, Husband,*,Male,0,0,25,North America,<=50K
10037,"[20, 30[", Private,217363,High School,9,Separated,Other, Unmarried,*,Female,0,0,40,North America,<=50K
10038,"[40, 50[", Private,91836,High School,6,Married-civ-spouse,Technical, Husband,*,Male,0,0,40,North America,<=50K
10039,"[20, 30[", Private,184813,Undergraduate,10,Never-married,Other, Own-child,*,Male,0,0,40,North America,<=50K
10040,"[10, 20[", Private,178142,High School,9,Never-married,Technical, Own-child,*,Male,0,0,40,North America,<=50K
10042,"[30, 40[", Self-emp-inc,281832,Graduate,16,Married-civ-spouse,Technical, Husband,*,Male,0,0,40,North America,>50K
10043,"[20, 30[", Private,96226,High School,9,Married-civ-spouse,Technical, Husband,*,Male,0,0,45,North America,<=50K
10045,"[20, 30[", Private,56322,Undergraduate,10,Never-married,Other, Own-child,*,Male,2176,0,25,North America,<=50K
10046,"[50, 60[", Local-gov,97449,Undergraduate,10,Married-civ-spouse,Other, Husband,*,Male,0,0,48,North America,<=50K
10047,"[30, 40[", Private,339773,Undergraduate,10,Married-civ-spouse,Nontechnical, Husband,*,Male,0,0,40,North America,>50K
10048,"[30, 40[", Federal-gov,210926,High School,9,Separated,Nontechnical, Unmarried,*,Female,0,0,40,North America,<=50K
10049,"[20, 30[", Private,199499,Professional Education,11,Never-married,Other, Not-in-family,*,Male,0,0,40,North America,<=50K
10050,"[40, 50[", Federal-gov,190729,Undergraduate,10,Married-civ-spouse,Other, Husband,*,Male,0,0,40,North America,<=50K
10051,"[30, 40[", Self-emp-inc,191385,Graduate,16,Never-married,Technical, Not-in-family,*,Male,0,0,77,North America,<=50K
10052,"[60, 70[", Private,193479,High School,9,Widowed,Other, Unmarried,*,Female,0,0,24,North America,<=50K
10053,"[40, 50[", Self-emp-not-inc,225165,High School,7,Married-civ-spouse,Technical, Husband,*,Male,0,0,55,North America,<=50K
10054,"[30, 40[", Private,346766,High School,9,Never-married,Nontechnical, Not-in-family,*,Female,0,0,40,North America,<=50K
10055,"[30, 40[", State-gov,152307,Undergraduate,13,Married-civ-spouse,Technical, Husband,*,Male,0,0,40,North America,<=50K
10056,"[10, 20[", ?,79990,High School,7,Never-married,Other, Own-child,*,Male,0,0,35,North America,<=50K
10057,"[40, 50[", Self-emp-not-inc,170649,Undergraduate,10,Married-civ-spouse,Other, Husband,*,Male,0,0,60,North America,<=50K
10058,"[20, 30[", Private,197207,Undergraduate,13,Never-married,Technical, Not-in-family,*,Female,0,0,40,North America,<=50K
10059,"[30, 40[", Private,229732,Undergraduate,13,Married-civ-spouse,Nontechnical, Husband,*,Male,0,0,45,North America,<=50K
10060,"[50, 60[", Private,204402,High School,9,Married-civ-spouse,Other, Husband,*,Male,0,0,85,North America,>50K
10061,"[30, 40[", Private,181065,Professional Education,12,Married-civ-spouse,Technical, Husband,*,Male,0,0,40,North America,>50K
10062,"[30, 40[", Private,179579,Undergraduate,10,Married-civ-spouse,Technical, Husband,*,Male,0,0,50,Unknown,>50K
10063,"[50, 60[", Private,237729,High School,9,Widowed,Nontechnical, Not-in-family,*,Female,0,2444,72,North America,>50K
10064,"[20, 30[", ?,164574,Professional Education,12,Never-married,Other, Own-child,*,Male,0,0,40,North America,<=50K
10065,"[70, 80[", Private,179574,Professional Education,15,Married-civ-spouse,Technical, Husband,*,Male,0,0,12,North America,>50K
10066,"[20, 30[", Private,191782,High School,9,Never-married,Other, Other-relative,*,Female,0,0,30,North America,<=50K
10067,"[50, 60[", Private,146660,High School,9,Married-civ-spouse,Technical, Husband,*,Male,0,0,60,North America,<=50K
10068,"[20, 30[", Self-emp-not-inc,115945,Undergraduate,10,Never-married,Technical, Unmarried,*,Male,0,0,40,North America,<=50K
10069,"[40, 50[", Private,210875,High School,9,Married-civ-spouse,Technical, Husband,*,Male,0,0,40,North America,<=50K
10070,"[20, 30[", Private,137898,High School,9,Married-civ-spouse,Technical, Wife,*,Female,0,0,40,North America,<=50K
10071,"[20, 30[", Local-gov,216965,Undergraduate,10,Married-civ-spouse,Other, Husband,*,Male,0,0,40,North America,<=50K
10072,"[10, 20[", Private,201554,Undergraduate,10,Never-married,Technical, Not-in-family,*,Female,0,0,15,North America,<=50K
10074,"[30, 40[", Private,208378,High School,8,Separated,Technical, Unmarried,*,Female,0,0,40,North America,<=50K
10075,"[30, 40[", Private,61343,High School,6,Married-civ-spouse,Technical, Husband,*,Male,0,0,60,North America,<=50K
10076,"[20, 30[", Private,283872,Undergraduate,10,Never-married,Other, Not-in-family,*,Male,0,0,20,North America,<=50K
10077,"[50, 60[", Private,225603,High School,5,Divorced,Other, Not-in-family,*,Male,0,0,40,North America,<=50K
10078,"[40, 50[", Private,401333,High School,9,Divorced,Nontechnical, Not-in-family,*,Male,0,0,40,North America,<=50K
10079,"[50, 60[", Private,278228,Undergraduate,13,Married-civ-spouse,Nontechnical, Husband,*,Male,0,0,50,North America,>50K
10080,"[30, 40[", Private,145377,Undergraduate,13,Married-civ-spouse,Nontechnical, Husband,*,Male,0,0,60,North America,<=50K
10081,"[20, 30[", Private,120238,High School,9,Married-civ-spouse,Nontechnical, Husband,*,Male,0,0,40,North America,<=50K
10082,"[30, 40[", Private,187215,Undergraduate,13,Married-civ-spouse,Technical, Wife,*,Female,15024,0,36,North America,>50K
10083,"[20, 30[", Self-emp-not-inc,144063,High School,4,Married-civ-spouse,Other, Husband,*,Male,0,0,72,North America,<=50K
10084,"[30, 40[", Private,238721,Professional Education,12,Divorced,Nontechnical, Unmarried,*,Female,0,0,40,North America,<=50K
10085,"[20, 30[", Private,164920,Undergraduate,10,Never-married,Other, Own-child,*,Female,0,0,40,North America,<=50K
10086,"[30, 40[", Self-emp-not-inc,152493,High School,9,Married-civ-spouse,Other, Husband,*,Male,0,0,70,North America,<=50K
10087,"[50, 60[", Private,92968,Undergraduate,13,Never-married,Nontechnical, Unmarried,*,Female,0,0,32,North America,<=50K
10088,"[50, 60[", Private,136836,High School,9,Divorced,Technical, Unmarried,*,Female,0,0,40,North America,<=50K
10089,"[40, 50[", Federal-gov,216453,Professional Education,11,Divorced,Nontechnical, Unmarried,*,Female,0,0,45,North America,<=50K
10090,"[30, 40[", Private,349148,Undergraduate,13,Never-married,Technical, Not-in-family,*,Male,0,0,70,North America,<=50K
10092,"[20, 30[", State-gov,347803,Undergraduate,10,Never-married,Other, Not-in-family,*,Male,0,0,20,North America,<=50K
10093,"[40, 50[", Private,85995,High School,9,Married-civ-spouse,Other, Husband,*,Male,0,0,50,North America,<=50K
10094,"[10, 20[", ?,167428,Undergraduate,10,Never-married,Other, Own-child,*,Male,0,0,40,North America,<=50K
10095,"[30, 40[", Private,164569,Undergraduate,10,Divorced,Other, Unmarried,*,Female,0,0,48,North America,<=50K
10096,"[40, 50[", Self-emp-not-inc,308279,Undergraduate,13,Married-civ-spouse,Technical, Husband,*,Male,0,0,21,North America,<=50K
10097,"[20, 30[", Private,56322,Undergraduate,10,Never-married,Other, Own-child,*,Male,0,0,20,North America,<=50K
10098,"[50, 60[", ?,203015,High School,9,Married-civ-spouse,Other, Husband,*,Male,0,0,40,North America,<=50K
10099,"[50, 60[", Private,211654,High School,6,Married-civ-spouse,Technical, Husband,*,Male,0,0,40,North America,>50K
10100,"[20, 30[", Self-emp-inc,120126,High School,5,Never-married,Technical, Own-child,*,Male,0,0,40,North America,<=50K
10101,"[20, 30[", Private,239043,High School,7,Never-married,Other, Not-in-family,*,Male,0,0,40,North America,<=50K
10102,"[60, 70[", ?,179761,High School,9,Married-civ-spouse,Other, Husband,*,Male,0,0,40,North America,>50K
10104,"[50, 60[", Private,257485,Undergraduate,10,Married-civ-spouse,Technical, Husband,*,Male,0,0,40,North America,>50K
10105,"[50, 60[", Private,49243,High School,9,Married-civ-spouse,Technical, Husband,*,Male,0,0,40,North America,<=50K
10106,"[30, 40[", Private,229716,High School,9,Divorced,Other, Not-in-family,*,Male,0,0,38,North America,<=50K
10107,"[30, 40[", Private,341672,Undergraduate,13,Married-civ-spouse,Other, Husband,*,Male,0,0,60,Asia,<=50K
10108,"[20, 30[", Private,32311,Undergraduate,10,Married-civ-spouse,Other, Wife,*,Female,0,0,40,North America,<=50K
10109,"[50, 60[", Private,275236,Undergraduate,13,Married-civ-spouse,Technical, Husband,*,Male,0,0,40,North America,<=50K
10110,"[10, 20[", ?,400356,Undergraduate,10,Never-married,Other, Own-child,*,Male,0,0,40,North America,<=50K
10111,"[20, 30[", Private,184596,High School,7,Married-civ-spouse,Technical, Husband,*,Male,3942,0,50,North America,<=50K
10112,"[10, 20[", Private,186909,High School,9,Never-married,Nontechnical, Other-relative,*,Female,1055,0,30,North America,<=50K
10113,"[40, 50[", Private,152420,Undergraduate,10,Married-civ-spouse,Technical, Husband,*,Male,0,0,50,North America,<=50K
10115,"[20, 30[", Private,235442,High School,9,Married-civ-spouse,Other, Husband,*,Male,0,0,40,North America,<=50K
10116,"[50, 60[", Private,161691,High School,9,Married-civ-spouse,Other, Wife,*,Female,0,0,40,North America,<=50K
10117,"[20, 30[", ?,173945,High School,7,Married-civ-spouse,Other, Other-relative,*,Female,0,0,39,North America,<=50K
10118,"[40, 50[", Private,355918,Undergraduate,10,Married-civ-spouse,Other, Husband,*,Male,0,0,65,North America,>50K
10119,"[40, 50[", State-gov,198660,Undergraduate,10,Married-civ-spouse,Technical, Husband,*,Male,0,0,40,North America,>50K
10120,"[20, 30[", Private,122649,High School,9,Never-married,Other, Not-in-family,*,Female,0,0,30,North America,<=50K
10121,"[20, 30[", Private,421967,Undergraduate,13,Married-civ-spouse,Nontechnical, Wife,*,Female,0,0,60,North America,>50K
10122,"[50, 60[", Local-gov,259377,Graduate,14,Married-civ-spouse,Technical, Wife,*,Female,15024,0,40,North America,>50K
10123,"[40, 50[", Private,74305,Undergraduate,13,Divorced,Technical, Not-in-family,*,Male,0,0,40,North America,<=50K
10126,"[10, 20[", ?,48393,Undergraduate,10,Never-married,Other, Own-child,*,Male,0,0,84,North America,<=50K
10127,"[40, 50[", Private,34248,High School,9,Married-civ-spouse,Nontechnical, Husband,*,Male,0,0,50,North America,<=50K
10128,"[10, 20[", Private,186677,High School,7,Never-married,Nontechnical, Own-child,*,Male,0,0,12,North America,<=50K
10129,"[30, 40[", Private,167851,High School,9,Married-civ-spouse,Technical, Husband,*,Male,0,0,50,North America,<=50K
10130,"[20, 30[", Private,146460,Undergraduate,10,Never-married,Technical, Not-in-family,*,Female,0,0,40,North America,<=50K
10131,"[10, 20[", Private,209650,High School,8,Never-married,Other, Own-child,*,Male,0,0,16,North America,<=50K
10132,"[10, 20[", Self-emp-not-inc,132986,High School,9,Never-married,Other, Own-child,*,Male,0,0,40,North America,<=50K
10133,"[50, 60[", Private,94429,High School,9,Married-civ-spouse,Nontechnical, Husband,*,Male,0,0,40,North America,<=50K
10134,"[20, 30[", Private,252406,High School,9,Separated,Other, Unmarried,*,Female,0,0,40,North America,<=50K
10135,"[20, 30[", Private,174592,Graduate,14,Never-married,Nontechnical, Own-child,*,Female,0,0,40,North America,<=50K
10136,"[30, 40[", Self-emp-not-inc,151322,Undergraduate,13,Married-civ-spouse,Technical, Husband,*,Male,0,0,45,North America,>50K
10137,"[50, 60[", Private,37237,High School,9,Married-civ-spouse,Other, Husband,*,Male,0,0,80,North America,>50K
10138,"[30, 40[", Private,101192,Undergraduate,10,Never-married,Other, Not-in-family,*,Male,0,0,40,North America,<=50K
10139,"[70, 80[", ?,152900,Primary School,3,Married-civ-spouse,Other, Husband,*,Male,0,0,20,North America,<=50K
10140,"[50, 60[", Private,94081,High School,9,Never-married,Technical, Not-in-family,*,Male,0,0,40,North America,>50K
10141,"[20, 30[", Private,329408,High School,7,Never-married,Nontechnical, Not-in-family,*,Male,0,0,40,North America,<=50K
10142,"[30, 40[", Private,106028,High School,9,Divorced,Other, Not-in-family,*,Male,0,0,65,North America,<=50K
10143,"[30, 40[", ?,164866,High School,6,Divorced,Other, Not-in-family,*,Male,0,0,99,North America,<=50K
10144,"[50, 60[", Self-emp-inc,167793,Undergraduate,13,Married-civ-spouse,Nontechnical, Husband,*,Male,15024,0,40,North America,>50K
10145,"[20, 30[", Private,138692,Undergraduate,13,Married-civ-spouse,Nontechnical, Husband,*,Male,0,0,40,North America,>50K
10146,"[30, 40[", Private,173968,High School,9,Married-civ-spouse,Other, Husband,*,Male,0,0,40,North America,<=50K
10147,"[40, 50[", Private,228320,High School,9,Married-civ-spouse,Nontechnical, Husband,*,Male,0,0,40,North America,<=50K
10148,"[20, 30[", Private,96585,High School,9,Never-married,Nontechnical, Not-in-family,*,Male,0,0,30,North America,<=50K
10149,"[40, 50[", Private,156580,Undergraduate,13,Married-civ-spouse,Nontechnical, Wife,*,Female,0,0,40,North America,<=50K
10150,"[50, 60[", Private,210673,Undergraduate,10,Married-civ-spouse,Other, Wife,*,Female,0,0,40,North America,>50K
10151,"[50, 60[", Local-gov,137753,High School,9,Married-civ-spouse,Other, Wife,*,Female,0,0,20,North America,<=50K
10152,"[20, 30[", Private,29865,High School,9,Divorced,Nontechnical, Not-in-family,*,Female,0,0,50,North America,<=50K
10153,"[20, 30[", Private,196044,Undergraduate,10,Married-civ-spouse,Technical, Husband,*,Male,0,0,60,North America,<=50K
10154,"[20, 30[", Private,308995,Undergraduate,10,Never-married,Other, Own-child,*,Female,0,0,40,North America,<=50K
10155,"[50, 60[", Private,159008,Professional Education,12,Married-civ-spouse,Technical, Husband,*,Male,7298,0,20,North America,>50K
10156,"[20, 30[", Private,362491,High School,9,Never-married,Nontechnical, Own-child,*,Male,0,0,40,North America,<=50K
10157,"[20, 30[", Private,94395,Undergraduate,10,Never-married,Technical, Not-in-family,*,Male,0,0,40,North America,<=50K
10159,"[50, 60[", Private,98535,Undergraduate,13,Married-civ-spouse,Nontechnical, Husband,*,Male,0,0,40,North America,>50K
10160,"[60, 70[", Private,183170,High School,9,Divorced,Other, Not-in-family,*,Male,0,0,25,North America,<=50K
10161,"[10, 20[", ?,331511,Undergraduate,10,Never-married,Other, Own-child,*,Male,0,0,30,North America,<=50K
10162,"[30, 40[", Private,195686,Undergraduate,10,Married-civ-spouse,Technical, Husband,*,Male,0,0,40,North America,>50K
10163,"[20, 30[", Private,178244,High School,9,Married-civ-spouse,Technical, Husband,*,Male,0,0,40,North America,<=50K
10164,"[20, 30[", Private,127833,High School,9,Never-married,Other, Own-child,*,Female,0,0,40,North America,<=50K
10165,"[30, 40[", Private,269722,Graduate,14,Married-civ-spouse,Other, Husband,*,Male,0,0,40,North America,<=50K
10166,"[50, 60[", State-gov,136819,High School,9,Married-civ-spouse,Other, Husband,*,Male,0,0,40,North America,<=50K
10167,"[20, 30[", Private,205604,Primary School,3,Never-married,Technical, Not-in-family,*,Male,0,0,30,North America,<=50K
10168,"[20, 30[", Private,132078,Undergraduate,13,Never-married,Technical, Not-in-family,*,Female,0,0,40,North America,<=50K
10169,"[20, 30[", Private,234880,Undergraduate,10,Never-married,Nontechnical, Own-child,*,Female,0,0,30,North America,<=50K
10170,"[20, 30[", Private,196816,Undergraduate,13,Married-civ-spouse,Technical, Husband,*,Male,3908,0,40,North America,<=50K
10171,"[30, 40[", Private,237943,Graduate,14,Married-civ-spouse,Nontechnical, Husband,*,Male,15024,0,50,North America,>50K
10172,"[60, 70[", Self-emp-inc,140852,High School,9,Married-civ-spouse,Nontechnical, Husband,*,Male,0,0,40,North America,<=50K
10173,"[40, 50[", Self-emp-not-inc,105614,High School,9,Divorced,Nontechnical, Not-in-family,*,Male,0,0,50,North America,>50K
10174,"[10, 20[", Private,83492,High School,4,Never-married,Technical, Own-child,*,Male,0,0,40,North America,<=50K
10175,"[50, 60[", Self-emp-not-inc,225772,Graduate,16,Divorced,Technical, Not-in-family,*,Female,0,0,60,North America,>50K
10176,"[30, 40[", Private,242713,High School,8,Separated,Other, Unmarried,*,Female,0,0,40,North America,<=50K
10177,"[60, 70[", Private,355865,Graduate,14,Married-civ-spouse,Nontechnical, Husband,*,Male,0,0,50,North America,>50K
10178,"[40, 50[", Private,173316,Undergraduate,10,Married-civ-spouse,Technical, Husband,*,Male,0,0,40,North America,<=50K
10179,"[40, 50[", Self-emp-inc,35662,Graduate,16,Married-civ-spouse,Technical, Wife,*,Female,0,0,70,North America,>50K
10180,"[10, 20[", Private,297246,High School,7,Never-married,Other, Own-child,*,Female,0,0,9,North America,<=50K
10181,"[40, 50[", Private,108945,Undergraduate,10,Never-married,Nontechnical, Not-in-family,*,Female,0,0,50,North America,<=50K
10182,"[30, 40[", Private,112158,Undergraduate,10,Married-civ-spouse,Nontechnical, Husband,*,Male,0,0,26,Unknown,<=50K
10183,"[20, 30[", Self-emp-not-inc,57298,Undergraduate,10,Never-married,Other, Own-child,*,Female,0,0,15,North America,<=50K
10185,"[40, 50[", Self-emp-not-inc,164582,Undergraduate,10,Married-civ-spouse,Other, Husband,*,Male,7298,0,60,North America,>50K
10186,"[50, 60[", Private,295067,Undergraduate,13,Never-married,Nontechnical, Not-in-family,*,Male,14084,0,45,North America,>50K
10187,"[20, 30[", Private,177265,Professional Education,12,Never-married,Other, Own-child,*,Female,0,0,30,North America,<=50K
10189,"[30, 40[", Self-emp-not-inc,52870,High School,9,Married-civ-spouse,Technical, Husband,*,Male,0,0,40,North America,>50K
10190,"[40, 50[", Private,316820,High School,4,Married-civ-spouse,Nontechnical, Husband,*,Male,4064,0,40,North America,<=50K
10191,"[30, 40[", Local-gov,200153,Professional Education,12,Never-married,Technical, Not-in-family,*,Male,0,0,40,North America,<=50K
10192,"[50, 60[", Private,453067,Undergraduate,10,Married-civ-spouse,Technical, Husband,*,Male,0,0,36,North America,>50K
10193,"[50, 60[", Federal-gov,27166,High School,9,Married-civ-spouse,Technical, Husband,*,Male,0,0,40,North America,<=50K
10194,"[10, 20[", Private,299598,High School,9,Never-married,Nontechnical, Own-child,*,Male,0,0,16,North America,<=50K
10195,"[20, 30[", Private,122048,High School,9,Never-married,Technical, Not-in-family,*,Female,0,0,40,North America,<=50K
10196,"[30, 40[", Private,345277,Undergraduate,13,Divorced,Technical, Not-in-family,*,Female,0,0,40,North America,<=50K
10197,"[40, 50[", Private,113147,Professional Education,12,Married-civ-spouse,Technical, Husband,*,Male,0,0,40,North America,<=50K
10198,"[40, 50[", Private,34007,High School,9,Married-civ-spouse,Technical, Husband,*,Male,0,0,40,North America,>50K
10199,"[40, 50[", Private,255014,Undergraduate,10,Married-civ-spouse,Technical, Husband,*,Male,0,0,55,North America,>50K
10200,"[30, 40[", Private,152667,Undergraduate,10,Married-civ-spouse,Technical, Husband,*,Male,0,0,35,North America,<=50K
10201,"[20, 30[", Private,231053,High School,9,Never-married,Technical, Own-child,*,Male,0,0,30,North America,<=50K
10202,"[30, 40[", Private,103651,Undergraduate,10,Married-civ-spouse,Nontechnical, Husband,*,Male,0,0,40,North America,>50K
10203,"[50, 60[", Self-emp-inc,124137,Undergraduate,10,Married-civ-spouse,Nontechnical, Husband,*,Male,0,0,40,North America,>50K
10204,"[30, 40[", Private,198183,Professional Education,11,Never-married,Technical, Not-in-family,*,Female,0,0,40,North America,<=50K
10206,"[10, 20[", Private,466458,Undergraduate,10,Never-married,Other, Own-child,*,Female,0,0,20,North America,<=50K
10207,"[40, 50[", Self-emp-not-inc,114396,Undergraduate,13,Divorced,Technical, Not-in-family,*,Male,0,0,35,North America,<=50K
10209,"[30, 40[", Private,290964,Undergraduate,13,Never-married,Nontechnical, Not-in-family,*,Female,0,1590,40,North America,<=50K
10211,"[40, 50[", State-gov,244974,Undergraduate,13,Married-civ-spouse,Other, Husband,*,Male,0,0,44,North America,>50K
10212,"[30, 40[", Self-emp-not-inc,114691,High School,9,Married-civ-spouse,Technical, Husband,*,Male,0,0,40,North America,>50K
10213,"[30, 40[", Private,107160,High School,8,Separated,Other, Not-in-family,*,Female,0,0,30,North America,<=50K
10214,"[30, 40[", Self-emp-not-inc,142573,Undergraduate,10,Never-married,Technical, Not-in-family,*,Male,0,0,25,North America,<=50K
10215,"[20, 30[", Private,203833,Undergraduate,13,Never-married,Technical, Not-in-family,*,Male,0,0,40,North America,<=50K
10216,"[20, 30[", Private,47791,High School,9,Never-married,Other, Unmarried,*,Female,0,0,32,North America,<=50K
10217,"[40, 50[", Private,133729,Undergraduate,10,Married-civ-spouse,Other, Husband,*,Male,0,0,17,North America,<=50K
10220,"[30, 40[", Private,128591,High School,5,Divorced,Other, Not-in-family,*,Male,0,0,40,North America,<=50K
10221,"[40, 50[", Private,133853,Undergraduate,10,Divorced,Nontechnical, Not-in-family,*,Female,0,0,50,North America,<=50K
10222,"[10, 20[", ?,137363,Undergraduate,10,Never-married,Other, Own-child,*,Female,0,0,30,North America,<=50K
10223,"[20, 30[", Self-emp-not-inc,243569,High School,9,Married-civ-spouse,Nontechnical, Husband,*,Male,0,0,40,North America,<=50K
10224,"[20, 30[", Private,119156,High School,9,Never-married,Nontechnical, Own-child,*,Male,0,0,40,North America,<=50K
10225,"[30, 40[", Private,391114,High School,9,Married-civ-spouse,Nontechnical, Husband,*,Male,0,0,60,North America,<=50K
10226,"[20, 30[", Private,252506,Undergraduate,10,Divorced,Nontechnical, Own-child,*,Female,0,0,40,North America,<=50K
10228,"[20, 30[", State-gov,117833,Undergraduate,10,Married-civ-spouse,Nontechnical, Wife,*,Female,0,0,19,North America,<=50K
10229,"[30, 40[", Private,294183,High School,9,Divorced,Nontechnical, Unmarried,*,Female,0,0,40,North America,<=50K
10230,"[20, 30[", Private,394927,Undergraduate,10,Married-civ-spouse,Technical, Husband,*,Male,0,0,40,North America,>50K
10231,"[50, 60[", Self-emp-not-inc,259323,High School,9,Married-civ-spouse,Technical, Husband,*,Male,0,0,70,North America,<=50K
10232,"[20, 30[", ?,207988,High School,9,Married-civ-spouse,Other, Other-relative,*,Female,0,0,35,North America,<=50K
10234,"[20, 30[", Private,192283,Professional Education,11,Never-married,Nontechnical, Own-child,*,Female,0,0,38,North America,<=50K
10235,"[20, 30[", Private,214881,High School,9,Never-married,Nontechnical, Not-in-family,*,Male,0,0,40,North America,<=50K
10236,"[30, 40[", State-gov,167474,High School,6,Married-civ-spouse,Nontechnical, Husband,*,Male,0,0,40,North America,<=50K
10237,"[30, 40[", Private,110713,High School,9,Married-civ-spouse,Nontechnical, Husband,*,Male,0,0,50,North America,>50K
10238,"[20, 30[", Private,201204,High School,9,Never-married,Nontechnical, Own-child,*,Male,0,0,40,North America,<=50K
10239,"[20, 30[", Private,197666,Undergraduate,13,Never-married,Nontechnical, Not-in-family,*,Female,0,0,40,North America,<=50K
10240,"[20, 30[", Private,162002,High School,9,Never-married,Other, Own-child,*,Female,0,0,35,North America,<=50K
10241,"[30, 40[", Private,263561,Undergraduate,13,Married-civ-spouse,Nontechnical, Husband,*,Male,0,2246,45,North America,>50K
10242,"[40, 50[", Private,224799,Undergraduate,10,Married-civ-spouse,Technical, Husband,*,Male,0,0,40,North America,<=50K
10243,"[40, 50[", Self-emp-not-inc,89942,Undergraduate,10,Married-civ-spouse,Technical, Husband,*,Male,0,0,40,North America,<=50K
10244,"[20, 30[", Private,238685,Undergraduate,10,Never-married,Nontechnical, Not-in-family,*,Female,0,0,30,North America,<=50K
10245,"[50, 60[", Private,38795,High School,5,Separated,Technical, Unmarried,*,Male,0,0,40,North America,<=50K
10247,"[20, 30[", Private,190805,High School,9,Married-civ-spouse,Nontechnical, Husband,*,Male,0,0,32,North America,<=50K
10248,"[50, 60[", Private,23780,Professional Education,11,Married-civ-spouse,Nontechnical, Husband,*,Male,0,1977,45,North America,>50K
10249,"[10, 20[", Private,285263,High School,9,Never-married,Other, Own-child,*,Male,0,0,40,North America,<=50K
10250,"[30, 40[", Private,177331,Professional Education,11,Married-civ-spouse,Technical, Husband,*,Male,0,0,40,North America,<=50K
10251,"[20, 30[", Private,347530,High School,9,Separated,Other, Unmarried,*,Female,0,0,35,North America,<=50K
10252,"[50, 60[", Private,230039,High School,9,Never-married,Nontechnical, Unmarried,*,Female,0,625,38,North America,<=50K
10253,"[10, 20[", ?,210547,High School,6,Never-married,Other, Own-child,*,Male,0,0,40,North America,<=50K
10254,"[30, 40[", Private,204752,High School,8,Never-married,Nontechnical, Own-child,*,Male,0,0,32,North America,<=50K
10255,"[70, 80[", Self-emp-not-inc,104001,High School,9,Married-civ-spouse,Nontechnical, Husband,*,Male,0,0,40,North America,>50K
10256,"[40, 50[", Private,253116,High School,6,Divorced,Other, Unmarried,*,Female,0,0,40,North America,<=50K
10257,"[30, 40[", Private,169037,High School,9,Never-married,Other, Not-in-family,*,Female,0,0,40,North America,<=50K
10258,"[30, 40[", Self-emp-inc,202027,Undergraduate,10,Divorced,Nontechnical, Not-in-family,*,Male,0,0,60,North America,<=50K
10259,"[40, 50[", Private,170099,Undergraduate,10,Divorced,Technical, Not-in-family,*,Male,0,0,40,North America,<=50K
10260,"[40, 50[", Self-emp-not-inc,212847,High School,9,Never-married,Other, Own-child,*,Male,0,0,85,North America,<=50K
10261,"[50, 60[", State-gov,307392,Graduate,14,Divorced,Technical, Unmarried,*,Female,0,0,40,North America,<=50K
10262,"[30, 40[", Private,233428,High School,9,Divorced,Nontechnical, Other-relative,*,Female,0,0,40,North America,<=50K
10264,"[50, 60[", Private,177995,Primary School,2,Married-civ-spouse,Other, Husband,*,Male,0,0,56,North America,>50K
10265,"[20, 30[", Private,283613,Undergraduate,13,Never-married,Technical, Not-in-family,*,Male,0,0,43,North America,<=50K
10266,"[50, 60[", Self-emp-inc,184598,High School,5,Married-civ-spouse,Other, Husband,*,Male,0,0,99,North America,<=50K
10267,"[20, 30[", Private,185647,High School,9,Married-civ-spouse,Technical, Husband,*,Male,0,0,50,North America,>50K
10268,"[40, 50[", Self-emp-inc,192894,Undergraduate,13,Married-civ-spouse,Nontechnical, Husband,*,Male,0,1902,45,North America,>50K
10269,"[40, 50[", Self-emp-not-inc,284706,Professional Education,15,Married-civ-spouse,Technical, Husband,*,Male,0,1977,60,North America,>50K
10270,"[30, 40[", Private,179579,High School,9,Never-married,Technical, Not-in-family,*,Male,0,0,40,North America,<=50K
10272,"[50, 60[", Private,132973,High School,9,Divorced,Other, Unmarried,*,Female,0,0,38,North America,<=50K
10273,"[20, 30[", Private,154713,High School,9,Divorced,Nontechnical, Own-child,*,Male,0,0,40,North America,<=50K
10274,"[40, 50[", Private,121718,Undergraduate,10,Married-civ-spouse,Technical, Husband,*,Male,0,0,40,Europe,<=50K
10275,"[30, 40[", Private,255279,High School,9,Divorced,Other, Unmarried,*,Female,0,0,20,North America,<=50K
10277,"[20, 30[", Private,123095,Undergraduate,10,Never-married,Other, Own-child,*,Male,0,1590,40,North America,<=50K
10278,"[30, 40[", Private,153326,Undergraduate,13,Married-civ-spouse,Technical, Other-relative,*,Male,0,0,40,North America,<=50K
10279,"[20, 30[", Private,75695,Undergraduate,10,Separated,Other, Not-in-family,*,Female,0,0,60,North America,<=50K
10280,"[30, 40[", Self-emp-inc,206609,High School,9,Married-civ-spouse,Nontechnical, Husband,*,Male,0,0,50,North America,<=50K
10281,"[10, 20[", Private,234780,High School,9,Never-married,Other, Own-child,*,Male,0,0,40,North America,<=50K
10282,"[20, 30[", Private,178778,High School,9,Married-civ-spouse,Other, Husband,*,Male,0,0,40,North America,<=50K
10283,"[50, 60[", Private,171355,Professional Education,11,Married-civ-spouse,Technical, Husband,*,Male,0,0,20,North America,<=50K
10284,"[60, 70[", Federal-gov,95680,Undergraduate,10,Married-civ-spouse,Technical, Husband,*,Male,0,0,18,North America,>50K
10285,"[30, 40[", Private,196673,High School,9,Married-civ-spouse,Other, Wife,*,Female,5013,0,40,North America,<=50K
10286,"[50, 60[", Federal-gov,73670,Graduate,16,Married-civ-spouse,Technical, Husband,*,Male,4386,0,52,North America,>50K
10287,"[60, 70[", Self-emp-not-inc,139960,High School,4,Married-civ-spouse,Technical, Husband,*,Male,0,0,40,North America,<=50K
10288,"[40, 50[", Self-emp-inc,397280,Undergraduate,13,Married-civ-spouse,Nontechnical, Husband,*,Male,0,0,72,Unknown,<=50K
10290,"[50, 60[", Private,421561,Graduate,14,Married-civ-spouse,Nontechnical, Husband,*,Male,0,0,45,North America,>50K
10291,"[50, 60[", Private,245196,High School,6,Married-civ-spouse,Other, Husband,*,Male,0,0,40,North America,>50K
10292,"[10, 20[", Private,27620,High School,9,Never-married,Other, Not-in-family,*,Female,0,0,25,North America,<=50K
10293,"[10, 20[", Private,187570,High School,9,Never-married,Technical, Own-child,*,Male,0,0,20,North America,<=50K
10294,"[30, 40[", Private,102884,High School,9,Married-civ-spouse,Technical, Husband,*,Male,0,0,50,North America,<=50K
10295,"[10, 20[", Private,228399,High School,7,Never-married,Other, Own-child,*,Female,0,0,7,North America,<=50K
10296,"[40, 50[", Private,340234,High School,9,Married-civ-spouse,Technical, Husband,*,Male,15024,0,40,North America,>50K
10298,"[50, 60[", Local-gov,108435,High School,9,Married-civ-spouse,Technical, Husband,*,Male,0,0,40,North America,<=50K
10299,"[40, 50[", Private,161187,High School,9,Never-married,Other, Not-in-family,*,Female,2463,0,40,North America,<=50K
10300,"[20, 30[", Private,278391,High School,9,Never-married,Other, Own-child,*,Male,0,0,40,North America,<=50K
10301,"[20, 30[", Private,157941,Professional Education,11,Married-civ-spouse,Nontechnical, Husband,*,Male,0,0,45,North America,<=50K
10302,"[20, 30[", Private,182866,High School,9,Never-married,Nontechnical, Own-child,*,Male,0,0,40,North America,<=50K
10304,"[30, 40[", Private,206512,Undergraduate,13,Never-married,Nontechnical, Not-in-family,*,Male,0,0,44,North America,<=50K
10306,"[20, 30[", Private,189346,High School,9,Never-married,Nontechnical, Own-child,*,Male,0,0,48,North America,<=50K
10307,"[40, 50[", Private,234652,Primary School,3,Married-civ-spouse,Technical, Husband,*,Male,0,0,40,North America,<=50K
10308,"[20, 30[", Private,113436,Undergraduate,10,Never-married,Other, Own-child,*,Male,0,0,15,North America,<=50K
10309,"[30, 40[", Private,204145,Professional Education,11,Married-civ-spouse,Technical, Husband,*,Male,0,0,45,North America,>50K
10311,"[20, 30[", Private,104045,High School,9,Never-married,Other, Own-child,*,Female,0,0,30,North America,<=50K
10313,"[60, 70[", Federal-gov,173754,High School,9,Married-civ-spouse,Other, Husband,*,Male,0,0,40,North America,<=50K
10314,"[30, 40[", Private,211154,Undergraduate,13,Married-civ-spouse,Technical, Husband,*,Male,0,0,50,North America,<=50K
10315,"[20, 30[", Private,321435,Undergraduate,13,Never-married,Other, Not-in-family,*,Male,0,0,40,North America,<=50K
10316,"[40, 50[", State-gov,177083,Graduate,14,Never-married,Nontechnical, Not-in-family,*,Female,0,0,35,North America,<=50K
10318,"[30, 40[", Federal-gov,287658,Undergraduate,10,Married-civ-spouse,Other, Husband,*,Male,0,0,40,North America,>50K
10319,"[40, 50[", Private,209894,High School,9,Married-civ-spouse,Other, Wife,*,Female,0,0,40,North America,>50K
10320,"[30, 40[", Private,334744,High School,9,Separated,Other, Not-in-family,*,Male,0,0,40,North America,<=50K
10321,"[20, 30[", Private,306967,Undergraduate,10,Never-married,Other, Not-in-family,*,Female,0,0,25,North America,<=50K
10322,"[30, 40[", Private,52187,Undergraduate,10,Never-married,Other, Not-in-family,*,Male,0,0,30,North America,<=50K
10323,"[30, 40[", Private,101978,High School,9,Separated,Other, Not-in-family,*,Male,0,0,50,North America,<=50K
10324,"[30, 40[", State-gov,483530,Undergraduate,10,Divorced,Technical, Unmarried,*,Female,0,0,40,North America,<=50K
10325,"[40, 50[", Private,77357,Professional Education,15,Married-civ-spouse,Technical, Husband,*,Male,0,0,40,North America,>50K
10327,"[40, 50[", Self-emp-not-inc,328606,Professional Education,15,Divorced,Technical, Unmarried,*,Male,14084,0,63,North America,>50K
10329,"[40, 50[", Private,188293,High School,9,Divorced,Other, Not-in-family,*,Female,0,0,40,North America,<=50K
10330,"[30, 40[", Private,116608,High School,9,Divorced,Technical, Unmarried,*,Female,0,0,38,North America,<=50K
10331,"[30, 40[", State-gov,348960,Undergraduate,13,Married-civ-spouse,Technical, Husband,*,Male,0,0,36,North America,>50K
10332,"[20, 30[", Private,329530,High School,5,Married-civ-spouse,Nontechnical, Husband,*,Male,0,0,45,North America,<=50K
10333,"[40, 50[", Local-gov,93476,Undergraduate,13,Separated,Technical, Not-in-family,*,Female,0,0,70,North America,<=50K
10334,"[30, 40[", Self-emp-not-inc,195744,High School,9,Divorced,Technical, Not-in-family,*,Male,0,0,50,North America,<=50K
10336,"[10, 20[", State-gov,191117,High School,7,Never-married,Other, Own-child,*,Male,0,0,20,North America,<=50K
10337,"[50, 60[", Private,311020,High School,9,Married-civ-spouse,Other, Husband,*,Male,0,0,50,North America,<=50K
10338,"[60, 70[", Private,210464,High School,9,Never-married,Other, Other-relative,*,Female,0,0,38,North America,<=50K
10339,"[30, 40[", Private,135289,Undergraduate,13,Married-civ-spouse,Technical, Husband,*,Male,0,0,48,North America,>50K
10340,"[20, 30[", Private,156266,High School,5,Married-civ-spouse,Other, Husband,*,Male,0,0,40,North America,<=50K
10341,"[20, 30[", Private,154210,Undergraduate,10,Never-married,Other, Other-relative,*,Male,0,0,14,North America,<=50K
10342,"[60, 70[", ?,160625,Undergraduate,13,Married-civ-spouse,Other, Husband,*,Male,4386,0,15,North America,>50K
10344,"[30, 40[", Self-emp-not-inc,249249,Primary School,3,Married-civ-spouse,Technical, Husband,*,Male,0,0,50,North America,>50K
10346,"[20, 30[", Private,239612,High School,9,Never-married,Other, Own-child,*,Male,0,0,20,North America,<=50K
10347,"[30, 40[", Self-emp-not-inc,226696,Professional Education,11,Married-civ-spouse,Other, Husband,*,Male,0,0,60,North America,>50K
10348,"[20, 30[", Private,190330,Undergraduate,13,Never-married,Other, Not-in-family,*,Male,0,0,30,North America,<=50K
10349,"[40, 50[", Private,193755,Undergraduate,13,Divorced,Nontechnical, Not-in-family,*,Male,0,0,50,North America,>50K
10350,"[70, 80[", Private,192740,Undergraduate,13,Married-civ-spouse,Technical, Husband,*,Male,0,0,30,North America,<=50K
10351,"[40, 50[", Private,201924,Undergraduate,13,Divorced,Nontechnical, Unmarried,*,Female,0,0,35,North America,<=50K
10352,"[30, 40[", Private,77146,Professional Education,11,Divorced,Nontechnical, Not-in-family,*,Male,0,0,45,North America,<=50K
10354,"[20, 30[", Private,43652,Undergraduate,13,Never-married,Other, Not-in-family,*,Female,0,0,40,North America,<=50K
10355,"[40, 50[", Federal-gov,227244,Undergraduate,13,Married-civ-spouse,Other, Husband,*,Male,0,0,50,North America,>50K
10356,"[20, 30[", Private,160731,High School,9,Married-civ-spouse,Technical, Husband,*,Male,0,0,45,North America,>50K
10357,"[30, 40[", Private,287878,Undergraduate,10,Married-civ-spouse,Other, Wife,*,Female,0,0,26,North America,<=50K
10358,"[50, 60[", Private,166758,Undergraduate,10,Divorced,Other, Not-in-family,*,Female,0,0,15,North America,<=50K
10359,"[30, 40[", Private,183811,High School,9,Married-civ-spouse,Nontechnical, Husband,*,Male,2829,0,40,North America,<=50K
10361,"[10, 20[", ?,220517,Undergraduate,10,Never-married,Other, Own-child,*,Female,0,0,35,North America,<=50K
10362,"[40, 50[", Private,295046,High School,9,Married-civ-spouse,Nontechnical, Husband,*,Male,0,0,60,North America,>50K
10363,"[60, 70[", Private,190568,High School,9,Widowed,Other, Not-in-family,*,Female,0,810,36,North America,<=50K
10364,"[40, 50[", State-gov,211915,Undergraduate,10,Separated,Technical, Unmarried,*,Female,0,0,40,North America,<=50K
10365,"[30, 40[", Self-emp-not-inc,295621,Undergraduate,13,Married-civ-spouse,Technical, Husband,*,Male,0,0,25,North America,>50K
10366,"[30, 40[", Private,204567,Undergraduate,13,Married-civ-spouse,Nontechnical, Husband,*,Male,99999,0,60,North America,>50K
10367,"[40, 50[", Private,204235,Undergraduate,10,Married-civ-spouse,Technical, Husband,*,Male,0,0,40,North America,>50K
10368,"[40, 50[", Private,186982,Undergraduate,10,Separated,Nontechnical, Not-in-family,*,Female,0,0,45,North America,>50K
10369,"[30, 40[", Private,133586,High School,9,Married-civ-spouse,Other, Own-child,*,Male,0,0,45,North America,<=50K
10370,"[30, 40[", Private,165930,Undergraduate,10,Married-civ-spouse,Nontechnical, Husband,*,Male,0,0,50,North America,<=50K
10371,"[30, 40[", Private,164898,Undergraduate,10,Married-civ-spouse,Technical, Husband,*,Male,0,0,52,North America,<=50K
10372,"[20, 30[", Private,278155,Undergraduate,10,Never-married,Technical, Not-in-family,*,Male,0,0,30,North America,<=50K
10373,"[20, 30[", Self-emp-not-inc,115705,Undergraduate,10,Never-married,Nontechnical, Not-in-family,*,Male,0,0,50,North America,<=50K
10375,"[20, 30[", Private,185127,High School,9,Married-civ-spouse,Nontechnical, Husband,*,Male,0,0,50,North America,<=50K
10376,"[40, 50[", Private,201595,High School,9,Married-civ-spouse,Other, Husband,*,Male,0,0,70,North America,<=50K
10377,"[40, 50[", Self-emp-inc,165815,High School,9,Married-civ-spouse,Other, Husband,*,Male,0,0,96,North America,<=50K
10379,"[40, 50[", Local-gov,344172,Professional Education,12,Married-civ-spouse,Other, Husband,*,Male,0,0,49,North America,>50K
10380,"[30, 40[", Private,222450,Undergraduate,10,Separated,Nontechnical, Unmarried,*,Male,0,0,40,North America,<=50K
10381,"[30, 40[", Private,212245,Undergraduate,10,Married-civ-spouse,Technical, Husband,*,Male,0,0,40,North America,<=50K
10382,"[20, 30[", State-gov,190625,Undergraduate,13,Married-civ-spouse,Nontechnical, Husband,*,Male,0,0,20,North America,<=50K
10383,"[30, 40[", Private,203488,Undergraduate,10,Divorced,Nontechnical, Not-in-family,*,Male,0,0,40,North America,<=50K
10385,"[30, 40[", Local-gov,243665,High School,9,Married-civ-spouse,Other, Husband,*,Male,0,0,41,North America,>50K
10386,"[20, 30[", Self-emp-not-inc,189238,Undergraduate,10,Never-married,Technical, Not-in-family,*,Female,0,0,4,North America,<=50K
10387,"[40, 50[", Private,77373,Undergraduate,10,Married-civ-spouse,Nontechnical, Husband,*,Male,0,0,38,North America,<=50K
10388,"[20, 30[", Private,410351,High School,9,Married-civ-spouse,Technical, Husband,*,Male,0,0,40,North America,<=50K
10389,"[30, 40[", Private,36385,Graduate,14,Married-civ-spouse,Technical, Husband,*,Male,0,0,45,North America,>50K
10390,"[60, 70[", Private,110150,High School,9,Married-civ-spouse,Other, Husband,*,Male,0,0,40,North America,<=50K
10391,"[40, 50[", Private,198316,Undergraduate,10,Married-civ-spouse,Technical, Husband,*,Male,0,0,40,North America,<=50K
10392,"[30, 40[", Private,127772,High School,9,Married-civ-spouse,Technical, Husband,*,Male,0,0,40,North America,<=50K
10393,"[40, 50[", Self-emp-not-inc,199058,Professional Education,15,Never-married,Technical, Not-in-family,*,Male,0,0,40,North America,>50K
10394,"[50, 60[", Private,285730,Graduate,14,Never-married,Technical, Not-in-family,*,Male,0,0,66,North America,<=50K
10395,"[20, 30[", Local-gov,334133,Graduate,14,Never-married,Technical, Own-child,*,Male,0,0,20,North America,<=50K
10396,"[60, 70[", State-gov,97030,Undergraduate,13,Divorced,Nontechnical, Not-in-family,*,Female,0,0,35,North America,<=50K
10397,"[50, 60[", Private,67090,High School,9,Married-civ-spouse,Nontechnical, Husband,*,Male,0,0,44,North America,<=50K
10398,"[40, 50[", Private,397963,High School,9,Divorced,Nontechnical, Not-in-family,*,Male,594,0,16,North America,<=50K
10400,"[10, 20[", Private,560804,Undergraduate,10,Never-married,Other, Own-child,*,Female,0,0,30,North America,<=50K
10401,"[50, 60[", Private,365050,High School,4,Never-married,Other, Unmarried,*,Female,0,0,20,North America,<=50K
10402,"[20, 30[", Private,110200,Undergraduate,13,Never-married,Technical, Not-in-family,*,Male,0,0,40,North America,<=50K
10405,"[20, 30[", Private,109282,Undergraduate,10,Divorced,Technical, Not-in-family,*,Male,0,0,40,North America,<=50K
10406,"[30, 40[", Private,103435,Undergraduate,13,Married-civ-spouse,Nontechnical, Husband,*,Male,0,0,50,North America,>50K
10407,"[20, 30[", Private,34747,High School,9,Never-married,Other, Own-child,*,Female,0,0,35,North America,<=50K
10409,"[30, 40[", Private,286789,Undergraduate,13,Married-civ-spouse,Nontechnical, Husband,*,Male,0,0,40,North America,>50K
10410,"[20, 30[", Self-emp-not-inc,211032,High School,7,Never-married,Technical, Not-in-family,*,Male,0,0,40,North America,<=50K
10411,"[60, 70[", ?,192916,High School,9,Married-civ-spouse,Other, Husband,*,Male,3818,0,11,North America,<=50K
10412,"[30, 40[", Private,219318,High School,9,Never-married,Other, Unmarried,*,Female,0,0,35,North America,<=50K
10413,"[50, 60[", Private,112873,Undergraduate,13,Married-civ-spouse,Nontechnical, Husband,*,Male,0,0,40,North America,<=50K
10414,"[30, 40[", Private,36069,High School,9,Married-civ-spouse,Technical, Husband,*,Male,3908,0,46,North America,<=50K
10416,"[50, 60[", Private,200576,Undergraduate,13,Divorced,Other, Not-in-family,*,Female,0,0,40,North America,<=50K
10417,"[50, 60[", Private,172962,High School,9,Married-civ-spouse,Nontechnical, Husband,*,Male,0,0,40,North America,<=50K
10418,"[40, 50[", Private,44006,Professional Education,11,Divorced,Other, Not-in-family,*,Male,0,0,40,North America,<=50K
10419,"[20, 30[", Private,234474,Undergraduate,10,Never-married,Nontechnical, Own-child,*,Female,0,0,20,North America,<=50K
10420,"[30, 40[", Private,212826,High School,9,Married-civ-spouse,Other, Husband,*,Male,0,0,40,North America,<=50K
10421,"[30, 40[", Private,234901,Undergraduate,10,Married-civ-spouse,Technical, Husband,*,Male,0,0,40,North America,<=50K
10422,"[50, 60[", Federal-gov,200700,Professional Education,12,Married-civ-spouse,Other, Husband,*,Male,0,0,40,North America,<=50K
10423,"[50, 60[", Self-emp-not-inc,41258,Undergraduate,13,Married-civ-spouse,Technical, Husband,*,Male,0,0,50,North America,<=50K
10424,"[50, 60[", Private,249644,Undergraduate,10,Divorced,Technical, Not-in-family,*,Male,0,0,48,North America,>50K
10425,"[60, 70[", ?,230165,Undergraduate,13,Married-civ-spouse,Other, Husband,*,Male,0,0,40,North America,<=50K
10426,"[20, 30[", Private,351731,Undergraduate,10,Married-civ-spouse,Technical, Husband,*,Male,0,0,40,North America,<=50K
10427,"[30, 40[", Private,114765,Undergraduate,10,Never-married,Technical, Not-in-family,*,Female,0,0,40,North America,<=50K
10428,"[40, 50[", Private,349884,High School,6,Married-civ-spouse,Technical, Husband,*,Male,0,0,35,North America,<=50K
10429,"[20, 30[", Self-emp-inc,204247,Undergraduate,13,Married-civ-spouse,Technical, Husband,*,Male,0,0,50,North America,>50K
10430,"[30, 40[", Private,143392,High School,9,Never-married,Nontechnical, Own-child,*,Female,0,0,40,North America,<=50K
10432,"[20, 30[", Self-emp-inc,150683,High School,9,Never-married,Technical, Own-child,*,Male,0,0,24,North America,<=50K
10433,"[20, 30[", Private,207611,High School,9,Never-married,Other, Not-in-family,*,Female,0,0,52,North America,<=50K
10434,"[40, 50[", State-gov,319666,Professional Education,15,Divorced,Technical, Unmarried,*,Female,0,0,43,North America,<=50K
10435,"[30, 40[", Private,155961,High School,9,Divorced,Other, Unmarried,*,Female,0,0,38,North America,<=50K
10436,"[20, 30[", Local-gov,117833,Undergraduate,13,Never-married,Technical, Not-in-family,*,Female,0,0,35,North America,<=50K
10437,"[60, 70[", ?,447079,High School,9,Never-married,Other, Not-in-family,*,Male,0,0,15,North America,<=50K
10438,"[20, 30[", Self-emp-inc,142404,Undergraduate,13,Married-civ-spouse,Nontechnical, Husband,*,Male,0,0,40,North America,>50K
10439,"[10, 20[", Private,155752,High School,9,Never-married,Technical, Not-in-family,*,Female,0,0,30,North America,<=50K
10440,"[10, 20[", ?,252292,High School,9,Never-married,Other, Own-child,*,Male,0,0,40,North America,<=50K
10441,"[20, 30[", Private,111450,High School,8,Never-married,Other, Unmarried,*,Male,0,0,38,North America,<=50K
10442,"[20, 30[", Private,528616,Primary School,3,Never-married,Other, Other-relative,*,Male,0,0,40,North America,<=50K
10443,"[10, 20[", Self-emp-not-inc,228786,High School,6,Never-married,Other, Own-child,*,Female,0,0,24,North America,<=50K
10444,"[60, 70[", Self-emp-inc,80572,Undergraduate,13,Married-civ-spouse,Other, Husband,*,Male,0,0,40,North America,>50K
10445,"[20, 30[", Local-gov,180271,Undergraduate,13,Married-civ-spouse,Nontechnical, Husband,*,Male,0,0,65,North America,>50K
10446,"[50, 60[", Federal-gov,237819,Undergraduate,13,Married-civ-spouse,Technical, Husband,*,Male,0,0,50,North America,>50K
10447,"[20, 30[", Private,157612,Undergraduate,13,Never-married,Nontechnical, Not-in-family,*,Female,3325,0,45,North America,<=50K
10448,"[60, 70[", Private,379062,Undergraduate,10,Widowed,Other, Unmarried,*,Female,0,0,12,North America,<=50K
10449,"[10, 20[", Private,191910,High School,6,Never-married,Other, Own-child,*,Male,0,0,25,North America,<=50K
10450,"[40, 50[", Local-gov,326064,Undergraduate,10,Divorced,Other, Unmarried,*,Female,6497,0,35,North America,<=50K
10451,"[10, 20[", Private,312353,High School,8,Never-married,Other, Own-child,*,Male,0,0,20,North America,<=50K
10452,"[30, 40[", Local-gov,213307,High School,9,Never-married,Other, Own-child,*,Female,0,0,40,North America,<=50K
10454,"[40, 50[", Private,340148,Undergraduate,10,Never-married,Technical, Not-in-family,*,Female,0,0,45,North America,<=50K
10455,"[60, 70[", Private,154171,Professional Education,15,Married-civ-spouse,Technical, Husband,*,Male,20051,0,60,North America,>50K
10457,"[30, 40[", Private,119098,Professional Education,11,Married-civ-spouse,Nontechnical, Husband,*,Male,0,0,40,North America,<=50K
10458,"[50, 60[", Self-emp-not-inc,388496,Undergraduate,10,Divorced,Technical, Not-in-family,*,Male,0,0,8,North America,>50K
10459,"[40, 50[", Private,181363,Graduate,14,Married-civ-spouse,Nontechnical, Husband,*,Male,0,0,45,North America,>50K
10460,"[50, 60[", ?,210031,High School,9,Divorced,Other, Unmarried,*,Male,0,0,40,North America,<=50K
10461,"[30, 40[", Private,206951,Undergraduate,13,Married-civ-spouse,Nontechnical, Husband,*,Male,0,1902,45,North America,>50K
10462,"[20, 30[", Private,485496,High School,9,Never-married,Technical, Not-in-family,*,Female,0,0,40,North America,<=50K
10463,"[40, 50[", Private,210259,Undergraduate,10,Divorced,Other, Unmarried,*,Female,0,0,37,North America,<=50K
10464,"[30, 40[", Private,118551,High School,5,Divorced,Other, Not-in-family,*,Female,0,0,40,North America,<=50K
10465,"[60, 70[", Private,180911,High School,7,Married-civ-spouse,Other, Husband,*,Male,4386,0,37,North America,>50K
10466,"[50, 60[", State-gov,242517,Undergraduate,13,Divorced,Nontechnical, Not-in-family,*,Female,0,0,40,North America,<=50K
10469,"[40, 50[", Private,155862,High School,9,Divorced,Other, Not-in-family,*,Male,0,0,65,North America,<=50K
10470,"[50, 60[", Self-emp-not-inc,171924,Undergraduate,10,Married-civ-spouse,Nontechnical, Husband,*,Male,0,0,50,North America,<=50K
10471,"[10, 20[", Private,243900,High School,9,Never-married,Other, Own-child,*,Female,0,0,15,North America,<=50K
10472,"[20, 30[", Private,231160,Undergraduate,10,Never-married,Other, Own-child,*,Male,0,0,25,North America,<=50K
10473,"[30, 40[", Private,356882,High School,9,Married-civ-spouse,Technical, Husband,*,Male,5013,0,40,North America,<=50K
10474,"[30, 40[", Private,49020,High School,9,Married-civ-spouse,Technical, Husband,*,Male,0,0,40,North America,<=50K
10476,"[50, 60[", Private,157749,Undergraduate,10,Married-civ-spouse,Other, Husband,*,Male,0,0,60,North America,>50K
10477,"[30, 40[", Private,131568,High School,4,Divorced,Other, Unmarried,*,Male,0,0,20,North America,<=50K
10478,"[40, 50[", Private,332355,Undergraduate,10,Married-civ-spouse,Other, Husband,*,Male,0,0,40,North America,<=50K
10479,"[30, 40[", Private,204501,Graduate,14,Married-civ-spouse,Nontechnical, Husband,*,Male,0,0,50,North America,>50K
10481,"[30, 40[", Private,129761,High School,9,Never-married,Nontechnical, Unmarried,*,Female,0,0,40,North America,<=50K
10482,"[40, 50[", Self-emp-inc,130126,Undergraduate,13,Married-civ-spouse,Technical, Husband,*,Male,0,1977,40,North America,>50K
10483,"[50, 60[", Private,102828,High School,9,Married-civ-spouse,Nontechnical, Husband,*,Male,0,0,35,North America,>50K
10484,"[10, 20[", Private,160984,High School,7,Never-married,Other, Own-child,*,Female,0,0,15,North America,<=50K
10485,"[10, 20[", ?,255282,High School,7,Never-married,Other, Own-child,*,Male,0,1602,48,North America,<=50K
10486,"[20, 30[", ?,346341,Undergraduate,10,Never-married,Other, Not-in-family,*,Female,0,0,35,North America,<=50K
10487,"[20, 30[", Private,285897,High School,9,Married-civ-spouse,Technical, Husband,*,Male,0,1848,45,North America,>50K
10488,"[30, 40[", Private,356689,Undergraduate,13,Never-married,Other, Not-in-family,*,Male,0,0,40,North America,<=50K
10489,"[50, 60[", Federal-gov,192386,Graduate,14,Married-civ-spouse,Nontechnical, Husband,*,Male,5013,0,40,North America,<=50K
10490,"[40, 50[", Private,394860,High School,9,Married-civ-spouse,Other, Husband,*,Male,0,0,40,North America,<=50K
10491,"[30, 40[", Private,113129,Undergraduate,10,Never-married,Other, Not-in-family,*,Male,0,0,24,North America,<=50K
10492,"[20, 30[", Private,55929,Undergraduate,13,Never-married,Other, Not-in-family,*,Female,0,0,40,North America,<=50K
10493,"[40, 50[", Local-gov,177018,Graduate,14,Married-civ-spouse,Technical, Husband,*,Male,0,0,50,North America,>50K
10494,"[30, 40[", Private,161141,Undergraduate,10,Married-civ-spouse,Technical, Husband,*,Male,0,0,40,North America,>50K
10495,"[20, 30[", Private,309463,High School,5,Married-civ-spouse,Technical, Husband,*,Male,0,0,40,North America,<=50K
10496,"[40, 50[", Private,165468,High School,9,Married-civ-spouse,Nontechnical, Husband,*,Male,7688,0,55,North America,>50K
10497,"[20, 30[", Private,49218,High School,9,Divorced,Technical, Not-in-family,*,Male,0,0,40,North America,<=50K
10498,"[70, 80[", Self-emp-not-inc,119129,High School,9,Married-civ-spouse,Nontechnical, Husband,*,Male,0,2149,20,North America,<=50K
10500,"[30, 40[", Federal-gov,129573,Undergraduate,13,Never-married,Other, Not-in-family,*,Male,0,1741,40,North America,<=50K
10501,"[20, 30[", Private,306850,High School,9,Never-married,Other, Own-child,*,Male,0,0,40,North America,<=50K
10502,"[20, 30[", Private,135296,Undergraduate,13,Never-married,Nontechnical, Not-in-family,*,Female,0,2258,45,North America,>50K
10503,"[40, 50[", Self-emp-not-inc,187322,High School,9,Divorced,Other, Unmarried,*,Male,0,0,45,North America,<=50K
10504,"[20, 30[", Private,55674,Undergraduate,13,Never-married,Other, Not-in-family,*,Female,2907,0,40,North America,<=50K
10505,"[20, 30[", Private,148298,High School,9,Never-married,Nontechnical, Not-in-family,*,Female,0,0,50,North America,<=50K
10506,"[40, 50[", Private,34845,High School,9,Married-civ-spouse,Other, Husband,*,Male,0,0,60,North America,<=50K
10507,"[20, 30[", Private,200733,High School,9,Married-civ-spouse,Technical, Husband,*,Male,0,0,55,North America,<=50K
10508,"[40, 50[", Private,191858,High School,9,Married-civ-spouse,Technical, Husband,*,Male,0,0,45,North America,>50K
10509,"[30, 40[", Private,425528,High School,9,Never-married,Other, Own-child,*,Male,0,0,70,North America,<=50K
10510,"[30, 40[", Private,44780,Undergraduate,10,Married-civ-spouse,Other, Wife,*,Female,7688,0,20,North America,>50K
10511,"[30, 40[", Private,125856,High School,9,Married-civ-spouse,Technical, Husband,*,Male,0,0,40,North America,<=50K
10512,"[30, 40[", Private,100508,High School,9,Married-civ-spouse,Technical, Husband,*,Male,0,0,40,North America,>50K
10513,"[20, 30[", Private,148294,High School,9,Never-married,Other, Own-child,*,Male,0,0,20,North America,<=50K
10514,"[40, 50[", Private,39324,High School,9,Married-civ-spouse,Nontechnical, Husband,*,Male,0,0,40,North America,<=50K
10515,"[40, 50[", Federal-gov,147397,High School,9,Married-civ-spouse,Other, Husband,*,Male,0,0,36,North America,<=50K
10516,"[40, 50[", Private,24728,High School,9,Never-married,Technical, Not-in-family,*,Female,0,0,48,North America,<=50K
10518,"[50, 60[", Private,163826,High School,9,Never-married,Technical, Not-in-family,*,Male,0,0,40,North America,<=50K
10519,"[20, 30[", Private,199947,High School,9,Married-civ-spouse,Other, Wife,*,Female,0,0,40,North America,<=50K
10520,"[20, 30[", Local-gov,386949,High School,9,Divorced,Other, Unmarried,*,Female,0,0,25,North America,<=50K
10521,"[30, 40[", Self-emp-inc,116133,High School,9,Married-civ-spouse,Other, Husband,*,Male,0,0,57,North America,<=50K
10522,"[50, 60[", Self-emp-not-inc,196307,Undergraduate,13,Never-married,Technical, Not-in-family,*,Male,0,0,20,North America,<=50K
10523,"[30, 40[", Private,177181,High School,9,Married-civ-spouse,Technical, Husband,*,Male,0,0,40,North America,<=50K
10524,"[20, 30[", Private,324854,Undergraduate,13,Never-married,Technical, Not-in-family,*,Female,0,0,40,North America,>50K
10525,"[20, 30[", Private,188505,Undergraduate,13,Never-married,Other, Own-child,*,Female,0,0,25,North America,<=50K
10526,"[20, 30[", State-gov,502316,Undergraduate,13,Never-married,Technical, Not-in-family,*,Female,0,0,40,North America,<=50K
10527,"[40, 50[", State-gov,26892,Undergraduate,13,Never-married,Other, Not-in-family,*,Male,0,0,40,North America,<=50K
10528,"[50, 60[", Private,102058,Undergraduate,13,Married-civ-spouse,Nontechnical, Husband,*,Male,0,0,50,North America,>50K
10529,"[30, 40[", Private,167728,Undergraduate,13,Married-civ-spouse,Nontechnical, Husband,*,Male,0,0,40,North America,>50K
10530,"[60, 70[", Local-gov,233681,Professional Education,12,Married-civ-spouse,Nontechnical, Husband,*,Male,0,0,35,North America,<=50K
10531,"[60, 70[", Private,26756,High School,9,Widowed,Nontechnical, Not-in-family,*,Female,0,0,50,North America,<=50K
10532,"[50, 60[", Private,101890,High School,9,Widowed,Nontechnical, Unmarried,*,Female,0,0,40,North America,<=50K
10534,"[40, 50[", Private,340982,Undergraduate,10,Married-civ-spouse,Technical, Husband,*,Male,3103,0,40,Asia,>50K
10535,"[40, 50[", State-gov,102308,Undergraduate,13,Married-civ-spouse,Technical, Husband,*,Male,0,0,42,North America,>50K
10536,"[10, 20[", Private,84747,High School,9,Never-married,Nontechnical, Own-child,*,Female,0,0,24,North America,<=50K
10537,"[20, 30[", Private,197752,Undergraduate,10,Never-married,Technical, Unmarried,*,Male,0,0,40,North America,<=50K
10538,"[60, 70[", Private,185336,High School,9,Widowed,Nontechnical, Other-relative,*,Female,0,0,35,North America,<=50K
10539,"[20, 30[", ?,289984,Undergraduate,10,Never-married,Other, Not-in-family,*,Female,0,0,25,North America,<=50K
10540,"[50, 60[", Self-emp-not-inc,125417,Graduate,14,Married-civ-spouse,Nontechnical, Husband,*,Male,0,0,42,North America,>50K
10541,"[10, 20[", Private,278480,Undergraduate,10,Never-married,Nontechnical, Not-in-family,*,Male,0,0,40,North America,<=50K
10542,"[30, 40[", Private,146412,Undergraduate,10,Divorced,Other, Unmarried,*,Female,0,0,40,North America,<=50K
10543,"[30, 40[", Private,193042,High School,9,Married-civ-spouse,Other, Husband,*,Male,0,0,60,North America,>50K
10544,"[40, 50[", Private,53956,Undergraduate,13,Divorced,Nontechnical, Not-in-family,*,Male,0,1980,56,North America,<=50K
10546,"[70, 80[", ?,33186,High School,4,Married-civ-spouse,Other, Husband,*,Male,0,0,60,North America,<=50K
10547,"[30, 40[", Private,144154,High School,9,Divorced,Nontechnical, Not-in-family,*,Female,0,0,40,North America,<=50K
10548,"[30, 40[", Private,194901,Professional Education,15,Divorced,Nontechnical, Own-child,*,Male,0,0,55,North America,<=50K
10549,"[30, 40[", Private,335777,Undergraduate,10,Divorced,Nontechnical, Not-in-family,*,Male,0,0,40,North America,<=50K
10550,"[40, 50[", Private,139268,Graduate,14,Married-civ-spouse,Nontechnical, Husband,*,Male,0,0,45,North America,>50K
10551,"[30, 40[", Private,33887,High School,9,Never-married,Technical, Other-relative,*,Male,0,0,40,North America,<=50K
10552,"[20, 30[", Private,283613,Undergraduate,13,Married-civ-spouse,Technical, Husband,*,Male,0,0,40,North America,<=50K
10553,"[40, 50[", Private,141245,Undergraduate,13,Married-civ-spouse,Other, Wife,*,Female,0,0,40,North America,<=50K
10554,"[40, 50[", Private,298130,High School,4,Married-civ-spouse,Technical, Husband,*,Male,0,0,40,North America,<=50K
10555,"[10, 20[", Private,186096,High School,9,Never-married,Other, Own-child,*,Male,0,0,30,North America,<=50K
10556,"[70, 80[", Private,187656,Undergraduate,10,Widowed,Other, Not-in-family,*,Female,0,0,20,North America,<=50K
10557,"[40, 50[", Private,102308,High School,9,Married-civ-spouse,Nontechnical, Husband,*,Male,0,0,56,North America,>50K
10558,"[40, 50[", Private,124639,Undergraduate,10,Separated,Technical, Not-in-family,*,Male,0,0,40,North America,<=50K
10559,"[20, 30[", Private,388112,Primary School,2,Never-married,Other, Unmarried,*,Male,0,0,77,North America,<=50K
10560,"[20, 30[", Private,109952,High School,9,Married-civ-spouse,Technical, Husband,*,Male,0,0,40,North America,<=50K
10561,"[20, 30[", Private,164529,High School,8,Never-married,Other, Own-child,*,Male,0,0,40,North America,<=50K
10562,"[30, 40[", Private,247750,High School,9,Married-civ-spouse,Other, Husband,*,Male,0,0,45,North America,<=50K
10563,"[20, 30[", State-gov,103588,Undergraduate,10,Never-married,Other, Own-child,*,Male,0,0,25,North America,<=50K
10564,"[30, 40[", Federal-gov,248919,High School,9,Married-civ-spouse,Other, Husband,*,Male,0,2051,40,North America,<=50K
10565,"[20, 30[", Self-emp-not-inc,178551,High School,9,Married-civ-spouse,Technical, Husband,*,Male,0,0,40,North America,<=50K
10566,"[30, 40[", Private,136137,Undergraduate,10,Married-civ-spouse,Nontechnical, Other-relative,*,Male,0,0,50,North America,>50K
10567,"[40, 50[", Federal-gov,55377,Undergraduate,13,Never-married,Other, Unmarried,*,Male,0,0,40,North America,>50K
10568,"[30, 40[", Local-gov,177728,Graduate,14,Divorced,Technical, Not-in-family,*,Female,0,0,40,North America,<=50K
10569,"[40, 50[", Local-gov,243580,Undergraduate,13,Married-civ-spouse,Technical, Husband,*,Male,0,0,48,North America,<=50K
10570,"[20, 30[", ?,188535,Undergraduate,10,Never-married,Other, Own-child,*,Male,0,0,40,North America,<=50K
10571,"[30, 40[", Private,63910,High School,9,Divorced,Other, Own-child,*,Female,0,0,40,North America,<=50K
10572,"[20, 30[", Private,219535,High School,9,Never-married,Nontechnical, Own-child,*,Male,0,0,40,North America,<=50K
10573,"[40, 50[", State-gov,180609,High School,9,Married-civ-spouse,Other, Husband,*,Male,0,0,40,North America,<=50K
10576,"[50, 60[", Private,102615,Graduate,14,Married-civ-spouse,Other, Husband,*,Male,0,1977,40,North America,>50K
10578,"[50, 60[", Self-emp-inc,124137,Undergraduate,10,Married-civ-spouse,Nontechnical, Husband,*,Male,0,0,40,North America,<=50K
10579,"[30, 40[", Private,136629,Undergraduate,10,Married-civ-spouse,Technical, Husband,*,Male,0,0,40,North America,>50K
10580,"[40, 50[", Self-emp-inc,148995,Undergraduate,13,Divorced,Nontechnical, Not-in-family,*,Male,0,0,60,North America,>50K
10581,"[20, 30[", ?,203076,High School,9,Married-civ-spouse,Other, Husband,*,Male,0,0,40,North America,<=50K
10582,"[50, 60[", Private,63424,Graduate,14,Married-civ-spouse,Technical, Wife,*,Female,0,0,40,North America,>50K
10583,"[40, 50[", Private,241895,Undergraduate,13,Married-civ-spouse,Nontechnical, Husband,*,Male,0,0,50,North America,>50K
10584,"[20, 30[", Private,266973,High School,9,Married-civ-spouse,Technical, Husband,*,Male,0,0,60,North America,<=50K
10585,"[30, 40[", Private,188048,Undergraduate,13,Never-married,Other, Own-child,*,Female,0,0,40,North America,<=50K
10586,"[20, 30[", Private,366929,Undergraduate,10,Never-married,Other, Own-child,*,Female,0,0,35,North America,<=50K
10587,"[30, 40[", Private,214129,Undergraduate,10,Divorced,Other, Not-in-family,*,Female,0,0,40,North America,<=50K
10588,"[10, 20[", Private,250818,Undergraduate,10,Never-married,Other, Not-in-family,*,Male,0,0,40,North America,<=50K
10589,"[30, 40[", Local-gov,240979,Undergraduate,10,Married-civ-spouse,Technical, Husband,*,Male,0,0,60,North America,>50K
10591,"[20, 30[", Private,104746,High School,9,Married-civ-spouse,Technical, Husband,*,Male,5013,0,60,North America,<=50K
10592,"[30, 40[", Private,103710,High School,9,Never-married,Nontechnical, Unmarried,*,Female,0,0,60,North America,<=50K
10593,"[20, 30[", Private,159580,Undergraduate,13,Never-married,Other, Own-child,*,Female,0,0,75,North America,<=50K
10594,"[40, 50[", Private,117409,Undergraduate,10,Married-civ-spouse,Nontechnical, Husband,*,Male,0,0,40,North America,>50K
10595,"[20, 30[", Private,140001,Undergraduate,10,Never-married,Other, Own-child,*,Male,0,0,40,North America,<=50K
10596,"[40, 50[", State-gov,31650,Undergraduate,13,Married-civ-spouse,Technical, Other-relative,*,Female,0,0,45,North America,<=50K
10597,"[30, 40[", State-gov,80771,Graduate,14,Never-married,Technical, Not-in-family,*,Female,0,0,40,North America,<=50K
10598,"[30, 40[", Private,66278,High School,9,Never-married,Other, Not-in-family,*,Female,0,0,40,North America,<=50K
10599,"[20, 30[", Private,107801,Undergraduate,10,Never-married,Other, Own-child,*,Female,0,1617,25,North America,<=50K
10600,"[30, 40[", Private,206609,Undergraduate,13,Married-civ-spouse,Nontechnical, Husband,*,Male,0,0,45,North America,<=50K
10601,"[30, 40[", Private,282461,High School,9,Married-civ-spouse,Other, Husband,*,Male,0,0,50,North America,<=50K
10602,"[30, 40[", Private,188246,Graduate,14,Married-civ-spouse,Technical, Husband,*,Male,0,0,50,North America,<=50K
10603,"[20, 30[", Private,279763,High School,7,Never-married,Technical, Not-in-family,*,Male,0,0,25,North America,<=50K
10604,"[40, 50[", Private,467799,High School,9,Married-civ-spouse,Technical, Husband,*,Male,0,0,40,North America,<=50K
10605,"[30, 40[", Self-emp-not-inc,137674,High School,9,Married-civ-spouse,Other, Husband,*,Male,0,0,40,North America,<=50K
10606,"[50, 60[", Private,158284,Undergraduate,10,Married-civ-spouse,Technical, Husband,*,Male,0,0,40,North America,<=50K
10607,"[20, 30[", Private,204219,High School,9,Never-married,Other, Unmarried,*,Female,0,0,40,North America,<=50K
10608,"[20, 30[", State-gov,210498,High School,9,Married-civ-spouse,Other, Husband,*,Male,0,0,40,North America,<=50K
10609,"[60, 70[", Federal-gov,63526,Undergraduate,13,Married-civ-spouse,Other, Husband,*,Male,0,0,40,North America,>50K
10610,"[30, 40[", Federal-gov,216924,Professional Education,11,Married-civ-spouse,Technical, Husband,*,Male,0,0,40,North America,<=50K
10611,"[30, 40[", Private,372559,Undergraduate,10,Married-civ-spouse,Technical, Husband,*,Male,0,0,40,North America,<=50K
10612,"[50, 60[", Federal-gov,199114,Undergraduate,13,Never-married,Other, Not-in-family,*,Male,0,2258,40,North America,<=50K
10613,"[50, 60[", Private,168539,High School,9,Married-civ-spouse,Technical, Husband,*,Male,0,0,40,North America,>50K
10614,"[30, 40[", Local-gov,189911,High School,7,Divorced,Other, Unmarried,*,Female,0,0,40,North America,<=50K
10615,"[60, 70[", Local-gov,61958,High School,9,Married-civ-spouse,Technical, Husband,*,Male,1424,0,6,North America,<=50K
10616,"[50, 60[", State-gov,68898,Professional Education,11,Divorced,Technical, Not-in-family,*,Male,0,2444,39,North America,>50K
10617,"[40, 50[", Private,204450,High School,9,Married-civ-spouse,Nontechnical, Husband,*,Male,0,0,40,North America,<=50K
10618,"[50, 60[", Private,311350,Undergraduate,13,Married-civ-spouse,Nontechnical, Husband,*,Male,0,0,50,North America,>50K
10619,"[30, 40[", Private,113750,Undergraduate,13,Married-civ-spouse,Nontechnical, Husband,*,Male,0,0,40,North America,<=50K
10620,"[30, 40[", Private,359591,High School,6,Married-civ-spouse,Technical, Husband,*,Male,0,0,40,North America,<=50K
10621,"[30, 40[", Private,132879,High School,9,Married-civ-spouse,Technical, Husband,*,Male,7298,0,50,North America,>50K
10622,"[20, 30[", Private,301199,Undergraduate,10,Never-married,Other, Own-child,*,Female,0,0,24,North America,<=50K
10623,"[30, 40[", State-gov,267540,Undergraduate,10,Separated,Other, Unmarried,*,Female,0,0,38,North America,<=50K
10625,"[40, 50[", Self-emp-inc,191277,Professional Education,11,Married-civ-spouse,Nontechnical, Husband,*,Male,0,0,50,North America,>50K
10626,"[30, 40[", Private,78980,Professional Education,11,Married-civ-spouse,Technical, Husband,*,Male,0,0,40,North America,>50K
10627,"[30, 40[", Self-emp-not-inc,241463,High School,9,Married-civ-spouse,Nontechnical, Husband,*,Male,0,1848,65,North America,>50K
10628,"[40, 50[", Private,216999,High School,9,Married-civ-spouse,Nontechnical, Husband,*,Male,0,0,45,North America,<=50K
10631,"[20, 30[", Private,94057,Undergraduate,10,Never-married,Other, Own-child,*,Male,0,0,15,North America,<=50K
10632,"[40, 50[", State-gov,197558,Undergraduate,13,Divorced,Nontechnical, Not-in-family,*,Male,0,0,40,North America,<=50K
10633,"[30, 40[", Private,351869,Undergraduate,10,Married-civ-spouse,Other, Husband,*,Male,0,1485,45,North America,>50K
10635,"[30, 40[", Federal-gov,184556,Undergraduate,13,Married-civ-spouse,Nontechnical, Wife,*,Female,0,0,40,North America,<=50K
10636,"[40, 50[", Private,268281,Undergraduate,13,Never-married,Technical, Not-in-family,*,Female,0,0,40,North America,<=50K
10637,"[40, 50[", Private,235646,Undergraduate,13,Married-civ-spouse,Nontechnical, Husband,*,Male,0,0,40,North America,>50K
10638,"[10, 20[", Private,186909,Undergraduate,10,Never-married,Other, Own-child,*,Female,0,0,16,North America,<=50K
10639,"[60, 70[", Private,35783,Undergraduate,10,Married-civ-spouse,Other, Husband,*,Male,0,0,60,North America,<=50K
10640,"[30, 40[", Private,188861,High School,9,Married-civ-spouse,Technical, Husband,*,Male,0,0,40,North America,<=50K
10641,"[40, 50[", Private,363591,High School,9,Divorced,Technical, Unmarried,*,Male,0,0,40,North America,<=50K
10642,"[10, 20[", Private,469921,Undergraduate,10,Never-married,Technical, Own-child,*,Female,0,0,40,North America,<=50K
10643,"[30, 40[", Private,51150,Professional Education,11,Divorced,Other, Unmarried,*,Female,0,0,40,North America,<=50K
10644,"[40, 50[", Private,174325,High School,4,Married-civ-spouse,Other, Husband,*,Male,0,0,40,North America,<=50K
10645,"[20, 30[", Private,347530,High School,9,Never-married,Other, Unmarried,*,Female,0,0,25,North America,<=50K
10646,"[50, 60[", Private,72351,Undergraduate,13,Divorced,Nontechnical, Not-in-family,*,Male,0,0,45,North America,<=50K
10648,"[30, 40[", Private,188571,High School,9,Married-civ-spouse,Technical, Husband,*,Male,0,0,40,North America,<=50K
10649,"[20, 30[", Private,255252,High School,9,Never-married,Technical, Own-child,*,Male,0,0,40,North America,<=50K
10650,"[30, 40[", Private,291951,High School,9,Married-civ-spouse,Technical, Husband,*,Male,0,0,40,North America,<=50K
10651,"[30, 40[", Self-emp-not-inc,223046,High School,9,Never-married,Technical, Not-in-family,*,Male,0,0,40,North America,<=50K
10652,"[40, 50[", Local-gov,37937,Professional Education,12,Married-civ-spouse,Technical, Husband,*,Male,0,0,43,North America,<=50K
10653,"[30, 40[", Private,295127,Undergraduate,10,Married-civ-spouse,Technical, Husband,*,Male,0,0,40,North America,<=50K
10654,"[30, 40[", Local-gov,183801,Undergraduate,13,Never-married,Other, Not-in-family,*,Male,0,0,14,North America,<=50K
10655,"[40, 50[", Private,116218,Undergraduate,10,Separated,Other, Unmarried,*,Female,0,0,45,North America,<=50K
10656,"[40, 50[", Private,143069,High School,9,Married-civ-spouse,Technical, Husband,*,Male,0,0,40,North America,<=50K
10657,"[40, 50[", Local-gov,235951,Professional Education,15,Married-civ-spouse,Technical, Husband,*,Male,0,0,50,North America,>50K
10658,"[50, 60[", Private,112840,Undergraduate,10,Married-civ-spouse,Nontechnical, Husband,*,Male,0,0,50,North America,>50K
10660,"[50, 60[", Federal-gov,43705,Undergraduate,10,Married-civ-spouse,Other, Husband,*,Male,0,0,50,North America,<=50K
10662,"[10, 20[", Private,376647,High School,9,Never-married,Nontechnical, Own-child,*,Male,2176,0,25,North America,<=50K
10663,"[40, 50[", Private,101299,Professional Education,12,Married-civ-spouse,Technical, Husband,*,Male,0,0,45,North America,<=50K
10665,"[20, 30[", Private,194654,High School,9,Married-civ-spouse,Other, Husband,*,Male,0,0,40,North America,<=50K
10666,"[20, 30[", State-gov,206889,Professional Education,12,Never-married,Other, Not-in-family,*,Male,0,0,40,North America,<=50K
10667,"[40, 50[", Private,226902,Graduate,14,Married-civ-spouse,Nontechnical, Husband,*,Male,15024,0,50,North America,>50K
10668,"[40, 50[", State-gov,150755,Undergraduate,13,Married-civ-spouse,Other, Husband,*,Male,5013,0,40,North America,<=50K
10669,"[20, 30[", Private,200679,High School,9,Never-married,Other, Own-child,*,Male,0,0,50,North America,<=50K
10670,"[70, 80[", Private,183678,Professional Education,15,Married-civ-spouse,Technical, Husband,*,Male,0,0,16,North America,<=50K
10671,"[10, 20[", Private,33138,High School,8,Never-married,Nontechnical, Own-child,*,Male,0,0,40,North America,<=50K
10672,"[50, 60[", Self-emp-not-inc,57071,Undergraduate,10,Married-civ-spouse,Technical, Husband,*,Male,3137,0,40,North America,<=50K
10673,"[70, 80[", ?,35303,Undergraduate,13,Married-civ-spouse,Other, Husband,*,Male,9386,0,30,North America,>50K
10675,"[30, 40[", Private,169496,High School,9,Married-civ-spouse,Nontechnical, Husband,*,Male,0,0,40,North America,<=50K
10676,"[40, 50[", Private,58124,High School,9,Married-civ-spouse,Other, Husband,*,Male,0,0,40,North America,<=50K
10677,"[20, 30[", Private,356344,Undergraduate,13,Never-married,Other, Own-child,*,Female,0,0,40,North America,<=50K
10678,"[40, 50[", Self-emp-not-inc,444134,High School,9,Married-civ-spouse,Other, Husband,*,Male,0,0,15,North America,<=50K
10679,"[10, 20[", ?,340117,High School,7,Never-married,Other, Unmarried,*,Female,0,0,50,North America,<=50K
10680,"[30, 40[", Private,219619,High School,9,Never-married,Nontechnical, Not-in-family,*,Male,0,0,40,North America,<=50K
10681,"[50, 60[", ?,334585,High School,6,Married-civ-spouse,Other, Wife,*,Female,0,0,40,North America,<=50K
10682,"[20, 30[", Local-gov,331046,Undergraduate,13,Never-married,Technical, Not-in-family,*,Female,0,0,45,North America,<=50K
10683,"[40, 50[", ?,443179,Undergraduate,13,Divorced,Other, Not-in-family,*,Female,0,0,8,North America,<=50K
10684,"[60, 70[", ?,239529,High School,7,Widowed,Other, Not-in-family,*,Female,3674,0,35,North America,<=50K
10685,"[20, 30[", Private,100345,Undergraduate,13,Never-married,Technical, Own-child,*,Male,0,0,20,North America,<=50K
10686,"[20, 30[", Private,205653,Undergraduate,13,Never-married,Nontechnical, Own-child,*,Male,0,0,30,North America,<=50K
10687,"[30, 40[", Private,112383,Undergraduate,10,Married-civ-spouse,Technical, Husband,*,Male,0,0,40,North America,<=50K
10689,"[20, 30[", Private,135568,High School,5,Married-civ-spouse,Nontechnical, Husband,*,Male,0,0,40,North America,<=50K
10690,"[40, 50[", Private,190532,Graduate,14,Never-married,Technical, Not-in-family,*,Female,0,0,55,North America,<=50K
10691,"[50, 60[", Federal-gov,266598,High School,9,Married-civ-spouse,Technical, Husband,*,Male,0,0,40,North America,>50K
10692,"[30, 40[", Local-gov,116608,High School,9,Married-civ-spouse,Other, Wife,*,Female,0,0,35,North America,>50K
10693,"[30, 40[", Private,353263,Undergraduate,13,Never-married,Technical, Not-in-family,*,Female,0,0,45,North America,>50K
10694,"[20, 30[", State-gov,157617,High School,9,Never-married,Nontechnical, Not-in-family,*,Male,0,0,40,North America,<=50K
10695,"[50, 60[", Federal-gov,21698,Undergraduate,13,Divorced,Nontechnical, Unmarried,*,Female,0,0,40,North America,<=50K
10696,"[30, 40[", Private,77143,High School,8,Separated,Other, Unmarried,*,Male,0,0,40,North America,<=50K
10697,"[10, 20[", State-gov,342852,High School,9,Never-married,Other, Own-child,*,Male,0,0,40,North America,<=50K
10698,"[40, 50[", Private,176602,High School,9,Divorced,Other, Not-in-family,*,Male,0,0,40,North America,<=50K
10699,"[20, 30[", Private,146343,Undergraduate,10,Married-civ-spouse,Nontechnical, Wife,*,Female,0,0,40,North America,<=50K
10700,"[60, 70[", ?,146645,Graduate,16,Married-civ-spouse,Other, Husband,*,Male,20051,0,50,North America,>50K
10701,"[30, 40[", Private,221966,Undergraduate,13,Never-married,Technical, Not-in-family,*,Male,2202,0,50,North America,<=50K
10702,"[20, 30[", Private,215546,Professional Education,12,Never-married,Nontechnical, Not-in-family,*,Male,0,0,55,North America,<=50K
10703,"[50, 60[", State-gov,173020,Undergraduate,10,Married-civ-spouse,Technical, Husband,*,Male,0,0,40,North America,<=50K
10704,"[20, 30[", ?,247734,Undergraduate,13,Never-married,Other, Own-child,*,Male,0,0,30,North America,<=50K
10705,"[40, 50[", Private,252202,High School,9,Divorced,Other, Not-in-family,*,Female,0,0,40,North America,<=50K
10706,"[30, 40[", Private,497300,High School,9,Never-married,Other, Unmarried,*,Male,0,0,40,North America,<=50K
10707,"[30, 40[", Self-emp-not-inc,426431,Undergraduate,13,Married-civ-spouse,Technical, Husband,*,Male,0,0,40,North America,<=50K
10710,"[20, 30[", Private,190350,High School,6,Married-civ-spouse,Other, Own-child,*,Female,0,0,35,North America,<=50K
10711,"[20, 30[", Private,194504,Undergraduate,10,Separated,Nontechnical, Unmarried,*,Female,0,0,40,North America,<=50K
10712,"[40, 50[", Federal-gov,110884,High School,9,Never-married,Other, Not-in-family,*,Male,0,0,40,North America,<=50K
10713,"[20, 30[", Private,187652,Professional Education,12,Never-married,Technical, Own-child,*,Male,0,0,40,North America,<=50K
10715,"[70, 80[", ?,97831,High School,9,Widowed,Other, Unmarried,*,Female,0,0,4,North America,<=50K
10716,"[50, 60[", Private,180920,High School,9,Married-civ-spouse,Other, Husband,*,Male,0,0,40,North America,>50K
10717,"[20, 30[", Private,189186,Professional Education,11,Never-married,Nontechnical, Not-in-family,*,Male,0,0,40,North America,<=50K
10718,"[30, 40[", ?,144172,Professional Education,12,Married-civ-spouse,Other, Wife,*,Female,0,0,16,North America,<=50K
10719,"[30, 40[", Private,607848,Undergraduate,10,Married-civ-spouse,Nontechnical, Husband,*,Male,7688,0,45,North America,>50K
10720,"[30, 40[", Private,207301,High School,9,Never-married,Nontechnical, Not-in-family,*,Female,0,0,40,North America,<=50K
10721,"[20, 30[", Private,293073,Undergraduate,13,Never-married,Nontechnical, Not-in-family,*,Male,0,0,50,North America,>50K
10722,"[30, 40[", Private,210452,Undergraduate,13,Divorced,Technical, Unmarried,*,Male,0,0,45,North America,<=50K
10723,"[10, 20[", Private,41400,High School,9,Never-married,Nontechnical, Own-child,*,Male,0,0,30,North America,<=50K
10724,"[20, 30[", Private,164170,Undergraduate,13,Never-married,Technical, Unmarried,*,Female,0,0,20,Asia,<=50K
10725,"[40, 50[", Private,112906,Graduate,14,Married-civ-spouse,Other, Husband,*,Male,0,0,55,North America,>50K
10726,"[40, 50[", Self-emp-not-inc,126268,Undergraduate,13,Married-civ-spouse,Technical, Husband,*,Male,0,0,50,North America,<=50K
10727,"[50, 60[", Private,208311,Graduate,14,Married-civ-spouse,Technical, Husband,*,Male,0,1977,20,North America,>50K
10728,"[60, 70[", Private,28291,High School,9,Divorced,Other, Not-in-family,*,Female,0,0,82,North America,<=50K
10729,"[40, 50[", Local-gov,121998,Undergraduate,10,Married-civ-spouse,Nontechnical, Husband,*,Male,15024,0,40,North America,>50K
10730,"[40, 50[", Federal-gov,31621,Professional Education,12,Divorced,Other, Not-in-family,*,Female,0,0,40,North America,<=50K
10731,"[30, 40[", Local-gov,108386,Professional Education,11,Married-civ-spouse,Other, Husband,*,Male,0,0,40,North America,<=50K
10732,"[30, 40[", Self-emp-not-inc,134727,High School,9,Married-civ-spouse,Technical, Husband,*,Male,0,0,40,North America,<=50K
10733,"[30, 40[", Private,208391,Undergraduate,10,Married-civ-spouse,Other, Husband,*,Male,0,0,40,North America,>50K
10734,"[30, 40[", Private,112271,Undergraduate,10,Married-civ-spouse,Technical, Husband,*,Male,0,0,45,North America,<=50K
10737,"[50, 60[", Private,185436,Undergraduate,10,Married-civ-spouse,Nontechnical, Husband,*,Male,0,0,70,North America,>50K
10738,"[30, 40[", Private,290409,Undergraduate,10,Married-civ-spouse,Other, Husband,*,Male,0,0,40,North America,<=50K
10739,"[30, 40[", Private,80058,High School,9,Never-married,Other, Own-child,*,Male,0,0,48,North America,<=50K
10740,"[50, 60[", Local-gov,370045,Undergraduate,13,Married-civ-spouse,Technical, Husband,*,Male,0,0,40,North America,>50K
10741,"[20, 30[", Private,36936,Professional Education,11,Married-civ-spouse,Technical, Husband,*,Male,0,2002,40,North America,<=50K
10742,"[30, 40[", Private,231180,High School,9,Married-civ-spouse,Technical, Husband,*,Male,0,0,40,North America,<=50K
10743,"[20, 30[", Private,119793,High School,9,Never-married,Nontechnical, Own-child,*,Male,0,0,60,North America,<=50K
10744,"[30, 40[", Private,102178,High School,9,Married-civ-spouse,Other, Husband,*,Male,0,0,50,North America,<=50K
10745,"[70, 80[", ?,135039,High School,9,Married-civ-spouse,Other, Husband,*,Male,0,0,20,North America,<=50K
10746,"[30, 40[", ?,317780,Undergraduate,10,Never-married,Other, Unmarried,*,Female,0,0,40,North America,<=50K
10747,"[40, 50[", Private,232840,Undergraduate,10,Widowed,Other, Unmarried,*,Female,0,0,43,North America,<=50K
10748,"[30, 40[", Private,33975,Professional Education,12,Married-civ-spouse,Technical, Husband,*,Male,0,0,40,North America,<=50K
10749,"[30, 40[", Local-gov,256997,Undergraduate,13,Married-civ-spouse,Technical, Husband,*,Male,0,0,40,North America,<=50K
10750,"[60, 70[", Private,298301,High School,9,Married-civ-spouse,Other, Husband,*,Male,0,0,40,North America,<=50K
10751,"[20, 30[", Private,310380,High School,9,Never-married,Other, Unmarried,*,Female,0,0,40,North America,<=50K
10752,"[40, 50[", Local-gov,182100,Undergraduate,13,Married-civ-spouse,Nontechnical, Husband,*,Male,0,0,40,North America,>50K
10753,"[20, 30[", Private,501172,Primary School,3,Married-civ-spouse,Other, Husband,*,Male,0,0,40,North America,<=50K
10754,"[40, 50[", State-gov,143939,High School,9,Divorced,Other, Unmarried,*,Female,0,0,50,North America,>50K
10755,"[20, 30[", Private,85088,Undergraduate,10,Never-married,Other, Own-child,*,Female,0,0,37,North America,<=50K
10756,"[20, 30[", Private,282313,High School,6,Never-married,Nontechnical, Own-child,*,Male,0,1602,40,North America,<=50K
10757,"[30, 40[", Private,230054,Graduate,14,Married-civ-spouse,Technical, Husband,*,Male,0,0,50,North America,>50K
10759,"[30, 40[", Private,321943,Professional Education,15,Married-civ-spouse,Technical, Husband,*,Male,0,0,40,North America,>50K
10760,"[20, 30[", Federal-gov,218782,High School,9,Married-civ-spouse,Other, Husband,*,Male,0,0,40,North America,<=50K
10761,"[30, 40[", Private,191385,Undergraduate,13,Never-married,Technical, Not-in-family,*,Male,0,0,40,North America,<=50K
10763,"[20, 30[", Private,126129,Undergraduate,10,Never-married,Other, Not-in-family,*,Female,0,0,40,North America,<=50K
10764,"[20, 30[", Private,199268,Undergraduate,10,Never-married,Other, Own-child,*,Female,0,0,20,North America,<=50K
10765,"[30, 40[", Private,255693,High School,9,Married-civ-spouse,Other, Wife,*,Female,0,0,20,North America,<=50K
10766,"[30, 40[", Private,203488,Undergraduate,10,Married-civ-spouse,Other, Husband,*,Male,0,0,40,North America,<=50K
10767,"[40, 50[", Private,203233,High School,9,Married-civ-spouse,Nontechnical, Husband,*,Male,0,0,40,North America,>50K
10768,"[30, 40[", Private,203836,Undergraduate,10,Married-civ-spouse,Nontechnical, Husband,*,Male,0,0,50,North America,>50K
10769,"[30, 40[", Private,187847,Undergraduate,13,Married-civ-spouse,Nontechnical, Husband,*,Male,7688,0,40,North America,>50K
10770,"[30, 40[", Private,116358,Undergraduate,10,Married-civ-spouse,Other, Husband,*,Male,0,0,40,Asia,<=50K
10771,"[40, 50[", Self-emp-inc,198660,Undergraduate,13,Married-civ-spouse,Nontechnical, Husband,*,Male,99999,0,72,North America,>50K
10773,"[40, 50[", Private,120629,Undergraduate,10,Widowed,Nontechnical, Unmarried,*,Female,0,0,30,North America,<=50K
10774,"[20, 30[", Local-gov,150226,Undergraduate,13,Never-married,Technical, Own-child,*,Female,0,0,35,North America,<=50K
10775,"[20, 30[", Private,137898,High School,9,Divorced,Other, Not-in-family,*,Female,0,0,35,North America,<=50K
10776,"[50, 60[", Self-emp-inc,146574,High School,9,Married-civ-spouse,Technical, Husband,*,Male,0,0,40,North America,>50K
10778,"[20, 30[", Private,142022,Undergraduate,10,Never-married,Nontechnical, Own-child,*,Male,0,0,50,North America,<=50K
10779,"[20, 30[", Private,284898,Undergraduate,10,Never-married,Nontechnical, Own-child,*,Male,0,0,30,North America,<=50K
10780,"[50, 60[", Local-gov,212448,High School,9,Divorced,Other, Not-in-family,*,Female,0,0,40,North America,<=50K
10781,"[50, 60[", Self-emp-not-inc,203039,High School,5,Separated,Technical, Not-in-family,*,Male,0,0,40,North America,<=50K
10783,"[10, 20[", Private,105289,High School,6,Never-married,Other, Other-relative,*,Female,0,0,20,North America,<=50K
10784,"[20, 30[", ?,223745,Undergraduate,10,Never-married,Other, Unmarried,*,Female,0,0,40,North America,<=50K
10785,"[40, 50[", Private,242994,Undergraduate,10,Never-married,Nontechnical, Not-in-family,*,Male,0,0,52,North America,<=50K
10786,"[30, 40[", Private,196385,Undergraduate,10,Married-civ-spouse,Technical, Husband,*,Male,0,0,45,North America,>50K
10787,"[70, 80[", Private,116202,High School,9,Widowed,Other, Unmarried,*,Female,0,0,33,North America,<=50K
10788,"[40, 50[", Private,140045,High School,9,Separated,Other, Unmarried,*,Female,0,0,40,North America,<=50K
10789,"[30, 40[", Private,133503,Undergraduate,10,Divorced,Other, Not-in-family,*,Male,2174,0,40,North America,<=50K
10790,"[40, 50[", Private,226585,Undergraduate,10,Married-civ-spouse,Other, Wife,*,Female,0,0,35,North America,>50K
10791,"[20, 30[", Private,85041,High School,9,Separated,Other, Unmarried,*,Female,0,0,25,North America,<=50K
10792,"[30, 40[", Private,162442,Undergraduate,13,Married-civ-spouse,Technical, Wife,*,Female,7688,0,50,North America,>50K
10793,"[60, 70[", Private,279980,Undergraduate,10,Married-civ-spouse,Other, Husband,*,Male,10605,0,10,North America,>50K
10794,"[20, 30[", Private,216563,High School,9,Married-civ-spouse,Technical, Wife,*,Female,0,0,40,North America,<=50K
10795,"[40, 50[", Local-gov,231964,Undergraduate,10,Divorced,Other, Unmarried,*,Female,0,0,40,North America,<=50K
10796,"[20, 30[", Private,263855,High School,8,Never-married,Technical, Unmarried,*,Male,0,0,40,North America,<=50K
10797,"[40, 50[", Private,124915,High School,9,Married-civ-spouse,Technical, Husband,*,Male,0,0,40,North America,<=50K
10798,"[60, 70[", Federal-gov,178312,Undergraduate,10,Married-civ-spouse,Technical, Husband,*,Male,0,0,40,North America,<=50K
10799,"[40, 50[", Local-gov,215862,Graduate,16,Married-civ-spouse,Nontechnical, Husband,*,Male,7688,0,45,North America,>50K
10800,"[20, 30[", State-gov,39236,Undergraduate,10,Never-married,Technical, Not-in-family,*,Female,0,0,50,North America,<=50K
10801,"[50, 60[", Private,349910,High School,9,Married-civ-spouse,Nontechnical, Husband,*,Male,7688,0,40,North America,>50K
10802,"[50, 60[", Private,75839,Undergraduate,10,Married-civ-spouse,Technical, Husband,*,Male,0,0,40,North America,<=50K
10803,"[30, 40[", Private,176711,High School,9,Never-married,Other, Own-child,*,Male,0,0,40,North America,<=50K
10804,"[20, 30[", Private,266525,Undergraduate,10,Never-married,Technical, Other-relative,*,Female,594,0,20,North America,<=50K
10805,"[20, 30[", ?,34307,Undergraduate,10,Never-married,Other, Not-in-family,*,Male,0,0,40,North America,<=50K
10806,"[40, 50[", Private,331776,High School,9,Married-civ-spouse,Technical, Husband,*,Male,0,0,40,North America,<=50K
10807,"[50, 60[", Private,111469,Undergraduate,10,Divorced,Nontechnical, Not-in-family,*,Female,0,0,40,North America,<=50K
10808,"[40, 50[", State-gov,198965,Graduate,14,Married-civ-spouse,Technical, Husband,*,Male,0,0,40,North America,>50K
10809,"[20, 30[", Private,288185,High School,5,Married-civ-spouse,Technical, Husband,*,Male,0,0,40,North America,<=50K
10810,"[20, 30[", Private,198050,Professional Education,12,Never-married,Other, Not-in-family,*,Female,0,0,25,North America,<=50K
10811,"[60, 70[", Private,242580,Undergraduate,10,Divorced,Technical, Not-in-family,*,Male,11678,0,50,North America,>50K
10812,"[30, 40[", Private,173128,High School,9,Divorced,Other, Not-in-family,*,Male,0,0,40,North America,<=50K
10813,"[20, 30[", Private,87905,High School,9,Divorced,Other, Not-in-family,*,Male,10520,0,40,North America,>50K
10814,"[40, 50[", Private,173704,Undergraduate,13,Married-civ-spouse,Nontechnical, Husband,*,Male,0,0,40,North America,>50K
10815,"[30, 40[", Federal-gov,93225,Undergraduate,10,Married-civ-spouse,Other, Husband,*,Male,7688,0,40,North America,>50K
10816,"[30, 40[", Private,323269,Undergraduate,10,Married-civ-spouse,Other, Wife,*,Female,0,0,40,North America,<=50K
10817,"[30, 40[", Private,158046,Undergraduate,10,Married-civ-spouse,Nontechnical, Husband,*,Male,5013,0,70,North America,<=50K
10818,"[30, 40[", Private,133503,High School,9,Married-civ-spouse,Other, Husband,*,Male,0,0,40,North America,<=50K
10819,"[40, 50[", Self-emp-not-inc,172296,Undergraduate,10,Separated,Nontechnical, Unmarried,*,Male,0,0,60,North America,<=50K
10820,"[30, 40[", ?,201105,Undergraduate,13,Married-civ-spouse,Other, Wife,*,Female,0,0,30,North America,<=50K
10821,"[20, 30[", Private,176486,Undergraduate,10,Never-married,Other, Other-relative,*,Female,0,0,25,North America,<=50K
10822,"[20, 30[", Self-emp-inc,182750,Undergraduate,13,Never-married,Nontechnical, Not-in-family,*,Male,0,0,45,North America,>50K
10823,"[20, 30[", Private,82497,Undergraduate,10,Never-married,Nontechnical, Own-child,*,Female,0,0,28,North America,<=50K
10824,"[40, 50[", Private,208872,Undergraduate,10,Married-civ-spouse,Technical, Husband,*,Male,0,0,40,North America,<=50K
10825,"[40, 50[", Private,145269,High School,7,Divorced,Technical, Not-in-family,*,Female,0,0,45,North America,<=50K
10826,"[20, 30[", Private,19214,High School,9,Never-married,Nontechnical, Not-in-family,*,Male,0,0,40,North America,<=50K
10827,"[30, 40[", Private,149347,Undergraduate,10,Married-civ-spouse,Technical, Husband,*,Male,0,0,45,North America,<=50K
10828,"[60, 70[", ?,53850,High School,4,Married-civ-spouse,Other, Husband,*,Male,0,0,40,North America,<=50K
10829,"[50, 60[", Private,158294,Professional Education,11,Married-civ-spouse,Technical, Husband,*,Male,3103,0,40,North America,>50K
10830,"[40, 50[", Private,152073,High School,9,Divorced,Technical, Unmarried,*,Female,0,0,40,North America,<=50K
10831,"[30, 40[", Private,189623,Graduate,16,Married-civ-spouse,Nontechnical, Husband,*,Male,0,0,45,North America,>50K
10832,"[20, 30[", Private,341368,High School,9,Never-married,Other, Not-in-family,*,Male,0,0,40,North America,<=50K
10833,"[20, 30[", Private,201603,High School,9,Never-married,Technical, Own-child,*,Male,2176,0,40,North America,<=50K
10834,"[30, 40[", Private,270572,Undergraduate,13,Divorced,Technical, Not-in-family,*,Female,0,0,40,North America,>50K
10836,"[10, 20[", Private,126779,High School,7,Never-married,Other, Own-child,*,Male,0,0,20,North America,<=50K
10838,"[20, 30[", Private,373499,Primary School,3,Never-married,Other, Not-in-family,*,Male,0,0,60,North America,<=50K
10839,"[20, 30[", Private,244773,High School,9,Never-married,Nontechnical, Own-child,*,Female,0,0,15,North America,<=50K
10840,"[20, 30[", State-gov,96862,Undergraduate,10,Never-married,Other, Own-child,*,Female,0,0,40,North America,<=50K
10841,"[50, 60[", Private,162632,High School,9,Married-civ-spouse,Technical, Husband,*,Male,0,0,2,North America,<=50K
10842,"[50, 60[", Self-emp-not-inc,159755,Professional Education,11,Married-civ-spouse,Technical, Husband,*,Male,0,0,38,North America,>50K
10843,"[20, 30[", Private,37088,Undergraduate,13,Married-civ-spouse,Technical, Husband,*,Male,0,0,30,North America,<=50K
10844,"[20, 30[", Private,335421,Undergraduate,13,Never-married,Technical, Not-in-family,*,Female,0,0,20,North America,<=50K
10845,"[20, 30[", Never-worked,188535,High School,4,Divorced,Other, Not-in-family,*,Male,0,0,35,North America,<=50K
10846,"[20, 30[", State-gov,349365,High School,9,Never-married,Other, Not-in-family,*,Female,0,0,40,North America,<=50K
10847,"[40, 50[", Private,33002,High School,9,Married-civ-spouse,Nontechnical, Husband,*,Male,0,0,48,North America,<=50K
10848,"[30, 40[", Private,330715,High School,9,Married-civ-spouse,Technical, Husband,*,Male,99999,0,40,North America,>50K
10849,"[40, 50[", Private,146857,Undergraduate,13,Married-civ-spouse,Nontechnical, Husband,*,Male,0,0,38,North America,>50K
10850,"[30, 40[", Private,275522,High School,4,Widowed,Other, Unmarried,*,Female,0,0,80,North America,<=50K
10851,"[20, 30[", Private,43646,High School,9,Married-civ-spouse,Technical, Own-child,*,Male,0,0,40,North America,<=50K
10852,"[30, 40[", Private,154548,Undergraduate,10,Never-married,Other, Unmarried,*,Female,0,0,38,North America,<=50K
10853,"[20, 30[", Private,47907,Undergraduate,13,Never-married,Other, Not-in-family,*,Female,0,0,40,North America,<=50K
10854,"[30, 40[", Private,238397,Undergraduate,13,Divorced,Other, Unmarried,*,Female,0,0,24,North America,<=50K
10855,"[40, 50[", Local-gov,195949,Undergraduate,10,Married-civ-spouse,Other, Husband,*,Male,0,0,42,North America,>50K
10856,"[20, 30[", ?,354351,Undergraduate,10,Never-married,Other, Not-in-family,*,Male,0,0,40,North America,<=50K
10857,"[30, 40[", Private,349169,Graduate,14,Married-civ-spouse,Technical, Husband,*,Male,0,0,40,North America,<=50K
10858,"[20, 30[", Private,158662,High School,9,Married-civ-spouse,Other, Wife,*,Female,0,0,50,North America,>50K
10859,"[20, 30[", Local-gov,23438,High School,9,Never-married,Technical, Not-in-family,*,Female,0,0,40,North America,<=50K
10860,"[30, 40[", Private,107302,Undergraduate,10,Married-civ-spouse,Nontechnical, Husband,*,Male,0,0,60,North America,>50K
10861,"[40, 50[", Private,174196,High School,9,Never-married,Other, Unmarried,*,Female,0,0,40,North America,<=50K
10862,"[40, 50[", Local-gov,226871,High School,9,Married-civ-spouse,Technical, Husband,*,Male,0,0,40,North America,>50K
10863,"[20, 30[", Private,124971,Undergraduate,10,Divorced,Other, Not-in-family,*,Male,0,0,40,North America,<=50K
10864,"[50, 60[", Private,214061,High School,9,Divorced,Other, Not-in-family,*,Female,0,0,40,North America,<=50K
10865,"[20, 30[", Private,441700,Undergraduate,13,Never-married,Technical, Own-child,*,Male,0,0,40,North America,<=50K
10866,"[40, 50[", Self-emp-inc,104892,Undergraduate,10,Married-civ-spouse,Technical, Husband,*,Male,0,0,58,North America,>50K
10867,"[30, 40[", Private,234386,Professional Education,12,Divorced,Technical, Not-in-family,*,Male,0,0,50,North America,<=50K
10868,"[20, 30[", Local-gov,188278,Undergraduate,10,Married-civ-spouse,Technical, Husband,*,Male,0,0,40,North America,<=50K
10869,"[20, 30[", Private,244395,High School,7,Never-married,Other, Unmarried,*,Female,0,0,40,North America,<=50K
10870,"[30, 40[", Private,30916,High School,9,Married-civ-spouse,Other, Husband,*,Male,0,0,50,North America,>50K
10871,"[40, 50[", Private,219565,High School,9,Married-civ-spouse,Technical, Husband,*,Male,0,0,40,North America,<=50K
10872,"[30, 40[", Private,377486,High School,9,Never-married,Technical, Not-in-family,*,Male,0,0,36,North America,<=50K
10873,"[40, 50[", Local-gov,137232,High School,9,Divorced,Other, Unmarried,*,Female,0,0,50,North America,<=50K
10874,"[50, 60[", Private,233369,Undergraduate,10,Widowed,Nontechnical, Unmarried,*,Female,0,0,40,North America,<=50K
10875,"[20, 30[", Private,71067,Professional Education,15,Never-married,Technical, Not-in-family,*,Female,0,0,55,North America,<=50K
10876,"[50, 60[", Private,195176,Undergraduate,13,Married-civ-spouse,Nontechnical, Husband,*,Male,0,0,72,North America,<=50K
10877,"[30, 40[", Private,98639,High School,9,Never-married,Technical, Unmarried,*,Male,0,0,40,North America,<=50K
10878,"[30, 40[", Private,183778,High School,9,Married-civ-spouse,Technical, Husband,*,Male,0,0,40,North America,<=50K
10879,"[50, 60[", Private,123011,Undergraduate,13,Divorced,Nontechnical, Not-in-family,*,Male,0,2559,50,North America,>50K
10880,"[20, 30[", Private,164938,High School,9,Never-married,Technical, Own-child,*,Male,4416,0,40,North America,<=50K
10881,"[20, 30[", ?,147471,High School,9,Divorced,Other, Own-child,*,Female,0,0,10,North America,<=50K
10882,"[30, 40[", Private,206046,High School,9,Married-civ-spouse,Technical, Husband,*,Male,0,1848,40,North America,>50K
10883,"[40, 50[", Private,81497,High School,9,Divorced,Nontechnical, Not-in-family,*,Female,0,0,48,North America,<=50K
10884,"[40, 50[", Private,189225,High School,9,Never-married,Other, Unmarried,*,Female,0,0,40,North America,<=50K
10885,"[20, 30[", Private,141264,Undergraduate,10,Never-married,Nontechnical, Other-relative,*,Female,0,0,40,North America,<=50K
10886,"[30, 40[", Private,97939,Professional Education,12,Divorced,Technical, Not-in-family,*,Female,0,0,42,North America,<=50K
10887,"[40, 50[", Private,160829,Undergraduate,13,Married-civ-spouse,Technical, Wife,*,Female,0,0,20,North America,>50K
10888,"[20, 30[", Private,483822,High School,9,Never-married,Other, Own-child,*,Male,0,0,40,North America,<=50K
10889,"[40, 50[", State-gov,148738,Undergraduate,10,Divorced,Other, Own-child,*,Male,0,0,40,North America,<=50K
10890,"[20, 30[", Private,289982,High School,9,Never-married,Nontechnical, Not-in-family,*,Female,0,0,40,North America,<=50K
10891,"[30, 40[", Self-emp-not-inc,58702,Professional Education,11,Married-civ-spouse,Technical, Wife,*,Female,3103,0,50,North America,>50K
10892,"[20, 30[", Private,146706,Undergraduate,10,Married-civ-spouse,Nontechnical, Other-relative,*,Female,0,0,30,North America,<=50K
10893,"[20, 30[", Private,420973,Undergraduate,13,Never-married,Technical, Not-in-family,*,Female,0,0,40,North America,<=50K
10894,"[70, 80[", Private,124959,High School,9,Widowed,Other, Not-in-family,*,Female,0,0,40,North America,<=50K
10895,"[20, 30[", State-gov,121471,Undergraduate,13,Never-married,Technical, Not-in-family,*,Female,0,0,40,North America,<=50K
10896,"[30, 40[", Private,198237,Undergraduate,13,Married-civ-spouse,Technical, Husband,*,Male,15024,0,50,North America,>50K
10897,"[20, 30[", Private,280758,High School,7,Never-married,Technical, Other-relative,*,Male,0,0,60,North America,<=50K
10898,"[40, 50[", Private,191544,High School,9,Never-married,Other, Not-in-family,*,Female,0,0,35,North America,<=50K
10899,"[30, 40[", Private,261023,Undergraduate,10,Divorced,Technical, Unmarried,*,Male,0,0,50,North America,<=50K
10900,"[30, 40[", State-gov,231043,Professional Education,11,Married-civ-spouse,Other, Husband,*,Male,0,0,40,North America,<=50K
10901,"[30, 40[", Private,340917,Undergraduate,10,Married-civ-spouse,Technical, Husband,*,Male,0,0,40,North America,<=50K
10902,"[30, 40[", Private,167140,Undergraduate,13,Married-civ-spouse,Technical, Husband,*,Male,5013,0,40,North America,<=50K
10903,"[30, 40[", Private,370795,High School,9,Never-married,Other, Unmarried,*,Female,0,0,40,North America,<=50K
10904,"[30, 40[", Federal-gov,209609,High School,9,Married-civ-spouse,Other, Husband,*,Male,0,0,50,North America,<=50K
10905,"[70, 80[", Private,209454,Primary School,3,Married-civ-spouse,Other, Husband,*,Male,0,0,40,North America,<=50K
10906,"[30, 40[", Self-emp-inc,78530,Undergraduate,10,Married-civ-spouse,Nontechnical, Husband,*,Male,15024,0,50,North America,>50K
10907,"[20, 30[", Private,88922,High School,9,Married-civ-spouse,Other, Husband,*,Male,0,0,40,North America,<=50K
10908,"[60, 70[", Private,86972,Undergraduate,10,Divorced,Nontechnical, Unmarried,*,Female,0,0,40,North America,<=50K
10909,"[40, 50[", Self-emp-not-inc,165468,High School,9,Married-civ-spouse,Technical, Husband,*,Male,7298,0,40,North America,>50K
10910,"[30, 40[", Private,134367,Undergraduate,13,Married-civ-spouse,Nontechnical, Wife,*,Female,0,0,37,North America,>50K
10911,"[40, 50[", Private,199058,High School,9,Married-civ-spouse,Technical, Husband,*,Male,0,0,40,North America,>50K
10912,"[30, 40[", Private,183612,High School,9,Married-civ-spouse,Technical, Husband,*,Male,0,0,40,North America,>50K
10913,"[40, 50[", Private,191982,Professional Education,11,Divorced,Technical, Unmarried,*,Female,0,0,40,North America,>50K
10914,"[20, 30[", Private,514033,High School,9,Never-married,Other, Not-in-family,*,Male,0,0,80,North America,<=50K
10915,"[50, 60[", Private,172364,High School,9,Married-civ-spouse,Technical, Husband,*,Male,0,0,40,North America,<=50K
10916,"[30, 40[", Private,190105,High School,9,Never-married,Other, Own-child,*,Female,0,0,55,North America,<=50K
10917,"[30, 40[", Self-emp-inc,119422,Undergraduate,10,Married-civ-spouse,Nontechnical, Husband,*,Male,0,0,70,North America,<=50K
10919,"[50, 60[", State-gov,43952,Graduate,14,Married-civ-spouse,Nontechnical, Husband,*,Male,15024,0,38,North America,>50K
10920,"[40, 50[", Private,194636,Undergraduate,13,Married-civ-spouse,Technical, Husband,*,Male,0,0,48,North America,>50K
10921,"[20, 30[", Private,235853,High School,9,Married-civ-spouse,Other, Husband,*,Male,0,0,40,North America,<=50K
10922,"[40, 50[", Self-emp-not-inc,150528,High School,9,Married-civ-spouse,Technical, Husband,*,Male,0,0,30,North America,<=50K
10923,"[30, 40[", Private,213722,High School,9,Never-married,Nontechnical, Own-child,*,Male,0,0,40,North America,<=50K
10924,"[20, 30[", Private,41432,Undergraduate,10,Never-married,Other, Own-child,*,Female,0,0,46,North America,<=50K
10925,"[20, 30[", Private,285775,Professional Education,11,Never-married,Technical, Own-child,*,Male,0,0,40,North America,<=50K
10926,"[30, 40[", Private,470663,Undergraduate,13,Never-married,Nontechnical, Not-in-family,*,Male,0,0,50,North America,<=50K
10927,"[50, 60[", Self-emp-not-inc,114520,Undergraduate,10,Married-civ-spouse,Nontechnical, Husband,*,Male,0,0,40,North America,<=50K
10928,"[20, 30[", Private,113466,High School,9,Never-married,Technical, Not-in-family,*,Male,0,0,40,North America,<=50K
10929,"[40, 50[", Private,224559,High School,9,Married-civ-spouse,Other, Husband,*,Male,0,0,40,North America,<=50K
10930,"[50, 60[", Private,186385,High School,6,Married-civ-spouse,Technical, Husband,*,Male,0,0,40,North America,<=50K
10931,"[20, 30[", ?,167094,High School,6,Divorced,Other, Not-in-family,*,Male,0,0,50,North America,<=50K
10932,"[10, 20[", ?,216508,High School,8,Never-married,Other, Not-in-family,*,Male,0,0,25,North America,<=50K
10933,"[40, 50[", Local-gov,384236,Professional Education,11,Never-married,Other, Not-in-family,*,Male,0,0,40,North America,<=50K
10934,"[40, 50[", Private,181265,Professional Education,11,Married-civ-spouse,Other, Husband,*,Male,0,0,48,North America,<=50K
10935,"[50, 60[", Private,190997,Undergraduate,10,Married-civ-spouse,Nontechnical, Husband,*,Male,0,0,40,North America,>50K
10936,"[20, 30[", Private,98287,High School,9,Married-civ-spouse,Nontechnical, Husband,*,Male,0,0,50,North America,<=50K
10937,"[30, 40[", Private,103456,Undergraduate,13,Married-civ-spouse,Other, Husband,*,Male,0,0,45,North America,>50K
10938,"[20, 30[", Private,184723,Undergraduate,13,Never-married,Technical, Not-in-family,*,Female,0,1980,35,North America,<=50K
10939,"[20, 30[", Private,165622,Graduate,14,Never-married,Nontechnical, Not-in-family,*,Male,0,0,55,North America,<=50K
10940,"[20, 30[", Private,101597,Undergraduate,10,Divorced,Nontechnical, Unmarried,*,Female,0,0,54,North America,<=50K
10941,"[50, 60[", Private,146378,Primary School,3,Married-civ-spouse,Technical, Husband,*,Male,0,0,40,North America,<=50K
10942,"[60, 70[", Local-gov,152163,High School,9,Married-civ-spouse,Other, Husband,*,Male,0,0,40,North America,<=50K
10944,"[20, 30[", Private,148211,High School,9,Never-married,Nontechnical, Not-in-family,*,Male,3674,0,50,North America,<=50K
10945,"[40, 50[", Private,187581,Undergraduate,10,Married-civ-spouse,Technical, Husband,*,Male,0,0,40,North America,>50K
10946,"[20, 30[", Private,135296,Professional Education,11,Never-married,Other, Own-child,*,Female,0,0,40,North America,<=50K
10950,"[30, 40[", Private,224584,Undergraduate,10,Divorced,Nontechnical, Unmarried,*,Female,0,0,40,North America,<=50K
10951,"[30, 40[", Private,80771,Undergraduate,13,Married-civ-spouse,Technical, Wife,*,Female,0,0,40,North America,>50K
10952,"[40, 50[", Private,164733,Graduate,14,Married-civ-spouse,Technical, Husband,*,Male,0,0,41,North America,<=50K
10953,"[30, 40[", Self-emp-not-inc,119411,Undergraduate,13,Divorced,Nontechnical, Unmarried,*,Male,0,0,60,North America,>50K
10955,"[40, 50[", ?,396116,High School,9,Married-civ-spouse,Other, Husband,*,Male,0,0,40,North America,<=50K
10956,"[20, 30[", Private,185251,High School,9,Never-married,Nontechnical, Own-child,*,Male,0,0,40,North America,<=50K
10957,"[40, 50[", Private,173590,Undergraduate,13,Married-civ-spouse,Technical, Husband,*,Male,0,0,3,North America,<=50K
10958,"[50, 60[", Federal-gov,196307,Graduate,16,Married-civ-spouse,Technical, Husband,*,Male,0,0,40,North America,>50K
10959,"[20, 30[", ?,293091,High School,9,Never-married,Other, Own-child,*,Male,0,0,12,North America,<=50K
10960,"[30, 40[", Private,175232,High School,9,Married-civ-spouse,Technical, Husband,*,Male,5178,0,40,North America,>50K
10961,"[20, 30[", Private,51047,High School,9,Never-married,Other, Not-in-family,*,Female,0,0,25,North America,<=50K
10962,"[20, 30[", Private,334618,Undergraduate,10,Never-married,Other, Not-in-family,*,Female,99999,0,40,North America,>50K
10963,"[50, 60[", Local-gov,152795,Undergraduate,10,Married-civ-spouse,Technical, Husband,*,Male,0,0,40,North America,<=50K
10964,"[50, 60[", Self-emp-inc,205601,Graduate,16,Married-civ-spouse,Technical, Husband,*,Male,99999,0,70,North America,>50K
10965,"[50, 60[", Private,129177,Undergraduate,13,Widowed,Other, Not-in-family,*,Female,0,2824,20,North America,>50K
10966,"[50, 60[", Self-emp-not-inc,121548,Undergraduate,13,Married-civ-spouse,Nontechnical, Husband,*,Male,0,0,25,North America,<=50K
10967,"[20, 30[", Private,244566,High School,9,Divorced,Technical, Unmarried,*,Male,0,0,40,North America,<=50K
10968,"[30, 40[", Private,75073,Undergraduate,10,Never-married,Technical, Not-in-family,*,Male,0,0,55,North America,<=50K
10969,"[20, 30[", Private,179008,High School,9,Married-civ-spouse,Other, Husband,*,Male,0,0,55,North America,<=50K
10970,"[20, 30[", Private,170800,High School,9,Never-married,Nontechnical, Own-child,*,Female,0,0,30,North America,<=50K
10971,"[50, 60[", Private,373344,Primary School,2,Married-civ-spouse,Other, Husband,*,Male,0,0,40,North America,<=50K
10972,"[30, 40[", Private,127961,High School,9,Never-married,Technical, Not-in-family,*,Male,0,0,40,North America,<=50K
10973,"[50, 60[", Private,99392,Undergraduate,10,Divorced,Technical, Not-in-family,*,Female,0,0,45,North America,<=50K
10975,"[20, 30[", Private,262478,High School,9,Never-married,Other, Own-child,*,Male,0,0,30,North America,<=50K
10976,"[40, 50[", Self-emp-not-inc,32825,High School,9,Married-civ-spouse,Technical, Husband,*,Male,0,0,40,North America,<=50K
10977,"[50, 60[", Self-emp-not-inc,167380,High School,4,Married-civ-spouse,Other, Husband,*,Male,0,0,40,North America,<=50K
10978,"[30, 40[", Private,203204,Professional Education,12,Married-civ-spouse,Other, Wife,*,Female,0,0,25,North America,>50K
10979,"[30, 40[", Federal-gov,105138,Professional Education,15,Married-civ-spouse,Technical, Husband,*,Male,0,0,55,North America,<=50K
10980,"[50, 60[", Private,145714,High School,9,Married-civ-spouse,Technical, Husband,*,Male,7688,0,25,North America,>50K
10981,"[20, 30[", Private,182276,High School,9,Married-civ-spouse,Other, Wife,*,Female,0,0,25,North America,<=50K
10982,"[20, 30[", Private,275385,High School,9,Never-married,Nontechnical, Other-relative,*,Male,0,0,45,North America,<=50K
10983,"[30, 40[", Self-emp-not-inc,292472,Undergraduate,10,Married-civ-spouse,Nontechnical, Husband,*,Male,0,0,55,North America,>50K
10984,"[10, 20[", Self-emp-not-inc,73514,High School,9,Never-married,Other, Own-child,*,Female,0,0,30,North America,<=50K
10985,"[20, 30[", Private,199600,High School,9,Never-married,Nontechnical, Not-in-family,*,Male,0,0,40,North America,<=50K
10986,"[30, 40[", Private,111499,High School,9,Married-civ-spouse,Nontechnical, Husband,*,Male,0,1977,99,North America,>50K
10987,"[20, 30[", Private,202560,Undergraduate,10,Never-married,Other, Not-in-family,*,Female,0,0,40,North America,<=50K
10988,"[30, 40[", Private,99309,Undergraduate,10,Divorced,Technical, Unmarried,*,Male,0,0,50,North America,<=50K
10989,"[60, 70[", Local-gov,124987,Undergraduate,13,Married-civ-spouse,Technical, Husband,*,Male,7298,0,40,North America,>50K
10990,"[30, 40[", Private,287986,Undergraduate,10,Never-married,Nontechnical, Not-in-family,*,Male,0,0,40,North America,<=50K
10991,"[30, 40[", Private,119411,Undergraduate,13,Never-married,Technical, Not-in-family,*,Male,0,0,40,North America,<=50K
10992,"[10, 20[", Private,198668,High School,4,Never-married,Other, Not-in-family,*,Female,0,0,40,North America,<=50K
10993,"[20, 30[", Private,117583,High School,9,Never-married,Technical, Own-child,*,Male,0,0,40,North America,<=50K
10994,"[20, 30[", Private,234664,Undergraduate,10,Married-civ-spouse,Technical, Husband,*,Male,0,0,40,North America,>50K
10995,"[20, 30[", ?,114357,Undergraduate,10,Never-married,Other, Not-in-family,*,Male,0,0,40,North America,<=50K
10996,"[30, 40[", State-gov,176949,Professional Education,12,Married-civ-spouse,Other, Husband,*,Male,0,0,52,North America,<=50K
10997,"[30, 40[", Private,189710,High School,4,Married-civ-spouse,Other, Husband,*,Male,0,0,45,North America,<=50K
10998,"[60, 70[", Private,205309,High School,9,Married-civ-spouse,Other, Husband,*,Male,0,0,24,North America,<=50K
10999,"[30, 40[", Private,195576,Undergraduate,13,Married-civ-spouse,Nontechnical, Husband,*,Male,0,0,50,North America,>50K
11000,"[20, 30[", Private,216825,High School,9,Never-married,Nontechnical, Own-child,*,Female,0,0,25,North America,<=50K
11001,"[20, 30[", ?,329174,Undergraduate,10,Never-married,Other, Not-in-family,*,Male,0,0,40,North America,<=50K
11002,"[20, 30[", Private,197036,High School,6,Never-married,Technical, Own-child,*,Male,0,0,40,North America,<=50K
11003,"[20, 30[", Private,181291,Undergraduate,13,Never-married,Nontechnical, Not-in-family,*,Female,0,1564,50,North America,>50K
11004,"[30, 40[", Private,206512,High School,7,Never-married,Nontechnical, Own-child,*,Male,0,0,25,North America,<=50K
11005,"[20, 30[", State-gov,38309,Undergraduate,13,Never-married,Technical, Own-child,*,Male,6849,0,40,North America,<=50K
11006,"[30, 40[", Private,312766,High School,9,Divorced,Other, Not-in-family,*,Female,0,0,40,North America,<=50K
11007,"[50, 60[", Private,139671,Undergraduate,10,Married-civ-spouse,Nontechnical, Husband,*,Male,0,1977,50,North America,>50K
11009,"[30, 40[", Private,124827,High School,9,Never-married,Other, Not-in-family,*,Male,0,0,40,North America,<=50K
11010,"[30, 40[", Private,77820,Undergraduate,13,Married-civ-spouse,Nontechnical, Husband,*,Male,0,0,50,North America,>50K
11011,"[40, 50[", Federal-gov,56904,Undergraduate,13,Married-civ-spouse,Other, Husband,*,Male,5013,0,45,North America,<=50K
11012,"[40, 50[", Private,190115,Professional Education,12,Divorced,Nontechnical, Unmarried,*,Male,0,0,40,North America,<=50K
11013,"[40, 50[", Private,106682,High School,9,Married-civ-spouse,Nontechnical, Husband,*,Male,0,0,60,North America,<=50K
11014,"[30, 40[", Local-gov,42596,Undergraduate,13,Divorced,Technical, Not-in-family,*,Male,0,0,40,North America,<=50K
11015,"[30, 40[", Private,143058,High School,9,Married-civ-spouse,Technical, Husband,*,Male,0,0,60,North America,>50K
11016,"[50, 60[", Private,102615,High School,7,Divorced,Other, Not-in-family,*,Male,0,0,40,North America,<=50K
11018,"[40, 50[", Private,240124,Professional Education,11,Married-civ-spouse,Technical, Husband,*,Male,0,0,40,North America,<=50K
11019,"[30, 40[", Private,132565,Undergraduate,10,Never-married,Technical, Unmarried,*,Male,0,0,40,North America,<=50K
11020,"[40, 50[", Private,323798,Undergraduate,10,Divorced,Nontechnical, Not-in-family,*,Male,3325,0,50,North America,<=50K
11021,"[50, 60[", Private,96359,Graduate,16,Married-civ-spouse,Nontechnical, Husband,*,Male,0,0,57,North America,>50K
11022,"[20, 30[", Private,165201,Undergraduate,10,Never-married,Other, Own-child,*,Female,0,0,4,North America,<=50K
11023,"[60, 70[", Federal-gov,165630,High School,9,Married-civ-spouse,Technical, Husband,*,Male,0,1977,40,North America,>50K
11024,"[40, 50[", Private,264526,Professional Education,12,Divorced,Technical, Own-child,*,Male,0,0,40,North America,<=50K
11025,"[40, 50[", Private,102359,Undergraduate,13,Married-civ-spouse,Nontechnical, Husband,*,Male,7298,0,60,North America,>50K
11026,"[20, 30[", Private,37359,Undergraduate,13,Married-civ-spouse,Nontechnical, Husband,*,Male,0,0,60,North America,>50K
11027,"[60, 70[", ?,232618,Professional Education,15,Married-civ-spouse,Other, Husband,*,Male,0,0,40,North America,>50K
11028,"[40, 50[", Local-gov,115497,Undergraduate,10,Married-civ-spouse,Nontechnical, Husband,*,Male,0,0,40,North America,<=50K
11029,"[30, 40[", Private,157747,Undergraduate,10,Married-civ-spouse,Technical, Husband,*,Male,0,0,45,North America,<=50K
11030,"[20, 30[", Self-emp-not-inc,41099,High School,9,Never-married,Technical, Not-in-family,*,Male,0,0,30,North America,<=50K
11031,"[30, 40[", Private,472604,Undergraduate,13,Married-civ-spouse,Other, Husband,*,Male,0,0,35,North America,<=50K
11033,"[40, 50[", Private,135606,Graduate,14,Divorced,Nontechnical, Not-in-family,*,Female,0,0,50,North America,>50K
11034,"[30, 40[", Private,248445,High School,9,Separated,Other, Other-relative,*,Male,0,0,60,North America,<=50K
11035,"[30, 40[", Private,112093,High School,7,Married-civ-spouse,Other, Husband,*,Male,0,0,40,North America,<=50K
11036,"[20, 30[", Local-gov,197552,High School,9,Never-married,Technical, Not-in-family,*,Female,0,0,40,North America,<=50K
11037,"[20, 30[", Private,303822,High School,6,Never-married,Technical, Own-child,*,Male,0,0,40,North America,<=50K
11038,"[30, 40[", Private,288566,Undergraduate,13,Never-married,Other, Not-in-family,*,Male,0,0,40,North America,<=50K
11039,"[50, 60[", ?,487411,Graduate,14,Married-civ-spouse,Other, Husband,*,Male,0,0,40,North America,>50K
11040,"[40, 50[", Self-emp-not-inc,43348,Professional Education,15,Married-civ-spouse,Nontechnical, Husband,*,Male,15024,0,55,North America,>50K
11041,"[30, 40[", State-gov,239409,High School,9,Married-civ-spouse,Other, Husband,*,Male,0,0,50,North America,<=50K
11042,"[50, 60[", Private,337606,High School,9,Married-civ-spouse,Technical, Husband,*,Male,0,1485,40,North America,<=50K
11044,"[40, 50[", State-gov,118447,Undergraduate,13,Married-civ-spouse,Technical, Husband,*,Male,0,0,60,North America,>50K
11045,"[40, 50[", Private,234690,High School,9,Married-civ-spouse,Nontechnical, Husband,*,Male,0,0,40,North America,<=50K
11046,"[20, 30[", ?,141003,High School,9,Never-married,Other, Own-child,*,Male,0,0,60,North America,<=50K
11047,"[40, 50[", Private,216042,Undergraduate,10,Divorced,Technical, Own-child,*,Female,0,1617,72,North America,<=50K
11048,"[40, 50[", Private,190482,High School,9,Divorced,Technical, Unmarried,*,Male,0,0,40,North America,<=50K
11049,"[50, 60[", Private,381965,Undergraduate,13,Married-civ-spouse,Technical, Other-relative,*,Male,0,0,40,North America,<=50K
11050,"[60, 70[", Private,186943,High School,9,Married-civ-spouse,Technical, Husband,*,Male,0,0,8,North America,<=50K
11051,"[30, 40[", Private,142707,Professional Education,11,Married-civ-spouse,Technical, Husband,*,Male,0,0,40,North America,<=50K
11052,"[30, 40[", Private,53447,High School,9,Divorced,Other, Not-in-family,*,Female,0,0,40,North America,<=50K
11053,"[30, 40[", Private,127772,Undergraduate,13,Never-married,Technical, Not-in-family,*,Male,0,0,40,North America,<=50K
11054,"[10, 20[", Private,344414,Undergraduate,10,Never-married,Other, Own-child,*,Male,0,0,40,North America,<=50K
11055,"[20, 30[", Private,194138,High School,7,Never-married,Technical, Own-child,*,Male,0,0,20,North America,<=50K
11057,"[30, 40[", Private,150154,Undergraduate,10,Married-civ-spouse,Technical, Husband,*,Male,0,0,40,North America,<=50K
11058,"[20, 30[", Private,306114,High School,9,Never-married,Other, Not-in-family,*,Male,0,0,35,North America,<=50K
11059,"[70, 80[", ?,177121,Undergraduate,13,Married-civ-spouse,Other, Husband,*,Male,0,0,3,North America,<=50K
11061,"[40, 50[", Self-emp-inc,175715,High School,9,Never-married,Nontechnical, Not-in-family,*,Male,0,0,55,North America,<=50K
11063,"[20, 30[", Private,350001,Undergraduate,10,Never-married,Other, Own-child,*,Male,0,0,20,North America,<=50K
11064,"[20, 30[", Private,339952,Undergraduate,10,Married-civ-spouse,Nontechnical, Husband,*,Male,0,0,60,North America,<=50K
11065,"[20, 30[", Private,114967,High School,5,Married-civ-spouse,Technical, Husband,*,Male,0,0,40,North America,<=50K
11066,"[30, 40[", Private,164190,Undergraduate,10,Married-civ-spouse,Technical, Husband,*,Male,0,1902,38,North America,>50K
11067,"[40, 50[", Local-gov,166039,High School,9,Divorced,Other, Unmarried,*,Female,0,0,40,North America,<=50K
11068,"[20, 30[", Private,250135,High School,9,Never-married,Technical, Other-relative,*,Female,0,0,40,North America,<=50K
11069,"[30, 40[", Self-emp-not-inc,234960,Undergraduate,13,Married-civ-spouse,Technical, Husband,*,Male,0,1887,48,North America,>50K
11070,"[20, 30[", Private,103628,Undergraduate,10,Married-civ-spouse,Other, Wife,*,Female,0,0,40,North America,>50K
11071,"[50, 60[", Private,430005,High School,6,Married-civ-spouse,Other, Husband,*,Male,0,0,50,North America,>50K
11072,"[40, 50[", Self-emp-inc,106517,High School,9,Divorced,Nontechnical, Not-in-family,*,Female,0,0,40,North America,<=50K
11073,"[40, 50[", Self-emp-not-inc,162236,Undergraduate,13,Never-married,Technical, Not-in-family,*,Female,0,0,40,North America,<=50K
11074,"[50, 60[", Private,92430,High School,9,Married-civ-spouse,Technical, Husband,*,Male,0,0,40,North America,>50K
11075,"[50, 60[", Local-gov,40641,High School,6,Married-civ-spouse,Technical, Husband,*,Male,5013,0,40,North America,<=50K
11076,"[40, 50[", Private,169388,High School,7,Divorced,Other, Unmarried,*,Female,0,0,15,North America,<=50K
11077,"[30, 40[", Local-gov,410034,Undergraduate,13,Married-civ-spouse,Technical, Husband,*,Male,0,1887,40,North America,>50K
11078,"[40, 50[", Private,237525,Undergraduate,13,Married-civ-spouse,Nontechnical, Husband,*,Male,7688,0,65,North America,>50K
11079,"[30, 40[", Private,150057,Undergraduate,10,Married-civ-spouse,Nontechnical, Husband,*,Male,0,0,40,North America,>50K
11080,"[40, 50[", Private,148549,Undergraduate,13,Married-civ-spouse,Nontechnical, Husband,*,Male,0,1902,50,North America,>50K
11081,"[40, 50[", Private,75742,Undergraduate,10,Married-civ-spouse,Other, Husband,*,Male,0,0,45,North America,<=50K
11083,"[40, 50[", Local-gov,193249,Professional Education,12,Married-civ-spouse,Other, Husband,*,Male,0,0,40,North America,<=50K
11084,"[10, 20[", Private,266072,High School,6,Never-married,Other, Not-in-family,*,Male,0,0,20,North America,<=50K
11085,"[20, 30[", ?,80165,Undergraduate,10,Divorced,Other, Not-in-family,*,Female,0,0,30,North America,<=50K
11086,"[20, 30[", Private,339324,Undergraduate,13,Never-married,Technical, Not-in-family,*,Male,0,0,40,North America,<=50K
11087,"[60, 70[", ?,111238,High School,5,Married-civ-spouse,Other, Husband,*,Male,0,0,20,North America,<=50K
11088,"[40, 50[", Self-emp-not-inc,284086,Professional Education,11,Divorced,Nontechnical, Not-in-family,*,Male,0,0,60,North America,<=50K
11089,"[30, 40[", Private,206051,Undergraduate,13,Married-civ-spouse,Other, Husband,*,Male,0,0,40,North America,>50K
11090,"[50, 60[", Private,426263,Graduate,14,Divorced,Nontechnical, Unmarried,*,Male,0,0,40,North America,>50K
11091,"[40, 50[", Private,102583,Undergraduate,10,Married-civ-spouse,Technical, Husband,*,Male,0,1848,44,North America,>50K
11092,"[40, 50[", Private,277647,Undergraduate,13,Married-civ-spouse,Technical, Husband,*,Male,0,0,40,North America,>50K
11094,"[40, 50[", Private,193061,Undergraduate,10,Divorced,Nontechnical, Not-in-family,*,Male,0,0,60,North America,<=50K
11095,"[50, 60[", Private,121411,High School,8,Divorced,Other, Not-in-family,*,Male,0,0,40,North America,<=50K
11096,"[30, 40[", Private,89202,Undergraduate,13,Never-married,Technical, Own-child,*,Male,0,0,50,North America,<=50K
11097,"[10, 20[", Private,232900,High School,7,Never-married,Nontechnical, Own-child,*,Male,0,0,25,North America,<=50K
11098,"[30, 40[", Local-gov,319280,High School,9,Married-civ-spouse,Other, Husband,*,Male,0,0,40,North America,>50K
11099,"[70, 80[", ?,165209,High School,9,Married-civ-spouse,Other, Husband,*,Male,0,0,40,North America,<=50K
11100,"[40, 50[", Private,193494,High School,9,Married-civ-spouse,Technical, Husband,*,Male,0,0,40,North America,>50K
11101,"[60, 70[", Self-emp-not-inc,195066,High School,9,Married-civ-spouse,Other, Husband,*,Male,0,0,50,North America,<=50K
11102,"[30, 40[", Private,99146,High School,9,Married-civ-spouse,Technical, Husband,*,Male,0,0,45,North America,>50K
11103,"[30, 40[", Private,92028,Graduate,14,Married-civ-spouse,Nontechnical, Husband,*,Male,0,0,50,North America,>50K
11104,"[20, 30[", Private,174419,Undergraduate,13,Never-married,Technical, Not-in-family,*,Female,0,0,40,North America,<=50K
11105,"[20, 30[", Private,57916,High School,4,Never-married,Technical, Own-child,*,Male,0,0,40,North America,<=50K
11106,"[40, 50[", Private,383384,High School,9,Married-civ-spouse,Technical, Husband,*,Male,0,0,40,North America,<=50K
11107,"[40, 50[", Private,198223,Undergraduate,13,Married-civ-spouse,Nontechnical, Husband,*,Male,0,1902,45,North America,>50K
11108,"[20, 30[", Private,109813,High School,7,Never-married,Technical, Other-relative,*,Male,0,0,40,North America,<=50K
11109,"[10, 20[", Private,174298,High School,7,Never-married,Other, Own-child,*,Male,0,0,20,North America,<=50K
11110,"[40, 50[", Private,45687,Undergraduate,10,Divorced,Other, Not-in-family,*,Male,4787,0,50,North America,>50K
11111,"[20, 30[", Private,263614,Undergraduate,13,Married-civ-spouse,Nontechnical, Husband,*,Male,0,0,40,North America,>50K
11112,"[30, 40[", Private,96128,High School,7,Never-married,Technical, Own-child,*,Male,0,0,40,North America,<=50K
11113,"[50, 60[", Private,220262,High School,9,Divorced,Nontechnical, Not-in-family,*,Female,0,0,40,North America,<=50K
11114,"[50, 60[", Self-emp-not-inc,35340,Undergraduate,10,Married-civ-spouse,Technical, Husband,*,Male,0,0,50,North America,<=50K
11115,"[40, 50[", Private,280483,High School,9,Separated,Technical, Unmarried,*,Female,0,0,40,North America,<=50K
11116,"[50, 60[", Self-emp-inc,254211,Graduate,14,Married-civ-spouse,Technical, Husband,*,Male,15024,0,60,North America,>50K
11117,"[20, 30[", Private,351324,Undergraduate,10,Never-married,Nontechnical, Unmarried,*,Female,0,0,40,North America,<=50K
11118,"[30, 40[", Private,58602,Primary School,3,Never-married,Other, Not-in-family,*,Male,0,0,35,North America,<=50K
11120,"[40, 50[", Federal-gov,185616,High School,9,Never-married,Other, Not-in-family,*,Female,0,1980,40,North America,<=50K
11121,"[40, 50[", Private,185832,Undergraduate,10,Married-civ-spouse,Technical, Husband,*,Male,0,0,48,North America,>50K
11122,"[20, 30[", Private,254767,High School,4,Married-civ-spouse,Other, Husband,*,Male,2105,0,50,North America,<=50K
11123,"[30, 40[", Federal-gov,32312,Undergraduate,13,Never-married,Technical, Not-in-family,*,Female,0,0,60,North America,<=50K
11124,"[40, 50[", Self-emp-not-inc,109421,Undergraduate,13,Married-civ-spouse,Nontechnical, Husband,*,Male,0,0,50,North America,<=50K
11125,"[40, 50[", Private,183205,High School,9,Divorced,Nontechnical, Unmarried,*,Female,0,0,45,North America,<=50K
11126,"[30, 40[", Private,156897,High School,9,Never-married,Technical, Own-child,*,Male,0,2258,42,North America,>50K
11127,"[40, 50[", Local-gov,145886,Undergraduate,13,Divorced,Technical, Unmarried,*,Female,0,0,60,North America,<=50K
11128,"[40, 50[", Local-gov,29819,Graduate,14,Married-civ-spouse,Nontechnical, Husband,*,Male,0,1977,50,North America,>50K
11129,"[20, 30[", Private,244566,High School,6,Married-civ-spouse,Nontechnical, Husband,*,Male,0,0,40,North America,<=50K
11131,"[20, 30[", Private,181313,Professional Education,11,Never-married,Other, Not-in-family,*,Female,0,0,30,North America,<=50K
11132,"[30, 40[", State-gov,150566,High School,9,Separated,Technical, Not-in-family,*,Male,0,0,44,North America,<=50K
11133,"[30, 40[", Private,237713,Undergraduate,13,Married-civ-spouse,Nontechnical, Husband,*,Male,0,0,60,North America,<=50K
11135,"[40, 50[", Local-gov,187969,Graduate,14,Divorced,Technical, Unmarried,*,Female,0,0,80,North America,<=50K
11136,"[40, 50[", Self-emp-not-inc,224108,High School,9,Married-civ-spouse,Nontechnical, Wife,*,Female,0,0,50,North America,<=50K
11137,"[50, 60[", Private,174754,High School,9,Never-married,Other, Not-in-family,*,Female,0,0,38,North America,<=50K
11138,"[20, 30[", Self-emp-inc,219705,Undergraduate,13,Married-civ-spouse,Nontechnical, Husband,*,Male,5013,0,55,North America,<=50K
11139,"[30, 40[", Private,167062,High School,9,Married-civ-spouse,Other, Husband,*,Male,0,0,40,North America,<=50K
11140,"[10, 20[", Private,190325,High School,7,Never-married,Technical, Own-child,*,Male,0,0,30,North America,<=50K
11141,"[40, 50[", Private,108859,High School,9,Separated,Technical, Unmarried,*,Female,0,0,40,North America,<=50K
11142,"[30, 40[", Self-emp-not-inc,344351,High School,9,Never-married,Other, Own-child,*,Male,0,0,40,North America,<=50K
11143,"[70, 80[", Private,153127,Undergraduate,10,Widowed,Other, Unmarried,*,Female,0,0,10,North America,<=50K
11144,"[50, 60[", Private,180881,Undergraduate,13,Married-civ-spouse,Nontechnical, Husband,*,Male,0,0,40,North America,<=50K
11145,"[10, 20[", Private,183066,High School,6,Never-married,Other, Own-child,*,Female,0,0,40,North America,<=50K
11146,"[20, 30[", Federal-gov,339002,Professional Education,11,Married-civ-spouse,Technical, Husband,*,Male,0,0,40,North America,>50K
11148,"[20, 30[", Private,172047,Undergraduate,10,Never-married,Other, Own-child,*,Male,0,0,10,North America,<=50K
11149,"[40, 50[", Private,94600,High School,9,Married-civ-spouse,Technical, Husband,*,Male,5178,0,40,North America,>50K
11150,"[30, 40[", Private,302604,Undergraduate,10,Separated,Other, Other-relative,*,Female,0,0,40,North America,<=50K
11151,"[40, 50[", Private,248094,High School,9,Married-civ-spouse,Other, Husband,*,Male,0,0,40,North America,<=50K
11152,"[30, 40[", Private,36467,Professional Education,12,Married-civ-spouse,Other, Husband,*,Male,0,0,45,North America,>50K
11153,"[20, 30[", Private,53181,Graduate,14,Married-civ-spouse,Technical, Husband,*,Male,0,0,55,North America,>50K
11154,"[20, 30[", Private,181032,Undergraduate,10,Never-married,Technical, Own-child,*,Female,0,0,40,North America,<=50K
11155,"[20, 30[", Private,248990,High School,7,Married-civ-spouse,Other, Husband,*,Male,0,0,40,North America,>50K
11156,"[20, 30[", Private,40512,Undergraduate,13,Never-married,Technical, Not-in-family,*,Male,3674,0,30,North America,<=50K
11157,"[30, 40[", Private,117381,High School,9,Married-civ-spouse,Technical, Husband,*,Male,0,0,80,North America,>50K
11158,"[10, 20[", ?,173125,High School,8,Never-married,Other, Own-child,*,Female,0,0,24,North America,<=50K
11159,"[30, 40[", ?,316663,Undergraduate,10,Married-civ-spouse,Other, Wife,*,Female,0,0,50,North America,<=50K
11160,"[20, 30[", Private,154966,Undergraduate,10,Married-civ-spouse,Technical, Husband,*,Male,0,0,40,North America,<=50K
11161,"[20, 30[", Private,198259,High School,9,Never-married,Nontechnical, Own-child,*,Female,0,0,30,North America,<=50K
11162,"[30, 40[", Private,167939,High School,9,Married-civ-spouse,Other, Own-child,*,Female,0,0,25,North America,<=50K
11163,"[20, 30[", Private,131275,High School,9,Never-married,Technical, Own-child,*,Male,0,0,40,North America,<=50K
11164,"[20, 30[", ?,236523,High School,6,Never-married,Other, Own-child,*,Male,0,0,40,North America,<=50K
11165,"[30, 40[", Private,272950,Undergraduate,10,Never-married,Nontechnical, Not-in-family,*,Male,0,0,50,North America,<=50K
11167,"[20, 30[", Private,116800,Professional Education,11,Never-married,Technical, Own-child,*,Male,0,0,35,North America,<=50K
11168,"[30, 40[", Private,110713,Professional Education,12,Married-civ-spouse,Technical, Husband,*,Male,0,0,50,North America,>50K
11169,"[50, 60[", Private,202044,Undergraduate,13,Divorced,Technical, Unmarried,*,Female,0,0,45,North America,<=50K
11170,"[40, 50[", Private,300528,High School,7,Married-civ-spouse,Other, Husband,*,Male,0,0,40,North America,>50K
11171,"[40, 50[", Private,54985,High School,9,Married-civ-spouse,Technical, Husband,*,Male,0,1887,40,North America,>50K
11172,"[50, 60[", Private,133126,Undergraduate,10,Never-married,Technical, Not-in-family,*,Female,0,0,40,North America,<=50K
11173,"[30, 40[", Private,74593,High School,9,Married-civ-spouse,Technical, Husband,*,Male,0,0,70,North America,<=50K
11174,"[40, 50[", Private,302424,High School,9,Divorced,Technical, Not-in-family,*,Male,0,0,55,North America,<=50K
11175,"[20, 30[", Private,344492,Undergraduate,10,Never-married,Other, Own-child,*,Female,0,0,30,North America,<=50K
11176,"[30, 40[", Private,349148,High School,9,Married-civ-spouse,Technical, Husband,*,Male,0,0,40,North America,>50K
11177,"[30, 40[", Private,222221,Professional Education,11,Married-civ-spouse,Technical, Husband,*,Male,7298,0,42,North America,>50K
11178,"[40, 50[", Private,234699,High School,9,Married-spouse-absent,Other, Unmarried,*,Female,0,0,60,North America,>50K
11179,"[20, 30[", Local-gov,243178,High School,9,Never-married,Nontechnical, Own-child,*,Male,0,0,40,North America,<=50K
11180,"[50, 60[", Private,189728,High School,9,Separated,Other, Not-in-family,*,Female,0,0,50,North America,<=50K
11181,"[40, 50[", Self-emp-not-inc,318593,High School,9,Married-civ-spouse,Nontechnical, Husband,*,Male,0,0,25,North America,<=50K
11182,"[40, 50[", Private,108681,Undergraduate,10,Married-civ-spouse,Other, Wife,*,Female,0,0,40,North America,<=50K
11183,"[40, 50[", Private,187376,Undergraduate,10,Married-civ-spouse,Nontechnical, Husband,*,Male,0,0,60,North America,>50K
11184,"[40, 50[", State-gov,75409,Undergraduate,13,Married-civ-spouse,Technical, Wife,*,Female,0,0,40,North America,>50K
11185,"[40, 50[", Private,172581,Undergraduate,13,Married-civ-spouse,Nontechnical, Husband,*,Male,0,1902,50,North America,>50K
11186,"[40, 50[", Private,266150,High School,9,Married-civ-spouse,Technical, Wife,*,Female,0,0,40,North America,<=50K
11189,"[50, 60[", Private,46466,High School,9,Married-civ-spouse,Other, Husband,*,Male,0,0,40,North America,>50K
11190,"[10, 20[", Private,130652,Undergraduate,10,Never-married,Other, Own-child,*,Female,0,0,25,North America,<=50K
11191,"[40, 50[", Local-gov,114459,Graduate,14,Married-civ-spouse,Technical, Husband,*,Male,7688,0,45,North America,>50K
11192,"[40, 50[", ?,109832,High School,9,Married-civ-spouse,Other, Husband,*,Male,5178,0,30,North America,>50K
11193,"[40, 50[", Private,195554,High School,9,Married-civ-spouse,Technical, Husband,*,Male,0,0,45,North America,>50K
11194,"[10, 20[", Private,244589,High School,7,Never-married,Nontechnical, Own-child,*,Female,0,0,40,North America,<=50K
11195,"[40, 50[", Self-emp-inc,271901,High School,9,Married-civ-spouse,Nontechnical, Husband,*,Male,0,0,32,North America,>50K
11196,"[70, 80[", Private,139978,High School,7,Married-civ-spouse,Technical, Husband,*,Male,0,0,40,North America,<=50K
11197,"[40, 50[", Private,180446,High School,6,Married-civ-spouse,Technical, Husband,*,Male,0,0,40,North America,<=50K
11198,"[60, 70[", ?,178724,High School,9,Married-civ-spouse,Other, Wife,*,Female,0,0,20,North America,<=50K
11199,"[30, 40[", State-gov,341643,Professional Education,12,Never-married,Nontechnical, Not-in-family,*,Male,0,0,60,North America,<=50K
11200,"[30, 40[", Federal-gov,289653,High School,9,Married-civ-spouse,Other, Husband,*,Male,0,0,50,North America,>50K
11201,"[60, 70[", Self-emp-inc,118725,High School,9,Married-civ-spouse,Nontechnical, Husband,*,Male,20051,0,72,North America,>50K
11202,"[20, 30[", Private,187891,High School,9,Never-married,Other, Not-in-family,*,Male,0,0,40,North America,<=50K
11203,"[40, 50[", Self-emp-inc,116338,Graduate,14,Married-civ-spouse,Nontechnical, Wife,*,Female,0,0,50,North America,>50K
11204,"[40, 50[", Private,102771,Graduate,14,Married-civ-spouse,Technical, Husband,*,Male,0,1977,40,North America,>50K
11205,"[50, 60[", Private,89652,High School,9,Divorced,Other, Unmarried,*,Female,4787,0,24,North America,>50K
11206,"[50, 60[", Federal-gov,439608,Undergraduate,10,Divorced,Other, Not-in-family,*,Female,0,0,40,North America,<=50K
11207,"[60, 70[", Private,330144,Undergraduate,10,Married-civ-spouse,Nontechnical, Husband,*,Male,0,0,40,North America,<=50K
11208,"[20, 30[", Private,251905,Professional Education,12,Married-civ-spouse,Technical, Husband,*,Male,0,0,45,North America,<=50K
11209,"[30, 40[", Private,218955,High School,9,Married-civ-spouse,Other, Husband,*,Male,0,0,40,North America,<=50K
11211,"[60, 70[", Self-emp-not-inc,25825,High School,9,Divorced,Technical, Not-in-family,*,Male,0,0,50,North America,>50K
11212,"[30, 40[", Private,202046,Undergraduate,13,Never-married,Nontechnical, Not-in-family,*,Male,0,2001,40,North America,<=50K
11214,"[20, 30[", Private,194891,High School,9,Never-married,Other, Not-in-family,*,Female,0,0,40,North America,<=50K
11215,"[30, 40[", Private,125550,High School,9,Never-married,Technical, Not-in-family,*,Female,14084,0,35,North America,>50K
11216,"[60, 70[", Private,116468,Graduate,14,Married-civ-spouse,Technical, Husband,*,Male,2936,0,20,North America,<=50K
11217,"[30, 40[", ?,285131,Professional Education,12,Never-married,Other, Unmarried,*,Male,0,0,20,North America,<=50K
11218,"[20, 30[", State-gov,409201,Undergraduate,10,Married-civ-spouse,Other, Husband,*,Male,0,0,40,North America,<=50K
11219,"[70, 80[", Self-emp-inc,379819,Undergraduate,10,Married-civ-spouse,Nontechnical, Husband,*,Male,10566,0,40,North America,<=50K
11220,"[70, 80[", Private,97167,High School,9,Married-civ-spouse,Other, Husband,*,Male,0,0,15,North America,<=50K
11222,"[50, 60[", Self-emp-not-inc,115851,High School,9,Married-civ-spouse,Technical, Husband,*,Male,0,0,40,North America,<=50K
11223,"[50, 60[", Private,118058,Undergraduate,10,Married-civ-spouse,Other, Husband,*,Male,0,0,50,North America,<=50K
11224,"[40, 50[", Private,258589,High School,9,Never-married,Nontechnical, Not-in-family,*,Male,0,0,60,North America,>50K
11225,"[20, 30[", Private,158810,Undergraduate,13,Never-married,Technical, Not-in-family,*,Male,0,0,70,North America,<=50K
11226,"[20, 30[", Local-gov,92431,Undergraduate,10,Never-married,Other, Not-in-family,*,Male,0,2231,40,North America,>50K
11227,"[50, 60[", Self-emp-not-inc,165695,High School,9,Divorced,Nontechnical, Not-in-family,*,Male,0,0,70,North America,<=50K
11228,"[30, 40[", ?,97281,Undergraduate,10,Separated,Other, Not-in-family,*,Male,0,0,60,North America,<=50K
11229,"[30, 40[", Private,244147,Undergraduate,13,Never-married,Technical, Not-in-family,*,Male,0,1876,50,North America,<=50K
11230,"[60, 70[", Self-emp-inc,253741,High School,9,Married-civ-spouse,Nontechnical, Husband,*,Male,0,1825,10,North America,>50K
11231,"[20, 30[", Private,170482,Undergraduate,10,Never-married,Nontechnical, Own-child,*,Male,0,0,45,North America,<=50K
11232,"[30, 40[", Private,241001,High School,9,Married-civ-spouse,Technical, Husband,*,Male,0,0,44,North America,<=50K
11233,"[50, 60[", Private,165001,Undergraduate,13,Married-civ-spouse,Technical, Husband,*,Male,0,0,50,North America,<=50K
11234,"[10, 20[", ?,297117,High School,7,Never-married,Other, Own-child,*,Female,0,0,40,North America,<=50K
11235,"[30, 40[", Private,340260,High School,9,Divorced,Technical, Unmarried,*,Female,0,0,48,North America,<=50K
11236,"[30, 40[", Private,96480,High School,9,Never-married,Other, Not-in-family,*,Female,0,0,50,North America,<=50K
11237,"[30, 40[", Private,185177,High School,7,Never-married,Nontechnical, Own-child,*,Male,0,0,49,North America,<=50K
11239,"[30, 40[", Self-emp-not-inc,308874,High School,9,Never-married,Technical, Not-in-family,*,Male,0,0,40,North America,<=50K
11240,"[40, 50[", Self-emp-not-inc,54098,Professional Education,11,Married-civ-spouse,Other, Husband,*,Male,0,0,50,North America,>50K
11241,"[40, 50[", Private,288608,High School,9,Never-married,Technical, Own-child,*,Male,0,0,40,North America,<=50K
11242,"[50, 60[", Local-gov,254148,Undergraduate,10,Married-civ-spouse,Other, Husband,*,Male,0,0,40,North America,<=50K
11243,"[30, 40[", Private,111128,High School,7,Never-married,Technical, Not-in-family,*,Male,0,0,40,North America,<=50K
11244,"[30, 40[", Private,171116,High School,9,Divorced,Other, Own-child,*,Female,0,0,40,North America,<=50K
11245,"[50, 60[", Self-emp-inc,96062,Undergraduate,13,Married-civ-spouse,Nontechnical, Husband,*,Male,0,1902,48,North America,>50K
11246,"[20, 30[", Federal-gov,276776,Undergraduate,10,Married-civ-spouse,Technical, Husband,*,Male,0,0,40,North America,>50K
11247,"[20, 30[", Private,152878,High School,9,Married-civ-spouse,Other, Husband,*,Male,0,0,40,North America,<=50K
11248,"[20, 30[", Private,149211,Undergraduate,13,Married-civ-spouse,Technical, Husband,*,Male,0,0,40,North America,<=50K
11249,"[30, 40[", Private,58343,High School,9,Married-civ-spouse,Nontechnical, Husband,*,Male,0,0,44,North America,<=50K
11250,"[30, 40[", Private,127601,Undergraduate,10,Married-civ-spouse,Nontechnical, Wife,*,Female,0,0,35,North America,<=50K
11251,"[20, 30[", Private,357781,High School,4,Married-civ-spouse,Other, Husband,*,Male,0,0,40,North America,<=50K
11252,"[20, 30[", Private,137367,Undergraduate,10,Never-married,Nontechnical, Other-relative,*,Male,0,0,44,Asia,<=50K
11253,"[30, 40[", Private,110978,Professional Education,15,Never-married,Technical, Not-in-family,*,Female,0,0,40,North America,<=50K
11254,"[30, 40[", Private,34503,Professional Education,11,Married-civ-spouse,Technical, Husband,*,Male,0,0,40,North America,>50K
11255,"[30, 40[", Private,84119,Undergraduate,10,Married-civ-spouse,Technical, Husband,*,Male,0,2051,40,North America,<=50K
11256,"[20, 30[", Private,223515,Undergraduate,10,Never-married,Other, Own-child,*,Male,0,0,40,North America,<=50K
11258,"[30, 40[", Private,116365,High School,9,Married-civ-spouse,Other, Wife,*,Female,0,0,20,North America,<=50K
11259,"[30, 40[", Private,111268,Professional Education,12,Divorced,Nontechnical, Unmarried,*,Female,0,0,40,North America,<=50K
11260,"[50, 60[", Private,225599,Graduate,14,Married-civ-spouse,Technical, Husband,*,Male,7298,0,40,Asia,>50K
11262,"[40, 50[", Self-emp-not-inc,199596,Undergraduate,10,Divorced,Nontechnical, Unmarried,*,Female,0,0,50,North America,<=50K
11263,"[10, 20[", Private,301867,High School,9,Never-married,Nontechnical, Own-child,*,Female,0,0,20,North America,<=50K
11264,"[50, 60[", Private,191983,Undergraduate,10,Married-civ-spouse,Other, Husband,*,Male,0,0,50,North America,<=50K
11265,"[30, 40[", Private,105803,High School,9,Married-civ-spouse,Nontechnical, Husband,*,Male,0,0,40,North America,<=50K
11266,"[40, 50[", Private,456236,High School,9,Married-civ-spouse,Technical, Husband,*,Male,0,0,40,North America,>50K
11267,"[40, 50[", Private,116255,High School,9,Never-married,Nontechnical, Not-in-family,*,Female,0,0,40,North America,<=50K
11268,"[30, 40[", Private,235109,Undergraduate,10,Divorced,Other, Unmarried,*,Female,0,0,40,North America,<=50K
11269,"[30, 40[", Federal-gov,91716,High School,9,Married-civ-spouse,Other, Husband,*,Male,0,0,40,North America,<=50K
11270,"[20, 30[", Private,121102,Professional Education,12,Never-married,Technical, Not-in-family,*,Female,0,2001,30,North America,<=50K
11272,"[40, 50[", Private,136986,Undergraduate,10,Married-civ-spouse,Technical, Husband,*,Male,0,0,50,North America,>50K
11273,"[40, 50[", Self-emp-not-inc,33658,High School,9,Divorced,Technical, Not-in-family,*,Male,0,0,40,North America,<=50K
11274,"[20, 30[", Private,53878,High School,9,Never-married,Technical, Unmarried,*,Male,0,0,40,North America,<=50K
11275,"[20, 30[", Private,200928,High School,9,Married-civ-spouse,Nontechnical, Husband,*,Male,0,0,40,North America,>50K
11276,"[20, 30[", Private,173736,Professional Education,11,Never-married,Technical, Not-in-family,*,Male,0,0,55,North America,<=50K
11277,"[20, 30[", Private,214385,Professional Education,11,Never-married,Nontechnical, Own-child,*,Female,0,0,40,North America,<=50K
11278,"[50, 60[", Private,102509,High School,6,Divorced,Other, Not-in-family,*,Male,0,0,50,North America,<=50K
11280,"[50, 60[", Self-emp-not-inc,241297,Undergraduate,10,Widowed,Other, Not-in-family,*,Female,6849,0,40,North America,<=50K
11281,"[10, 20[", Private,329054,High School,7,Never-married,Other, Own-child,*,Female,0,0,15,North America,<=50K
11282,"[40, 50[", Private,274158,High School,9,Married-civ-spouse,Technical, Husband,*,Male,0,0,40,North America,<=50K
11283,"[30, 40[", Self-emp-inc,241153,Graduate,14,Married-civ-spouse,Nontechnical, Husband,*,Male,0,0,50,North America,<=50K
11284,"[30, 40[", Private,200117,Undergraduate,13,Married-civ-spouse,Nontechnical, Husband,*,Male,0,1887,50,Unknown,>50K
11287,"[20, 30[", State-gov,247075,High School,9,Never-married,Other, Unmarried,*,Female,0,0,20,North America,<=50K
11288,"[20, 30[", Private,315524,Undergraduate,10,Never-married,Other, Own-child,*,Male,0,0,30,North America,<=50K
11289,"[20, 30[", Private,126945,Undergraduate,13,Married-civ-spouse,Nontechnical, Husband,*,Male,0,0,40,North America,<=50K
11290,"[30, 40[", Self-emp-not-inc,29874,Undergraduate,10,Separated,Technical, Not-in-family,*,Male,0,0,60,North America,>50K
11291,"[20, 30[", Private,115579,Professional Education,11,Never-married,Technical, Own-child,*,Female,0,0,38,North America,<=50K
11292,"[50, 60[", Private,29580,High School,7,Married-civ-spouse,Nontechnical, Husband,*,Male,4386,0,30,North America,>50K
11293,"[40, 50[", Private,56483,Undergraduate,13,Never-married,Other, Own-child,*,Female,0,0,37,North America,<=50K
11295,"[20, 30[", Private,420779,High School,9,Married-civ-spouse,Other, Husband,*,Male,0,0,35,North America,<=50K
11296,"[20, 30[", Private,255474,High School,7,Married-civ-spouse,Nontechnical, Husband,*,Male,0,0,40,North America,<=50K
11297,"[50, 60[", Private,241444,Primary School,2,Married-civ-spouse,Technical, Husband,*,Male,0,0,50,North America,<=50K
11298,"[40, 50[", Private,85995,High School,9,Never-married,Nontechnical, Not-in-family,*,Male,0,0,40,North America,<=50K
11299,"[60, 70[", Self-emp-inc,116986,High School,8,Married-civ-spouse,Nontechnical, Husband,*,Male,0,0,20,North America,<=50K
11301,"[30, 40[", Private,20507,High School,9,Married-civ-spouse,Technical, Husband,*,Male,7688,0,50,North America,>50K
11302,"[40, 50[", Private,184099,Professional Education,12,Married-civ-spouse,Other, Husband,*,Male,0,0,40,North America,<=50K
11303,"[30, 40[", Private,117816,High School,4,Divorced,Nontechnical, Other-relative,*,Male,0,0,70,North America,<=50K
11304,"[20, 30[", Private,263899,Undergraduate,10,Never-married,Other, Own-child,*,Male,0,0,20,North America,<=50K
11305,"[20, 30[", Private,45869,Undergraduate,13,Never-married,Nontechnical, Own-child,*,Male,0,0,40,North America,<=50K
11306,"[40, 50[", Private,186539,Undergraduate,10,Married-civ-spouse,Technical, Husband,*,Male,0,0,40,North America,<=50K
11307,"[40, 50[", Private,326310,Undergraduate,10,Married-civ-spouse,Technical, Husband,*,Male,0,0,44,North America,<=50K
11308,"[50, 60[", Local-gov,84564,Professional Education,15,Divorced,Technical, Not-in-family,*,Female,0,0,39,North America,<=50K
11309,"[40, 50[", Private,247294,High School,9,Married-civ-spouse,Technical, Husband,*,Male,0,0,45,North America,>50K
11310,"[30, 40[", Private,72793,Undergraduate,13,Never-married,Other, Not-in-family,*,Female,0,0,15,North America,<=50K
11311,"[20, 30[", Private,261375,High School,9,Never-married,Other, Own-child,*,Female,0,0,60,North America,<=50K
11312,"[50, 60[", Private,77905,Undergraduate,13,Divorced,Other, Not-in-family,*,Female,0,0,8,North America,<=50K
11313,"[10, 20[", Private,66838,Undergraduate,10,Never-married,Nontechnical, Own-child,*,Female,0,0,9,North America,<=50K
11314,"[60, 70[", State-gov,194682,Graduate,16,Married-civ-spouse,Nontechnical, Husband,*,Male,0,1902,50,North America,>50K
11316,"[60, 70[", ?,79272,Undergraduate,10,Widowed,Other, Not-in-family,*,Female,0,0,6,North America,<=50K
11318,"[60, 70[", Private,80574,High School,9,Divorced,Other, Unmarried,*,Female,0,0,38,North America,<=50K
11319,"[10, 20[", Private,198663,High School,9,Never-married,Technical, Own-child,*,Male,0,0,40,North America,<=50K
11320,"[20, 30[", Self-emp-inc,160340,High School,9,Married-civ-spouse,Nontechnical, Husband,*,Male,0,0,60,North America,<=50K
11321,"[70, 80[", Self-emp-not-inc,205860,Undergraduate,10,Married-civ-spouse,Technical, Husband,*,Male,0,1735,40,North America,<=50K
11322,"[50, 60[", State-gov,69579,Undergraduate,10,Widowed,Technical, Not-in-family,*,Female,0,0,20,North America,<=50K
11323,"[10, 20[", Self-emp-not-inc,379242,Undergraduate,10,Never-married,Nontechnical, Not-in-family,*,Female,0,0,50,North America,<=50K
11324,"[60, 70[", Private,113323,Professional Education,12,Married-civ-spouse,Nontechnical, Husband,*,Male,3818,0,40,North America,<=50K
11325,"[50, 60[", Self-emp-not-inc,312477,High School,9,Married-civ-spouse,Nontechnical, Husband,*,Male,0,1887,40,North America,>50K
11326,"[20, 30[", Private,259505,Undergraduate,10,Never-married,Other, Own-child,*,Male,0,0,40,North America,<=50K
11327,"[40, 50[", Federal-gov,171335,Graduate,14,Married-civ-spouse,Nontechnical, Husband,*,Male,0,0,50,North America,>50K
11328,"[10, 20[", ?,541282,Undergraduate,10,Never-married,Other, Own-child,*,Male,0,0,40,North America,<=50K
11329,"[20, 30[", Federal-gov,155970,High School,9,Married-civ-spouse,Technical, Husband,*,Male,0,0,40,North America,>50K
11330,"[50, 60[", Private,99682,Undergraduate,10,Married-civ-spouse,Nontechnical, Wife,*,Female,0,0,52,North America,>50K
11331,"[20, 30[", Private,117789,Undergraduate,13,Never-married,Nontechnical, Own-child,*,Female,0,0,40,North America,<=50K
11332,"[20, 30[", Private,296158,High School,9,Never-married,Other, Own-child,*,Male,0,0,40,North America,<=50K
11333,"[40, 50[", Local-gov,78859,High School,9,Never-married,Nontechnical, Own-child,*,Female,0,0,40,North America,<=50K
11334,"[50, 60[", ?,188070,Graduate,14,Married-civ-spouse,Other, Husband,*,Male,0,0,35,North America,>50K
11335,"[50, 60[", Private,189811,Undergraduate,13,Married-civ-spouse,Nontechnical, Husband,*,Male,0,0,40,North America,>50K
11336,"[40, 50[", State-gov,518030,Undergraduate,13,Never-married,Other, Not-in-family,*,Male,0,1590,40,North America,<=50K
11337,"[30, 40[", Private,360593,High School,9,Divorced,Nontechnical, Unmarried,*,Female,0,0,30,North America,<=50K
11338,"[40, 50[", Private,145504,High School,9,Married-civ-spouse,Other, Husband,*,Male,0,0,40,North America,<=50K
11339,"[10, 20[", Private,459248,High School,9,Never-married,Nontechnical, Not-in-family,*,Male,0,0,30,North America,<=50K
11340,"[30, 40[", ?,288419,Primary School,3,Married-civ-spouse,Other, Husband,*,Male,0,0,40,North America,<=50K
11341,"[40, 50[", State-gov,126094,High School,9,Separated,Other, Unmarried,*,Male,0,0,39,North America,<=50K
11342,"[20, 30[", Private,209483,Undergraduate,13,Never-married,Other, Own-child,*,Female,0,0,50,North America,<=50K
11343,"[30, 40[", Self-emp-not-inc,32239,High School,9,Divorced,Other, Not-in-family,*,Male,27828,0,40,North America,>50K
11344,"[20, 30[", Private,210355,High School,7,Never-married,Technical, Not-in-family,*,Female,0,0,24,North America,<=50K
11345,"[20, 30[", Private,84547,Undergraduate,13,Married-civ-spouse,Technical, Husband,*,Male,0,0,40,North America,>50K
11346,"[50, 60[", ?,260579,High School,9,Married-civ-spouse,Other, Husband,*,Male,0,0,40,North America,<=50K
11347,"[20, 30[", Private,105585,Undergraduate,10,Never-married,Nontechnical, Own-child,*,Male,0,0,25,North America,<=50K
11348,"[20, 30[", Private,132320,High School,7,Never-married,Technical, Not-in-family,*,Male,0,0,35,North America,<=50K
11349,"[20, 30[", Private,129172,Undergraduate,10,Never-married,Other, Other-relative,*,Male,0,0,16,North America,<=50K
11350,"[40, 50[", Self-emp-not-inc,222374,Undergraduate,13,Never-married,Technical, Not-in-family,*,Male,0,0,40,North America,<=50K
11351,"[40, 50[", Self-emp-inc,201498,High School,9,Married-civ-spouse,Technical, Husband,*,Male,0,0,40,North America,<=50K
11352,"[50, 60[", Self-emp-inc,251675,Undergraduate,10,Divorced,Nontechnical, Not-in-family,*,Male,8614,0,50,North America,>50K
11353,"[40, 50[", Private,114157,High School,9,Divorced,Technical, Own-child,*,Male,0,0,40,North America,<=50K
11355,"[70, 80[", ?,84053,High School,9,Widowed,Other, Not-in-family,*,Female,0,0,15,North America,<=50K
11356,"[30, 40[", Private,96480,Undergraduate,10,Separated,Nontechnical, Unmarried,*,Female,0,0,40,North America,<=50K
11357,"[20, 30[", Private,179423,High School,9,Never-married,Other, Own-child,*,Female,0,0,40,North America,<=50K
11358,"[50, 60[", State-gov,123329,High School,9,Never-married,Other, Not-in-family,*,Female,0,0,16,North America,<=50K
11359,"[40, 50[", Private,134130,Undergraduate,13,Married-civ-spouse,Nontechnical, Husband,*,Male,0,0,50,North America,>50K
11360,"[50, 60[", Private,188644,Primary School,1,Married-civ-spouse,Other, Husband,*,Male,0,0,40,North America,<=50K
11361,"[40, 50[", Private,226388,High School,9,Married-civ-spouse,Technical, Husband,*,Male,0,0,40,North America,<=50K
11362,"[20, 30[", Self-emp-not-inc,209205,Undergraduate,10,Married-civ-spouse,Technical, Husband,*,Male,7298,0,40,North America,>50K
11363,"[30, 40[", Private,209808,Undergraduate,10,Married-civ-spouse,Nontechnical, Husband,*,Male,0,1740,47,North America,<=50K
11364,"[40, 50[", Self-emp-inc,56236,Undergraduate,10,Never-married,Nontechnical, Not-in-family,*,Male,2202,0,45,North America,<=50K
11365,"[10, 20[", Private,28648,High School,7,Never-married,Other, Other-relative,*,Female,0,0,40,North America,<=50K
11366,"[30, 40[", State-gov,34996,High School,9,Separated,Other, Unmarried,*,Female,0,0,40,North America,<=50K
11367,"[40, 50[", Private,281422,Professional Education,12,Never-married,Other, Not-in-family,*,Female,0,0,45,North America,<=50K
11368,"[20, 30[", Private,214716,High School,9,Never-married,Other, Own-child,*,Female,0,0,40,North America,<=50K
11369,"[20, 30[", Private,314177,High School,6,Never-married,Nontechnical, Other-relative,*,Male,0,0,40,North America,<=50K
11370,"[50, 60[", Private,112310,Undergraduate,10,Divorced,Nontechnical, Unmarried,*,Female,0,0,40,North America,<=50K
11371,"[60, 70[", Private,203783,High School,9,Divorced,Technical, Not-in-family,*,Female,0,0,72,North America,<=50K
11372,"[20, 30[", Private,205499,Undergraduate,10,Married-civ-spouse,Other, Husband,*,Male,0,0,45,North America,<=50K
11373,"[40, 50[", Private,145441,Undergraduate,13,Married-civ-spouse,Nontechnical, Husband,*,Male,7298,0,48,North America,>50K
11375,"[30, 40[", State-gov,186934,Undergraduate,10,Married-civ-spouse,Other, Husband,*,Male,0,0,40,North America,<=50K
11376,"[60, 70[", Federal-gov,209433,High School,9,Married-civ-spouse,Other, Husband,*,Male,0,0,40,North America,<=50K
11377,"[30, 40[", Private,80933,High School,9,Married-civ-spouse,Technical, Husband,*,Male,0,0,52,North America,<=50K
11378,"[20, 30[", Private,102607,High School,9,Never-married,Nontechnical, Own-child,*,Male,0,0,30,North America,<=50K
11379,"[40, 50[", Private,254809,High School,6,Divorced,Technical, Unmarried,*,Female,0,1594,32,North America,<=50K
11380,"[20, 30[", Self-emp-not-inc,102942,Undergraduate,10,Never-married,Other, Not-in-family,*,Female,0,0,50,North America,<=50K
11381,"[50, 60[", State-gov,175057,Undergraduate,13,Married-civ-spouse,Nontechnical, Husband,*,Male,0,0,40,North America,<=50K
11382,"[30, 40[", Federal-gov,68781,Undergraduate,10,Married-civ-spouse,Other, Husband,*,Male,0,0,35,North America,<=50K
11383,"[20, 30[", Private,108594,High School,9,Never-married,Technical, Own-child,*,Male,0,0,40,North America,<=50K
11385,"[30, 40[", Private,56269,Undergraduate,10,Never-married,Technical, Own-child,*,Male,0,0,40,North America,<=50K
11386,"[20, 30[", Private,152503,Undergraduate,10,Never-married,Nontechnical, Not-in-family,*,Male,0,0,45,North America,<=50K
11387,"[30, 40[", Self-emp-inc,206951,High School,9,Married-civ-spouse,Nontechnical, Husband,*,Male,0,0,65,North America,<=50K
11389,"[30, 40[", Private,167396,High School,9,Married-civ-spouse,Other, Husband,*,Male,0,0,40,North America,<=50K
11390,"[30, 40[", Self-emp-not-inc,123397,Undergraduate,10,Divorced,Other, Unmarried,*,Female,0,0,30,North America,<=50K
11391,"[50, 60[", ?,147653,Undergraduate,10,Married-civ-spouse,Other, Wife,*,Female,0,0,36,North America,<=50K
11392,"[40, 50[", Private,118652,Professional Education,12,Married-civ-spouse,Technical, Husband,*,Male,0,0,40,North America,<=50K
11393,"[50, 60[", Local-gov,114401,High School,9,Widowed,Other, Not-in-family,*,Female,0,1504,19,North America,<=50K
11394,"[40, 50[", Private,186272,High School,9,Married-civ-spouse,Nontechnical, Husband,*,Male,7298,0,40,North America,>50K
11395,"[40, 50[", Private,182689,Undergraduate,10,Married-civ-spouse,Nontechnical, Husband,*,Male,0,0,40,North America,<=50K
11396,"[20, 30[", Private,231016,Graduate,14,Never-married,Technical, Not-in-family,*,Female,4650,0,37,North America,<=50K
11397,"[40, 50[", Self-emp-inc,60949,High School,9,Divorced,Technical, Not-in-family,*,Male,0,0,55,North America,<=50K
11398,"[40, 50[", Private,129513,High School,9,Married-civ-spouse,Other, Husband,*,Male,0,0,50,North America,>50K
11399,"[30, 40[", Private,84306,Undergraduate,10,Married-civ-spouse,Other, Husband,*,Male,0,0,40,North America,<=50K
11400,"[30, 40[", Private,117507,High School,9,Never-married,Technical, Not-in-family,*,Male,0,0,45,North America,<=50K
11401,"[20, 30[", Private,88050,Professional Education,12,Married-civ-spouse,Nontechnical, Husband,*,Male,0,0,6,North America,<=50K
11402,"[20, 30[", Private,305498,High School,9,Divorced,Nontechnical, Own-child,*,Female,0,0,33,North America,<=50K
11403,"[10, 20[", Private,295308,High School,7,Never-married,Other, Own-child,*,Female,0,0,20,North America,<=50K
11404,"[40, 50[", Private,114459,Graduate,16,Married-civ-spouse,Technical, Husband,*,Male,0,0,50,North America,>50K
11405,"[10, 20[", Private,176017,High School,6,Never-married,Other, Other-relative,*,Male,0,0,15,North America,<=50K
11407,"[20, 30[", Private,214542,Undergraduate,10,Never-married,Other, Own-child,*,Male,0,0,20,North America,<=50K
11408,"[40, 50[", Private,384508,Undergraduate,13,Married-civ-spouse,Technical, Husband,*,Male,0,0,40,North America,>50K
11409,"[30, 40[", Federal-gov,403489,Graduate,14,Married-civ-spouse,Technical, Husband,*,Male,0,0,45,North America,>50K
11410,"[50, 60[", Private,143953,Undergraduate,13,Married-civ-spouse,Technical, Husband,*,Male,0,1902,40,North America,>50K
11411,"[20, 30[", Private,254904,High School,9,Never-married,Technical, Not-in-family,*,Female,0,0,30,North America,<=50K
11412,"[30, 40[", Private,98995,High School,6,Divorced,Nontechnical, Not-in-family,*,Female,0,0,36,North America,<=50K
11413,"[10, 20[", ?,237078,High School,7,Never-married,Other, Own-child,*,Female,0,0,35,North America,<=50K
11414,"[40, 50[", Private,193995,High School,9,Never-married,Technical, Not-in-family,*,Male,0,0,44,North America,<=50K
11415,"[10, 20[", Private,205829,High School,9,Never-married,Nontechnical, Own-child,*,Female,0,0,35,North America,<=50K
11416,"[30, 40[", Federal-gov,205852,High School,9,Never-married,Other, Not-in-family,*,Male,0,0,45,North America,>50K
11417,"[20, 30[", Private,37072,Undergraduate,10,Never-married,Technical, Not-in-family,*,Male,0,0,40,North America,<=50K
11418,"[30, 40[", Private,275338,Undergraduate,13,Divorced,Nontechnical, Unmarried,*,Female,1151,0,40,North America,<=50K
11419,"[30, 40[", State-gov,122353,Undergraduate,13,Married-civ-spouse,Technical, Husband,*,Male,0,0,45,North America,>50K
11420,"[10, 20[", Private,100009,Undergraduate,10,Never-married,Nontechnical, Own-child,*,Female,0,0,15,North America,<=50K
11421,"[30, 40[", ?,37030,Professional Education,12,Never-married,Other, Own-child,*,Female,0,0,25,North America,<=50K
11422,"[40, 50[", Private,135056,Undergraduate,10,Married-civ-spouse,Other, Wife,*,Female,0,0,40,North America,<=50K
11424,"[20, 30[", Private,280618,Undergraduate,10,Married-civ-spouse,Nontechnical, Husband,*,Male,0,0,40,North America,<=50K
11425,"[10, 20[", Private,226717,High School,8,Never-married,Nontechnical, Own-child,*,Male,0,0,20,North America,<=50K
11426,"[40, 50[", Local-gov,173938,Undergraduate,13,Married-civ-spouse,Technical, Husband,*,Male,0,0,50,North America,>50K
11427,"[20, 30[", Private,291355,Undergraduate,10,Divorced,Other, Not-in-family,*,Female,0,0,60,North America,<=50K
11428,"[60, 70[", Federal-gov,160155,Undergraduate,10,Married-civ-spouse,Nontechnical, Husband,*,Male,0,0,40,North America,>50K
11429,"[40, 50[", Self-emp-not-inc,29762,Undergraduate,10,Married-civ-spouse,Technical, Husband,*,Male,0,0,60,North America,<=50K
11430,"[30, 40[", ?,82473,High School,5,Divorced,Other, Not-in-family,*,Female,0,0,25,North America,<=50K
11431,"[50, 60[", Private,172071,High School,9,Married-civ-spouse,Technical, Wife,*,Female,0,0,38,North America,<=50K
11432,"[20, 30[", Private,166210,Undergraduate,10,Divorced,Technical, Not-in-family,*,Male,0,0,55,North America,<=50K
11433,"[20, 30[", Private,330263,High School,9,Separated,Other, Not-in-family,*,Male,0,0,40,North America,<=50K
11434,"[40, 50[", Private,247043,High School,9,Married-civ-spouse,Other, Husband,*,Male,0,0,40,North America,>50K
11435,"[50, 60[", Federal-gov,155238,High School,9,Married-civ-spouse,Other, Husband,*,Male,0,0,40,North America,>50K
11436,"[20, 30[", Private,130557,Undergraduate,13,Never-married,Other, Not-in-family,*,Female,0,0,40,North America,<=50K
11437,"[10, 20[", Private,56986,High School,8,Never-married,Nontechnical, Own-child,*,Female,0,0,18,North America,<=50K
11438,"[20, 30[", Private,220692,Professional Education,11,Never-married,Nontechnical, Not-in-family,*,Female,0,0,40,North America,<=50K
11439,"[20, 30[", Private,121650,Primary School,3,Never-married,Nontechnical, Unmarried,*,Male,0,0,30,North America,<=50K
11441,"[20, 30[", Private,341846,Graduate,14,Never-married,Technical, Not-in-family,*,Female,0,0,50,North America,<=50K
11442,"[30, 40[", Private,99339,Professional Education,12,Divorced,Other, Not-in-family,*,Female,0,880,40,North America,<=50K
11443,"[30, 40[", Private,34437,High School,9,Never-married,Other, Own-child,*,Male,0,0,40,North America,<=50K
11444,"[30, 40[", Private,141058,Undergraduate,10,Married-civ-spouse,Other, Husband,*,Male,0,0,62,North America,<=50K
11445,"[40, 50[", Private,192323,High School,9,Married-civ-spouse,Technical, Husband,*,Male,0,0,40,North America,<=50K
11447,"[30, 40[", Private,28572,High School,9,Divorced,Other, Not-in-family,*,Male,0,0,40,North America,<=50K
11448,"[40, 50[", Private,120277,Undergraduate,13,Never-married,Technical, Not-in-family,*,Male,0,0,40,North America,<=50K
11449,"[30, 40[", Private,164309,Undergraduate,10,Divorced,Other, Unmarried,*,Female,0,0,38,North America,<=50K
11450,"[40, 50[", Federal-gov,102771,Graduate,16,Married-civ-spouse,Technical, Husband,*,Male,0,0,40,North America,>50K
11451,"[20, 30[", Private,147951,High School,9,Never-married,Technical, Other-relative,*,Male,0,0,1,North America,<=50K
11452,"[20, 30[", Private,188409,High School,7,Married-civ-spouse,Other, Husband,*,Male,4508,0,25,North America,<=50K
11453,"[40, 50[", Private,173888,High School,4,Married-civ-spouse,Other, Husband,*,Male,0,0,80,North America,>50K
11454,"[20, 30[", Private,247006,Professional Education,12,Married-civ-spouse,Nontechnical, Husband,*,Male,0,0,45,North America,<=50K
11455,"[20, 30[", Private,82889,Undergraduate,10,Never-married,Other, Own-child,*,Female,0,0,16,North America,<=50K
11456,"[50, 60[", Private,259363,High School,9,Married-civ-spouse,Technical, Husband,*,Male,0,0,50,North America,>50K
11457,"[60, 70[", Federal-gov,159165,High School,9,Widowed,Nontechnical, Not-in-family,*,Female,0,0,36,North America,<=50K
11458,"[30, 40[", Private,112062,Undergraduate,13,Never-married,Technical, Not-in-family,*,Female,0,0,40,North America,<=50K
11460,"[20, 30[", ?,186452,Undergraduate,10,Never-married,Other, Own-child,*,Male,0,0,36,North America,<=50K
11461,"[50, 60[", Private,548580,Undergraduate,10,Married-civ-spouse,Technical, Husband,*,Male,0,0,40,North America,<=50K
11462,"[20, 30[", Private,234057,High School,9,Never-married,Technical, Not-in-family,*,Female,0,0,40,North America,<=50K
11463,"[40, 50[", Private,241350,High School,9,Never-married,Other, Not-in-family,*,Male,0,0,40,North America,<=50K
11465,"[40, 50[", Private,278322,High School,9,Married-civ-spouse,Technical, Husband,*,Male,0,0,40,North America,>50K
11467,"[40, 50[", Self-emp-not-inc,37618,High School,9,Married-civ-spouse,Other, Husband,*,Male,0,0,40,North America,>50K
11468,"[50, 60[", Local-gov,238582,Undergraduate,10,Married-civ-spouse,Technical, Husband,*,Male,0,0,41,North America,>50K
11469,"[30, 40[", State-gov,28887,High School,9,Married-civ-spouse,Technical, Husband,*,Male,0,0,40,North America,>50K
11470,"[30, 40[", Private,77820,Undergraduate,13,Married-civ-spouse,Nontechnical, Husband,*,Male,0,0,45,North America,>50K
11471,"[20, 30[", Private,110946,Undergraduate,10,Never-married,Other, Not-in-family,*,Female,0,0,40,North America,<=50K
11472,"[30, 40[", Local-gov,230420,Undergraduate,13,Married-civ-spouse,Technical, Husband,*,Male,0,0,40,North America,>50K
11473,"[30, 40[", Private,206521,High School,9,Never-married,Technical, Not-in-family,*,Male,0,0,40,North America,<=50K
11474,"[50, 60[", ?,156877,High School,9,Divorced,Other, Not-in-family,*,Male,0,0,20,North America,<=50K
11475,"[20, 30[", Local-gov,283227,Undergraduate,10,Married-civ-spouse,Nontechnical, Husband,*,Male,0,0,65,North America,<=50K
11476,"[20, 30[", Private,141957,Undergraduate,13,Married-civ-spouse,Technical, Husband,*,Male,0,0,50,North America,<=50K
11478,"[70, 80[", Local-gov,161027,Primary School,3,Married-civ-spouse,Other, Husband,*,Male,0,0,20,North America,<=50K
11479,"[30, 40[", Self-emp-not-inc,31670,High School,9,Married-civ-spouse,Other, Husband,*,Male,0,0,60,North America,<=50K
11480,"[20, 30[", Private,205844,Undergraduate,13,Never-married,Nontechnical, Own-child,*,Female,0,0,65,North America,<=50K
11482,"[30, 40[", Private,168055,Professional Education,11,Married-civ-spouse,Other, Husband,*,Male,0,0,40,North America,<=50K
11484,"[60, 70[", ?,182668,High School,9,Married-civ-spouse,Other, Husband,*,Male,0,0,45,North America,>50K
11486,"[40, 50[", Private,334522,High School,9,Married-civ-spouse,Nontechnical, Husband,*,Male,0,0,40,North America,<=50K
11487,"[50, 60[", State-gov,187686,Undergraduate,10,Divorced,Other, Not-in-family,*,Female,0,0,38,North America,<=50K
11488,"[20, 30[", State-gov,365916,Professional Education,12,Never-married,Nontechnical, Not-in-family,*,Female,0,0,58,North America,<=50K
11489,"[30, 40[", Private,190719,Undergraduate,10,Divorced,Nontechnical, Not-in-family,*,Male,0,0,45,North America,<=50K
11490,"[20, 30[", Private,218184,Undergraduate,10,Never-married,Other, Not-in-family,*,Female,0,0,40,North America,<=50K
11491,"[30, 40[", Private,222162,High School,9,Married-civ-spouse,Nontechnical, Husband,*,Male,0,0,66,North America,<=50K
11492,"[30, 40[", Private,148524,High School,9,Married-civ-spouse,Other, Husband,*,Male,0,2057,40,North America,<=50K
11493,"[30, 40[", Private,267085,Undergraduate,10,Married-civ-spouse,Technical, Husband,*,Male,0,0,40,North America,<=50K
11494,"[50, 60[", Federal-gov,307555,Undergraduate,13,Divorced,Technical, Not-in-family,*,Male,0,0,60,North America,>50K
11495,"[30, 40[", Private,229180,Undergraduate,10,Divorced,Technical, Unmarried,*,Female,0,0,40,North America,<=50K
11496,"[20, 30[", Private,279041,Undergraduate,10,Never-married,Nontechnical, Own-child,*,Male,0,0,10,North America,<=50K
11497,"[20, 30[", Private,312017,Undergraduate,10,Never-married,Technical, Not-in-family,*,Male,0,0,40,North America,<=50K
11498,"[30, 40[", Private,54782,Undergraduate,13,Married-civ-spouse,Other, Husband,*,Male,0,1579,42,North America,<=50K
11499,"[70, 80[", Private,70697,High School,4,Widowed,Other, Not-in-family,*,Female,0,0,25,North America,<=50K
11500,"[20, 30[", ?,263970,Undergraduate,10,Never-married,Other, Not-in-family,*,Female,0,0,28,North America,<=50K
11501,"[30, 40[", Private,188774,Undergraduate,13,Married-civ-spouse,Other, Husband,*,Male,0,0,40,North America,<=50K
11502,"[30, 40[", Private,302770,Undergraduate,10,Married-civ-spouse,Nontechnical, Husband,*,Male,0,0,60,North America,<=50K
11503,"[20, 30[", Private,183639,High School,9,Married-civ-spouse,Other, Husband,*,Male,0,0,97,North America,<=50K
11504,"[20, 30[", Private,178551,High School,9,Married-civ-spouse,Other, Husband,*,Male,0,0,40,North America,<=50K
11505,"[20, 30[", Private,175343,Undergraduate,13,Married-civ-spouse,Nontechnical, Husband,*,Male,0,0,40,North America,<=50K
11506,"[70, 80[", Self-emp-not-inc,190078,Undergraduate,10,Married-civ-spouse,Nontechnical, Husband,*,Male,0,0,35,North America,<=50K
11507,"[40, 50[", Private,117627,Undergraduate,10,Divorced,Nontechnical, Not-in-family,*,Female,0,0,40,North America,<=50K
11508,"[30, 40[", Private,108419,Undergraduate,10,Married-civ-spouse,Technical, Husband,*,Male,0,0,40,North America,<=50K
11509,"[70, 80[", Private,183701,High School,6,Widowed,Other, Not-in-family,*,Female,0,0,6,North America,<=50K
11510,"[20, 30[", State-gov,208406,Undergraduate,13,Never-married,Technical, Not-in-family,*,Male,0,0,30,North America,<=50K
11511,"[40, 50[", Private,148884,High School,9,Married-civ-spouse,Other, Husband,*,Male,0,0,60,North America,<=50K
11513,"[40, 50[", Private,199058,Undergraduate,13,Married-civ-spouse,Technical, Husband,*,Male,0,0,60,North America,>50K
11514,"[40, 50[", Private,173628,Undergraduate,13,Married-civ-spouse,Nontechnical, Husband,*,Male,0,0,40,North America,>50K
11515,"[60, 70[", Private,370837,Undergraduate,13,Divorced,Nontechnical, Not-in-family,*,Male,0,0,40,North America,<=50K
11516,"[10, 20[", ?,179484,High School,8,Never-married,Other, Own-child,*,Male,0,0,40,North America,<=50K
11517,"[20, 30[", Private,342769,Undergraduate,13,Never-married,Technical, Not-in-family,*,Female,0,0,20,North America,<=50K
11518,"[40, 50[", Local-gov,65145,High School,9,Married-civ-spouse,Technical, Husband,*,Male,0,0,30,North America,<=50K
11519,"[40, 50[", Private,150533,High School,9,Married-civ-spouse,Nontechnical, Husband,*,Male,2829,0,40,North America,<=50K
11520,"[40, 50[", Local-gov,272182,Undergraduate,10,Never-married,Other, Not-in-family,*,Male,0,0,40,North America,<=50K
11521,"[40, 50[", Private,403467,Undergraduate,13,Married-civ-spouse,Nontechnical, Husband,*,Male,7688,0,40,North America,>50K
11522,"[30, 40[", Private,252168,Undergraduate,10,Never-married,Other, Not-in-family,*,Male,0,0,40,North America,<=50K
11523,"[40, 50[", Private,80430,High School,7,Never-married,Other, Not-in-family,*,Female,0,0,30,North America,<=50K
11524,"[30, 40[", Private,189623,Undergraduate,13,Divorced,Nontechnical, Unmarried,*,Male,0,0,60,North America,<=50K
11525,"[40, 50[", Private,115806,Graduate,14,Divorced,Nontechnical, Unmarried,*,Female,0,2547,40,North America,>50K
11526,"[10, 20[", ?,28357,Undergraduate,10,Never-married,Other, Own-child,*,Female,0,0,20,North America,<=50K
11527,"[50, 60[", Private,226084,High School,9,Widowed,Other, Other-relative,*,Female,0,0,40,North America,<=50K
11528,"[10, 20[", Private,150817,High School,9,Never-married,Nontechnical, Own-child,*,Female,0,0,20,North America,<=50K
11529,"[20, 30[", Self-emp-inc,190911,High School,9,Never-married,Nontechnical, Own-child,*,Male,0,0,45,North America,<=50K
11530,"[20, 30[", Self-emp-inc,120126,Undergraduate,13,Married-civ-spouse,Nontechnical, Husband,*,Male,0,1887,45,North America,>50K
11531,"[40, 50[", Local-gov,255559,High School,9,Never-married,Other, Not-in-family,*,Female,0,0,40,North America,<=50K
11533,"[20, 30[", Private,173679,Professional Education,11,Married-civ-spouse,Other, Husband,*,Male,0,0,20,North America,<=50K
11536,"[60, 70[", Self-emp-not-inc,129845,High School,4,Married-civ-spouse,Technical, Husband,*,Male,0,0,40,North America,<=50K
11537,"[40, 50[", Private,226505,High School,9,Married-civ-spouse,Other, Wife,*,Female,0,0,46,North America,>50K
11538,"[40, 50[", Private,151584,Professional Education,15,Married-civ-spouse,Nontechnical, Husband,*,Male,7688,0,60,North America,>50K
11539,"[40, 50[", Private,136419,High School,9,Married-civ-spouse,Technical, Husband,*,Male,0,0,50,North America,>50K
11540,"[40, 50[", Private,66460,Undergraduate,10,Divorced,Nontechnical, Unmarried,*,Female,0,0,45,North America,<=50K
11541,"[60, 70[", Local-gov,379940,Undergraduate,13,Married-civ-spouse,Technical, Husband,*,Male,0,0,40,North America,>50K
11542,"[30, 40[", Local-gov,102936,Undergraduate,13,Divorced,Technical, Unmarried,*,Female,0,0,55,North America,<=50K
11543,"[60, 70[", Private,205309,High School,9,Married-civ-spouse,Other, Husband,*,Male,0,0,20,North America,<=50K
11544,"[30, 40[", ?,156890,High School,6,Divorced,Other, Unmarried,*,Male,0,0,40,North America,<=50K
11545,"[60, 70[", Private,208711,Undergraduate,13,Married-civ-spouse,Technical, Husband,*,Male,7688,0,50,North America,>50K
11546,"[40, 50[", Private,137547,High School,9,Divorced,Technical, Not-in-family,*,Male,0,0,40,North America,<=50K
11547,"[20, 30[", Private,220168,High School,9,Never-married,Nontechnical, Other-relative,*,Female,0,0,25,North America,<=50K
11548,"[40, 50[", Local-gov,37672,Undergraduate,13,Married-civ-spouse,Technical, Wife,*,Female,0,0,45,North America,<=50K
11549,"[20, 30[", Private,196643,Undergraduate,10,Never-married,Other, Own-child,*,Male,0,0,20,North America,<=50K
11550,"[20, 30[", ?,355686,High School,9,Never-married,Other, Own-child,*,Female,0,0,10,North America,<=50K
11551,"[20, 30[", Private,197484,High School,9,Never-married,Nontechnical, Own-child,*,Male,0,0,40,North America,<=50K
11552,"[60, 70[", Local-gov,115023,High School,9,Married-civ-spouse,Other, Husband,*,Male,0,0,40,North America,<=50K
11553,"[30, 40[", State-gov,234824,High School,9,Married-civ-spouse,Other, Wife,*,Female,0,0,72,North America,<=50K
11554,"[30, 40[", State-gov,361497,Undergraduate,13,Married-civ-spouse,Other, Husband,*,Male,0,0,72,North America,>50K
11555,"[20, 30[", Private,351871,Undergraduate,13,Never-married,Nontechnical, Not-in-family,*,Male,0,0,50,North America,>50K
11557,"[20, 30[", Private,123490,High School,7,Divorced,Other, Unmarried,*,Female,0,0,35,North America,<=50K
11558,"[30, 40[", Private,188245,High School,7,Never-married,Other, Unmarried,*,Female,0,0,40,North America,<=50K
11559,"[60, 70[", Private,50349,High School,9,Widowed,Other, Not-in-family,*,Female,0,0,34,North America,<=50K
11560,"[10, 20[", Self-emp-not-inc,47176,Undergraduate,10,Never-married,Technical, Not-in-family,*,Female,0,0,15,North America,<=50K
11561,"[50, 60[", State-gov,290661,Graduate,16,Divorced,Technical, Not-in-family,*,Male,0,0,60,North America,>50K
11562,"[40, 50[", Private,221172,Undergraduate,13,Married-civ-spouse,Technical, Husband,*,Male,0,0,40,North America,>50K
11563,"[20, 30[", Private,188950,Professional Education,11,Never-married,Nontechnical, Own-child,*,Male,0,0,40,North America,<=50K
11564,"[30, 40[", Private,356882,Graduate,16,Never-married,Technical, Own-child,*,Male,0,0,20,North America,<=50K
11565,"[40, 50[", Self-emp-inc,150533,Professional Education,12,Married-civ-spouse,Nontechnical, Husband,*,Male,0,0,50,North America,<=50K
11566,"[60, 70[", Self-emp-not-inc,167149,High School,4,Married-civ-spouse,Other, Husband,*,Male,0,0,25,North America,<=50K
11568,"[30, 40[", Private,313729,High School,9,Married-civ-spouse,Other, Husband,*,Male,0,0,40,North America,<=50K
11569,"[50, 60[", Private,130957,High School,9,Married-civ-spouse,Technical, Husband,*,Male,0,0,45,North America,<=50K
11570,"[10, 20[", Private,197732,High School,7,Never-married,Other, Own-child,*,Female,0,0,12,North America,<=50K
11571,"[10, 20[", Private,250541,High School,6,Never-married,Other, Own-child,*,Male,0,0,20,North America,<=50K
11572,"[20, 30[", Private,218785,Undergraduate,10,Married-civ-spouse,Other, Wife,*,Female,0,0,65,North America,<=50K
11573,"[20, 30[", ?,232512,High School,9,Separated,Other, Own-child,*,Female,0,0,40,North America,<=50K
11574,"[30, 40[", Private,194630,High School,9,Divorced,Technical, Not-in-family,*,Male,0,0,50,North America,<=50K
11575,"[30, 40[", Private,38721,High School,9,Divorced,Other, Unmarried,*,Female,0,0,22,North America,<=50K
11576,"[30, 40[", Private,201519,Undergraduate,13,Married-civ-spouse,Nontechnical, Wife,*,Female,0,0,40,North America,>50K
11577,"[50, 60[", Private,279337,Undergraduate,13,Divorced,Nontechnical, Not-in-family,*,Male,0,0,55,North America,>50K
11578,"[40, 50[", ?,27187,Professional Education,11,Married-civ-spouse,Other, Husband,*,Male,0,2415,12,North America,>50K
11579,"[30, 40[", Private,87560,Undergraduate,10,Never-married,Technical, Not-in-family,*,Female,0,0,50,North America,<=50K
11580,"[70, 80[", ?,100820,High School,9,Married-civ-spouse,Other, Husband,*,Male,0,2489,15,North America,<=50K
11581,"[50, 60[", Private,208431,Undergraduate,10,Widowed,Nontechnical, Not-in-family,*,Female,0,0,32,North America,<=50K
11582,"[50, 60[", Private,143822,Undergraduate,10,Married-civ-spouse,Technical, Husband,*,Male,7298,0,40,North America,>50K
11583,"[20, 30[", Private,163205,Undergraduate,10,Separated,Other, Own-child,*,Female,0,0,30,North America,<=50K
11584,"[50, 60[", Private,171924,Undergraduate,13,Divorced,Technical, Not-in-family,*,Male,14344,0,55,North America,>50K
11585,"[30, 40[", State-gov,137616,Graduate,14,Never-married,Technical, Not-in-family,*,Female,0,0,35,North America,<=50K
11586,"[20, 30[", Private,156516,Undergraduate,10,Married-civ-spouse,Other, Wife,*,Female,0,2377,20,North America,<=50K
11587,"[40, 50[", Private,119101,Undergraduate,10,Married-civ-spouse,Technical, Husband,*,Male,5178,0,40,North America,>50K
11588,"[40, 50[", Private,117556,Undergraduate,10,Divorced,Other, Unmarried,*,Female,0,0,32,North America,<=50K
11590,"[30, 40[", Self-emp-not-inc,24504,High School,9,Separated,Technical, Other-relative,*,Male,0,0,50,North America,<=50K
11591,"[20, 30[", ?,157624,High School,9,Separated,Other, Other-relative,*,Female,0,0,40,North America,<=50K
11592,"[30, 40[", Private,181721,High School,6,Never-married,Other, Own-child,*,Male,0,0,60,North America,<=50K
11593,"[40, 50[", Local-gov,55363,Graduate,14,Married-civ-spouse,Technical, Husband,*,Male,0,0,55,North America,>50K
11594,"[30, 40[", Private,92865,Undergraduate,10,Never-married,Other, Own-child,*,Female,0,0,40,North America,<=50K
11596,"[50, 60[", Federal-gov,221532,Undergraduate,13,Married-civ-spouse,Nontechnical, Husband,*,Male,0,0,45,North America,>50K
11598,"[30, 40[", Private,381153,Undergraduate,10,Married-civ-spouse,Technical, Husband,*,Male,0,0,40,North America,<=50K
11599,"[20, 30[", Private,300871,Undergraduate,10,Never-married,Other, Own-child,*,Male,0,0,40,North America,<=50K
11600,"[40, 50[", Private,33710,Undergraduate,13,Married-civ-spouse,Nontechnical, Husband,*,Male,3103,0,60,North America,>50K
11602,"[30, 40[", Private,288103,High School,7,Separated,Technical, Not-in-family,*,Male,0,0,40,North America,<=50K
11603,"[30, 40[", Private,108907,High School,9,Separated,Technical, Unmarried,*,Male,0,0,40,North America,<=50K
11604,"[40, 50[", Private,358533,Undergraduate,10,Married-civ-spouse,Other, Husband,*,Male,0,0,40,North America,>50K
11605,"[20, 30[", Private,126613,Undergraduate,13,Never-married,Technical, Own-child,*,Female,0,0,8,North America,<=50K
11606,"[30, 40[", Private,164190,Professional Education,11,Married-civ-spouse,Technical, Husband,*,Male,5178,0,52,North America,>50K
11607,"[30, 40[", Private,199816,High School,9,Divorced,Technical, Own-child,*,Male,0,0,40,North America,<=50K
11608,"[50, 60[", Private,98228,High School,9,Divorced,Nontechnical, Unmarried,*,Female,0,0,45,North America,<=50K
11609,"[40, 50[", Local-gov,129060,Undergraduate,10,Divorced,Other, Unmarried,*,Female,0,0,40,North America,<=50K
11610,"[30, 40[", Private,22245,High School,9,Married-civ-spouse,Nontechnical, Husband,*,Male,0,0,60,North America,>50K
11611,"[30, 40[", Private,226918,Undergraduate,13,Never-married,Nontechnical, Not-in-family,*,Male,0,0,48,North America,<=50K
11612,"[40, 50[", Private,398652,High School,9,Married-civ-spouse,Nontechnical, Husband,*,Male,0,0,50,North America,>50K
11613,"[50, 60[", Private,268840,Undergraduate,10,Married-civ-spouse,Other, Other-relative,*,Female,0,0,16,North America,>50K
11615,"[50, 60[", Private,91384,Graduate,16,Married-civ-spouse,Technical, Husband,*,Male,0,0,60,North America,>50K
11616,"[50, 60[", Private,174767,Undergraduate,10,Married-civ-spouse,Nontechnical, Husband,*,Male,0,0,45,North America,>50K
11617,"[30, 40[", Self-emp-inc,126675,Professional Education,11,Married-civ-spouse,Nontechnical, Husband,*,Male,0,0,60,North America,>50K
11619,"[50, 60[", Private,177727,Professional Education,12,Married-civ-spouse,Technical, Husband,*,Male,0,0,45,North America,>50K
11620,"[60, 70[", Self-emp-not-inc,345236,Undergraduate,13,Married-civ-spouse,Nontechnical, Husband,*,Male,0,0,55,North America,<=50K
11621,"[50, 60[", ?,347692,High School,7,Divorced,Other, Not-in-family,*,Male,0,0,15,North America,<=50K
11622,"[60, 70[", Private,156000,High School,6,Widowed,Other, Unmarried,*,Female,0,0,20,North America,<=50K
11623,"[70, 80[", Private,228806,High School,5,Divorced,Other, Not-in-family,*,Female,0,0,6,North America,<=50K
11624,"[40, 50[", Local-gov,184428,Graduate,14,Married-civ-spouse,Other, Husband,*,Male,0,0,40,North America,<=50K
11625,"[30, 40[", Local-gov,102938,High School,9,Married-civ-spouse,Other, Husband,*,Male,0,0,40,North America,<=50K
11626,"[10, 20[", Private,161063,High School,9,Never-married,Other, Own-child,*,Male,0,0,40,North America,<=50K
11627,"[20, 30[", Private,253752,High School,6,Married-civ-spouse,Other, Wife,*,Female,0,0,40,North America,<=50K
11628,"[40, 50[", Self-emp-not-inc,274800,Undergraduate,13,Married-civ-spouse,Technical, Husband,*,Male,0,0,60,North America,<=50K
11629,"[30, 40[", Private,129804,High School,5,Never-married,Other, Not-in-family,*,Male,0,0,40,North America,<=50K
11630,"[20, 30[", Federal-gov,65547,Undergraduate,10,Never-married,Nontechnical, Not-in-family,*,Male,0,0,40,North America,<=50K
11631,"[20, 30[", Private,107658,Undergraduate,10,Never-married,Technical, Not-in-family,*,Female,0,0,10,North America,<=50K
11632,"[50, 60[", Private,161097,High School,9,Divorced,Nontechnical, Not-in-family,*,Female,0,0,26,North America,<=50K
11633,"[10, 20[", Private,118376,Undergraduate,10,Never-married,Other, Own-child,*,Female,0,0,15,North America,<=50K
11634,"[30, 40[", Private,131224,High School,9,Married-civ-spouse,Technical, Husband,*,Male,0,0,40,North America,<=50K
11635,"[30, 40[", Private,120985,High School,9,Divorced,Other, Own-child,*,Male,0,0,40,North America,<=50K
11636,"[30, 40[", Private,215392,Undergraduate,13,Divorced,Technical, Not-in-family,*,Female,0,0,40,North America,<=50K
11638,"[40, 50[", Private,131826,Undergraduate,10,Married-civ-spouse,Other, Husband,*,Male,0,0,40,North America,>50K
11639,"[30, 40[", Private,211440,High School,9,Married-civ-spouse,Other, Husband,*,Male,0,0,55,North America,>50K
11640,"[30, 40[", Private,31023,Undergraduate,13,Married-civ-spouse,Nontechnical, Husband,*,Male,0,0,45,North America,<=50K
11641,"[40, 50[", Private,145439,Primary School,3,Married-civ-spouse,Other, Husband,*,Male,4064,0,40,North America,<=50K
11642,"[10, 20[", Private,255161,High School,9,Never-married,Nontechnical, Own-child,*,Male,0,0,25,North America,<=50K
11643,"[20, 30[", Private,411950,High School,9,Divorced,Other, Not-in-family,*,Male,0,0,40,North America,<=50K
11644,"[20, 30[", Private,275818,Undergraduate,10,Never-married,Nontechnical, Not-in-family,*,Female,0,1974,40,North America,<=50K
11645,"[10, 20[", Private,318082,Undergraduate,10,Never-married,Nontechnical, Own-child,*,Male,0,0,35,North America,<=50K
11646,"[20, 30[", Local-gov,287988,Undergraduate,13,Never-married,Technical, Not-in-family,*,Male,0,0,40,North America,<=50K
11647,"[40, 50[", Local-gov,138342,High School,7,Married-civ-spouse,Other, Husband,*,Male,3411,0,40,North America,<=50K
11648,"[40, 50[", Federal-gov,115932,Undergraduate,13,Divorced,Other, Own-child,*,Male,0,0,40,North America,<=50K
11649,"[20, 30[", Private,60358,Undergraduate,10,Never-married,Nontechnical, Own-child,*,Male,0,0,40,North America,<=50K
11650,"[10, 20[", Private,140117,High School,6,Never-married,Nontechnical, Own-child,*,Female,0,0,12,North America,<=50K
11651,"[30, 40[", Private,158040,Undergraduate,13,Never-married,Nontechnical, Not-in-family,*,Female,0,0,45,North America,<=50K
11653,"[20, 30[", Private,232784,Professional Education,12,Never-married,Nontechnical, Own-child,*,Male,0,0,40,North America,<=50K
11654,"[20, 30[", Private,349368,Undergraduate,10,Married-civ-spouse,Other, Wife,*,Female,0,0,40,North America,<=50K
11655,"[40, 50[", Federal-gov,325573,High School,9,Never-married,Nontechnical, Not-in-family,*,Male,0,0,40,North America,<=50K
11656,"[60, 70[", Private,140176,High School,9,Married-civ-spouse,Nontechnical, Husband,*,Male,0,0,24,North America,<=50K
11657,"[50, 60[", Private,128478,High School,9,Married-civ-spouse,Technical, Husband,*,Male,0,0,60,North America,>50K
11658,"[10, 20[", ?,318264,Undergraduate,10,Never-married,Other, Own-child,*,Male,0,0,30,North America,<=50K
11660,"[40, 50[", Federal-gov,155659,Undergraduate,10,Married-civ-spouse,Technical, Husband,*,Male,0,0,40,North America,>50K
11662,"[40, 50[", Federal-gov,329205,Undergraduate,13,Divorced,Technical, Unmarried,*,Male,0,0,40,North America,<=50K
11663,"[60, 70[", Private,171373,High School,7,Widowed,Other, Unmarried,*,Female,0,0,40,North America,<=50K
11664,"[20, 30[", Private,228860,Undergraduate,10,Married-civ-spouse,Other, Husband,*,Male,0,0,35,North America,<=50K
11665,"[20, 30[", Private,196116,Professional Education,15,Divorced,Technical, Own-child,*,Female,2174,0,72,North America,<=50K
11666,"[10, 20[", Private,47771,High School,7,Never-married,Technical, Own-child,*,Female,0,0,20,North America,<=50K
11667,"[20, 30[", Private,201680,High School,9,Never-married,Other, Unmarried,*,Male,0,0,60,North America,<=50K
11668,"[20, 30[", Private,337378,High School,9,Married-civ-spouse,Technical, Husband,*,Male,0,0,40,North America,<=50K
11669,"[30, 40[", Private,246449,High School,9,Never-married,Other, Not-in-family,*,Male,3325,0,50,North America,<=50K
11670,"[40, 50[", Private,227714,Undergraduate,13,Married-civ-spouse,Nontechnical, Husband,*,Male,0,0,60,North America,<=50K
11671,"[30, 40[", Private,177285,Professional Education,11,Never-married,Technical, Unmarried,*,Female,0,0,38,North America,<=50K
11673,"[40, 50[", Private,30219,High School,9,Divorced,Technical, Not-in-family,*,Male,0,1669,40,North America,<=50K
11674,"[40, 50[", Private,280167,Graduate,14,Married-civ-spouse,Technical, Husband,*,Male,0,0,40,North America,>50K
11675,"[30, 40[", Self-emp-inc,27408,Professional Education,11,Married-civ-spouse,Nontechnical, Husband,*,Male,0,0,60,North America,<=50K
11677,"[40, 50[", Private,173682,Graduate,14,Married-civ-spouse,Technical, Husband,*,Male,0,0,40,North America,<=50K
11678,"[30, 40[", Self-emp-not-inc,278557,High School,9,Married-civ-spouse,Other, Husband,*,Male,0,0,30,North America,<=50K
11679,"[30, 40[", Private,113688,Professional Education,11,Divorced,Nontechnical, Not-in-family,*,Female,0,0,50,North America,<=50K
11680,"[40, 50[", Self-emp-not-inc,252986,Graduate,14,Married-civ-spouse,Technical, Husband,*,Male,0,0,40,North America,>50K
11681,"[40, 50[", Private,33669,Undergraduate,10,Married-civ-spouse,Other, Husband,*,Male,0,0,60,North America,<=50K
11682,"[50, 60[", Private,100776,High School,9,Married-civ-spouse,Nontechnical, Wife,*,Female,0,0,50,North America,<=50K
11683,"[40, 50[", Self-emp-not-inc,177457,Undergraduate,10,Married-civ-spouse,Other, Husband,*,Male,0,0,40,North America,<=50K
11684,"[30, 40[", State-gov,312767,High School,9,Never-married,Nontechnical, Unmarried,*,Female,0,0,40,North America,<=50K
11685,"[50, 60[", Private,43354,High School,7,Married-civ-spouse,Technical, Husband,*,Male,0,0,40,North America,>50K
11687,"[40, 50[", Self-emp-not-inc,263568,Undergraduate,13,Married-civ-spouse,Nontechnical, Husband,*,Male,0,0,60,North America,>50K
11689,"[20, 30[", Private,302097,High School,9,Married-civ-spouse,Technical, Husband,*,Male,3464,0,48,North America,<=50K
11691,"[30, 40[", ?,87369,High School,5,Divorced,Other, Unmarried,*,Female,0,0,40,North America,<=50K
11692,"[30, 40[", Private,405577,Undergraduate,10,Never-married,Other, Not-in-family,*,Male,0,0,40,North America,<=50K
11693,"[50, 60[", State-gov,167065,High School,9,Married-civ-spouse,Nontechnical, Husband,*,Male,0,0,40,North America,<=50K
11694,"[20, 30[", Private,102476,Undergraduate,13,Married-civ-spouse,Nontechnical, Husband,*,Male,0,0,40,North America,<=50K
11695,"[20, 30[", Federal-gov,526528,Undergraduate,10,Never-married,Other, Unmarried,*,Female,3887,0,40,North America,<=50K
11696,"[30, 40[", Private,175878,High School,4,Married-civ-spouse,Technical, Husband,*,Male,0,0,35,North America,<=50K
11697,"[50, 60[", Private,213894,High School,7,Separated,Other, Unmarried,*,Female,0,0,40,North America,<=50K
11698,"[10, 20[", Private,150262,High School,7,Never-married,Nontechnical, Own-child,*,Female,0,0,20,North America,<=50K
11699,"[40, 50[", Private,75363,Undergraduate,10,Separated,Nontechnical, Unmarried,*,Female,0,0,40,North America,<=50K
11700,"[30, 40[", Private,272671,Undergraduate,13,Divorced,Nontechnical, Own-child,*,Male,0,0,50,North America,<=50K
11701,"[60, 70[", Self-emp-inc,411007,High School,9,Widowed,Nontechnical, Not-in-family,*,Female,15831,0,40,North America,>50K
11702,"[40, 50[", Private,222434,High School,9,Divorced,Technical, Own-child,*,Male,0,0,40,North America,<=50K
11703,"[20, 30[", Private,180246,Undergraduate,10,Married-civ-spouse,Nontechnical, Husband,*,Male,7688,0,40,North America,>50K
11704,"[20, 30[", Private,171236,High School,9,Divorced,Nontechnical, Own-child,*,Female,0,0,40,North America,<=50K
11705,"[40, 50[", Private,367037,High School,9,Divorced,Other, Unmarried,*,Female,0,0,40,North America,<=50K
11706,"[30, 40[", Private,304651,High School,9,Married-civ-spouse,Other, Husband,*,Male,0,0,45,North America,>50K
11707,"[60, 70[", Private,97017,Undergraduate,10,Married-civ-spouse,Technical, Husband,*,Male,0,0,45,North America,<=50K
11708,"[20, 30[", Private,146879,High School,9,Never-married,Other, Not-in-family,*,Male,0,2001,40,North America,<=50K
11710,"[40, 50[", Self-emp-not-inc,84735,Graduate,14,Married-civ-spouse,Technical, Wife,*,Female,0,0,20,North America,>50K
11711,"[40, 50[", Private,184428,Undergraduate,13,Divorced,Other, Not-in-family,*,Male,0,0,40,North America,<=50K
11712,"[30, 40[", Private,326886,High School,9,Married-civ-spouse,Technical, Husband,*,Male,0,0,40,North America,>50K
11713,"[20, 30[", ?,169624,High School,9,Divorced,Other, Unmarried,*,Female,0,0,37,North America,<=50K
11714,"[20, 30[", Private,212102,High School,9,Separated,Other, Unmarried,*,Female,0,0,30,North America,<=50K
11715,"[20, 30[", Private,175837,High School,7,Never-married,Other, Other-relative,*,Female,0,0,40,North America,<=50K
11716,"[50, 60[", Private,177487,High School,9,Married-civ-spouse,Technical, Husband,*,Male,0,0,40,North America,<=50K
11717,"[40, 50[", Private,286750,Undergraduate,13,Married-civ-spouse,Nontechnical, Husband,*,Male,0,1902,40,North America,>50K
11718,"[40, 50[", Private,171424,Undergraduate,13,Married-civ-spouse,Technical, Husband,*,Male,0,0,40,North America,>50K
11719,"[30, 40[", Private,194981,High School,9,Married-civ-spouse,Technical, Wife,*,Female,0,0,36,North America,<=50K
11720,"[70, 80[", Private,199362,High School,9,Married-civ-spouse,Other, Husband,*,Male,0,0,30,North America,<=50K
11721,"[20, 30[", Private,204226,Graduate,14,Never-married,Technical, Not-in-family,*,Female,0,0,40,North America,<=50K
11722,"[40, 50[", State-gov,72506,High School,9,Married-civ-spouse,Other, Wife,*,Female,0,0,40,North America,<=50K
11723,"[60, 70[", Self-emp-inc,61040,Undergraduate,10,Married-civ-spouse,Nontechnical, Husband,*,Male,7688,0,36,North America,>50K
11724,"[30, 40[", Federal-gov,194630,Graduate,14,Never-married,Nontechnical, Own-child,*,Female,0,0,40,North America,<=50K
11725,"[20, 30[", Private,391867,Professional Education,11,Married-civ-spouse,Technical, Husband,*,Male,0,0,40,North America,>50K
11726,"[40, 50[", Private,94080,Professional Education,12,Married-civ-spouse,Nontechnical, Husband,*,Male,0,0,40,North America,>50K
11727,"[10, 20[", Private,289405,High School,7,Never-married,Technical, Own-child,*,Male,0,0,12,North America,<=50K
11728,"[30, 40[", Private,170130,High School,9,Divorced,Other, Unmarried,*,Female,0,0,40,North America,<=50K
11729,"[10, 20[", Private,158118,High School,9,Never-married,Other, Not-in-family,*,Female,0,1719,40,North America,<=50K
11730,"[30, 40[", Private,447739,Graduate,16,Never-married,Technical, Not-in-family,*,Male,0,0,60,North America,<=50K
11733,"[40, 50[", Private,223342,High School,9,Divorced,Other, Unmarried,*,Female,0,1504,35,North America,<=50K
11734,"[60, 70[", ?,293385,Primary School,1,Married-civ-spouse,Other, Husband,*,Male,0,0,30,North America,<=50K
11735,"[20, 30[", Private,106377,Undergraduate,10,Never-married,Other, Own-child,*,Male,0,0,40,North America,<=50K
11736,"[40, 50[", Private,66118,Undergraduate,13,Divorced,Technical, Own-child,*,Female,0,0,40,North America,<=50K
11737,"[40, 50[", Private,274883,High School,9,Married-civ-spouse,Other, Husband,*,Male,0,0,40,North America,<=50K
11738,"[20, 30[", Local-gov,123773,Professional Education,12,Never-married,Other, Unmarried,*,Female,0,0,40,North America,<=50K
11739,"[40, 50[", Local-gov,70655,High School,9,Married-civ-spouse,Technical, Husband,*,Male,0,0,44,North America,<=50K
11740,"[40, 50[", Private,177426,High School,9,Divorced,Other, Not-in-family,*,Female,0,0,20,North America,<=50K
11741,"[30, 40[", Private,200374,Undergraduate,13,Married-civ-spouse,Nontechnical, Husband,*,Male,0,1902,40,North America,>50K
11742,"[10, 20[", State-gov,159269,Undergraduate,10,Never-married,Other, Own-child,*,Male,0,0,15,North America,<=50K
11743,"[20, 30[", Private,235894,High School,9,Married-civ-spouse,Technical, Husband,*,Male,0,0,38,North America,<=50K
11744,"[30, 40[", Local-gov,97723,Professional Education,15,Married-civ-spouse,Technical, Husband,*,Male,0,0,40,North America,>50K
11745,"[30, 40[", Private,167309,Undergraduate,13,Never-married,Other, Not-in-family,*,Male,0,0,40,North America,<=50K
11746,"[40, 50[", Self-emp-not-inc,98106,Undergraduate,10,Divorced,Nontechnical, Not-in-family,*,Female,0,0,40,North America,<=50K
11747,"[30, 40[", Federal-gov,22201,Undergraduate,13,Married-civ-spouse,Other, Husband,*,Male,7298,0,40,Asia,>50K
11748,"[40, 50[", Private,108993,High School,9,Never-married,Technical, Own-child,*,Male,0,0,40,North America,<=50K
11749,"[30, 40[", Private,265954,Undergraduate,13,Never-married,Nontechnical, Not-in-family,*,Male,0,0,40,North America,<=50K
11750,"[50, 60[", Self-emp-inc,100960,High School,9,Married-civ-spouse,Nontechnical, Husband,*,Male,0,0,50,North America,<=50K
11751,"[40, 50[", Private,170092,Undergraduate,10,Divorced,Other, Not-in-family,*,Female,0,0,50,North America,<=50K
11752,"[50, 60[", Private,326156,Undergraduate,10,Married-civ-spouse,Technical, Husband,*,Male,0,0,40,North America,>50K
11753,"[40, 50[", Private,216932,Graduate,14,Married-civ-spouse,Nontechnical, Husband,*,Male,0,0,40,North America,>50K
11754,"[60, 70[", Private,36956,Undergraduate,10,Married-civ-spouse,Nontechnical, Husband,*,Male,20051,0,50,North America,>50K
11755,"[20, 30[", Private,214014,High School,9,Never-married,Technical, Own-child,*,Male,0,0,40,North America,<=50K
11757,"[60, 70[", State-gov,151459,High School,6,Never-married,Other, Not-in-family,*,Female,0,0,38,North America,<=50K
11758,"[50, 60[", Self-emp-inc,161662,Undergraduate,13,Married-civ-spouse,Nontechnical, Husband,*,Male,7688,0,60,North America,>50K
11759,"[50, 60[", Private,367200,High School,9,Divorced,Technical, Other-relative,*,Male,0,0,40,North America,<=50K
11760,"[30, 40[", Private,86648,Graduate,14,Married-civ-spouse,Technical, Husband,*,Male,0,1977,45,North America,>50K
11761,"[50, 60[", Local-gov,168539,Undergraduate,13,Married-civ-spouse,Nontechnical, Husband,*,Male,0,0,50,North America,>50K
11763,"[20, 30[", Private,197651,Undergraduate,10,Never-married,Technical, Own-child,*,Female,0,0,43,North America,<=50K
11765,"[20, 30[", Private,330571,Undergraduate,13,Never-married,Other, Own-child,*,Female,0,0,25,North America,<=50K
11766,"[40, 50[", Private,204235,High School,9,Married-civ-spouse,Other, Husband,*,Male,0,0,40,North America,<=50K
11767,"[30, 40[", State-gov,346766,High School,9,Divorced,Other, Unmarried,*,Female,0,0,40,North America,<=50K
11768,"[30, 40[", ?,257250,High School,9,Never-married,Other, Own-child,*,Male,0,0,40,North America,<=50K
11769,"[20, 30[", Private,163396,Undergraduate,10,Never-married,Technical, Not-in-family,*,Female,0,0,40,North America,<=50K
11770,"[70, 80[", ?,135839,High School,9,Widowed,Other, Not-in-family,*,Female,1086,0,20,North America,<=50K
11771,"[10, 20[", Private,36251,High School,6,Never-married,Other, Own-child,*,Female,0,0,15,North America,<=50K
11773,"[60, 70[", ?,222395,High School,9,Married-civ-spouse,Other, Husband,*,Male,0,0,40,North America,<=50K
11774,"[30, 40[", State-gov,29152,High School,8,Married-civ-spouse,Other, Wife,*,Female,0,0,40,North America,<=50K
11775,"[30, 40[", Private,79303,High School,9,Married-civ-spouse,Other, Husband,*,Male,0,0,45,North America,<=50K
11776,"[30, 40[", Private,272338,Professional Education,11,Divorced,Technical, Unmarried,*,Female,0,0,40,North America,<=50K
11777,"[50, 60[", State-gov,200497,Graduate,14,Married-civ-spouse,Nontechnical, Husband,*,Male,0,0,45,North America,>50K
11778,"[10, 20[", Private,148392,High School,9,Never-married,Other, Own-child,*,Male,0,0,30,North America,<=50K
11779,"[30, 40[", Private,164243,Undergraduate,10,Married-civ-spouse,Technical, Husband,*,Male,0,1579,40,North America,<=50K
11780,"[40, 50[", State-gov,129298,Graduate,14,Married-civ-spouse,Nontechnical, Husband,*,Male,0,0,40,North America,>50K
11781,"[40, 50[", Local-gov,174981,Graduate,14,Married-civ-spouse,Nontechnical, Husband,*,Male,0,0,47,North America,>50K
11782,"[40, 50[", Local-gov,328610,Professional Education,15,Married-civ-spouse,Technical, Husband,*,Male,0,0,45,North America,>50K
11783,"[20, 30[", Private,77774,High School,9,Never-married,Technical, Own-child,*,Female,0,0,34,North America,<=50K
11784,"[30, 40[", State-gov,134069,Graduate,14,Married-civ-spouse,Nontechnical, Husband,*,Male,7298,0,60,North America,>50K
11785,"[30, 40[", Private,209214,High School,9,Married-civ-spouse,Other, Wife,*,Female,4386,0,35,North America,>50K
11787,"[20, 30[", Private,168827,Undergraduate,13,Never-married,Nontechnical, Own-child,*,Male,0,0,2,North America,<=50K
11788,"[30, 40[", Private,373432,High School,5,Married-civ-spouse,Technical, Husband,*,Male,0,0,43,North America,<=50K
11789,"[20, 30[", Private,57600,Undergraduate,13,Married-civ-spouse,Technical, Husband,*,Male,0,0,40,North America,<=50K
11790,"[50, 60[", Self-emp-not-inc,302847,High School,9,Married-civ-spouse,Nontechnical, Husband,*,Male,0,0,35,North America,<=50K
11791,"[20, 30[", Private,227594,High School,9,Never-married,Other, Not-in-family,*,Female,0,0,30,North America,<=50K
11792,"[30, 40[", Federal-gov,44777,High School,9,Separated,Technical, Not-in-family,*,Male,0,0,46,North America,<=50K
11793,"[50, 60[", ?,133963,High School,9,Widowed,Other, Own-child,*,Female,0,0,40,North America,<=50K
11794,"[30, 40[", Private,279615,Undergraduate,13,Divorced,Nontechnical, Own-child,*,Female,0,0,40,North America,<=50K
11795,"[20, 30[", Private,276133,High School,9,Never-married,Other, Not-in-family,*,Male,0,0,50,North America,<=50K
11796,"[60, 70[", Private,136314,Undergraduate,10,Married-civ-spouse,Other, Wife,*,Female,0,0,40,North America,<=50K
11797,"[40, 50[", Private,204410,High School,9,Married-civ-spouse,Technical, Husband,*,Male,0,1485,44,North America,>50K
11798,"[50, 60[", Self-emp-inc,223215,Undergraduate,13,Married-civ-spouse,Nontechnical, Husband,*,Male,0,1977,50,North America,>50K
11799,"[40, 50[", Private,184625,High School,9,Married-civ-spouse,Other, Wife,*,Female,0,0,40,North America,>50K
11800,"[30, 40[", Self-emp-inc,265917,High School,9,Married-civ-spouse,Nontechnical, Husband,*,Male,0,0,40,North America,>50K
11801,"[20, 30[", Private,158647,Undergraduate,10,Never-married,Other, Not-in-family,*,Female,0,0,40,North America,<=50K
11802,"[30, 40[", Private,22055,Undergraduate,10,Married-civ-spouse,Technical, Husband,*,Male,0,0,60,North America,<=50K
11803,"[40, 50[", Local-gov,176716,High School,9,Married-civ-spouse,Other, Husband,*,Male,0,0,60,North America,<=50K
11804,"[40, 50[", Private,270721,Undergraduate,13,Never-married,Technical, Not-in-family,*,Male,0,0,32,North America,<=50K
11805,"[20, 30[", Private,100321,Undergraduate,10,Divorced,Technical, Not-in-family,*,Male,0,0,48,North America,<=50K
11806,"[30, 40[", Private,79050,High School,9,Never-married,Other, Unmarried,*,Male,0,0,72,North America,<=50K
11807,"[40, 50[", Local-gov,42703,Undergraduate,10,Married-civ-spouse,Other, Wife,*,Female,0,0,40,North America,>50K
11808,"[40, 50[", Private,116952,High School,4,Married-civ-spouse,Technical, Wife,*,Female,0,0,45,North America,<=50K
11809,"[40, 50[", Private,331643,Undergraduate,10,Married-civ-spouse,Technical, Husband,*,Male,0,0,40,North America,>50K
11810,"[30, 40[", Private,207937,High School,9,Never-married,Technical, Not-in-family,*,Male,0,1092,40,North America,<=50K
11812,"[30, 40[", Private,340332,Undergraduate,13,Separated,Nontechnical, Not-in-family,*,Female,0,0,45,North America,<=50K
11813,"[20, 30[", Private,184813,Undergraduate,10,Married-civ-spouse,Other, Husband,*,Male,0,0,20,North America,<=50K
11814,"[40, 50[", Self-emp-not-inc,32185,Undergraduate,13,Married-civ-spouse,Other, Husband,*,Male,0,0,60,North America,>50K
11815,"[30, 40[", Private,197886,Undergraduate,10,Never-married,Nontechnical, Not-in-family,*,Male,0,0,45,North America,>50K
11816,"[30, 40[", State-gov,248374,Undergraduate,10,Divorced,Other, Unmarried,*,Female,0,0,40,North America,<=50K
11817,"[40, 50[", Private,382499,High School,9,Divorced,Other, Unmarried,*,Female,0,0,50,North America,<=50K
11819,"[40, 50[", Self-emp-inc,161386,High School,5,Married-civ-spouse,Other, Wife,*,Female,0,0,50,North America,<=50K
11820,"[40, 50[", Local-gov,110172,High School,9,Married-civ-spouse,Other, Husband,*,Male,0,0,40,North America,<=50K
11821,"[40, 50[", Private,144032,High School,9,Married-civ-spouse,Nontechnical, Husband,*,Male,0,0,60,North America,<=50K
11822,"[20, 30[", Private,224426,Graduate,14,Never-married,Nontechnical, Own-child,*,Male,0,0,38,North America,<=50K
11823,"[30, 40[", Private,230408,High School,9,Divorced,Other, Not-in-family,*,Female,0,0,20,North America,<=50K
11824,"[50, 60[", Local-gov,20795,Undergraduate,10,Married-civ-spouse,Other, Husband,*,Male,0,0,40,North America,>50K
11825,"[20, 30[", Private,174714,Undergraduate,10,Never-married,Other, Own-child,*,Male,0,0,20,North America,<=50K
11826,"[50, 60[", State-gov,398626,Graduate,16,Divorced,Technical, Unmarried,*,Male,25236,0,45,North America,>50K
11827,"[30, 40[", Private,149531,Undergraduate,10,Married-civ-spouse,Nontechnical, Husband,*,Male,0,0,40,North America,<=50K
11828,"[20, 30[", Private,34113,High School,9,Married-civ-spouse,Technical, Husband,*,Male,0,0,45,North America,<=50K
11829,"[40, 50[", Local-gov,323790,Undergraduate,13,Married-civ-spouse,Other, Husband,*,Male,0,0,40,North America,>50K
11830,"[20, 30[", Private,331381,Undergraduate,13,Never-married,Other, Not-in-family,*,Male,0,0,40,North America,<=50K
11832,"[30, 40[", Private,339142,High School,9,Separated,Nontechnical, Unmarried,*,Female,0,0,40,North America,<=50K
11833,"[50, 60[", Private,164857,Undergraduate,13,Never-married,Technical, Not-in-family,*,Male,0,0,99,North America,<=50K
11834,"[30, 40[", Local-gov,267859,Undergraduate,10,Married-civ-spouse,Other, Husband,*,Male,0,0,40,North America,<=50K
11836,"[40, 50[", Federal-gov,586657,Undergraduate,13,Married-civ-spouse,Nontechnical, Husband,*,Male,7298,0,40,North America,>50K
11838,"[20, 30[", Private,200677,High School,6,Never-married,Technical, Not-in-family,*,Female,0,0,40,North America,<=50K
11839,"[40, 50[", Private,193882,Undergraduate,10,Married-civ-spouse,Technical, Husband,*,Male,0,0,40,North America,>50K
11840,"[50, 60[", Private,138026,High School,9,Married-civ-spouse,Other, Wife,*,Female,0,0,40,North America,<=50K
11841,"[40, 50[", Private,122385,Graduate,14,Married-civ-spouse,Nontechnical, Husband,*,Male,0,0,40,North America,>50K
11842,"[30, 40[", Private,49020,Graduate,14,Married-civ-spouse,Nontechnical, Husband,*,Male,0,0,60,North America,>50K
11843,"[20, 30[", Private,283715,High School,9,Never-married,Technical, Own-child,*,Male,0,0,40,North America,<=50K
11844,"[30, 40[", Private,286406,High School,9,Never-married,Nontechnical, Not-in-family,*,Male,3325,0,40,North America,<=50K
11845,"[30, 40[", Private,166416,High School,9,Married-civ-spouse,Nontechnical, Husband,*,Male,0,0,40,North America,<=50K
11846,"[20, 30[", Private,156334,High School,6,Married-civ-spouse,Technical, Husband,*,Male,0,0,40,North America,<=50K
11847,"[30, 40[", Local-gov,45607,Graduate,14,Never-married,Technical, Not-in-family,*,Male,0,0,60,North America,>50K
11848,"[40, 50[", Local-gov,112362,Graduate,14,Married-civ-spouse,Technical, Husband,*,Male,0,0,40,North America,<=50K
11850,"[40, 50[", State-gov,341638,Undergraduate,13,Married-civ-spouse,Technical, Husband,*,Male,0,0,40,North America,>50K
11851,"[20, 30[", ?,34161,High School,8,Separated,Other, Unmarried,*,Female,0,0,30,North America,<=50K
11852,"[50, 60[", Self-emp-not-inc,127151,Graduate,14,Married-civ-spouse,Technical, Wife,*,Female,0,0,40,North America,>50K
11853,"[50, 60[", Private,321959,Undergraduate,10,Married-civ-spouse,Technical, Husband,*,Male,0,0,40,North America,>50K
11854,"[50, 60[", Local-gov,35211,Graduate,14,Married-civ-spouse,Technical, Husband,*,Male,0,0,40,North America,<=50K
11855,"[10, 20[", Private,214935,Undergraduate,10,Never-married,Nontechnical, Own-child,*,Male,0,0,40,North America,<=50K
11856,"[40, 50[", Private,132130,Professional Education,11,Married-civ-spouse,Other, Husband,*,Male,0,0,40,North America,>50K
11857,"[50, 60[", Private,222247,High School,8,Married-civ-spouse,Other, Husband,*,Male,0,0,40,North America,>50K
11858,"[30, 40[", Private,165799,High School,9,Divorced,Nontechnical, Not-in-family,*,Male,0,0,60,North America,<=50K
11859,"[30, 40[", Private,257874,Undergraduate,13,Never-married,Nontechnical, Not-in-family,*,Female,0,0,30,North America,<=50K
11860,"[30, 40[", Private,357173,High School,9,Married-civ-spouse,Technical, Husband,*,Male,0,0,40,North America,<=50K
11861,"[40, 50[", State-gov,305739,Undergraduate,10,Divorced,Other, Not-in-family,*,Female,0,0,40,North America,<=50K
11862,"[20, 30[", Private,172047,High School,9,Never-married,Nontechnical, Own-child,*,Male,0,0,40,North America,<=50K
11863,"[20, 30[", Private,110677,Undergraduate,10,Separated,Other, Own-child,*,Female,0,0,40,North America,<=50K
11864,"[20, 30[", ?,405684,High School,9,Never-married,Other, Other-relative,*,Male,0,0,35,North America,<=50K
11865,"[60, 70[", Private,82388,Undergraduate,10,Married-civ-spouse,Other, Husband,*,Male,0,0,38,North America,<=50K
11866,"[40, 50[", Private,289230,Undergraduate,13,Divorced,Technical, Unmarried,*,Female,0,0,48,North America,>50K
11867,"[20, 30[", Private,101812,High School,9,Never-married,Technical, Unmarried,*,Male,5721,0,40,North America,<=50K
11868,"[40, 50[", State-gov,336509,High School,6,Married-civ-spouse,Other, Husband,*,Male,0,0,40,North America,<=50K
11869,"[20, 30[", Private,383402,Undergraduate,10,Divorced,Other, Not-in-family,*,Female,0,0,35,North America,<=50K
11870,"[40, 50[", Private,328216,Undergraduate,10,Married-civ-spouse,Technical, Husband,*,Male,7298,0,40,North America,>50K
11871,"[40, 50[", Private,280362,High School,9,Married-civ-spouse,Other, Husband,*,Male,0,0,35,North America,<=50K
11872,"[30, 40[", Private,212064,High School,9,Separated,Other, Unmarried,*,Female,7443,0,35,North America,<=50K
11873,"[40, 50[", Private,173704,Graduate,14,Married-civ-spouse,Technical, Husband,*,Male,0,0,40,North America,<=50K
11874,"[30, 40[", Private,433375,Primary School,2,Married-civ-spouse,Technical, Husband,*,Male,0,0,35,North America,<=50K
11875,"[60, 70[", Self-emp-not-inc,106551,High School,9,Married-civ-spouse,Technical, Husband,*,Male,0,0,40,North America,<=50K
11876,"[50, 60[", Private,22418,High School,9,Married-civ-spouse,Technical, Husband,*,Male,0,0,40,North America,<=50K
11877,"[30, 40[", Private,54816,Professional Education,11,Married-civ-spouse,Technical, Husband,*,Male,0,0,40,North America,>50K
11878,"[40, 50[", Private,358199,Undergraduate,10,Married-civ-spouse,Nontechnical, Husband,*,Male,0,0,45,North America,>50K
11879,"[40, 50[", Private,190044,High School,6,Married-civ-spouse,Other, Husband,*,Male,0,0,40,North America,<=50K
11880,"[20, 30[", Private,97698,Graduate,14,Never-married,Nontechnical, Not-in-family,*,Male,0,0,32,North America,<=50K
11881,"[50, 60[", Private,53366,High School,9,Married-civ-spouse,Other, Husband,*,Male,0,0,40,North America,<=50K
11882,"[30, 40[", Private,236136,Professional Education,11,Divorced,Other, Unmarried,*,Female,0,0,40,North America,<=50K
11883,"[40, 50[", Private,326232,High School,4,Divorced,Nontechnical, Not-in-family,*,Male,0,0,48,North America,<=50K
11884,"[30, 40[", Private,581071,High School,9,Separated,Other, Not-in-family,*,Male,0,0,48,North America,>50K
11885,"[40, 50[", Private,220589,Professional Education,12,Never-married,Other, Not-in-family,*,Female,0,0,40,North America,<=50K
11886,"[30, 40[", Federal-gov,161463,Undergraduate,10,Married-civ-spouse,Other, Husband,*,Male,0,0,40,North America,<=50K
11887,"[40, 50[", Private,95255,Undergraduate,10,Divorced,Other, Unmarried,*,Female,0,0,40,North America,<=50K
11888,"[30, 40[", Federal-gov,223267,Undergraduate,10,Divorced,Other, Own-child,*,Male,0,0,72,North America,<=50K
11890,"[50, 60[", Self-emp-inc,229498,Undergraduate,10,Widowed,Nontechnical, Not-in-family,*,Female,0,0,20,North America,>50K
11891,"[40, 50[", Private,177083,Undergraduate,10,Divorced,Technical, Unmarried,*,Female,0,0,30,North America,<=50K
11893,"[40, 50[", Private,49797,Undergraduate,10,Separated,Nontechnical, Not-in-family,*,Female,0,0,40,North America,<=50K
11894,"[40, 50[", Private,174051,Undergraduate,10,Never-married,Other, Not-in-family,*,Male,0,0,35,North America,<=50K
11895,"[30, 40[", Private,194901,High School,9,Married-civ-spouse,Other, Husband,*,Male,0,0,40,North America,<=50K
11896,"[30, 40[", Local-gov,252250,Professional Education,12,Married-civ-spouse,Other, Husband,*,Male,0,0,56,North America,>50K
11897,"[40, 50[", Private,191277,Undergraduate,10,Married-civ-spouse,Nontechnical, Husband,*,Male,0,0,50,North America,>50K
11898,"[20, 30[", Private,174907,High School,9,Never-married,Other, Own-child,*,Female,0,0,30,North America,<=50K
11899,"[30, 40[", Private,167140,Graduate,14,Married-civ-spouse,Nontechnical, Husband,*,Male,0,0,40,North America,<=50K
11900,"[30, 40[", Private,236543,High School,8,Divorced,Other, Own-child,*,Male,0,0,54,North America,<=50K
11901,"[40, 50[", Private,214242,High School,9,Married-civ-spouse,Technical, Husband,*,Male,0,0,50,North America,<=50K
11902,"[30, 40[", Private,216864,High School,9,Divorced,Other, Unmarried,*,Female,0,3770,45,North America,<=50K
11903,"[30, 40[", Private,245211,High School,9,Never-married,Technical, Unmarried,*,Male,2036,0,30,North America,<=50K
11904,"[50, 60[", Private,437727,Graduate,14,Married-civ-spouse,Technical, Husband,*,Male,0,1977,45,North America,>50K
11905,"[70, 80[", Private,200418,Primary School,3,Married-civ-spouse,Other, Husband,*,Male,0,0,40,North America,<=50K
11906,"[40, 50[", Local-gov,167334,Graduate,14,Never-married,Technical, Not-in-family,*,Male,0,0,50,North America,>50K
11907,"[50, 60[", Private,146834,High School,9,Divorced,Other, Not-in-family,*,Male,0,0,45,North America,<=50K
11908,"[20, 30[", Private,78424,Professional Education,11,Never-married,Nontechnical, Unmarried,*,Female,0,0,54,North America,<=50K
11909,"[30, 40[", Private,182675,Undergraduate,10,Married-civ-spouse,Nontechnical, Wife,*,Female,0,0,45,North America,>50K
11910,"[20, 30[", Self-emp-not-inc,38079,Undergraduate,10,Married-civ-spouse,Other, Husband,*,Male,0,0,55,North America,<=50K
11911,"[40, 50[", Private,115178,Undergraduate,13,Divorced,Technical, Unmarried,*,Female,0,0,15,North America,<=50K
11912,"[40, 50[", Private,195949,High School,9,Married-civ-spouse,Technical, Husband,*,Male,0,0,40,North America,<=50K
11913,"[30, 40[", Private,167415,High School,9,Married-civ-spouse,Nontechnical, Husband,*,Male,0,0,50,North America,<=50K
11914,"[50, 60[", Private,223214,High School,9,Married-civ-spouse,Nontechnical, Husband,*,Male,0,0,50,North America,<=50K
11915,"[30, 40[", Private,22245,Undergraduate,13,Married-civ-spouse,Technical, Not-in-family,*,Male,0,0,60,North America,<=50K
11916,"[40, 50[", State-gov,81853,Undergraduate,10,Married-civ-spouse,Other, Wife,*,Female,0,0,40,North America,>50K
11917,"[30, 40[", Private,147921,Professional Education,11,Divorced,Other, Not-in-family,*,Female,0,0,46,North America,<=50K
11919,"[40, 50[", Private,257758,Graduate,16,Married-civ-spouse,Technical, Husband,*,Male,0,0,40,North America,>50K
11920,"[40, 50[", State-gov,136546,Graduate,16,Married-civ-spouse,Technical, Husband,*,Male,0,1902,40,North America,>50K
11921,"[30, 40[", Private,205493,High School,9,Married-civ-spouse,Nontechnical, Wife,*,Female,0,0,60,North America,>50K
11922,"[10, 20[", Private,71650,High School,9,Never-married,Other, Own-child,*,Male,0,0,40,North America,<=50K
11923,"[30, 40[", Private,150217,Undergraduate,10,Divorced,Nontechnical, Not-in-family,*,Female,0,0,38,North America,<=50K
11924,"[50, 60[", Self-emp-inc,258648,High School,6,Widowed,Other, Not-in-family,*,Male,0,0,40,North America,<=50K
11925,"[10, 20[", Private,114798,High School,6,Never-married,Other, Own-child,*,Female,0,0,20,North America,<=50K
11926,"[40, 50[", Private,186188,Undergraduate,10,Divorced,Other, Unmarried,*,Female,0,0,40,North America,<=50K
11927,"[30, 40[", Local-gov,175255,High School,9,Married-civ-spouse,Other, Wife,*,Female,0,0,35,North America,<=50K
11928,"[40, 50[", Private,249935,Undergraduate,13,Married-civ-spouse,Other, Husband,*,Male,0,0,60,North America,<=50K
11929,"[40, 50[", Private,120277,Graduate,14,Married-civ-spouse,Nontechnical, Husband,*,Male,0,0,38,North America,>50K
11930,"[20, 30[", Private,193165,Undergraduate,10,Married-civ-spouse,Other, Husband,*,Male,0,0,52,North America,>50K
11932,"[20, 30[", Private,221418,High School,9,Never-married,Other, Own-child,*,Female,0,0,40,North America,<=50K
11933,"[40, 50[", Federal-gov,56063,Undergraduate,13,Married-civ-spouse,Nontechnical, Husband,*,Male,0,0,60,North America,<=50K
11934,"[30, 40[", Private,153927,High School,9,Married-civ-spouse,Technical, Husband,*,Male,0,0,40,North America,<=50K
11935,"[30, 40[", State-gov,163110,Undergraduate,13,Never-married,Technical, Not-in-family,*,Male,0,0,20,North America,<=50K
11936,"[40, 50[", Self-emp-inc,175696,High School,9,Never-married,Nontechnical, Not-in-family,*,Male,0,0,51,North America,<=50K
11938,"[20, 30[", ?,114969,High School,9,Never-married,Other, Own-child,*,Male,0,0,40,North America,<=50K
11939,"[50, 60[", State-gov,32778,High School,9,Widowed,Nontechnical, Not-in-family,*,Female,0,0,40,North America,<=50K
11940,"[20, 30[", Private,150683,Undergraduate,10,Never-married,Nontechnical, Own-child,*,Male,0,0,40,North America,<=50K
11941,"[50, 60[", Self-emp-inc,78104,High School,9,Married-civ-spouse,Nontechnical, Husband,*,Male,0,0,45,North America,<=50K
11942,"[20, 30[", Private,335005,Undergraduate,10,Married-civ-spouse,Other, Husband,*,Male,3137,0,40,North America,<=50K
11943,"[50, 60[", Local-gov,311551,Graduate,14,Married-civ-spouse,Technical, Husband,*,Male,7688,0,50,North America,>50K
11944,"[40, 50[", Self-emp-not-inc,201520,High School,9,Married-civ-spouse,Technical, Husband,*,Male,0,0,45,North America,<=50K
11945,"[20, 30[", Private,124111,High School,9,Never-married,Other, Not-in-family,*,Female,0,0,38,North America,<=50K
11947,"[40, 50[", State-gov,117471,High School,9,Never-married,Other, Not-in-family,*,Female,0,0,40,North America,<=50K
11948,"[20, 30[", Private,361307,Undergraduate,13,Never-married,Nontechnical, Own-child,*,Female,0,0,40,North America,<=50K
11949,"[30, 40[", Private,142038,High School,9,Married-civ-spouse,Technical, Wife,*,Female,0,0,45,North America,<=50K
11950,"[30, 40[", Private,276552,High School,9,Divorced,Technical, Not-in-family,*,Male,0,0,40,North America,<=50K
11951,"[40, 50[", Private,50402,Undergraduate,10,Divorced,Technical, Unmarried,*,Male,0,0,40,North America,<=50K
11952,"[40, 50[", Self-emp-not-inc,174090,High School,9,Married-civ-spouse,Other, Wife,*,Female,0,0,20,North America,>50K
11953,"[20, 30[", Private,277760,High School,9,Divorced,Nontechnical, Unmarried,*,Female,0,0,40,North America,<=50K
11954,"[20, 30[", Private,24243,High School,9,Never-married,Technical, Not-in-family,*,Male,0,1590,40,North America,<=50K
11955,"[40, 50[", Self-emp-inc,151089,High School,9,Married-civ-spouse,Nontechnical, Husband,*,Male,0,1887,70,North America,>50K
11956,"[50, 60[", Self-emp-not-inc,165278,High School,9,Married-civ-spouse,Other, Husband,*,Male,0,0,22,North America,<=50K
11957,"[40, 50[", Private,182752,Undergraduate,10,Married-civ-spouse,Other, Wife,*,Female,0,0,40,North America,>50K
11958,"[30, 40[", Private,173002,High School,9,Never-married,Other, Own-child,*,Female,0,0,40,North America,<=50K
11959,"[50, 60[", Private,261232,High School,7,Divorced,Other, Not-in-family,*,Male,0,0,40,North America,<=50K
11960,"[20, 30[", Private,164607,Undergraduate,13,Married-civ-spouse,Other, Husband,*,Male,0,0,40,North America,<=50K
11961,"[30, 40[", Self-emp-not-inc,129573,Graduate,14,Never-married,Technical, Not-in-family,*,Male,0,0,40,North America,>50K
11962,"[50, 60[", Federal-gov,36186,Undergraduate,13,Married-civ-spouse,Technical, Husband,*,Male,0,0,40,North America,>50K
11963,"[20, 30[", Private,325744,High School,9,Never-married,Technical, Not-in-family,*,Male,0,0,40,North America,<=50K
11964,"[50, 60[", Self-emp-inc,329793,Undergraduate,13,Married-civ-spouse,Nontechnical, Husband,*,Male,0,0,45,North America,>50K
11965,"[40, 50[", Private,133616,Undergraduate,10,Divorced,Other, Unmarried,*,Female,0,0,40,North America,<=50K
11967,"[70, 80[", Private,239880,High School,9,Divorced,Other, Not-in-family,*,Female,0,0,8,North America,<=50K
11968,"[20, 30[", Private,201737,Undergraduate,10,Divorced,Other, Unmarried,*,Female,0,0,40,North America,<=50K
11969,"[50, 60[", Private,192182,Undergraduate,10,Married-civ-spouse,Technical, Husband,*,Male,7298,0,40,North America,>50K
11970,"[30, 40[", Private,143540,High School,9,Married-civ-spouse,Technical, Husband,*,Male,0,0,40,North America,<=50K
11971,"[40, 50[", Private,28334,High School,9,Married-civ-spouse,Other, Husband,*,Male,0,0,40,North America,<=50K
11972,"[50, 60[", Private,245873,Undergraduate,10,Married-civ-spouse,Other, Wife,*,Female,0,0,40,North America,<=50K
11975,"[30, 40[", Local-gov,183923,Graduate,14,Married-civ-spouse,Technical, Wife,*,Female,7688,0,35,North America,>50K
11976,"[30, 40[", Private,129707,Undergraduate,13,Married-civ-spouse,Technical, Husband,*,Male,99999,0,35,North America,>50K
11977,"[40, 50[", Local-gov,575442,Undergraduate,10,Divorced,Technical, Not-in-family,*,Male,0,0,40,North America,<=50K
11978,"[40, 50[", State-gov,184682,Professional Education,12,Divorced,Other, Not-in-family,*,Female,0,0,40,North America,<=50K
11979,"[30, 40[", Private,69251,High School,9,Married-civ-spouse,Other, Husband,*,Male,0,0,40,North America,>50K
11980,"[30, 40[", Private,225507,Professional Education,11,Never-married,Other, Unmarried,*,Female,0,0,40,North America,<=50K
11981,"[40, 50[", Private,167515,Undergraduate,10,Married-civ-spouse,Technical, Husband,*,Male,0,1977,50,North America,>50K
11984,"[40, 50[", Local-gov,125892,Undergraduate,10,Married-civ-spouse,Other, Husband,*,Male,0,0,40,North America,>50K
11985,"[40, 50[", Local-gov,35824,Graduate,14,Married-civ-spouse,Technical, Wife,*,Female,0,0,40,North America,>50K
11987,"[20, 30[", Private,107801,Undergraduate,13,Never-married,Other, Own-child,*,Female,0,0,20,North America,<=50K
11989,"[40, 50[", Private,118536,High School,9,Divorced,Technical, Other-relative,*,Male,0,0,40,North America,<=50K
11990,"[60, 70[", Private,198078,High School,9,Married-civ-spouse,Other, Husband,*,Male,0,0,40,North America,>50K
11991,"[20, 30[", Private,78261,Professional Education,15,Never-married,Technical, Own-child,*,Male,0,0,50,North America,<=50K
11992,"[20, 30[", Private,234108,High School,9,Never-married,Nontechnical, Not-in-family,*,Male,0,0,40,North America,<=50K
11993,"[30, 40[", Local-gov,241998,Undergraduate,13,Married-civ-spouse,Technical, Husband,*,Male,0,1672,50,North America,<=50K
11994,"[40, 50[", Private,92717,High School,9,Never-married,Other, Unmarried,*,Female,0,0,40,North America,<=50K
11995,"[20, 30[", Private,257683,Undergraduate,13,Never-married,Technical, Own-child,*,Male,0,0,40,North America,<=50K
11997,"[20, 30[", Private,55424,Undergraduate,13,Never-married,Nontechnical, Own-child,*,Male,0,0,40,North America,<=50K
11998,"[20, 30[", Private,169600,Undergraduate,10,Never-married,Technical, Own-child,*,Female,2176,0,12,North America,<=50K
11999,"[40, 50[", Local-gov,319271,Graduate,14,Married-civ-spouse,Nontechnical, Husband,*,Male,0,0,60,North America,>50K
12000,"[30, 40[", Self-emp-not-inc,75050,Professional Education,11,Married-civ-spouse,Technical, Husband,*,Male,0,0,55,North America,<=50K
12001,"[30, 40[", Private,182896,High School,9,Never-married,Technical, Not-in-family,*,Female,0,0,40,North America,<=50K
12002,"[20, 30[", Private,188274,High School,9,Never-married,Other, Own-child,*,Male,0,0,40,North America,<=50K
12003,"[20, 30[", Private,211497,Undergraduate,10,Married-civ-spouse,Nontechnical, Husband,*,Male,0,0,40,North America,<=50K
12004,"[40, 50[", Private,113806,High School,8,Married-civ-spouse,Technical, Husband,*,Male,7298,0,40,Unknown,>50K
12005,"[40, 50[", Local-gov,172246,Graduate,14,Married-civ-spouse,Technical, Husband,*,Male,0,0,60,North America,>50K
12006,"[40, 50[", Local-gov,219962,Professional Education,11,Married-civ-spouse,Technical, Husband,*,Male,0,0,40,North America,<=50K
12007,"[30, 40[", ?,186815,Graduate,14,Married-civ-spouse,Other, Husband,*,Male,0,0,50,North America,<=50K
12008,"[20, 30[", ?,132749,Undergraduate,13,Never-married,Other, Not-in-family,*,Female,0,0,80,North America,<=50K
12009,"[20, 30[", Private,209801,High School,5,Married-civ-spouse,Technical, Wife,*,Female,0,0,40,North America,<=50K
12010,"[20, 30[", State-gov,178517,Undergraduate,10,Never-married,Other, Not-in-family,*,Male,0,0,40,North America,<=50K
12012,"[30, 40[", Federal-gov,164707,High School,9,Married-civ-spouse,Other, Wife,*,Female,0,0,40,North America,>50K
12013,"[50, 60[", Private,144084,High School,6,Married-civ-spouse,Other, Husband,*,Male,0,0,40,North America,<=50K
12014,"[40, 50[", Local-gov,133692,Undergraduate,13,Divorced,Other, Unmarried,*,Female,0,0,40,North America,<=50K
12015,"[40, 50[", Private,184169,Graduate,14,Married-civ-spouse,Technical, Wife,*,Female,7688,0,35,North America,>50K
12016,"[40, 50[", Self-emp-inc,145290,High School,9,Married-civ-spouse,Other, Husband,*,Male,0,0,40,North America,>50K
12017,"[60, 70[", Local-gov,24824,High School,9,Married-civ-spouse,Technical, Husband,*,Male,0,0,40,North America,<=50K
12018,"[40, 50[", Private,178319,Graduate,16,Married-civ-spouse,Technical, Husband,*,Male,7688,0,50,North America,>50K
12019,"[20, 30[", Private,235829,Undergraduate,10,Never-married,Other, Own-child,*,Female,0,0,40,North America,<=50K
12020,"[20, 30[", ?,196280,Undergraduate,10,Never-married,Other, Own-child,*,Female,0,0,20,North America,<=50K
12021,"[40, 50[", Self-emp-not-inc,54202,Professional Education,15,Married-civ-spouse,Technical, Husband,*,Male,0,0,50,North America,>50K
12022,"[30, 40[", Private,220237,Undergraduate,13,Married-civ-spouse,Nontechnical, Husband,*,Male,5178,0,40,North America,>50K
12023,"[20, 30[", Private,59146,Undergraduate,13,Married-civ-spouse,Nontechnical, Wife,*,Female,0,0,40,North America,<=50K
12024,"[60, 70[", Private,64148,Undergraduate,10,Divorced,Other, Unmarried,*,Female,0,0,41,North America,<=50K
12026,"[50, 60[", Private,195668,High School,6,Married-civ-spouse,Other, Husband,*,Male,0,0,35,North America,>50K
12027,"[30, 40[", State-gov,263000,Professional Education,11,Married-civ-spouse,Other, Husband,*,Male,0,0,38,North America,<=50K
12028,"[30, 40[", Private,554986,Undergraduate,10,Separated,Nontechnical, Unmarried,*,Female,0,0,40,North America,<=50K
12029,"[50, 60[", ?,108211,High School,4,Married-civ-spouse,Other, Husband,*,Male,0,0,40,North America,<=50K
12031,"[50, 60[", Private,139671,Undergraduate,13,Married-civ-spouse,Technical, Husband,*,Male,0,1902,40,North America,>50K
12033,"[40, 50[", Private,213019,High School,9,Divorced,Nontechnical, Unmarried,*,Female,0,0,30,North America,<=50K
12034,"[30, 40[", Private,228493,Undergraduate,10,Never-married,Nontechnical, Own-child,*,Male,0,0,48,North America,<=50K
12035,"[60, 70[", Self-emp-not-inc,22907,High School,4,Married-civ-spouse,Other, Husband,*,Male,0,0,40,North America,<=50K
12036,"[40, 50[", Private,24364,Undergraduate,10,Married-civ-spouse,Other, Wife,*,Female,0,0,30,North America,<=50K
12037,"[20, 30[", Federal-gov,41432,Undergraduate,13,Never-married,Technical, Not-in-family,*,Female,0,0,15,North America,<=50K
12038,"[30, 40[", Private,235259,Undergraduate,10,Divorced,Other, Not-in-family,*,Female,0,0,40,North America,<=50K
12039,"[30, 40[", Private,343476,High School,9,Married-civ-spouse,Technical, Husband,*,Male,0,0,30,North America,<=50K
12040,"[30, 40[", Private,326886,High School,9,Married-civ-spouse,Other, Husband,*,Male,0,0,40,North America,<=50K
12041,"[20, 30[", Private,248313,Professional Education,11,Never-married,Other, Not-in-family,*,Female,0,0,40,North America,<=50K
12042,"[30, 40[", Self-emp-not-inc,30290,High School,9,Never-married,Other, Unmarried,*,Female,0,0,40,North America,<=50K
12043,"[30, 40[", Private,188540,High School,9,Divorced,Nontechnical, Not-in-family,*,Male,0,0,45,North America,<=50K
12044,"[30, 40[", Private,237943,Undergraduate,13,Married-civ-spouse,Nontechnical, Husband,*,Male,0,0,30,North America,>50K
12045,"[20, 30[", Private,198870,Undergraduate,13,Never-married,Other, Own-child,*,Male,0,0,35,North America,<=50K
12046,"[30, 40[", Private,233980,High School,7,Married-civ-spouse,Other, Husband,*,Male,0,0,40,North America,<=50K
12047,"[30, 40[", Private,171090,High School,5,Married-civ-spouse,Technical, Wife,*,Female,0,0,48,North America,<=50K
12048,"[20, 30[", Private,353039,High School,9,Never-married,Technical, Unmarried,*,Female,0,0,36,North America,<=50K
12049,"[40, 50[", Federal-gov,213140,Graduate,14,Married-civ-spouse,Nontechnical, Husband,*,Male,0,1977,40,North America,>50K
12050,"[50, 60[", Private,188136,Undergraduate,13,Divorced,Nontechnical, Not-in-family,*,Female,0,1408,38,North America,<=50K
12051,"[30, 40[", Private,130057,Professional Education,12,Never-married,Technical, Not-in-family,*,Male,0,0,45,North America,<=50K
12053,"[30, 40[", Private,182074,Undergraduate,10,Divorced,Other, Not-in-family,*,Male,0,0,45,North America,<=50K
12054,"[50, 60[", Local-gov,176557,Graduate,14,Divorced,Technical, Unmarried,*,Female,0,0,50,North America,<=50K
12055,"[50, 60[", State-gov,71630,High School,9,Divorced,Other, Not-in-family,*,Female,0,1617,40,North America,<=50K
12056,"[10, 20[", Private,159849,High School,7,Never-married,Other, Own-child,*,Female,0,0,30,North America,<=50K
12057,"[30, 40[", Private,183425,Undergraduate,10,Divorced,Nontechnical, Not-in-family,*,Male,0,0,40,North America,<=50K
12058,"[30, 40[", Self-emp-not-inc,125933,Professional Education,15,Never-married,Technical, Not-in-family,*,Male,0,0,55,North America,>50K
12059,"[40, 50[", Local-gov,180123,High School,9,Married-spouse-absent,Other, Own-child,*,Male,0,0,40,North America,<=50K
12060,"[30, 40[", Private,592930,High School,9,Married-civ-spouse,Other, Husband,*,Male,0,0,50,North America,>50K
12061,"[20, 30[", Private,183802,High School,9,Married-civ-spouse,Other, Husband,*,Male,0,0,55,North America,<=50K
12062,"[30, 40[", Private,77005,Graduate,14,Married-civ-spouse,Technical, Husband,*,Male,99999,0,40,North America,>50K
12064,"[60, 70[", Self-emp-inc,165667,High School,9,Married-civ-spouse,Nontechnical, Husband,*,Male,0,0,40,North America,<=50K
12065,"[60, 70[", Private,123991,Undergraduate,10,Married-civ-spouse,Nontechnical, Husband,*,Male,0,0,20,North America,<=50K
12066,"[40, 50[", Self-emp-inc,181307,High School,9,Married-civ-spouse,Technical, Husband,*,Male,0,0,60,North America,>50K
12068,"[10, 20[", ?,137363,Undergraduate,10,Never-married,Other, Own-child,*,Female,0,0,4,North America,<=50K
12069,"[20, 30[", Private,291979,High School,9,Married-civ-spouse,Nontechnical, Other-relative,*,Male,0,0,20,North America,<=50K
12070,"[40, 50[", Private,91251,High School,9,Married-civ-spouse,Other, Husband,*,Male,0,0,40,Asia,<=50K
12071,"[20, 30[", Federal-gov,148153,High School,9,Married-civ-spouse,Nontechnical, Husband,*,Male,0,0,40,North America,<=50K
12072,"[30, 40[", Private,131463,High School,6,Divorced,Other, Unmarried,*,Female,0,0,33,North America,<=50K
12073,"[30, 40[", State-gov,127651,High School,9,Married-civ-spouse,Other, Husband,*,Male,0,0,40,North America,<=50K
12074,"[30, 40[", Self-emp-inc,239018,Graduate,16,Married-civ-spouse,Technical, Husband,*,Male,0,0,60,North America,<=50K
12075,"[40, 50[", Private,276087,Professional Education,11,Married-civ-spouse,Other, Husband,*,Male,0,0,26,North America,<=50K
12076,"[30, 40[", Private,386877,High School,9,Married-civ-spouse,Technical, Husband,*,Male,0,0,40,North America,<=50K
12077,"[60, 70[", Private,210464,High School,9,Divorced,Other, Other-relative,*,Female,0,0,35,North America,<=50K
12078,"[20, 30[", Private,632834,High School,9,Never-married,Technical, Own-child,*,Male,0,0,40,North America,<=50K
12079,"[20, 30[", Private,245465,Professional Education,12,Never-married,Nontechnical, Own-child,*,Male,0,0,30,North America,<=50K
12080,"[10, 20[", Private,198087,High School,9,Never-married,Nontechnical, Own-child,*,Female,0,0,30,North America,<=50K
12081,"[30, 40[", Private,27408,High School,9,Married-civ-spouse,Nontechnical, Husband,*,Male,0,0,50,North America,<=50K
12083,"[50, 60[", Private,314727,High School,9,Married-civ-spouse,Technical, Husband,*,Male,0,0,35,North America,>50K
12084,"[40, 50[", State-gov,269733,Professional Education,11,Never-married,Technical, Not-in-family,*,Male,0,0,40,North America,<=50K
12085,"[20, 30[", Private,177287,High School,8,Never-married,Other, Own-child,*,Female,0,0,38,North America,<=50K
12086,"[60, 70[", Private,167711,High School,9,Widowed,Nontechnical, Not-in-family,*,Female,0,0,40,North America,>50K
12087,"[40, 50[", Private,112181,High School,9,Married-civ-spouse,Technical, Wife,*,Female,0,0,40,North America,<=50K
12088,"[20, 30[", Private,339002,High School,9,Never-married,Other, Own-child,*,Male,0,0,20,North America,<=50K
12089,"[30, 40[", State-gov,24721,Undergraduate,10,Divorced,Other, Unmarried,*,Female,0,0,35,North America,<=50K
12090,"[60, 70[", Self-emp-not-inc,37092,Professional Education,11,Married-civ-spouse,Other, Husband,*,Male,0,0,25,North America,<=50K
12091,"[20, 30[", Private,216563,Undergraduate,10,Never-married,Other, Own-child,*,Female,0,0,20,North America,<=50K
12092,"[50, 60[", Private,204447,High School,9,Married-civ-spouse,Technical, Husband,*,Male,4386,0,40,North America,>50K
12094,"[30, 40[", Private,187089,Undergraduate,10,Divorced,Nontechnical, Not-in-family,*,Female,0,0,40,North America,<=50K
12095,"[10, 20[", Private,423052,High School,9,Never-married,Technical, Not-in-family,*,Female,0,0,30,North America,<=50K
12097,"[20, 30[", Private,104981,Undergraduate,10,Never-married,Technical, Own-child,*,Male,0,0,48,North America,<=50K
12098,"[30, 40[", ?,120074,High School,9,Married-civ-spouse,Other, Husband,*,Male,0,0,30,North America,<=50K
12099,"[30, 40[", Private,269323,High School,9,Married-civ-spouse,Other, Husband,*,Male,0,0,40,North America,>50K
12100,"[50, 60[", Private,141549,High School,9,Married-civ-spouse,Technical, Husband,*,Male,0,0,40,North America,<=50K
12101,"[20, 30[", Private,214858,High School,6,Married-civ-spouse,Technical, Other-relative,*,Male,0,0,55,North America,<=50K
12102,"[30, 40[", Private,173524,High School,9,Separated,Other, Unmarried,*,Female,0,0,40,North America,<=50K
12103,"[50, 60[", Local-gov,365049,Undergraduate,10,Never-married,Technical, Not-in-family,*,Female,0,0,40,North America,<=50K
12104,"[30, 40[", Private,60355,High School,9,Never-married,Other, Unmarried,*,Female,0,0,40,North America,<=50K
12105,"[30, 40[", Private,86808,High School,9,Divorced,Other, Other-relative,*,Female,0,0,40,North America,<=50K
12106,"[30, 40[", State-gov,174171,Undergraduate,10,Separated,Technical, Not-in-family,*,Male,0,0,12,North America,<=50K
12107,"[30, 40[", Federal-gov,504951,Professional Education,12,Married-civ-spouse,Other, Husband,*,Male,0,0,50,North America,<=50K
12109,"[40, 50[", Private,120131,Undergraduate,13,Married-civ-spouse,Other, Husband,*,Male,0,0,30,North America,>50K
12110,"[40, 50[", Private,199058,Graduate,14,Married-civ-spouse,Nontechnical, Husband,*,Male,0,0,40,North America,>50K
12111,"[20, 30[", Private,152328,Undergraduate,10,Never-married,Nontechnical, Own-child,*,Male,0,0,40,North America,<=50K
12113,"[60, 70[", Private,95113,High School,9,Married-civ-spouse,Nontechnical, Husband,*,Male,0,0,37,North America,>50K
12115,"[20, 30[", Private,178421,Undergraduate,13,Never-married,Other, Not-in-family,*,Female,0,0,20,North America,<=50K
12116,"[40, 50[", Private,484861,Undergraduate,10,Married-civ-spouse,Technical, Husband,*,Male,4064,0,38,North America,<=50K
12117,"[20, 30[", Local-gov,225291,Professional Education,12,Never-married,Technical, Not-in-family,*,Female,0,0,40,North America,<=50K
12119,"[50, 60[", Self-emp-not-inc,58898,Undergraduate,10,Married-civ-spouse,Technical, Husband,*,Male,0,1579,48,North America,<=50K
12120,"[30, 40[", Private,355468,High School,9,Married-civ-spouse,Nontechnical, Husband,*,Male,0,1887,46,North America,>50K
12122,"[20, 30[", Private,347513,Undergraduate,10,Never-married,Other, Not-in-family,*,Female,0,0,40,North America,<=50K
12123,"[20, 30[", Private,138768,Undergraduate,10,Never-married,Nontechnical, Own-child,*,Male,0,0,40,North America,<=50K
12124,"[20, 30[", Private,29810,Undergraduate,10,Never-married,Technical, Own-child,*,Female,0,0,40,North America,<=50K
12125,"[30, 40[", Private,126501,Undergraduate,10,Married-civ-spouse,Technical, Husband,*,Male,0,0,40,North America,<=50K
12126,"[20, 30[", Private,60783,High School,6,Never-married,Technical, Own-child,*,Male,0,0,15,North America,<=50K
12127,"[20, 30[", Private,179772,Undergraduate,13,Never-married,Nontechnical, Not-in-family,*,Female,0,0,45,North America,<=50K
12128,"[40, 50[", Self-emp-inc,281911,High School,9,Married-civ-spouse,Technical, Husband,*,Male,0,0,48,North America,<=50K
12129,"[30, 40[", Private,70447,High School,9,Never-married,Other, Other-relative,*,Male,0,0,40,North America,<=50K
12130,"[50, 60[", ?,449576,Primary School,3,Married-civ-spouse,Other, Husband,*,Male,0,0,48,North America,<=50K
12131,"[20, 30[", Private,327964,High School,5,Divorced,Technical, Unmarried,*,Female,0,0,40,North America,<=50K
12132,"[70, 80[", Private,496538,High School,9,Widowed,Other, Not-in-family,*,Female,6360,0,40,North America,<=50K
12133,"[30, 40[", Self-emp-not-inc,153066,High School,9,Married-civ-spouse,Technical, Husband,*,Male,0,0,60,North America,>50K
12134,"[50, 60[", State-gov,77651,High School,9,Married-civ-spouse,Technical, Husband,*,Male,0,0,40,North America,<=50K
12135,"[40, 50[", Private,119493,Undergraduate,10,Never-married,Nontechnical, Own-child,*,Female,0,0,40,North America,<=50K
12136,"[20, 30[", Private,256240,High School,9,Never-married,Other, Own-child,*,Male,0,0,30,North America,<=50K
12137,"[60, 70[", Private,177374,High School,9,Widowed,Other, Unmarried,*,Female,1848,0,12,North America,<=50K
12138,"[40, 50[", Local-gov,37848,High School,9,Never-married,Other, Unmarried,*,Female,0,0,25,North America,<=50K
12139,"[40, 50[", Private,129336,Graduate,14,Married-civ-spouse,Other, Husband,*,Male,0,0,45,North America,>50K
12140,"[20, 30[", Private,183511,High School,9,Married-civ-spouse,Nontechnical, Husband,*,Male,0,0,40,North America,<=50K
12141,"[40, 50[", Self-emp-inc,120131,Professional Education,15,Married-civ-spouse,Technical, Husband,*,Male,99999,0,60,North America,>50K
12142,"[50, 60[", Private,190508,Undergraduate,10,Married-civ-spouse,Other, Husband,*,Male,0,0,35,North America,<=50K
12143,"[30, 40[", Private,363130,Undergraduate,10,Married-civ-spouse,Nontechnical, Husband,*,Male,0,0,40,North America,>50K
12144,"[40, 50[", Private,240356,Undergraduate,10,Divorced,Nontechnical, Not-in-family,*,Female,0,0,55,North America,<=50K
12145,"[60, 70[", Private,133166,High School,9,Married-civ-spouse,Nontechnical, Husband,*,Male,0,0,5,North America,<=50K
12146,"[30, 40[", Private,32916,Undergraduate,10,Married-civ-spouse,Nontechnical, Husband,*,Male,0,0,45,North America,<=50K
12147,"[10, 20[", Private,117477,High School,6,Never-married,Other, Own-child,*,Male,0,0,40,North America,<=50K
12148,"[30, 40[", Private,34748,High School,9,Married-civ-spouse,Other, Wife,*,Female,0,1887,20,North America,>50K
12149,"[20, 30[", Private,459463,High School,8,Married-spouse-absent,Other, Unmarried,*,Female,0,0,50,North America,<=50K
12150,"[20, 30[", Private,95989,Undergraduate,10,Never-married,Other, Own-child,*,Female,0,0,30,North America,<=50K
12151,"[20, 30[", Private,118088,High School,9,Never-married,Technical, Unmarried,*,Male,0,0,40,North America,<=50K
12152,"[30, 40[", Private,150570,Undergraduate,13,Married-civ-spouse,Technical, Husband,*,Male,3103,0,43,North America,>50K
12153,"[30, 40[", ?,505438,High School,9,Married-civ-spouse,Other, Husband,*,Male,0,0,30,North America,<=50K
12154,"[30, 40[", Private,179731,High School,9,Never-married,Other, Unmarried,*,Female,0,0,35,North America,<=50K
12155,"[50, 60[", Private,122109,High School,9,Separated,Other, Unmarried,*,Female,0,1876,38,North America,<=50K
12156,"[20, 30[", Local-gov,163942,Undergraduate,10,Never-married,Other, Own-child,*,Male,0,0,40,North America,<=50K
12157,"[30, 40[", Private,106670,Undergraduate,13,Married-civ-spouse,Technical, Wife,*,Female,0,0,40,North America,>50K
12158,"[40, 50[", Private,123403,High School,9,Married-civ-spouse,Other, Husband,*,Male,0,0,40,North America,<=50K
12159,"[60, 70[", Self-emp-inc,119986,Undergraduate,13,Married-civ-spouse,Nontechnical, Husband,*,Male,0,0,50,North America,<=50K
12160,"[20, 30[", Private,66622,Undergraduate,10,Never-married,Other, Own-child,*,Female,0,0,25,North America,<=50K
12161,"[20, 30[", ?,40060,Undergraduate,10,Never-married,Other, Own-child,*,Male,0,0,56,North America,<=50K
12162,"[30, 40[", Private,260578,High School,9,Divorced,Nontechnical, Unmarried,*,Female,0,0,40,North America,>50K
12163,"[60, 70[", Local-gov,96076,Professional Education,11,Married-civ-spouse,Nontechnical, Husband,*,Male,0,0,40,North America,>50K
12164,"[20, 30[", Private,70604,High School,9,Married-civ-spouse,Nontechnical, Husband,*,Male,0,0,38,North America,<=50K
12165,"[30, 40[", Self-emp-not-inc,230329,Undergraduate,10,Never-married,Technical, Not-in-family,*,Male,0,1564,12,North America,>50K
12166,"[50, 60[", Private,49715,High School,9,Divorced,Other, Unmarried,*,Male,0,0,40,North America,<=50K
12167,"[20, 30[", Private,116531,High School,9,Never-married,Other, Not-in-family,*,Female,0,0,40,North America,<=50K
12168,"[30, 40[", Federal-gov,214542,Undergraduate,10,Divorced,Nontechnical, Unmarried,*,Female,0,0,40,North America,<=50K
12170,"[10, 20[", Private,258633,Undergraduate,10,Never-married,Other, Not-in-family,*,Female,0,0,30,North America,<=50K
12171,"[20, 30[", Private,203240,Professional Education,12,Never-married,Other, Not-in-family,*,Female,0,0,30,North America,<=50K
12173,"[50, 60[", Local-gov,99131,High School,9,Married-civ-spouse,Technical, Other-relative,*,Female,0,2246,40,North America,>50K
12174,"[50, 60[", State-gov,125796,Graduate,14,Married-civ-spouse,Technical, Wife,*,Female,0,1848,40,North America,>50K
12175,"[20, 30[", ?,479482,Undergraduate,10,Never-married,Other, Own-child,*,Female,0,0,40,North America,<=50K
12176,"[30, 40[", Private,167790,High School,9,Never-married,Other, Own-child,*,Female,0,0,40,North America,<=50K
12177,"[40, 50[", Private,133758,High School,9,Divorced,Nontechnical, Not-in-family,*,Female,0,1974,40,North America,<=50K
12178,"[20, 30[", Private,106843,High School,6,Never-married,Technical, Other-relative,*,Male,0,0,30,North America,<=50K
12179,"[20, 30[", Private,117959,High School,9,Married-civ-spouse,Nontechnical, Husband,*,Male,4386,0,40,North America,>50K
12180,"[20, 30[", Private,174921,Undergraduate,13,Never-married,Nontechnical, Not-in-family,*,Female,0,0,40,North America,<=50K
12181,"[20, 30[", Private,134152,High School,9,Married-civ-spouse,Technical, Husband,*,Male,0,0,45,North America,<=50K
12182,"[50, 60[", Private,99364,High School,5,Married-civ-spouse,Technical, Husband,*,Male,0,0,40,North America,<=50K
12184,"[30, 40[", Private,467108,Undergraduate,13,Never-married,Technical, Not-in-family,*,Male,0,0,45,North America,<=50K
12185,"[30, 40[", Self-emp-not-inc,304622,Undergraduate,13,Divorced,Technical, Unmarried,*,Female,0,0,50,North America,<=50K
12186,"[40, 50[", Private,198692,Undergraduate,10,Married-civ-spouse,Other, Husband,*,Male,5178,0,60,North America,>50K
12187,"[60, 70[", Private,178050,High School,9,Divorced,Other, Unmarried,*,Female,0,0,38,North America,<=50K
12188,"[20, 30[", Private,162687,High School,8,Married-civ-spouse,Technical, Husband,*,Male,0,0,40,North America,>50K
12189,"[30, 40[", Private,113151,Undergraduate,13,Married-civ-spouse,Nontechnical, Husband,*,Male,0,0,55,North America,<=50K
12190,"[40, 50[", Private,158924,High School,9,Married-civ-spouse,Other, Wife,*,Female,0,0,40,North America,>50K
12191,"[20, 30[", Self-emp-not-inc,141795,Undergraduate,10,Married-civ-spouse,Nontechnical, Husband,*,Male,0,0,30,North America,<=50K
12192,"[30, 40[", Self-emp-not-inc,33404,High School,9,Divorced,Technical, Not-in-family,*,Male,0,0,65,North America,>50K
12193,"[60, 70[", Self-emp-inc,178771,High School,9,Married-civ-spouse,Nontechnical, Husband,*,Male,0,0,40,North America,<=50K
12194,"[50, 60[", Private,168553,High School,9,Married-civ-spouse,Technical, Husband,*,Male,0,1977,40,North America,>50K
12195,"[20, 30[", Private,110648,Undergraduate,13,Never-married,Technical, Own-child,*,Male,0,0,40,North America,<=50K
12196,"[30, 40[", Private,151053,Undergraduate,10,Never-married,Technical, Unmarried,*,Male,0,0,40,North America,<=50K
12197,"[40, 50[", Self-emp-not-inc,142871,Undergraduate,10,Separated,Nontechnical, Unmarried,*,Male,0,0,50,North America,<=50K
12198,"[10, 20[", ?,343161,High School,7,Never-married,Other, Own-child,*,Male,0,0,16,North America,<=50K
12199,"[20, 30[", Private,183523,Undergraduate,13,Never-married,Nontechnical, Not-in-family,*,Male,0,0,45,North America,<=50K
12200,"[50, 60[", Self-emp-not-inc,222216,Undergraduate,10,Married-civ-spouse,Nontechnical, Wife,*,Female,0,0,60,North America,<=50K
12201,"[40, 50[", Private,121874,Undergraduate,10,Divorced,Nontechnical, Unmarried,*,Male,0,0,55,North America,>50K
12202,"[30, 40[", Private,467108,Graduate,14,Married-civ-spouse,Technical, Husband,*,Male,0,0,44,North America,>50K
12203,"[20, 30[", Private,34393,Undergraduate,10,Divorced,Other, Not-in-family,*,Female,0,0,40,North America,<=50K
12204,"[20, 30[", Federal-gov,42003,Undergraduate,10,Married-civ-spouse,Other, Husband,*,Male,0,0,40,North America,>50K
12205,"[60, 70[", Private,180418,High School,9,Married-civ-spouse,Other, Husband,*,Male,0,0,40,North America,>50K
12206,"[40, 50[", Self-emp-not-inc,199590,High School,9,Married-civ-spouse,Technical, Husband,*,Male,0,0,50,North America,<=50K
12207,"[30, 40[", Private,144949,Graduate,14,Married-civ-spouse,Technical, Husband,*,Male,15024,0,40,North America,>50K
12208,"[50, 60[", Private,155594,Professional Education,12,Married-civ-spouse,Technical, Husband,*,Male,0,0,50,North America,>50K
12209,"[50, 60[", Self-emp-not-inc,162576,High School,4,Married-civ-spouse,Technical, Husband,*,Male,0,0,99,North America,<=50K
12210,"[30, 40[", Private,232475,High School,9,Married-civ-spouse,Technical, Husband,*,Male,0,0,40,North America,>50K
12211,"[20, 30[", Private,269474,Undergraduate,10,Never-married,Other, Own-child,*,Male,0,0,10,North America,<=50K
12212,"[40, 50[", Local-gov,140644,Undergraduate,13,Divorced,Other, Not-in-family,*,Male,0,0,40,North America,>50K
12213,"[20, 30[", ?,39640,Undergraduate,10,Never-married,Other, Not-in-family,*,Male,0,0,60,North America,<=50K
12214,"[50, 60[", ?,346014,High School,4,Separated,Other, Own-child,*,Female,0,0,20,North America,<=50K
12215,"[40, 50[", Self-emp-not-inc,159726,High School,9,Married-civ-spouse,Technical, Husband,*,Male,0,0,40,North America,>50K
12216,"[50, 60[", Federal-gov,290856,Undergraduate,13,Married-civ-spouse,Technical, Husband,*,Male,0,0,40,North America,>50K
12217,"[50, 60[", Private,217886,High School,9,Widowed,Other, Not-in-family,*,Female,0,0,36,North America,<=50K
12218,"[20, 30[", ?,199915,Undergraduate,10,Never-married,Other, Own-child,*,Female,0,0,35,North America,<=50K
12219,"[50, 60[", Private,106546,High School,9,Divorced,Other, Unmarried,*,Female,2174,0,40,North America,<=50K
12220,"[50, 60[", Local-gov,220640,Graduate,14,Divorced,Technical, Not-in-family,*,Female,0,0,50,North America,>50K
12221,"[30, 40[", Federal-gov,88913,Undergraduate,10,Never-married,Other, Own-child,*,Female,0,0,40,North America,<=50K
12222,"[30, 40[", Self-emp-not-inc,288486,High School,7,Married-civ-spouse,Technical, Husband,*,Male,0,0,40,North America,<=50K
12223,"[20, 30[", Private,227411,Undergraduate,10,Never-married,Other, Own-child,*,Female,0,0,20,North America,<=50K
12224,"[30, 40[", Local-gov,99935,Graduate,14,Married-civ-spouse,Other, Husband,*,Male,7688,0,50,North America,>50K
12225,"[50, 60[", Private,201112,Professional Education,12,Divorced,Other, Not-in-family,*,Female,0,0,40,North America,<=50K
12226,"[50, 60[", Self-emp-not-inc,123778,High School,9,Married-civ-spouse,Nontechnical, Husband,*,Male,0,0,48,North America,<=50K
12227,"[20, 30[", Private,204596,Professional Education,12,Never-married,Other, Own-child,*,Female,0,0,8,North America,<=50K
12228,"[40, 50[", Private,190290,Undergraduate,10,Divorced,Nontechnical, Not-in-family,*,Male,0,0,40,North America,<=50K
12230,"[50, 60[", Private,108435,High School,9,Married-civ-spouse,Other, Husband,*,Male,0,0,20,North America,<=50K
12231,"[30, 40[", Private,186359,Undergraduate,10,Married-civ-spouse,Nontechnical, Husband,*,Male,0,0,40,North America,>50K
12232,"[30, 40[", Private,137076,Undergraduate,10,Married-civ-spouse,Nontechnical, Husband,*,Male,15024,0,60,North America,>50K
12233,"[20, 30[", State-gov,262819,Undergraduate,10,Never-married,Other, Not-in-family,*,Female,0,0,40,North America,<=50K
12234,"[20, 30[", Private,171655,High School,9,Never-married,Other, Not-in-family,*,Female,0,0,42,North America,<=50K
12235,"[40, 50[", Private,183319,Primary School,3,Married-civ-spouse,Other, Husband,*,Male,0,0,40,North America,<=50K
12236,"[30, 40[", Private,127306,High School,9,Never-married,Other, Not-in-family,*,Female,0,0,47,North America,<=50K
12237,"[20, 30[", Private,68678,High School,9,Married-civ-spouse,Nontechnical, Husband,*,Male,0,0,40,North America,<=50K
12238,"[40, 50[", State-gov,140108,High School,5,Separated,Technical, Not-in-family,*,Male,0,0,40,North America,<=50K
12239,"[20, 30[", Private,263444,High School,9,Married-civ-spouse,Technical, Husband,*,Male,0,0,45,North America,<=50K
12240,"[40, 50[", State-gov,265554,High School,9,Never-married,Other, Not-in-family,*,Male,0,0,40,North America,<=50K
12241,"[20, 30[", Private,410216,High School,7,Married-civ-spouse,Technical, Not-in-family,*,Male,0,0,60,North America,>50K
12242,"[40, 50[", State-gov,20534,Undergraduate,13,Never-married,Nontechnical, Not-in-family,*,Male,0,0,45,North America,<=50K
12243,"[50, 60[", Private,188917,High School,9,Divorced,Nontechnical, Not-in-family,*,Female,0,0,40,North America,<=50K
12245,"[20, 30[", Private,411950,Undergraduate,13,Never-married,Technical, Not-in-family,*,Male,0,0,60,North America,<=50K
12246,"[50, 60[", Private,237819,High School,9,Married-civ-spouse,Other, Husband,*,Male,0,0,40,North America,>50K
12247,"[70, 80[", Private,187424,High School,9,Married-civ-spouse,Technical, Husband,*,Male,0,0,20,North America,<=50K
12248,"[40, 50[", Federal-gov,198316,Graduate,14,Married-civ-spouse,Nontechnical, Husband,*,Male,0,0,40,North America,>50K
12249,"[30, 40[", Local-gov,139703,Graduate,14,Never-married,Technical, Not-in-family,*,Female,0,0,40,North America,<=50K
12250,"[50, 60[", Private,152596,High School,9,Married-civ-spouse,Other, Husband,*,Male,0,0,40,North America,<=50K
12251,"[40, 50[", Private,194726,Professional Education,15,Married-civ-spouse,Technical, Husband,*,Male,15024,0,55,North America,>50K
12252,"[40, 50[", Private,82601,Undergraduate,13,Married-civ-spouse,Other, Husband,*,Male,0,0,40,North America,<=50K
12253,"[20, 30[", ?,229843,Undergraduate,10,Never-married,Other, Not-in-family,*,Female,0,0,20,North America,<=50K
12255,"[40, 50[", State-gov,188386,Undergraduate,13,Married-civ-spouse,Technical, Husband,*,Male,0,0,45,North America,>50K
12256,"[70, 80[", Private,92298,High School,7,Married-civ-spouse,Technical, Husband,*,Male,0,0,15,North America,<=50K
12257,"[20, 30[", Private,390657,High School,9,Married-civ-spouse,Nontechnical, Husband,*,Male,0,0,40,North America,<=50K
12258,"[50, 60[", Private,89041,High School,9,Married-civ-spouse,Technical, Husband,*,Male,15024,0,50,North America,>50K
12259,"[30, 40[", Private,314897,High School,4,Married-civ-spouse,Technical, Husband,*,Male,0,0,40,North America,<=50K
12261,"[40, 50[", Private,88781,Undergraduate,13,Married-civ-spouse,Technical, Husband,*,Male,0,0,40,Europe,>50K
12264,"[10, 20[", Private,307496,Undergraduate,10,Never-married,Other, Own-child,*,Female,0,0,16,North America,<=50K
12265,"[20, 30[", Private,324372,High School,9,Never-married,Nontechnical, Own-child,*,Male,0,0,40,North America,<=50K
12268,"[40, 50[", State-gov,148306,Graduate,14,Divorced,Technical, Unmarried,*,Female,0,0,40,North America,<=50K
12269,"[30, 40[", Private,259019,High School,9,Married-civ-spouse,Technical, Husband,*,Male,0,0,44,North America,<=50K
12271,"[10, 20[", Private,258470,High School,9,Never-married,Nontechnical, Not-in-family,*,Male,0,0,40,North America,<=50K
12272,"[40, 50[", Private,197919,High School,9,Married-civ-spouse,Other, Wife,*,Female,0,0,60,North America,<=50K
12273,"[20, 30[", Private,213719,Professional Education,12,Never-married,Nontechnical, Own-child,*,Female,0,0,36,North America,<=50K
12274,"[30, 40[", Private,226535,High School,9,Never-married,Technical, Not-in-family,*,Male,0,0,40,North America,<=50K
12275,"[30, 40[", Private,146042,Undergraduate,10,Divorced,Technical, Not-in-family,*,Male,0,0,40,North America,<=50K
12276,"[20, 30[", Private,180339,Professional Education,11,Never-married,Other, Not-in-family,*,Female,0,1602,30,North America,<=50K
12277,"[20, 30[", Private,99970,Undergraduate,13,Never-married,Technical, Own-child,*,Male,0,0,40,North America,<=50K
12278,"[30, 40[", Private,300687,High School,9,Married-civ-spouse,Technical, Husband,*,Male,0,0,40,North America,<=50K
12279,"[20, 30[", Local-gov,219906,Undergraduate,13,Married-civ-spouse,Technical, Wife,*,Female,0,0,25,North America,>50K
12280,"[20, 30[", Private,122234,Undergraduate,10,Never-married,Other, Not-in-family,*,Female,0,0,20,Unknown,<=50K
12281,"[50, 60[", Private,158641,High School,9,Widowed,Other, Not-in-family,*,Female,0,0,40,North America,<=50K
12283,"[40, 50[", Local-gov,102308,High School,9,Never-married,Technical, Own-child,*,Male,0,0,40,North America,<=50K
12284,"[30, 40[", Private,186934,High School,9,Married-civ-spouse,Technical, Husband,*,Male,0,0,40,North America,<=50K
12285,"[20, 30[", Private,234447,Undergraduate,10,Divorced,Other, Not-in-family,*,Female,0,0,40,North America,<=50K
12286,"[30, 40[", Private,125933,Undergraduate,13,Married-civ-spouse,Technical, Husband,*,Male,0,0,50,North America,>50K
12287,"[20, 30[", Private,142760,High School,9,Never-married,Nontechnical, Not-in-family,*,Male,0,0,40,North America,<=50K
12288,"[40, 50[", State-gov,309056,Graduate,16,Married-civ-spouse,Technical, Husband,*,Male,0,0,50,North America,>50K
12289,"[40, 50[", Self-emp-not-inc,48859,High School,9,Married-civ-spouse,Technical, Husband,*,Male,0,0,32,North America,<=50K
12290,"[30, 40[", Private,110594,High School,9,Divorced,Other, Own-child,*,Female,0,0,40,North America,<=50K
12291,"[70, 80[", Private,426562,High School,7,Divorced,Other, Not-in-family,*,Female,0,0,35,North America,<=50K
12292,"[10, 20[", Private,169037,High School,7,Never-married,Nontechnical, Own-child,*,Male,0,0,40,North America,<=50K
12293,"[40, 50[", Self-emp-inc,123075,High School,9,Married-civ-spouse,Other, Husband,*,Male,0,0,70,North America,<=50K
12294,"[30, 40[", Private,195744,Undergraduate,13,Never-married,Other, Not-in-family,*,Male,0,0,48,North America,<=50K
12295,"[30, 40[", Private,81896,Undergraduate,13,Never-married,Technical, Not-in-family,*,Female,0,0,45,North America,<=50K
12296,"[20, 30[", Self-emp-not-inc,172047,Professional Education,12,Never-married,Technical, Own-child,*,Male,0,0,40,North America,<=50K
12297,"[20, 30[", Private,253814,High School,9,Divorced,Other, Unmarried,*,Female,0,0,35,North America,<=50K
12298,"[20, 30[", Private,66473,High School,9,Married-civ-spouse,Technical, Husband,*,Male,0,0,40,North America,<=50K
12299,"[60, 70[", ?,56248,High School,9,Married-civ-spouse,Other, Husband,*,Male,0,1485,70,North America,>50K
12300,"[40, 50[", Local-gov,271521,Undergraduate,10,Married-civ-spouse,Other, Husband,*,Male,0,0,40,North America,>50K
12301,"[40, 50[", Private,265295,Undergraduate,13,Married-civ-spouse,Nontechnical, Husband,*,Male,0,0,40,North America,>50K
12302,"[30, 40[", Self-emp-not-inc,174308,High School,9,Married-civ-spouse,Technical, Husband,*,Male,0,0,40,North America,<=50K
12303,"[30, 40[", Private,196342,Graduate,16,Never-married,Technical, Not-in-family,*,Male,0,0,40,North America,>50K
12304,"[50, 60[", Private,223594,Undergraduate,10,Married-civ-spouse,Technical, Husband,*,Male,7688,0,40,North America,>50K
12305,"[30, 40[", Private,149787,Undergraduate,10,Married-civ-spouse,Nontechnical, Husband,*,Male,0,0,40,North America,<=50K
12306,"[60, 70[", Private,124686,High School,4,Widowed,Technical, Not-in-family,*,Female,0,0,10,North America,<=50K
12307,"[40, 50[", Private,50163,High School,9,Divorced,Other, Not-in-family,*,Female,0,0,30,North America,<=50K
12308,"[20, 30[", Private,175789,High School,9,Divorced,Nontechnical, Own-child,*,Female,0,0,40,North America,<=50K
12309,"[20, 30[", Private,218215,Undergraduate,10,Never-married,Nontechnical, Own-child,*,Female,0,0,40,North America,<=50K
12310,"[20, 30[", Private,166371,Undergraduate,10,Never-married,Technical, Own-child,*,Male,0,0,40,North America,<=50K
12311,"[30, 40[", Private,169469,Undergraduate,10,Married-civ-spouse,Nontechnical, Husband,*,Male,7298,0,40,North America,>50K
12314,"[20, 30[", Local-gov,287233,Undergraduate,13,Married-civ-spouse,Technical, Wife,*,Female,0,0,40,North America,>50K
12316,"[40, 50[", Self-emp-not-inc,197836,High School,9,Married-civ-spouse,Other, Husband,*,Male,0,1672,50,North America,<=50K
12317,"[50, 60[", Private,158294,Graduate,14,Married-civ-spouse,Technical, Husband,*,Male,7298,0,40,North America,>50K
12318,"[10, 20[", Private,127366,High School,7,Never-married,Nontechnical, Own-child,*,Female,0,0,8,North America,<=50K
12319,"[20, 30[", Private,203697,Undergraduate,13,Married-civ-spouse,Technical, Own-child,*,Male,0,0,75,North America,<=50K
12320,"[40, 50[", Private,168730,Undergraduate,10,Married-civ-spouse,Nontechnical, Husband,*,Male,0,0,50,North America,>50K
12322,"[50, 60[", Private,175942,Undergraduate,10,Divorced,Nontechnical, Not-in-family,*,Female,0,0,50,North America,>50K
12323,"[30, 40[", Federal-gov,356689,Undergraduate,13,Married-civ-spouse,Other, Husband,*,Male,0,0,30,Asia,<=50K
12324,"[40, 50[", Private,132912,High School,9,Married-civ-spouse,Nontechnical, Husband,*,Male,0,0,45,North America,>50K
12325,"[40, 50[", Private,187226,Professional Education,12,Married-civ-spouse,Nontechnical, Husband,*,Male,0,0,40,North America,<=50K
12326,"[50, 60[", ?,254765,Undergraduate,10,Married-civ-spouse,Other, Husband,*,Male,0,0,40,North America,>50K
12327,"[40, 50[", Private,202565,Professional Education,12,Married-civ-spouse,Nontechnical, Husband,*,Male,0,0,52,North America,<=50K
12328,"[30, 40[", State-gov,103925,High School,9,Divorced,Other, Unmarried,*,Female,2036,0,20,North America,<=50K
12330,"[50, 60[", Self-emp-not-inc,70623,High School,4,Married-civ-spouse,Nontechnical, Husband,*,Male,0,0,85,North America,<=50K
12331,"[30, 40[", Private,102729,Undergraduate,10,Never-married,Technical, Not-in-family,*,Male,0,0,40,North America,<=50K
12332,"[40, 50[", Private,558944,High School,4,Never-married,Other, Own-child,*,Male,0,0,40,North America,<=50K
12333,"[10, 20[", Private,256967,High School,6,Never-married,Nontechnical, Other-relative,*,Female,0,0,40,North America,<=50K
12334,"[60, 70[", ?,144583,High School,9,Married-civ-spouse,Other, Husband,*,Male,0,0,40,North America,<=50K
12335,"[60, 70[", Private,102412,High School,9,Divorced,Nontechnical, Not-in-family,*,Female,0,0,40,North America,<=50K
12336,"[20, 30[", Private,159788,Graduate,14,Never-married,Technical, Not-in-family,*,Female,0,0,80,North America,<=50K
12337,"[20, 30[", Private,55743,Undergraduate,13,Married-civ-spouse,Nontechnical, Wife,*,Female,0,0,45,North America,>50K
12339,"[20, 30[", Local-gov,271354,High School,9,Never-married,Other, Own-child,*,Male,0,0,40,North America,<=50K
12340,"[40, 50[", Private,98524,Professional Education,12,Married-civ-spouse,Technical, Husband,*,Male,0,0,45,North America,<=50K
12341,"[20, 30[", Private,272913,High School,9,Married-civ-spouse,Other, Husband,*,Male,0,0,30,North America,<=50K
12342,"[20, 30[", Private,324445,High School,9,Never-married,Technical, Not-in-family,*,Female,0,0,40,North America,<=50K
12344,"[30, 40[", Private,102945,Professional Education,11,Divorced,Technical, Not-in-family,*,Male,0,0,40,North America,<=50K
12345,"[60, 70[", Private,291904,High School,6,Divorced,Other, Not-in-family,*,Female,0,0,40,North America,<=50K
12346,"[40, 50[", Federal-gov,186601,High School,9,Separated,Nontechnical, Not-in-family,*,Female,0,0,40,North America,<=50K
12347,"[40, 50[", Private,172401,High School,9,Married-civ-spouse,Nontechnical, Husband,*,Male,0,0,40,North America,>50K
12348,"[30, 40[", Private,193285,Undergraduate,13,Married-civ-spouse,Technical, Husband,*,Male,0,0,38,North America,>50K
12349,"[30, 40[", Private,176244,High School,4,Married-civ-spouse,Other, Wife,*,Female,0,0,40,North America,<=50K
12350,"[30, 40[", Private,117779,High School,9,Never-married,Other, Own-child,*,Female,0,0,35,North America,<=50K
12351,"[20, 30[", ?,34616,Undergraduate,10,Never-married,Other, Own-child,*,Female,0,0,20,North America,<=50K
12352,"[50, 60[", Private,169182,High School,5,Widowed,Other, Not-in-family,*,Female,0,0,25,North America,<=50K
12353,"[20, 30[", Private,180758,Professional Education,12,Never-married,Nontechnical, Not-in-family,*,Male,0,0,40,North America,<=50K
12354,"[60, 70[", Local-gov,141637,Graduate,14,Married-civ-spouse,Technical, Husband,*,Male,0,0,40,North America,>50K
12355,"[40, 50[", Self-emp-not-inc,169023,Undergraduate,13,Married-civ-spouse,Other, Wife,*,Female,7688,0,40,North America,>50K
12356,"[30, 40[", Self-emp-not-inc,101266,Undergraduate,13,Never-married,Nontechnical, Not-in-family,*,Male,0,0,62,North America,<=50K
12357,"[30, 40[", Private,164190,High School,9,Married-civ-spouse,Nontechnical, Husband,*,Male,0,0,40,North America,>50K
12358,"[30, 40[", Private,142282,Undergraduate,10,Separated,Other, Unmarried,*,Female,0,0,25,North America,<=50K
12359,"[30, 40[", Federal-gov,103984,Undergraduate,13,Divorced,Nontechnical, Unmarried,*,Female,0,0,40,North America,<=50K
12360,"[60, 70[", Private,187601,Undergraduate,10,Widowed,Other, Not-in-family,*,Female,0,0,40,North America,<=50K
12361,"[10, 20[", Self-emp-not-inc,36218,High School,7,Never-married,Other, Own-child,*,Male,0,0,20,North America,<=50K
12363,"[30, 40[", Local-gov,249392,Professional Education,11,Married-civ-spouse,Other, Husband,*,Male,0,0,40,North America,>50K
12364,"[40, 50[", Self-emp-not-inc,110355,High School,9,Married-civ-spouse,Other, Husband,*,Male,0,0,45,North America,<=50K
12365,"[30, 40[", Self-emp-not-inc,117944,High School,9,Married-civ-spouse,Technical, Husband,*,Male,0,0,25,North America,<=50K
12366,"[10, 20[", Private,163836,High School,6,Never-married,Nontechnical, Own-child,*,Female,0,0,12,North America,<=50K
12367,"[20, 30[", Private,145592,High School,9,Never-married,Technical, Not-in-family,*,Male,0,0,40,North America,<=50K
12368,"[20, 30[", Private,108495,Undergraduate,10,Never-married,Other, Own-child,*,Male,0,0,40,Asia,<=50K
12369,"[20, 30[", Self-emp-not-inc,212041,Undergraduate,13,Never-married,Nontechnical, Not-in-family,*,Male,0,0,50,North America,<=50K
12372,"[20, 30[", Private,199116,High School,9,Married-civ-spouse,Technical, Husband,*,Male,0,0,40,North America,<=50K
12373,"[10, 20[", ?,144114,High School,6,Never-married,Other, Own-child,*,Male,0,0,40,North America,<=50K
12374,"[60, 70[", Private,107438,High School,4,Married-civ-spouse,Other, Husband,*,Male,0,1651,40,North America,<=50K
12375,"[70, 80[", Private,405362,High School,4,Widowed,Other, Unmarried,*,Female,0,0,38,North America,<=50K
12376,"[30, 40[", Private,175856,Undergraduate,13,Married-civ-spouse,Technical, Husband,*,Male,0,1902,40,North America,>50K
12377,"[20, 30[", ?,262241,High School,9,Never-married,Other, Other-relative,*,Male,0,0,40,North America,<=50K
12378,"[20, 30[", Self-emp-not-inc,420054,High School,9,Never-married,Technical, Unmarried,*,Male,9562,0,50,North America,>50K
12379,"[20, 30[", Private,86681,Undergraduate,13,Never-married,Other, Not-in-family,*,Female,0,0,40,North America,<=50K
12380,"[10, 20[", Private,187161,Undergraduate,10,Never-married,Nontechnical, Own-child,*,Female,0,0,25,North America,<=50K
12381,"[40, 50[", State-gov,691903,Graduate,14,Married-civ-spouse,Technical, Husband,*,Male,0,0,60,North America,>50K
12382,"[30, 40[", Private,219483,Undergraduate,10,Never-married,Other, Not-in-family,*,Female,0,0,40,North America,<=50K
12383,"[40, 50[", Private,199058,Graduate,14,Married-civ-spouse,Nontechnical, Husband,*,Male,7298,0,50,North America,>50K
12385,"[30, 40[", Federal-gov,419691,Undergraduate,13,Married-civ-spouse,Other, Husband,*,Male,7298,0,54,North America,>50K
12386,"[20, 30[", Local-gov,356089,Undergraduate,13,Never-married,Technical, Other-relative,*,Male,0,0,50,North America,<=50K
12388,"[10, 20[", Private,36882,High School,9,Never-married,Other, Own-child,*,Female,0,0,20,North America,<=50K
12389,"[30, 40[", Private,203180,Undergraduate,10,Divorced,Other, Unmarried,*,Female,0,0,45,North America,<=50K
12390,"[30, 40[", Private,183811,Undergraduate,10,Never-married,Nontechnical, Not-in-family,*,Male,0,0,40,North America,<=50K
12392,"[20, 30[", Private,304602,High School,9,Never-married,Nontechnical, Own-child,*,Male,0,0,40,North America,<=50K
12393,"[40, 50[", Private,57233,Undergraduate,13,Married-civ-spouse,Nontechnical, Husband,*,Male,0,0,70,North America,<=50K
12394,"[50, 60[", State-gov,289207,Graduate,16,Married-civ-spouse,Technical, Husband,*,Male,0,1902,45,North America,>50K
12395,"[60, 70[", Private,224019,Undergraduate,10,Divorced,Nontechnical, Not-in-family,*,Male,0,0,30,North America,<=50K
12396,"[30, 40[", Private,267966,High School,7,Never-married,Technical, Not-in-family,*,Male,0,0,50,North America,<=50K
12397,"[40, 50[", Private,214800,Professional Education,11,Married-civ-spouse,Nontechnical, Husband,*,Male,0,0,40,North America,<=50K
12398,"[40, 50[", Local-gov,241528,Graduate,14,Divorced,Technical, Unmarried,*,Female,0,0,40,North America,<=50K
12399,"[30, 40[", Private,197365,High School,9,Married-civ-spouse,Other, Husband,*,Male,0,0,40,North America,<=50K
12400,"[30, 40[", Private,296724,Undergraduate,10,Never-married,Nontechnical, Not-in-family,*,Female,0,0,17,North America,<=50K
12401,"[20, 30[", Private,136226,High School,9,Never-married,Technical, Own-child,*,Male,0,0,40,North America,<=50K
12402,"[50, 60[", Private,40623,Undergraduate,10,Divorced,Nontechnical, Not-in-family,*,Female,0,0,40,North America,<=50K
12403,"[20, 30[", Private,264874,High School,9,Never-married,Technical, Own-child,*,Female,0,0,40,North America,<=50K
12404,"[20, 30[", Private,112847,High School,9,Never-married,Other, Own-child,*,Male,0,0,40,North America,<=50K
12405,"[10, 20[", ?,236090,High School,9,Never-married,Other, Own-child,*,Female,0,0,40,North America,<=50K
12406,"[50, 60[", Self-emp-not-inc,89028,High School,9,Married-civ-spouse,Technical, Husband,*,Male,0,0,40,North America,<=50K
12407,"[70, 80[", State-gov,210673,High School,9,Married-civ-spouse,Other, Husband,*,Male,0,0,28,North America,<=50K
12408,"[50, 60[", Private,60193,High School,9,Divorced,Other, Not-in-family,*,Female,0,0,40,North America,<=50K
12409,"[10, 20[", Private,216137,High School,7,Never-married,Nontechnical, Own-child,*,Female,0,0,8,North America,<=50K
12411,"[20, 30[", ?,32276,Undergraduate,13,Married-civ-spouse,Other, Husband,*,Male,0,0,40,North America,<=50K
12413,"[20, 30[", Private,298871,Undergraduate,13,Never-married,Other, Not-in-family,*,Male,0,0,40,Asia,<=50K
12414,"[40, 50[", Private,318255,High School,9,Divorced,Other, Unmarried,*,Female,0,0,40,North America,<=50K
12417,"[30, 40[", Private,405386,Undergraduate,10,Never-married,Technical, Not-in-family,*,Male,0,0,28,North America,<=50K
12418,"[30, 40[", Private,297188,Graduate,14,Never-married,Technical, Not-in-family,*,Female,0,0,60,North America,<=50K
12419,"[20, 30[", Private,182342,Undergraduate,13,Never-married,Nontechnical, Own-child,*,Male,0,0,40,North America,<=50K
12420,"[40, 50[", Self-emp-not-inc,229148,High School,9,Never-married,Other, Not-in-family,*,Male,0,0,60,North America,<=50K
12422,"[10, 20[", Private,413557,High School,7,Never-married,Other, Own-child,*,Female,0,0,32,North America,<=50K
12423,"[20, 30[", Self-emp-inc,246025,High School,9,Separated,Nontechnical, Unmarried,*,Female,0,0,20,North America,<=50K
12424,"[30, 40[", Private,390997,Primary School,2,Never-married,Other, Not-in-family,*,Male,0,0,50,North America,<=50K
12425,"[50, 60[", Private,102058,High School,6,Married-civ-spouse,Nontechnical, Husband,*,Male,0,0,45,North America,<=50K
12428,"[50, 60[", ?,216941,High School,9,Married-civ-spouse,Other, Wife,*,Female,2885,0,40,North America,<=50K
12429,"[40, 50[", Private,81654,Professional Education,15,Married-civ-spouse,Technical, Husband,*,Male,0,0,60,North America,>50K
12430,"[20, 30[", Private,177526,Undergraduate,13,Never-married,Nontechnical, Not-in-family,*,Male,0,0,40,North America,<=50K
12431,"[40, 50[", Private,64631,High School,9,Married-civ-spouse,Technical, Husband,*,Male,0,0,40,North America,<=50K
12432,"[40, 50[", Private,110028,Undergraduate,10,Married-civ-spouse,Technical, Husband,*,Male,0,0,40,North America,<=50K
12433,"[40, 50[", Private,203761,Undergraduate,13,Married-civ-spouse,Technical, Husband,*,Male,0,0,40,North America,>50K
12434,"[20, 30[", Private,163870,Undergraduate,10,Never-married,Technical, Own-child,*,Male,0,0,40,North America,<=50K
12435,"[50, 60[", Federal-gov,117299,High School,9,Married-civ-spouse,Technical, Husband,*,Male,0,1887,40,North America,>50K
12436,"[20, 30[", Private,50648,High School,9,Never-married,Nontechnical, Own-child,*,Male,0,0,35,North America,<=50K
12437,"[20, 30[", Private,166517,High School,9,Never-married,Technical, Own-child,*,Male,0,0,40,North America,<=50K
12439,"[40, 50[", Self-emp-inc,181762,Undergraduate,10,Married-civ-spouse,Nontechnical, Husband,*,Male,0,0,50,North America,<=50K
12440,"[30, 40[", Self-emp-not-inc,340880,Undergraduate,13,Married-civ-spouse,Nontechnical, Husband,*,Male,0,0,48,North America,<=50K
12441,"[50, 60[", Self-emp-not-inc,114758,Undergraduate,13,Never-married,Technical, Not-in-family,*,Male,4416,0,45,North America,<=50K
12442,"[50, 60[", Private,138847,High School,9,Married-civ-spouse,Technical, Husband,*,Male,0,0,45,North America,>50K
12443,"[20, 30[", Private,215014,High School,9,Married-civ-spouse,Other, Husband,*,Male,0,0,50,North America,<=50K
12444,"[30, 40[", Private,183778,High School,9,Divorced,Other, Not-in-family,*,Male,0,0,40,North America,<=50K
12445,"[40, 50[", Private,273629,Graduate,14,Married-civ-spouse,Nontechnical, Husband,*,Male,0,0,40,North America,>50K
12446,"[20, 30[", Self-emp-inc,113870,Undergraduate,13,Married-civ-spouse,Nontechnical, Husband,*,Male,0,0,60,North America,>50K
12447,"[20, 30[", Private,213955,High School,9,Never-married,Other, Own-child,*,Male,0,2001,40,North America,<=50K
12448,"[20, 30[", Private,114982,Undergraduate,13,Married-civ-spouse,Technical, Husband,*,Male,0,0,40,North America,>50K
12449,"[30, 40[", Private,205338,High School,9,Married-civ-spouse,Technical, Husband,*,Male,0,0,40,North America,<=50K
12450,"[40, 50[", Self-emp-not-inc,57924,Undergraduate,10,Married-civ-spouse,Other, Husband,*,Male,7688,0,50,North America,>50K
12452,"[30, 40[", Self-emp-not-inc,202027,Graduate,14,Married-civ-spouse,Nontechnical, Husband,*,Male,7688,0,55,North America,>50K
12453,"[20, 30[", Private,281356,High School,9,Married-civ-spouse,Nontechnical, Husband,*,Male,0,0,40,North America,<=50K
12454,"[40, 50[", Private,30824,Graduate,14,Divorced,Technical, Not-in-family,*,Female,2354,0,16,North America,<=50K
12455,"[50, 60[", Private,98809,High School,4,Married-civ-spouse,Technical, Wife,*,Female,5013,0,45,North America,<=50K
12456,"[30, 40[", Private,38223,Undergraduate,13,Never-married,Nontechnical, Own-child,*,Male,0,0,45,North America,<=50K
12457,"[20, 30[", Private,172232,High School,9,Never-married,Technical, Own-child,*,Male,0,0,50,North America,<=50K
12459,"[20, 30[", Private,221366,Undergraduate,10,Never-married,Technical, Own-child,*,Male,0,0,40,North America,<=50K
12460,"[30, 40[", Private,180799,Undergraduate,10,Married-civ-spouse,Other, Husband,*,Male,0,0,60,North America,>50K
12461,"[30, 40[", Private,111499,Graduate,14,Never-married,Nontechnical, Not-in-family,*,Female,14084,0,40,North America,>50K
12462,"[40, 50[", Self-emp-not-inc,155930,Undergraduate,13,Married-civ-spouse,Nontechnical, Husband,*,Male,0,0,60,North America,<=50K
12463,"[30, 40[", Private,201122,Undergraduate,10,Married-civ-spouse,Technical, Husband,*,Male,0,0,48,North America,>50K
12464,"[20, 30[", Private,101709,High School,9,Never-married,Nontechnical, Own-child,*,Male,0,0,40,North America,<=50K
12465,"[40, 50[", Private,140121,High School,9,Divorced,Nontechnical, Unmarried,*,Male,0,0,50,North America,<=50K
12466,"[40, 50[", Private,172709,High School,9,Divorced,Other, Unmarried,*,Female,0,0,40,North America,<=50K
12467,"[40, 50[", Private,120131,High School,9,Married-civ-spouse,Technical, Husband,*,Male,0,0,50,North America,>50K
12468,"[30, 40[", Private,117444,Undergraduate,13,Married-civ-spouse,Nontechnical, Husband,*,Male,0,0,65,North America,>50K
12469,"[20, 30[", Private,256764,Professional Education,12,Never-married,Nontechnical, Not-in-family,*,Male,0,0,40,North America,<=50K
12470,"[30, 40[", Local-gov,176185,Undergraduate,13,Married-civ-spouse,Technical, Husband,*,Male,4064,0,40,Unknown,<=50K
12471,"[20, 30[", Private,223811,Undergraduate,10,Married-civ-spouse,Technical, Husband,*,Male,0,0,40,North America,<=50K
12472,"[20, 30[", Private,201603,High School,9,Divorced,Nontechnical, Not-in-family,*,Male,0,0,30,North America,<=50K
12473,"[20, 30[", Private,138765,Undergraduate,10,Married-civ-spouse,Technical, Husband,*,Male,0,0,40,North America,<=50K
12474,"[30, 40[", Private,133974,Professional Education,11,Divorced,Nontechnical, Unmarried,*,Female,0,0,40,North America,<=50K
12475,"[30, 40[", Federal-gov,137953,High School,9,Married-civ-spouse,Other, Husband,*,Male,0,0,45,North America,<=50K
12476,"[50, 60[", Private,103403,Primary School,3,Married-civ-spouse,Other, Husband,*,Male,0,0,40,North America,<=50K
12477,"[20, 30[", Private,461678,Undergraduate,10,Married-civ-spouse,Other, Husband,*,Male,0,0,50,North America,>50K
12478,"[40, 50[", State-gov,70884,High School,9,Married-civ-spouse,Technical, Husband,*,Male,0,0,40,North America,<=50K
12479,"[50, 60[", State-gov,466498,Professional Education,11,Married-civ-spouse,Technical, Husband,*,Male,0,0,60,North America,>50K
12480,"[10, 20[", Private,148644,High School,9,Never-married,Other, Own-child,*,Female,0,0,40,North America,<=50K
12481,"[40, 50[", Private,190739,High School,9,Never-married,Other, Other-relative,*,Male,0,0,32,North America,<=50K
12482,"[30, 40[", Private,299507,Professional Education,11,Never-married,Technical, Not-in-family,*,Female,0,0,40,North America,<=50K
12483,"[20, 30[", Private,211424,Undergraduate,13,Never-married,Nontechnical, Own-child,*,Male,0,0,40,North America,<=50K
12484,"[20, 30[", State-gov,106721,High School,9,Married-civ-spouse,Technical, Husband,*,Male,0,0,40,North America,<=50K
12485,"[20, 30[", Private,192017,High School,9,Never-married,Technical, Not-in-family,*,Male,0,0,40,North America,<=50K
12486,"[50, 60[", Private,530099,Undergraduate,10,Married-civ-spouse,Technical, Husband,*,Male,0,1887,55,North America,>50K
12487,"[30, 40[", Private,119153,High School,7,Married-civ-spouse,Other, Husband,*,Male,0,0,50,North America,<=50K
12488,"[30, 40[", Private,202450,High School,9,Married-civ-spouse,Other, Husband,*,Male,0,0,65,North America,>50K
12489,"[20, 30[", Private,50341,Undergraduate,10,Never-married,Other, Not-in-family,*,Female,0,0,38,North America,<=50K
12491,"[10, 20[", ?,220517,Undergraduate,10,Never-married,Other, Own-child,*,Female,0,0,15,North America,<=50K
12493,"[30, 40[", Private,31964,Undergraduate,13,Married-civ-spouse,Nontechnical, Husband,*,Male,0,0,50,North America,>50K
12494,"[30, 40[", Private,148207,Professional Education,11,Married-civ-spouse,Technical, Husband,*,Male,0,0,40,North America,<=50K
12495,"[40, 50[", Private,151627,Undergraduate,10,Divorced,Other, Unmarried,*,Female,0,0,45,North America,<=50K
12496,"[30, 40[", Private,402539,High School,9,Never-married,Other, Unmarried,*,Female,0,0,40,North America,<=50K
12497,"[20, 30[", Self-emp-not-inc,188278,Undergraduate,13,Married-civ-spouse,Technical, Husband,*,Male,0,0,55,North America,<=50K
12498,"[20, 30[", Self-emp-not-inc,96219,Undergraduate,13,Married-civ-spouse,Nontechnical, Wife,*,Female,0,0,5,North America,<=50K
12499,"[20, 30[", Private,340534,High School,9,Never-married,Other, Not-in-family,*,Female,0,0,44,North America,<=50K
12501,"[20, 30[", Private,120135,Professional Education,11,Never-married,Nontechnical, Not-in-family,*,Female,0,0,40,North America,<=50K
12502,"[30, 40[", Federal-gov,303817,Undergraduate,10,Divorced,Nontechnical, Not-in-family,*,Female,0,0,40,North America,<=50K
12503,"[30, 40[", Private,181091,High School,9,Married-civ-spouse,Technical, Husband,*,Male,0,0,50,North America,>50K
12504,"[20, 30[", Private,200515,Undergraduate,10,Married-civ-spouse,Other, Husband,*,Male,0,0,35,North America,>50K
12505,"[40, 50[", Private,160893,Undergraduate,10,Married-civ-spouse,Other, Wife,*,Female,0,0,23,North America,<=50K
12507,"[20, 30[", Private,241367,Undergraduate,10,Never-married,Other, Not-in-family,*,Male,0,0,40,North America,<=50K
12508,"[30, 40[", Self-emp-inc,342084,Undergraduate,10,Married-civ-spouse,Nontechnical, Husband,*,Male,0,0,60,North America,>50K
12509,"[30, 40[", Private,193855,High School,9,Married-civ-spouse,Technical, Husband,*,Male,0,0,40,North America,<=50K
12510,"[30, 40[", Private,80410,Undergraduate,13,Never-married,Nontechnical, Not-in-family,*,Male,0,0,40,North America,<=50K
12512,"[40, 50[", Private,85109,Undergraduate,10,Married-civ-spouse,Technical, Husband,*,Male,0,1628,40,North America,<=50K
12513,"[20, 30[", Private,108569,Undergraduate,13,Married-civ-spouse,Technical, Husband,*,Male,0,0,43,North America,<=50K
12514,"[30, 40[", Private,120959,Undergraduate,10,Divorced,Other, Unmarried,*,Female,0,0,40,North America,<=50K
12515,"[40, 50[", Private,222011,Undergraduate,10,Divorced,Nontechnical, Unmarried,*,Female,0,0,43,North America,<=50K
12516,"[40, 50[", Private,238530,High School,9,Married-civ-spouse,Technical, Husband,*,Male,0,0,40,North America,<=50K
12517,"[30, 40[", Private,48404,High School,9,Never-married,Nontechnical, Own-child,*,Female,0,0,40,North America,<=50K
12518,"[60, 70[", Private,88055,Professional Education,15,Married-civ-spouse,Technical, Husband,*,Male,3781,0,16,North America,<=50K
12519,"[30, 40[", Private,238381,Undergraduate,10,Never-married,Technical, Not-in-family,*,Male,8614,0,40,North America,>50K
12520,"[20, 30[", Private,243923,High School,9,Married-civ-spouse,Other, Other-relative,*,Male,0,0,80,North America,<=50K
12521,"[30, 40[", Private,305597,Professional Education,11,Married-civ-spouse,Technical, Husband,*,Male,0,0,40,North America,<=50K
12522,"[30, 40[", Private,141841,Undergraduate,13,Married-civ-spouse,Nontechnical, Husband,*,Male,5178,0,40,North America,>50K
12523,"[30, 40[", Private,129764,High School,9,Married-civ-spouse,Technical, Husband,*,Male,0,0,40,North America,<=50K
12524,"[30, 40[", Self-emp-not-inc,150993,High School,7,Married-civ-spouse,Other, Husband,*,Male,0,0,45,North America,<=50K
12525,"[60, 70[", Self-emp-not-inc,147140,High School,4,Married-civ-spouse,Other, Husband,*,Male,0,0,60,North America,>50K
12526,"[40, 50[", State-gov,30219,Undergraduate,10,Married-civ-spouse,Nontechnical, Husband,*,Male,7688,0,38,North America,>50K
12527,"[40, 50[", Private,167967,High School,9,Separated,Technical, Unmarried,*,Female,0,0,40,North America,<=50K
12528,"[30, 40[", Private,133278,High School,9,Never-married,Other, Own-child,*,Female,0,0,40,North America,<=50K
12530,"[30, 40[", Private,192251,High School,9,Never-married,Other, Own-child,*,Female,0,0,40,North America,>50K
12531,"[40, 50[", Private,210844,Undergraduate,13,Divorced,Nontechnical, Not-in-family,*,Female,0,0,40,North America,>50K
12532,"[20, 30[", Private,263015,High School,6,Married-civ-spouse,Technical, Husband,*,Male,0,0,40,North America,<=50K
12533,"[50, 60[", Self-emp-not-inc,155118,High School,9,Divorced,Nontechnical, Not-in-family,*,Female,99999,0,35,North America,>50K
12534,"[20, 30[", State-gov,232918,Undergraduate,13,Never-married,Technical, Not-in-family,*,Male,0,0,20,North America,<=50K
12535,"[40, 50[", Private,143542,High School,9,Divorced,Other, Not-in-family,*,Male,0,0,40,North America,<=50K
12536,"[30, 40[", Private,45607,Undergraduate,10,Never-married,Other, Not-in-family,*,Male,0,0,40,North America,<=50K
12537,"[60, 70[", Private,29828,High School,9,Married-civ-spouse,Other, Husband,*,Male,0,0,40,North America,<=50K
12538,"[40, 50[", Self-emp-not-inc,104118,Undergraduate,10,Never-married,Nontechnical, Not-in-family,*,Male,0,0,40,North America,<=50K
12539,"[60, 70[", Private,191446,High School,9,Married-civ-spouse,Nontechnical, Husband,*,Male,99999,0,40,North America,>50K
12540,"[50, 60[", Private,27484,High School,9,Married-civ-spouse,Nontechnical, Husband,*,Male,0,0,50,North America,>50K
12542,"[30, 40[", Local-gov,143385,High School,9,Married-civ-spouse,Technical, Husband,*,Male,0,0,40,North America,<=50K
12543,"[40, 50[", ?,200508,Undergraduate,13,Married-civ-spouse,Other, Husband,*,Male,0,0,40,North America,<=50K
12544,"[40, 50[", Local-gov,186995,High School,9,Divorced,Other, Unmarried,*,Female,0,0,40,North America,<=50K
12545,"[30, 40[", Private,54159,High School,9,Married-civ-spouse,Technical, Husband,*,Male,0,0,38,North America,<=50K
12546,"[30, 40[", Private,113481,Undergraduate,13,Married-civ-spouse,Nontechnical, Husband,*,Male,0,0,45,North America,>50K
12547,"[30, 40[", Local-gov,235271,Undergraduate,13,Married-civ-spouse,Other, Husband,*,Male,0,0,40,North America,>50K
12548,"[30, 40[", Private,349365,Undergraduate,10,Married-civ-spouse,Nontechnical, Husband,*,Male,0,0,65,North America,<=50K
12549,"[10, 20[", Private,283637,Undergraduate,10,Never-married,Other, Not-in-family,*,Male,0,0,40,North America,<=50K
12551,"[20, 30[", Private,166051,Undergraduate,13,Never-married,Other, Own-child,*,Female,0,0,40,North America,<=50K
12552,"[50, 60[", Private,193720,High School,9,Married-civ-spouse,Technical, Husband,*,Male,0,0,42,North America,<=50K
12553,"[30, 40[", ?,124836,Undergraduate,10,Divorced,Other, Not-in-family,*,Female,0,0,36,North America,<=50K
12554,"[30, 40[", Private,236379,Undergraduate,13,Married-civ-spouse,Nontechnical, Husband,*,Male,0,0,45,North America,<=50K
12555,"[40, 50[", Private,122026,Undergraduate,13,Married-civ-spouse,Technical, Husband,*,Male,0,0,44,North America,>50K
12556,"[40, 50[", Private,114537,Professional Education,11,Married-civ-spouse,Nontechnical, Husband,*,Male,0,0,50,North America,>50K
12557,"[30, 40[", Private,191834,Professional Education,11,Married-civ-spouse,Technical, Husband,*,Male,0,0,48,North America,<=50K
12558,"[20, 30[", Private,420054,High School,9,Married-civ-spouse,Technical, Husband,*,Male,0,0,40,North America,<=50K
12559,"[40, 50[", Self-emp-not-inc,160045,Undergraduate,10,Widowed,Other, Unmarried,*,Female,0,0,35,North America,<=50K
12560,"[30, 40[", Private,303187,Undergraduate,13,Married-civ-spouse,Technical, Husband,*,Male,0,0,40,Unknown,>50K
12561,"[40, 50[", Private,190088,High School,9,Married-spouse-absent,Other, Unmarried,*,Female,0,0,30,North America,<=50K
12562,"[50, 60[", Private,126977,High School,9,Separated,Technical, Not-in-family,*,Male,0,0,35,North America,<=50K
12564,"[60, 70[", Private,391121,High School,4,Married-civ-spouse,Other, Husband,*,Male,0,0,40,North America,>50K
12565,"[40, 50[", Private,211450,Graduate,14,Never-married,Nontechnical, Not-in-family,*,Male,0,0,45,North America,>50K
12566,"[40, 50[", Private,156413,Undergraduate,10,Married-civ-spouse,Technical, Husband,*,Male,0,0,44,North America,>50K
12567,"[40, 50[", Private,116797,High School,9,Married-civ-spouse,Nontechnical, Husband,*,Male,7298,0,50,North America,>50K
12568,"[50, 60[", Local-gov,204447,Graduate,14,Married-civ-spouse,Nontechnical, Husband,*,Male,0,0,43,North America,>50K
12569,"[20, 30[", Private,66935,High School,9,Never-married,Technical, Not-in-family,*,Male,0,0,35,North America,<=50K
12570,"[20, 30[", Private,344278,High School,7,Separated,Other, Own-child,*,Female,0,0,40,North America,<=50K
12571,"[20, 30[", Private,108574,Professional Education,11,Never-married,Other, Own-child,*,Female,0,0,40,North America,<=50K
12572,"[50, 60[", Private,244605,High School,9,Married-civ-spouse,Technical, Husband,*,Male,0,0,40,North America,<=50K
12573,"[40, 50[", Private,363677,Graduate,16,Married-civ-spouse,Technical, Wife,*,Female,0,1977,30,North America,>50K
12574,"[50, 60[", Private,219762,High School,9,Married-civ-spouse,Nontechnical, Wife,*,Female,0,0,35,North America,<=50K
12575,"[30, 40[", Self-emp-inc,269318,Undergraduate,10,Married-civ-spouse,Nontechnical, Husband,*,Male,7298,0,40,North America,>50K
12577,"[20, 30[", Self-emp-not-inc,70100,Undergraduate,13,Never-married,Technical, Not-in-family,*,Male,0,0,60,North America,<=50K
12578,"[30, 40[", Private,213643,High School,9,Married-civ-spouse,Nontechnical, Husband,*,Male,3908,0,40,North America,<=50K
12579,"[20, 30[", Private,69640,Undergraduate,13,Never-married,Nontechnical, Own-child,*,Male,0,0,40,North America,<=50K
12580,"[60, 70[", Private,170012,Undergraduate,13,Married-civ-spouse,Other, Husband,*,Male,0,0,34,North America,<=50K
12582,"[30, 40[", Private,193285,Undergraduate,13,Never-married,Technical, Not-in-family,*,Male,0,0,40,North America,<=50K
12583,"[30, 40[", Private,261241,High School,9,Divorced,Other, Not-in-family,*,Male,0,1741,60,North America,<=50K
12585,"[20, 30[", Private,296618,High School,9,Never-married,Nontechnical, Not-in-family,*,Female,0,0,30,North America,<=50K
12586,"[30, 40[", Local-gov,257796,Undergraduate,10,Divorced,Other, Not-in-family,*,Female,0,0,40,North America,<=50K
12587,"[20, 30[", Private,155320,Undergraduate,13,Never-married,Nontechnical, Own-child,*,Male,0,0,45,North America,<=50K
12588,"[20, 30[", Private,151888,High School,9,Never-married,Other, Own-child,*,Male,0,0,40,North America,<=50K
12589,"[60, 70[", ?,143118,High School,9,Widowed,Other, Unmarried,*,Female,0,2206,10,North America,<=50K
12590,"[30, 40[", Private,66278,Undergraduate,10,Married-civ-spouse,Technical, Wife,*,Female,3908,0,40,North America,<=50K
12591,"[50, 60[", Private,92444,Undergraduate,10,Married-civ-spouse,Nontechnical, Husband,*,Male,0,0,50,North America,>50K
12592,"[50, 60[", Private,229272,High School,9,Divorced,Other, Other-relative,*,Male,0,0,32,North America,<=50K
12593,"[30, 40[", Self-emp-not-inc,207202,High School,6,Married-civ-spouse,Other, Husband,*,Male,0,0,60,North America,<=50K
12594,"[40, 50[", State-gov,154176,Undergraduate,10,Divorced,Other, Not-in-family,*,Female,0,1590,40,North America,<=50K
12595,"[40, 50[", Private,180899,Graduate,14,Divorced,Nontechnical, Unmarried,*,Male,0,1755,45,North America,>50K
12596,"[20, 30[", Private,205337,High School,9,Married-civ-spouse,Technical, Husband,*,Male,0,0,40,North America,<=50K
12597,"[50, 60[", Private,180779,Undergraduate,13,Married-civ-spouse,Technical, Husband,*,Male,7298,0,40,North America,>50K
12598,"[30, 40[", Self-emp-not-inc,343021,Undergraduate,10,Never-married,Nontechnical, Not-in-family,*,Male,0,0,65,North America,<=50K
12599,"[40, 50[", Private,176814,Undergraduate,13,Married-civ-spouse,Other, Husband,*,Male,5178,0,40,North America,>50K
12601,"[40, 50[", Private,248059,Undergraduate,13,Married-civ-spouse,Nontechnical, Husband,*,Male,5013,0,45,North America,<=50K
12602,"[30, 40[", Private,409604,Undergraduate,13,Married-civ-spouse,Nontechnical, Husband,*,Male,15024,0,40,North America,>50K
12603,"[30, 40[", Private,185053,High School,9,Never-married,Technical, Not-in-family,*,Female,0,0,40,North America,<=50K
12604,"[40, 50[", Private,332884,Undergraduate,13,Married-civ-spouse,Nontechnical, Husband,*,Male,7298,0,65,North America,>50K
12605,"[50, 60[", Private,212864,Undergraduate,13,Married-civ-spouse,Technical, Husband,*,Male,0,0,40,North America,>50K
12606,"[20, 30[", Private,66473,Undergraduate,13,Married-civ-spouse,Nontechnical, Husband,*,Male,0,0,40,North America,>50K
12607,"[10, 20[", Private,285169,High School,7,Never-married,Other, Own-child,*,Female,0,0,40,North America,<=50K
12608,"[20, 30[", Private,175431,High School,5,Divorced,Technical, Not-in-family,*,Female,0,0,40,North America,<=50K
12609,"[10, 20[", ?,152641,High School,6,Never-married,Other, Own-child,*,Male,0,0,40,North America,<=50K
12611,"[30, 40[", Private,287306,Undergraduate,10,Separated,Other, Unmarried,*,Female,0,0,40,North America,<=50K
12612,"[20, 30[", Self-emp-not-inc,70604,High School,9,Married-civ-spouse,Other, Husband,*,Male,3464,0,40,North America,<=50K
12613,"[20, 30[", Private,88926,Undergraduate,10,Never-married,Technical, Own-child,*,Male,0,0,10,North America,<=50K
12614,"[30, 40[", Private,91275,Undergraduate,10,Never-married,Other, Unmarried,*,Female,0,0,40,North America,<=50K
12615,"[50, 60[", Private,244554,High School,6,Widowed,Technical, Unmarried,*,Female,0,0,40,North America,<=50K
12616,"[40, 50[", Private,232586,Primary School,3,Married-civ-spouse,Technical, Husband,*,Male,0,0,40,North America,<=50K
12617,"[40, 50[", Self-emp-inc,127678,Undergraduate,10,Married-civ-spouse,Nontechnical, Husband,*,Male,0,0,80,North America,<=50K
12618,"[40, 50[", Private,162184,Undergraduate,10,Separated,Other, Unmarried,*,Female,0,0,40,North America,<=50K
12620,"[40, 50[", State-gov,139734,Undergraduate,13,Married-civ-spouse,Nontechnical, Husband,*,Male,15024,0,40,North America,>50K
12623,"[20, 30[", Private,252803,High School,9,Never-married,Other, Unmarried,*,Female,0,0,40,North America,<=50K
12626,"[20, 30[", Private,89625,High School,9,Never-married,Other, Own-child,*,Female,0,0,40,North America,<=50K
12627,"[60, 70[", ?,266037,Undergraduate,10,Married-civ-spouse,Other, Husband,*,Male,0,0,40,North America,<=50K
12628,"[20, 30[", Private,126730,High School,9,Never-married,Nontechnical, Not-in-family,*,Female,0,0,40,North America,<=50K
12629,"[40, 50[", Federal-gov,96854,Undergraduate,10,Never-married,Other, Not-in-family,*,Male,0,0,30,North America,<=50K
12630,"[30, 40[", Private,186788,High School,9,Married-civ-spouse,Other, Husband,*,Male,0,0,40,North America,<=50K
12631,"[30, 40[", Private,28996,Undergraduate,10,Married-civ-spouse,Nontechnical, Husband,*,Male,0,0,45,North America,<=50K
12632,"[30, 40[", Self-emp-not-inc,347166,High School,9,Divorced,Technical, Not-in-family,*,Male,0,0,40,North America,<=50K
12633,"[40, 50[", State-gov,110311,Graduate,14,Divorced,Nontechnical, Unmarried,*,Female,0,0,40,North America,<=50K
12634,"[20, 30[", Private,310850,High School,9,Married-civ-spouse,Other, Husband,*,Male,0,0,50,North America,<=50K
12635,"[40, 50[", Private,220694,Undergraduate,13,Divorced,Other, Not-in-family,*,Male,0,0,37,North America,<=50K
12636,"[60, 70[", Private,149405,High School,9,Married-civ-spouse,Other, Husband,*,Male,0,0,40,North America,<=50K
12639,"[30, 40[", Private,187112,Undergraduate,13,Never-married,Other, Not-in-family,*,Female,0,0,45,North America,<=50K
12640,"[30, 40[", Private,180859,Professional Education,11,Married-civ-spouse,Nontechnical, Husband,*,Male,0,0,38,North America,<=50K
12641,"[20, 30[", Private,185647,Undergraduate,10,Never-married,Technical, Own-child,*,Male,0,0,60,North America,<=50K
12642,"[30, 40[", Private,316606,Undergraduate,13,Married-civ-spouse,Other, Wife,*,Female,0,0,40,North America,<=50K
12643,"[40, 50[", Private,274657,High School,7,Married-civ-spouse,Technical, Husband,*,Male,0,0,40,Unknown,<=50K
12644,"[30, 40[", Federal-gov,193583,Undergraduate,13,Divorced,Technical, Unmarried,*,Female,5455,0,60,North America,<=50K
12645,"[10, 20[", Private,338836,High School,9,Never-married,Other, Own-child,*,Male,0,0,20,North America,<=50K
12646,"[20, 30[", Private,216814,High School,9,Married-civ-spouse,Other, Husband,*,Male,0,0,40,North America,<=50K
12647,"[20, 30[", Private,106935,Undergraduate,13,Married-civ-spouse,Nontechnical, Husband,*,Male,0,0,45,North America,<=50K
12648,"[30, 40[", Private,223433,High School,9,Never-married,Technical, Not-in-family,*,Male,0,0,40,North America,<=50K
12649,"[30, 40[", Private,174789,High School,9,Married-civ-spouse,Technical, Husband,*,Male,0,0,40,North America,<=50K
12650,"[20, 30[", Private,135603,High School,9,Married-civ-spouse,Other, Husband,*,Male,0,0,40,North America,>50K
12651,"[20, 30[", ?,344719,High School,9,Married-civ-spouse,Other, Wife,*,Female,0,0,4,North America,<=50K
12652,"[30, 40[", Private,372484,High School,7,Never-married,Other, Own-child,*,Female,0,0,40,North America,<=50K
12653,"[20, 30[", Private,181820,Undergraduate,10,Never-married,Other, Unmarried,*,Male,0,0,45,North America,<=50K
12654,"[40, 50[", Private,235371,Professional Education,11,Divorced,Technical, Unmarried,*,Male,0,0,40,North America,<=50K
12656,"[20, 30[", Private,299399,Undergraduate,10,Never-married,Nontechnical, Own-child,*,Female,0,0,20,North America,<=50K
12657,"[40, 50[", Private,202508,High School,9,Married-civ-spouse,Technical, Husband,*,Male,0,0,48,North America,<=50K
12658,"[40, 50[", Private,172025,Undergraduate,10,Separated,Other, Unmarried,*,Female,0,0,38,North America,<=50K
12659,"[40, 50[", Self-emp-inc,246891,Undergraduate,13,Married-civ-spouse,Other, Husband,*,Male,0,0,40,North America,>50K
12660,"[20, 30[", Private,450920,Professional Education,12,Never-married,Other, Not-in-family,*,Female,0,0,40,North America,<=50K
12661,"[20, 30[", Private,53598,Undergraduate,10,Never-married,Other, Not-in-family,*,Female,0,0,40,North America,<=50K
12662,"[40, 50[", Private,103757,Professional Education,12,Married-civ-spouse,Technical, Husband,*,Male,0,0,40,North America,<=50K
12663,"[40, 50[", Private,76017,High School,9,Widowed,Other, Unmarried,*,Female,0,0,25,North America,<=50K
12664,"[20, 30[", Self-emp-inc,80158,High School,9,Never-married,Nontechnical, Own-child,*,Male,0,0,40,North America,<=50K
12665,"[30, 40[", Federal-gov,90881,Undergraduate,10,Separated,Nontechnical, Not-in-family,*,Male,8614,0,55,North America,>50K
12666,"[40, 50[", Private,427952,Undergraduate,13,Married-civ-spouse,Technical, Husband,*,Male,0,0,40,North America,<=50K
12667,"[20, 30[", ?,230955,High School,8,Never-married,Other, Not-in-family,*,Female,0,0,35,North America,<=50K
12668,"[50, 60[", Private,177916,Undergraduate,13,Married-civ-spouse,Other, Husband,*,Male,7298,0,40,North America,>50K
12669,"[30, 40[", Private,342642,Graduate,14,Never-married,Nontechnical, Not-in-family,*,Male,0,0,15,North America,<=50K
12670,"[70, 80[", Private,253642,High School,4,Married-civ-spouse,Technical, Husband,*,Male,0,0,30,North America,<=50K
12671,"[20, 30[", Private,219086,High School,9,Never-married,Other, Own-child,*,Male,0,0,35,North America,<=50K
12672,"[20, 30[", Private,162593,Undergraduate,13,Never-married,Other, Not-in-family,*,Female,0,0,40,North America,<=50K
12673,"[30, 40[", Private,87561,Professional Education,12,Never-married,Technical, Not-in-family,*,Female,0,0,40,North America,<=50K
12674,"[50, 60[", Local-gov,142411,Professional Education,11,Divorced,Other, Unmarried,*,Female,0,0,50,North America,<=50K
12676,"[20, 30[", Private,169104,Undergraduate,10,Never-married,Nontechnical, Own-child,*,Male,0,0,25,North America,<=50K
12677,"[40, 50[", Private,193047,Graduate,16,Married-civ-spouse,Nontechnical, Husband,*,Male,99999,0,50,North America,>50K
12678,"[10, 20[", Private,151141,High School,8,Never-married,Nontechnical, Own-child,*,Male,0,0,20,North America,<=50K
12679,"[40, 50[", Private,267912,Undergraduate,13,Never-married,Other, Not-in-family,*,Male,0,0,50,North America,>50K
12680,"[40, 50[", Private,137126,Undergraduate,10,Married-civ-spouse,Nontechnical, Husband,*,Male,0,0,40,North America,>50K
12681,"[30, 40[", Private,152453,High School,8,Married-civ-spouse,Technical, Husband,*,Male,0,0,40,North America,<=50K
12682,"[10, 20[", Private,357059,High School,9,Never-married,Other, Own-child,*,Female,0,0,35,North America,<=50K
12683,"[40, 50[", State-gov,202011,Undergraduate,10,Never-married,Nontechnical, Not-in-family,*,Female,0,0,40,North America,<=50K
12684,"[20, 30[", Private,98283,Undergraduate,13,Never-married,Nontechnical, Own-child,*,Male,0,0,40,North America,<=50K
12685,"[60, 70[", Self-emp-not-inc,176965,Professional Education,15,Married-civ-spouse,Technical, Husband,*,Male,0,0,50,North America,>50K
12686,"[60, 70[", Private,187919,High School,7,Married-civ-spouse,Other, Husband,*,Male,0,0,30,North America,<=50K
12687,"[60, 70[", Private,274916,High School,9,Widowed,Nontechnical, Unmarried,*,Female,0,0,40,North America,<=50K
12688,"[30, 40[", Private,105813,Professional Education,11,Married-civ-spouse,Other, Husband,*,Male,7298,0,40,North America,>50K
12689,"[40, 50[", Local-gov,193524,Professional Education,12,Married-civ-spouse,Technical, Husband,*,Male,0,0,40,North America,>50K
12691,"[20, 30[", Private,263641,High School,9,Divorced,Nontechnical, Other-relative,*,Female,0,0,40,North America,<=50K
12692,"[40, 50[", Local-gov,102076,Undergraduate,13,Never-married,Other, Unmarried,*,Female,0,0,35,North America,<=50K
12693,"[50, 60[", State-gov,155594,Undergraduate,10,Married-civ-spouse,Nontechnical, Husband,*,Male,0,1887,40,North America,>50K
12694,"[40, 50[", Private,33331,Undergraduate,13,Married-civ-spouse,Nontechnical, Husband,*,Male,0,0,55,North America,<=50K
12696,"[50, 60[", Self-emp-not-inc,115439,Undergraduate,10,Married-civ-spouse,Technical, Husband,*,Male,0,0,60,North America,<=50K
12697,"[40, 50[", Private,181652,High School,9,Divorced,Other, Not-in-family,*,Female,0,0,40,North America,<=50K
12698,"[20, 30[", Private,120268,Undergraduate,13,Never-married,Other, Own-child,*,Male,0,0,24,North America,<=50K
12699,"[30, 40[", Private,196308,Undergraduate,10,Married-civ-spouse,Other, Wife,*,Female,0,0,24,North America,<=50K
12700,"[40, 50[", Self-emp-not-inc,40690,Undergraduate,10,Never-married,Other, Own-child,*,Male,0,0,75,North America,<=50K
12702,"[20, 30[", Private,695136,High School,9,Never-married,Nontechnical, Not-in-family,*,Male,0,0,30,North America,<=50K
12703,"[60, 70[", Private,209236,High School,9,Married-civ-spouse,Other, Husband,*,Male,0,0,36,North America,<=50K
12704,"[40, 50[", Federal-gov,214838,Graduate,14,Married-civ-spouse,Nontechnical, Husband,*,Male,0,0,60,North America,>50K
12706,"[20, 30[", Private,177625,High School,9,Never-married,Technical, Not-in-family,*,Male,0,0,40,North America,<=50K
12707,"[50, 60[", Private,124591,High School,9,Never-married,Nontechnical, Unmarried,*,Male,0,0,40,North America,<=50K
12708,"[20, 30[", Private,230856,Undergraduate,10,Never-married,Technical, Not-in-family,*,Female,3325,0,50,North America,<=50K
12709,"[50, 60[", Federal-gov,221532,Professional Education,12,Married-civ-spouse,Technical, Husband,*,Male,0,0,40,North America,>50K
12710,"[20, 30[", Private,232577,Professional Education,11,Never-married,Technical, Own-child,*,Female,0,0,30,North America,<=50K
12711,"[40, 50[", Private,168216,Undergraduate,10,Married-civ-spouse,Nontechnical, Husband,*,Male,0,0,40,North America,>50K
12712,"[20, 30[", Private,214702,Professional Education,15,Married-civ-spouse,Technical, Husband,*,Male,0,0,42,North America,>50K
12713,"[60, 70[", Private,237620,High School,9,Married-civ-spouse,Technical, Husband,*,Male,0,0,30,North America,<=50K
12714,"[40, 50[", State-gov,54887,Graduate,16,Married-civ-spouse,Technical, Husband,*,Male,0,0,40,North America,>50K
12715,"[30, 40[", Self-emp-not-inc,164526,Graduate,16,Never-married,Technical, Not-in-family,*,Male,14084,0,45,North America,>50K
12717,"[50, 60[", Private,183870,High School,9,Divorced,Other, Not-in-family,*,Female,0,0,40,North America,<=50K
12718,"[40, 50[", Private,208330,Undergraduate,10,Married-civ-spouse,Nontechnical, Husband,*,Male,0,0,51,North America,<=50K
12719,"[60, 70[", Self-emp-inc,168370,Undergraduate,10,Married-civ-spouse,Nontechnical, Husband,*,Male,0,0,40,North America,<=50K
12721,"[20, 30[", Private,192384,Undergraduate,10,Married-civ-spouse,Nontechnical, Husband,*,Male,0,0,40,North America,>50K
12722,"[20, 30[", Private,167350,High School,8,Never-married,Nontechnical, Own-child,*,Male,0,0,40,North America,<=50K
12723,"[40, 50[", Self-emp-not-inc,103538,Professional Education,15,Married-civ-spouse,Technical, Husband,*,Male,0,0,65,North America,>50K
12724,"[20, 30[", Private,58522,High School,9,Married-civ-spouse,Technical, Husband,*,Male,0,0,40,North America,<=50K
12725,"[30, 40[", Private,191342,Undergraduate,13,Married-civ-spouse,Technical, Husband,*,Male,0,0,40,Asia,>50K
12726,"[20, 30[", Private,193820,Graduate,14,Never-married,Technical, Own-child,*,Female,0,0,35,North America,<=50K
12727,"[20, 30[", Private,258490,Undergraduate,10,Never-married,Nontechnical, Not-in-family,*,Female,0,0,35,North America,<=50K
12728,"[20, 30[", Private,56520,Undergraduate,10,Never-married,Other, Own-child,*,Male,0,0,40,North America,<=50K
12729,"[20, 30[", Private,102476,Undergraduate,13,Never-married,Technical, Not-in-family,*,Male,0,0,50,North America,<=50K
12730,"[40, 50[", Self-emp-inc,311357,Professional Education,15,Married-civ-spouse,Technical, Husband,*,Male,0,0,50,North America,>50K
12731,"[30, 40[", Private,166497,High School,9,Never-married,Other, Own-child,*,Male,0,0,38,North America,<=50K
12733,"[20, 30[", Private,338270,High School,9,Separated,Other, Unmarried,*,Female,0,0,40,North America,<=50K
12734,"[10, 20[", Private,282394,Undergraduate,10,Never-married,Nontechnical, Own-child,*,Female,0,0,21,North America,<=50K
12735,"[30, 40[", Private,383269,Undergraduate,13,Never-married,Nontechnical, Unmarried,*,Female,0,0,40,North America,<=50K
12736,"[50, 60[", Private,119386,Professional Education,11,Divorced,Other, Not-in-family,*,Female,0,0,60,North America,<=50K
12737,"[50, 60[", Private,196975,High School,9,Married-civ-spouse,Technical, Husband,*,Male,0,0,40,North America,>50K
12738,"[20, 30[", Private,334221,Undergraduate,10,Never-married,Other, Not-in-family,*,Female,0,0,18,North America,<=50K
12739,"[50, 60[", Private,27385,High School,9,Married-civ-spouse,Nontechnical, Husband,*,Male,0,0,60,North America,>50K
12740,"[20, 30[", State-gov,133846,Undergraduate,10,Never-married,Other, Own-child,*,Female,0,0,40,North America,<=50K
12741,"[30, 40[", Private,361888,High School,9,Married-civ-spouse,Other, Husband,*,Male,0,0,45,North America,>50K
12742,"[20, 30[", Private,230429,High School,9,Never-married,Technical, Not-in-family,*,Male,0,0,35,North America,<=50K
12743,"[40, 50[", Private,328776,High School,9,Divorced,Nontechnical, Unmarried,*,Female,0,0,40,North America,<=50K
12744,"[60, 70[", Private,243829,Graduate,14,Divorced,Technical, Not-in-family,*,Female,0,0,50,North America,<=50K
12745,"[30, 40[", Private,306646,Undergraduate,10,Married-civ-spouse,Nontechnical, Husband,*,Male,3103,0,50,North America,>50K
12746,"[50, 60[", Private,138179,Professional Education,12,Married-civ-spouse,Technical, Husband,*,Male,0,1902,40,North America,>50K
12747,"[30, 40[", Private,280069,Undergraduate,10,Never-married,Nontechnical, Not-in-family,*,Female,0,0,48,North America,<=50K
12749,"[60, 70[", Local-gov,164876,High School,9,Divorced,Other, Unmarried,*,Male,0,0,20,North America,<=50K
12750,"[20, 30[", Self-emp-inc,138597,Professional Education,12,Never-married,Technical, Other-relative,*,Female,0,0,40,North America,<=50K
12751,"[40, 50[", Private,111483,Undergraduate,13,Married-civ-spouse,Nontechnical, Husband,*,Male,7298,0,40,North America,>50K
12752,"[40, 50[", Private,144778,High School,9,Married-civ-spouse,Technical, Husband,*,Male,0,0,50,North America,<=50K
12753,"[50, 60[", Private,171015,High School,9,Widowed,Nontechnical, Unmarried,*,Female,0,0,40,North America,<=50K
12754,"[40, 50[", Private,112494,High School,9,Divorced,Other, Not-in-family,*,Male,0,0,45,North America,<=50K
12755,"[20, 30[", Private,408473,High School,8,Never-married,Nontechnical, Not-in-family,*,Male,0,0,40,North America,<=50K
12756,"[40, 50[", State-gov,27802,Professional Education,12,Married-civ-spouse,Technical, Husband,*,Male,0,0,38,North America,>50K
12757,"[30, 40[", Private,236318,High School,9,Never-married,Technical, Unmarried,*,Male,0,0,40,North America,<=50K
12759,"[40, 50[", Self-emp-not-inc,315971,Graduate,14,Never-married,Nontechnical, Not-in-family,*,Female,0,0,40,North America,<=50K
12760,"[20, 30[", Private,698418,Undergraduate,10,Never-married,Other, Own-child,*,Female,0,0,25,North America,<=50K
12761,"[20, 30[", Private,329530,High School,7,Married-civ-spouse,Technical, Husband,*,Male,0,0,40,North America,<=50K
12763,"[20, 30[", Private,282579,Undergraduate,10,Never-married,Other, Not-in-family,*,Male,0,0,40,North America,<=50K
12765,"[30, 40[", State-gov,364958,High School,9,Married-civ-spouse,Other, Husband,*,Male,3464,0,40,North America,<=50K
12766,"[20, 30[", Private,83998,Undergraduate,10,Never-married,Nontechnical, Not-in-family,*,Male,0,0,40,North America,<=50K
12767,"[20, 30[", Private,94364,Undergraduate,10,Never-married,Technical, Not-in-family,*,Female,0,0,20,North America,<=50K
12768,"[40, 50[", Private,174189,Undergraduate,10,Married-civ-spouse,Nontechnical, Husband,*,Male,0,0,60,North America,<=50K
12769,"[40, 50[", Local-gov,101967,Graduate,14,Married-civ-spouse,Technical, Wife,*,Female,0,0,40,North America,<=50K
12770,"[40, 50[", Private,146908,Graduate,16,Married-civ-spouse,Technical, Husband,*,Male,0,0,60,North America,>50K
12771,"[30, 40[", Private,126675,High School,9,Divorced,Technical, Not-in-family,*,Male,0,2205,40,North America,<=50K
12772,"[20, 30[", Private,31606,Undergraduate,10,Never-married,Other, Own-child,*,Female,0,0,25,Europe,<=50K
12774,"[20, 30[", Private,112459,Graduate,14,Never-married,Technical, Not-in-family,*,Female,0,0,45,North America,<=50K
12775,"[20, 30[", Private,48894,High School,9,Married-civ-spouse,Other, Own-child,*,Female,0,0,40,North America,<=50K
12776,"[30, 40[", Private,181943,Undergraduate,13,Never-married,Nontechnical, Not-in-family,*,Female,0,0,35,North America,<=50K
12777,"[40, 50[", Private,247685,Undergraduate,10,Divorced,Technical, Not-in-family,*,Male,3325,0,40,North America,<=50K
12778,"[20, 30[", Local-gov,195808,High School,9,Never-married,Other, Not-in-family,*,Male,0,0,40,North America,<=50K
12780,"[50, 60[", Local-gov,50178,Undergraduate,10,Married-civ-spouse,Technical, Husband,*,Male,4064,0,55,North America,<=50K
12781,"[60, 70[", Private,351711,Undergraduate,10,Married-civ-spouse,Other, Husband,*,Male,0,0,40,North America,<=50K
12782,"[30, 40[", State-gov,190305,Graduate,14,Married-civ-spouse,Technical, Husband,*,Male,0,0,50,North America,<=50K
12783,"[20, 30[", Private,464103,Primary School,2,Never-married,Technical, Not-in-family,*,Male,0,0,40,North America,<=50K
12784,"[10, 20[", ?,36348,Undergraduate,10,Never-married,Other, Own-child,*,Male,0,0,48,North America,<=50K
12786,"[20, 30[", Private,354095,Undergraduate,10,Never-married,Nontechnical, Not-in-family,*,Female,0,0,40,North America,<=50K
12787,"[10, 20[", Local-gov,308901,High School,7,Never-married,Other, Own-child,*,Female,0,0,15,North America,<=50K
12789,"[20, 30[", Private,369677,High School,6,Separated,Nontechnical, Not-in-family,*,Female,0,0,36,North America,<=50K
12790,"[40, 50[", Federal-gov,98524,Professional Education,12,Married-civ-spouse,Other, Husband,*,Male,0,0,40,North America,>50K
12792,"[50, 60[", Private,231232,High School,4,Married-civ-spouse,Technical, Husband,*,Male,0,0,40,North America,<=50K
12793,"[30, 40[", Private,236396,Undergraduate,13,Married-civ-spouse,Nontechnical, Husband,*,Male,0,1902,55,North America,>50K
12794,"[20, 30[", ?,119156,Undergraduate,13,Never-married,Other, Own-child,*,Male,0,0,40,North America,<=50K
12795,"[20, 30[", Private,320451,Undergraduate,10,Never-married,Other, Own-child,*,Male,0,0,24,Asia,<=50K
12796,"[40, 50[", Private,38397,High School,9,Divorced,Other, Not-in-family,*,Female,0,0,40,North America,<=50K
12797,"[50, 60[", Self-emp-inc,189183,Undergraduate,13,Married-civ-spouse,Nontechnical, Husband,*,Male,0,0,40,North America,<=50K
12798,"[40, 50[", Local-gov,199281,Undergraduate,13,Separated,Technical, Unmarried,*,Male,0,0,40,North America,<=50K
12799,"[50, 60[", Private,286342,High School,9,Divorced,Technical, Not-in-family,*,Female,0,0,38,North America,<=50K
12800,"[50, 60[", Private,152810,Undergraduate,13,Married-civ-spouse,Nontechnical, Husband,*,Male,0,0,40,North America,>50K
12801,"[20, 30[", Self-emp-inc,176981,Undergraduate,13,Never-married,Other, Own-child,*,Female,0,0,50,North America,<=50K
12802,"[10, 20[", Private,117549,High School,6,Never-married,Nontechnical, Other-relative,*,Female,0,0,12,North America,<=50K
12803,"[60, 70[", Private,254797,Undergraduate,10,Married-civ-spouse,Nontechnical, Husband,*,Male,0,0,40,North America,<=50K
12804,"[50, 60[", Private,133336,High School,9,Married-civ-spouse,Technical, Husband,*,Male,0,0,40,North America,>50K
12805,"[20, 30[", Self-emp-not-inc,182826,High School,9,Married-civ-spouse,Technical, Husband,*,Male,0,0,35,North America,<=50K
12806,"[50, 60[", Private,136224,Undergraduate,13,Divorced,Other, Not-in-family,*,Female,0,0,40,North America,<=50K
12807,"[30, 40[", Self-emp-not-inc,134475,Undergraduate,13,Divorced,Other, Not-in-family,*,Male,0,1762,40,North America,<=50K
12808,"[40, 50[", Private,272778,Undergraduate,10,Divorced,Other, Unmarried,*,Female,0,0,32,North America,<=50K
12809,"[40, 50[", Private,279183,Undergraduate,10,Married-civ-spouse,Other, Own-child,*,Female,0,0,40,North America,>50K
12810,"[40, 50[", Private,110243,High School,7,Married-civ-spouse,Other, Husband,*,Male,0,0,40,North America,<=50K
12811,"[50, 60[", Private,202071,High School,9,Widowed,Technical, Own-child,*,Female,0,0,40,North America,<=50K
12812,"[50, 60[", Private,197642,Undergraduate,10,Never-married,Other, Not-in-family,*,Female,0,0,39,North America,<=50K
12813,"[10, 20[", Private,125591,High School,7,Never-married,Other, Not-in-family,*,Female,0,0,40,North America,<=50K
12814,"[40, 50[", Private,197462,Undergraduate,13,Married-civ-spouse,Technical, Husband,*,Male,0,0,40,North America,>50K
12815,"[20, 30[", Private,238831,Undergraduate,10,Never-married,Other, Own-child,*,Male,0,0,40,North America,<=50K
12817,"[40, 50[", Local-gov,240504,Professional Education,12,Married-civ-spouse,Nontechnical, Husband,*,Male,0,0,40,North America,>50K
12818,"[40, 50[", Self-emp-inc,125892,Undergraduate,10,Married-civ-spouse,Nontechnical, Husband,*,Male,0,0,38,North America,>50K
12819,"[40, 50[", Private,154430,Graduate,14,Divorced,Nontechnical, Not-in-family,*,Female,0,0,50,North America,>50K
12820,"[30, 40[", Private,207685,High School,9,Married-civ-spouse,Nontechnical, Wife,*,Female,3908,0,40,North America,<=50K
12821,"[50, 60[", Private,222020,High School,9,Married-civ-spouse,Technical, Husband,*,Male,0,0,40,North America,<=50K
12822,"[10, 20[", Private,243240,High School,9,Never-married,Technical, Not-in-family,*,Male,0,0,37,North America,<=50K
12823,"[20, 30[", Private,158734,Graduate,14,Never-married,Nontechnical, Not-in-family,*,Female,0,0,30,North America,<=50K
12824,"[30, 40[", Private,257691,Undergraduate,13,Never-married,Nontechnical, Not-in-family,*,Female,0,0,20,North America,<=50K
12826,"[10, 20[", Private,209826,Undergraduate,10,Never-married,Nontechnical, Own-child,*,Female,0,0,15,North America,<=50K
12827,"[50, 60[", Private,30244,Professional Education,12,Married-civ-spouse,Nontechnical, Husband,*,Male,15024,0,40,North America,>50K
12828,"[50, 60[", Private,133050,Undergraduate,10,Never-married,Nontechnical, Not-in-family,*,Male,0,0,41,North America,<=50K
12829,"[20, 30[", Private,138332,Undergraduate,10,Married-civ-spouse,Other, Own-child,*,Female,0,0,6,North America,<=50K
12831,"[30, 40[", Private,526968,Graduate,14,Never-married,Technical, Not-in-family,*,Female,0,0,38,North America,>50K
12832,"[40, 50[", Private,79036,Professional Education,11,Divorced,Other, Not-in-family,*,Male,0,0,50,North America,>50K
12834,"[10, 20[", Private,270544,High School,8,Never-married,Other, Own-child,*,Female,0,0,30,North America,<=50K
12835,"[40, 50[", State-gov,199551,High School,7,Separated,Technical, Not-in-family,*,Male,0,0,40,North America,<=50K
12836,"[30, 40[", Private,231052,High School,9,Separated,Other, Unmarried,*,Female,0,0,35,North America,<=50K
12837,"[60, 70[", State-gov,203072,Graduate,16,Married-civ-spouse,Technical, Husband,*,Male,0,0,50,North America,>50K
12838,"[10, 20[", Private,126771,High School,8,Never-married,Technical, Own-child,*,Male,0,0,7,North America,<=50K
12839,"[30, 40[", Private,31848,Professional Education,11,Married-civ-spouse,Technical, Husband,*,Male,0,0,40,North America,>50K
12840,"[20, 30[", Private,328981,High School,9,Never-married,Technical, Unmarried,*,Male,0,0,40,North America,<=50K
12841,"[50, 60[", Private,159670,Professional Education,12,Married-civ-spouse,Nontechnical, Husband,*,Male,0,0,40,North America,<=50K
12842,"[20, 30[", Private,450695,Professional Education,12,Never-married,Nontechnical, Not-in-family,*,Male,0,0,35,North America,<=50K
12843,"[50, 60[", Private,182028,Undergraduate,13,Married-civ-spouse,Nontechnical, Wife,*,Female,0,0,40,North America,<=50K
12844,"[10, 20[", Private,349620,High School,6,Never-married,Technical, Own-child,*,Female,0,0,40,North America,<=50K
12845,"[30, 40[", Private,161066,High School,9,Divorced,Technical, Not-in-family,*,Male,0,0,50,North America,<=50K
12846,"[40, 50[", Private,213611,High School,4,Married-spouse-absent,Other, Unmarried,*,Female,0,1594,24,North America,<=50K
12847,"[20, 30[", Private,548303,High School,9,Married-civ-spouse,Technical, Own-child,*,Male,0,0,40,North America,>50K
12848,"[20, 30[", Private,150861,Undergraduate,10,Never-married,Other, Not-in-family,*,Female,0,0,40,Asia,<=50K
12849,"[30, 40[", ?,335625,Undergraduate,10,Divorced,Other, Not-in-family,*,Female,0,0,40,North America,<=50K
12850,"[20, 30[", Private,133766,High School,9,Married-civ-spouse,Other, Husband,*,Male,0,0,70,North America,<=50K
12851,"[20, 30[", Private,200511,High School,9,Separated,Other, Not-in-family,*,Male,0,0,55,North America,<=50K
12852,"[20, 30[", Private,50103,Undergraduate,10,Married-civ-spouse,Nontechnical, Wife,*,Female,0,0,40,North America,<=50K
12853,"[30, 40[", ?,148266,Professional Education,15,Married-civ-spouse,Other, Husband,*,Male,0,0,6,North America,<=50K
12854,"[40, 50[", Private,177211,Undergraduate,13,Married-civ-spouse,Other, Husband,*,Male,0,0,40,North America,<=50K
12855,"[20, 30[", Private,132686,Undergraduate,13,Married-civ-spouse,Nontechnical, Husband,*,Male,0,0,55,North America,<=50K
12856,"[50, 60[", Federal-gov,21626,Undergraduate,10,Divorced,Other, Not-in-family,*,Male,0,0,40,North America,<=50K
12857,"[60, 70[", Private,52900,High School,4,Married-civ-spouse,Other, Husband,*,Male,0,0,40,North America,<=50K
12858,"[20, 30[", ?,150084,High School,9,Never-married,Other, Own-child,*,Male,0,0,25,North America,<=50K
12859,"[30, 40[", Private,248886,High School,9,Married-civ-spouse,Other, Husband,*,Male,0,0,42,North America,<=50K
12860,"[50, 60[", Self-emp-not-inc,118259,High School,9,Married-civ-spouse,Technical, Husband,*,Male,3137,0,60,North America,<=50K
12861,"[60, 70[", Private,145493,Undergraduate,10,Divorced,Other, Not-in-family,*,Female,0,0,40,North America,<=50K
12862,"[30, 40[", Private,219546,Undergraduate,13,Married-civ-spouse,Nontechnical, Other-relative,*,Male,3411,0,47,North America,<=50K
12863,"[40, 50[", Federal-gov,399155,High School,9,Never-married,Technical, Own-child,*,Female,0,0,40,North America,<=50K
12864,"[10, 20[", Self-emp-not-inc,227310,Undergraduate,10,Never-married,Other, Own-child,*,Female,0,0,25,North America,<=50K
12866,"[50, 60[", Private,231495,High School,9,Married-civ-spouse,Other, Husband,*,Male,0,0,40,North America,<=50K
12867,"[30, 40[", Federal-gov,133935,Undergraduate,13,Married-civ-spouse,Technical, Husband,*,Male,0,0,40,North America,>50K
12868,"[40, 50[", Federal-gov,55237,Undergraduate,10,Divorced,Technical, Unmarried,*,Male,0,0,40,North America,<=50K
12869,"[10, 20[", Private,183034,Undergraduate,10,Never-married,Nontechnical, Own-child,*,Male,0,0,35,North America,<=50K
12870,"[30, 40[", Private,245487,Primary School,3,Married-civ-spouse,Technical, Husband,*,Male,0,0,40,North America,<=50K
12871,"[30, 40[", Private,185480,Professional Education,11,Divorced,Other, Unmarried,*,Female,0,0,40,North America,<=50K
12872,"[30, 40[", Private,114251,High School,9,Married-civ-spouse,Technical, Husband,*,Male,0,0,40,North America,>50K
12873,"[20, 30[", Private,181814,High School,9,Never-married,Technical, Other-relative,*,Female,0,0,40,North America,<=50K
12874,"[30, 40[", Private,340917,Graduate,14,Married-civ-spouse,Nontechnical, Husband,*,Male,15024,0,60,North America,>50K
12875,"[30, 40[", Private,241998,Undergraduate,13,Married-civ-spouse,Technical, Husband,*,Male,0,1977,40,North America,>50K
12876,"[30, 40[", Self-emp-inc,125324,Undergraduate,10,Married-civ-spouse,Nontechnical, Husband,*,Male,0,0,80,North America,>50K
12877,"[30, 40[", Private,34744,Professional Education,12,Divorced,Other, Unmarried,*,Female,0,0,37,North America,<=50K
12878,"[50, 60[", Private,131608,Undergraduate,10,Married-civ-spouse,Nontechnical, Husband,*,Male,0,0,40,North America,>50K
12880,"[50, 60[", Private,124137,High School,9,Divorced,Other, Not-in-family,*,Male,0,0,41,North America,<=50K
12881,"[10, 20[", Private,96282,High School,6,Never-married,Other, Own-child,*,Male,0,0,14,North America,<=50K
12882,"[40, 50[", Private,337050,Graduate,14,Married-civ-spouse,Nontechnical, Husband,*,Male,0,1977,45,North America,>50K
12883,"[50, 60[", Private,229335,High School,9,Divorced,Other, Not-in-family,*,Female,0,0,40,North America,<=50K
12884,"[60, 70[", State-gov,199495,High School,8,Married-civ-spouse,Technical, Husband,*,Male,0,0,40,North America,<=50K
12885,"[20, 30[", Private,111675,Undergraduate,10,Married-civ-spouse,Nontechnical, Husband,*,Male,0,0,43,North America,<=50K
12886,"[20, 30[", Private,139209,High School,9,Never-married,Technical, Unmarried,*,Female,0,0,40,North America,<=50K
12887,"[50, 60[", Self-emp-not-inc,32372,High School,9,Married-civ-spouse,Other, Husband,*,Male,0,0,30,North America,<=50K
12888,"[30, 40[", Self-emp-not-inc,203784,Professional Education,11,Married-civ-spouse,Other, Husband,*,Male,0,0,62,North America,<=50K
12889,"[30, 40[", Private,164190,Professional Education,11,Married-civ-spouse,Technical, Husband,*,Male,7298,0,40,North America,>50K
12890,"[30, 40[", Private,64875,Undergraduate,10,Never-married,Other, Unmarried,*,Male,0,0,60,North America,<=50K
12891,"[50, 60[", Private,41806,High School,7,Married-civ-spouse,Technical, Husband,*,Male,0,0,40,North America,<=50K
12892,"[20, 30[", Private,208725,Professional Education,12,Never-married,Nontechnical, Not-in-family,*,Male,0,0,42,North America,<=50K
12895,"[40, 50[", Private,203554,Graduate,14,Married-civ-spouse,Nontechnical, Husband,*,Male,0,0,60,North America,>50K
12896,"[30, 40[", Private,252947,Undergraduate,13,Never-married,Technical, Not-in-family,*,Male,0,1719,32,North America,<=50K
12897,"[30, 40[", Private,170861,Undergraduate,10,Never-married,Other, Own-child,*,Female,0,0,40,North America,<=50K
12898,"[40, 50[", Private,199590,High School,9,Married-civ-spouse,Other, Husband,*,Male,0,0,40,North America,>50K
12900,"[30, 40[", Private,195576,High School,9,Married-civ-spouse,Nontechnical, Husband,*,Male,4386,0,60,North America,<=50K
12902,"[20, 30[", State-gov,183678,Undergraduate,13,Never-married,Technical, Not-in-family,*,Female,0,0,50,North America,<=50K
12903,"[50, 60[", Private,209320,Undergraduate,13,Married-civ-spouse,Nontechnical, Husband,*,Male,0,0,40,North America,>50K
12904,"[50, 60[", Self-emp-inc,206862,High School,9,Married-civ-spouse,Nontechnical, Husband,*,Male,0,0,36,North America,>50K
12905,"[30, 40[", Private,168941,High School,7,Divorced,Technical, Not-in-family,*,Male,0,0,40,North America,<=50K
12906,"[50, 60[", Self-emp-not-inc,201263,Undergraduate,13,Married-civ-spouse,Nontechnical, Husband,*,Male,15024,0,55,North America,>50K
12907,"[10, 20[", Private,75333,High School,6,Never-married,Nontechnical, Own-child,*,Female,0,0,24,North America,<=50K
12908,"[60, 70[", ?,299494,High School,7,Married-civ-spouse,Other, Husband,*,Male,1797,0,40,North America,<=50K
12909,"[50, 60[", Self-emp-not-inc,163212,High School,9,Widowed,Other, Unmarried,*,Female,99999,0,40,North America,>50K
12910,"[50, 60[", Private,139290,High School,9,Divorced,Other, Not-in-family,*,Male,0,0,38,North America,<=50K
12911,"[30, 40[", Private,400416,High School,6,Never-married,Other, Own-child,*,Male,0,0,20,North America,<=50K
12912,"[40, 50[", Self-emp-not-inc,223763,Graduate,14,Married-civ-spouse,Technical, Husband,*,Male,0,0,65,North America,<=50K
12914,"[50, 60[", Private,175804,High School,9,Married-civ-spouse,Nontechnical, Husband,*,Male,0,0,48,North America,<=50K
12915,"[10, 20[", Private,91525,High School,9,Never-married,Nontechnical, Other-relative,*,Male,0,0,25,North America,<=50K
12916,"[10, 20[", Private,279968,Undergraduate,10,Never-married,Other, Own-child,*,Female,0,0,20,North America,<=50K
12917,"[20, 30[", Private,77698,Undergraduate,10,Married-civ-spouse,Technical, Wife,*,Female,0,0,40,North America,<=50K
12918,"[60, 70[", ?,198686,Professional Education,12,Married-civ-spouse,Other, Husband,*,Male,0,0,2,North America,>50K
12919,"[60, 70[", ?,190340,High School,7,Married-civ-spouse,Other, Husband,*,Male,0,0,40,North America,<=50K
12920,"[40, 50[", Private,113491,Undergraduate,10,Married-civ-spouse,Technical, Husband,*,Male,0,0,40,North America,>50K
12921,"[20, 30[", Private,202878,High School,9,Never-married,Technical, Not-in-family,*,Male,0,0,50,North America,<=50K
12922,"[20, 30[", Private,108431,Undergraduate,10,Never-married,Technical, Not-in-family,*,Male,0,0,40,North America,<=50K
12923,"[30, 40[", Private,194490,High School,9,Divorced,Other, Unmarried,*,Female,0,0,38,North America,<=50K
12924,"[30, 40[", Private,48093,Undergraduate,13,Never-married,Technical, Not-in-family,*,Male,0,0,90,North America,>50K
12925,"[20, 30[", Private,136824,High School,7,Never-married,Other, Not-in-family,*,Male,0,0,40,North America,<=50K
12926,"[20, 30[", Private,143280,High School,6,Never-married,Other, Own-child,*,Female,0,0,24,North America,<=50K
12927,"[20, 30[", Private,150062,High School,9,Married-civ-spouse,Nontechnical, Husband,*,Male,0,0,50,North America,<=50K
12928,"[20, 30[", Local-gov,298510,High School,9,Divorced,Other, Own-child,*,Male,0,0,40,North America,<=50K
12929,"[20, 30[", Private,177147,Undergraduate,13,Never-married,Other, Not-in-family,*,Male,6849,0,65,North America,<=50K
12930,"[50, 60[", Private,115025,High School,9,Married-civ-spouse,Technical, Husband,*,Male,0,0,40,North America,<=50K
12931,"[40, 50[", Private,350440,High School,9,Married-civ-spouse,Nontechnical, Husband,*,Male,0,0,40,North America,>50K
12932,"[60, 70[", Private,83850,High School,9,Married-civ-spouse,Nontechnical, Husband,*,Male,0,0,40,North America,<=50K
12933,"[30, 40[", Private,62669,Undergraduate,10,Married-civ-spouse,Nontechnical, Husband,*,Male,0,0,55,North America,>50K
12934,"[20, 30[", Private,229773,High School,9,Never-married,Technical, Own-child,*,Male,0,0,40,North America,<=50K
12935,"[40, 50[", Local-gov,196234,High School,9,Divorced,Technical, Own-child,*,Female,0,0,40,North America,<=50K
12936,"[60, 70[", ?,163595,High School,9,Widowed,Other, Not-in-family,*,Female,0,0,20,North America,<=50K
12937,"[40, 50[", Private,157249,Undergraduate,13,Married-civ-spouse,Technical, Husband,*,Male,0,1977,50,North America,>50K
12938,"[60, 70[", Private,80174,High School,9,Divorced,Nontechnical, Other-relative,*,Female,1848,0,50,North America,<=50K
12939,"[50, 60[", Self-emp-inc,49069,Undergraduate,10,Married-civ-spouse,Other, Wife,*,Female,0,0,40,North America,>50K
12940,"[30, 40[", Private,122952,High School,9,Separated,Technical, Unmarried,*,Female,0,0,35,North America,<=50K
12941,"[10, 20[", Private,123856,High School,7,Never-married,Nontechnical, Own-child,*,Female,0,0,49,North America,<=50K
12942,"[20, 30[", Private,216181,Professional Education,11,Never-married,Technical, Own-child,*,Male,0,0,40,North America,<=50K
12943,"[50, 60[", Private,180062,Undergraduate,10,Married-civ-spouse,Nontechnical, Husband,*,Male,0,0,60,North America,<=50K
12944,"[20, 30[", Private,188535,High School,9,Never-married,Technical, Not-in-family,*,Male,0,0,44,North America,<=50K
12945,"[60, 70[", Self-emp-not-inc,106143,Graduate,16,Married-civ-spouse,Nontechnical, Husband,*,Male,20051,0,40,North America,>50K
12946,"[60, 70[", Self-emp-not-inc,170421,Undergraduate,10,Widowed,Technical, Not-in-family,*,Female,0,0,8,North America,<=50K
12947,"[20, 30[", Private,283087,Undergraduate,10,Never-married,Nontechnical, Own-child,*,Male,0,0,40,North America,<=50K
12948,"[30, 40[", Federal-gov,341051,Graduate,14,Married-civ-spouse,Other, Husband,*,Male,0,0,50,North America,>50K
12949,"[30, 40[", Self-emp-not-inc,34378,High School,9,Married-civ-spouse,Other, Husband,*,Male,0,0,50,North America,<=50K
12950,"[20, 30[", Private,380674,High School,9,Never-married,Nontechnical, Own-child,*,Male,0,0,52,North America,<=50K
12951,"[10, 20[", Private,304469,High School,6,Never-married,Other, Own-child,*,Male,0,0,25,North America,<=50K
12952,"[30, 40[", Private,99146,High School,9,Married-civ-spouse,Nontechnical, Husband,*,Male,0,0,50,North America,>50K
12953,"[20, 30[", Private,205109,Graduate,14,Never-married,Technical, Not-in-family,*,Female,0,0,40,North America,<=50K
12954,"[30, 40[", Private,99156,High School,9,Separated,Other, Own-child,*,Male,0,0,35,North America,<=50K
12955,"[40, 50[", Private,97842,Undergraduate,10,Married-civ-spouse,Technical, Husband,*,Male,0,0,65,North America,<=50K
12956,"[10, 20[", Private,100875,High School,7,Never-married,Other, Unmarried,*,Female,0,0,28,North America,<=50K
12957,"[50, 60[", Private,200576,Undergraduate,10,Divorced,Other, Not-in-family,*,Female,0,0,63,North America,<=50K
12958,"[30, 40[", Private,355053,High School,9,Separated,Other, Unmarried,*,Female,0,0,28,North America,<=50K
12960,"[30, 40[", Local-gov,117760,Professional Education,11,Never-married,Other, Not-in-family,*,Male,4650,0,40,North America,<=50K
12961,"[30, 40[", Private,117567,Undergraduate,13,Married-civ-spouse,Nontechnical, Husband,*,Male,0,0,60,North America,>50K
12962,"[30, 40[", Federal-gov,189632,High School,9,Married-civ-spouse,Other, Wife,*,Female,0,0,40,North America,>50K
12963,"[20, 30[", Private,170108,Undergraduate,10,Never-married,Other, Own-child,*,Male,0,0,40,North America,<=50K
12964,"[40, 50[", State-gov,27243,Graduate,16,Married-civ-spouse,Technical, Husband,*,Male,7688,0,45,North America,>50K
12965,"[30, 40[", Private,192663,High School,9,Separated,Nontechnical, Not-in-family,*,Female,0,0,35,North America,<=50K
12966,"[20, 30[", Private,526164,Undergraduate,13,Never-married,Other, Unmarried,*,Female,0,0,40,North America,<=50K
12967,"[50, 60[", Self-emp-not-inc,146579,High School,9,Divorced,Nontechnical, Unmarried,*,Male,0,0,40,North America,<=50K
12968,"[20, 30[", Private,60288,High School,9,Never-married,Other, Own-child,*,Female,0,0,40,North America,<=50K
12969,"[20, 30[", State-gov,241951,Undergraduate,10,Never-married,Technical, Not-in-family,*,Male,0,0,40,North America,<=50K
12970,"[40, 50[", Self-emp-inc,213140,Undergraduate,10,Married-civ-spouse,Nontechnical, Husband,*,Male,0,0,40,North America,>50K
12971,"[10, 20[", Private,218124,High School,7,Never-married,Nontechnical, Own-child,*,Female,0,0,20,North America,<=50K
12972,"[20, 30[", Self-emp-not-inc,279802,Undergraduate,10,Never-married,Technical, Own-child,*,Female,0,0,3,North America,<=50K
12973,"[20, 30[", Private,153078,High School,9,Never-married,Other, Own-child,*,Male,0,0,80,Unknown,>50K
12974,"[40, 50[", Private,167919,High School,9,Married-civ-spouse,Technical, Husband,*,Male,0,0,40,North America,<=50K
12976,"[20, 30[", Private,193158,High School,9,Divorced,Nontechnical, Own-child,*,Female,0,0,40,North America,<=50K
12977,"[40, 50[", Private,172032,High School,9,Married-civ-spouse,Other, Husband,*,Male,0,0,40,North America,<=50K
12978,"[20, 30[", Private,39484,Undergraduate,13,Married-civ-spouse,Other, Husband,*,Male,7298,0,42,North America,>50K
12979,"[40, 50[", Private,84298,Professional Education,11,Married-civ-spouse,Nontechnical, Husband,*,Male,0,1977,50,North America,>50K
12981,"[10, 20[", ?,262196,High School,6,Never-married,Other, Own-child,*,Male,0,0,8,North America,<=50K
12982,"[40, 50[", Federal-gov,125892,Undergraduate,13,Married-civ-spouse,Nontechnical, Husband,*,Male,0,0,40,North America,>50K
12983,"[20, 30[", Private,134890,Undergraduate,13,Never-married,Technical, Own-child,*,Male,0,0,50,North America,<=50K
12984,"[60, 70[", Self-emp-not-inc,261119,High School,9,Divorced,Technical, Unmarried,*,Female,0,0,40,North America,<=50K
12986,"[50, 60[", Self-emp-not-inc,118793,High School,6,Married-civ-spouse,Technical, Husband,*,Male,0,0,50,North America,>50K
12987,"[10, 20[", Private,184207,Undergraduate,10,Never-married,Nontechnical, Not-in-family,*,Male,0,0,40,North America,<=50K
12988,"[20, 30[", Self-emp-not-inc,191027,High School,9,Divorced,Other, Not-in-family,*,Male,0,0,40,North America,<=50K
12989,"[20, 30[", Private,207782,Professional Education,12,Never-married,Nontechnical, Own-child,*,Male,0,0,20,North America,<=50K
12990,"[40, 50[", Self-emp-not-inc,209146,High School,9,Married-civ-spouse,Other, Husband,*,Male,0,0,60,North America,<=50K
12991,"[70, 80[", ?,79445,High School,6,Married-civ-spouse,Other, Husband,*,Male,1173,0,40,North America,<=50K
12992,"[10, 20[", Private,187724,Undergraduate,10,Never-married,Other, Own-child,*,Female,0,0,25,North America,<=50K
12993,"[20, 30[", Private,66777,Professional Education,11,Married-civ-spouse,Other, Other-relative,*,Female,3137,0,40,North America,<=50K
12994,"[50, 60[", Private,158002,Undergraduate,10,Married-civ-spouse,Nontechnical, Husband,*,Male,0,0,40,North America,<=50K
12995,"[10, 20[", Self-emp-not-inc,305834,Undergraduate,10,Never-married,Technical, Own-child,*,Female,0,0,25,North America,<=50K
12997,"[20, 30[", Private,211798,Undergraduate,10,Never-married,Technical, Own-child,*,Male,0,0,40,North America,<=50K
12998,"[50, 60[", Self-emp-not-inc,123011,Professional Education,15,Married-civ-spouse,Technical, Husband,*,Male,0,0,50,North America,>50K
12999,"[30, 40[", Private,36302,Undergraduate,13,Married-civ-spouse,Technical, Husband,*,Male,0,0,50,North America,<=50K
13000,"[50, 60[", Self-emp-not-inc,176867,Graduate,16,Married-civ-spouse,Technical, Husband,*,Male,3781,0,40,North America,<=50K
13002,"[20, 30[", Private,38232,Undergraduate,13,Never-married,Technical, Not-in-family,*,Male,0,0,50,North America,<=50K
13003,"[60, 70[", State-gov,277657,High School,9,Widowed,Other, Not-in-family,*,Female,0,0,24,North America,<=50K
13004,"[30, 40[", Private,32271,Undergraduate,10,Married-civ-spouse,Technical, Husband,*,Male,0,0,40,North America,<=50K
13005,"[40, 50[", Private,116825,Professional Education,15,Married-civ-spouse,Technical, Husband,*,Male,15024,0,80,North America,>50K
13006,"[20, 30[", Self-emp-not-inc,226198,High School,9,Divorced,Nontechnical, Not-in-family,*,Female,0,0,40,North America,<=50K
13007,"[10, 20[", Private,28145,High School,9,Never-married,Other, Own-child,*,Female,0,0,52,North America,<=50K
13008,"[30, 40[", Private,140477,High School,9,Never-married,Technical, Not-in-family,*,Female,0,0,10,North America,<=50K
13009,"[50, 60[", Private,165050,High School,6,Married-civ-spouse,Technical, Husband,*,Male,0,0,40,North America,>50K
13010,"[30, 40[", Self-emp-inc,202937,Graduate,14,Married-civ-spouse,Technical, Wife,*,Female,0,0,40,North America,>50K
13011,"[30, 40[", Private,316298,Undergraduate,13,Never-married,Technical, Own-child,*,Male,0,0,40,North America,<=50K
13012,"[30, 40[", Private,203070,Professional Education,11,Married-civ-spouse,Nontechnical, Husband,*,Male,0,0,49,North America,<=50K
13014,"[20, 30[", Private,176137,High School,9,Never-married,Other, Own-child,*,Female,0,0,32,North America,<=50K
13015,"[50, 60[", Self-emp-not-inc,103948,Professional Education,15,Married-civ-spouse,Technical, Husband,*,Male,0,0,30,North America,>50K
13016,"[40, 50[", Local-gov,39581,Professional Education,15,Separated,Technical, Own-child,*,Female,0,0,40,North America,<=50K
13018,"[30, 40[", Private,226975,Undergraduate,10,Never-married,Nontechnical, Own-child,*,Male,0,1876,60,North America,<=50K
13019,"[40, 50[", State-gov,154493,High School,9,Divorced,Nontechnical, Unmarried,*,Female,0,0,44,North America,<=50K
13020,"[30, 40[", Self-emp-not-inc,137223,High School,6,Never-married,Other, Own-child,*,Female,0,0,40,North America,<=50K
13021,"[20, 30[", Private,102323,High School,9,Never-married,Technical, Own-child,*,Male,0,0,40,North America,<=50K
13022,"[50, 60[", Private,257765,High School,4,Divorced,Technical, Not-in-family,*,Male,0,0,40,North America,<=50K
13023,"[50, 60[", Private,42924,High School,8,Married-civ-spouse,Technical, Husband,*,Male,0,0,45,North America,<=50K
13024,"[40, 50[", Private,167599,High School,7,Married-civ-spouse,Nontechnical, Wife,*,Female,0,0,25,North America,<=50K
13027,"[30, 40[", Private,52738,Undergraduate,10,Married-civ-spouse,Technical, Husband,*,Male,0,0,46,North America,<=50K
13028,"[50, 60[", Private,98418,High School,9,Divorced,Other, Not-in-family,*,Male,0,0,30,North America,<=50K
13029,"[30, 40[", Private,381153,High School,9,Never-married,Technical, Not-in-family,*,Male,0,0,40,North America,<=50K
13030,"[50, 60[", Private,103700,High School,9,Widowed,Other, Unmarried,*,Female,0,0,40,North America,<=50K
13031,"[30, 40[", Private,298635,Undergraduate,13,Never-married,Nontechnical, Not-in-family,*,Male,0,0,50,North America,<=50K
13032,"[30, 40[", Private,127895,Undergraduate,10,Never-married,Other, Own-child,*,Female,0,0,40,North America,<=50K
13033,"[40, 50[", Self-emp-inc,212760,Undergraduate,13,Married-civ-spouse,Nontechnical, Husband,*,Male,0,0,60,North America,>50K
13035,"[60, 70[", Private,181200,High School,8,Married-civ-spouse,Other, Husband,*,Male,0,0,40,North America,<=50K
13036,"[40, 50[", Private,257364,Undergraduate,10,Divorced,Other, Not-in-family,*,Male,0,0,45,North America,<=50K
13037,"[50, 60[", Private,283281,High School,4,Married-civ-spouse,Technical, Husband,*,Male,0,0,40,North America,<=50K
13038,"[50, 60[", Private,214502,High School,5,Married-civ-spouse,Nontechnical, Husband,*,Male,0,0,50,North America,>50K
13039,"[40, 50[", Private,69333,High School,9,Married-civ-spouse,Technical, Husband,*,Male,0,0,45,North America,>50K
13040,"[20, 30[", Private,190060,High School,9,Married-civ-spouse,Nontechnical, Husband,*,Male,0,0,40,North America,>50K
13041,"[50, 60[", Private,95864,High School,9,Never-married,Other, Other-relative,*,Male,0,0,35,North America,<=50K
13042,"[70, 80[", ?,144872,Undergraduate,10,Married-civ-spouse,Other, Husband,*,Male,6514,0,40,North America,>50K
13043,"[10, 20[", ?,275778,High School,5,Never-married,Other, Own-child,*,Female,0,0,25,North America,<=50K
13044,"[40, 50[", Private,27332,High School,9,Divorced,Nontechnical, Not-in-family,*,Female,0,0,40,North America,<=50K
13045,"[20, 30[", Private,24395,High School,9,Never-married,Nontechnical, Own-child,*,Female,0,0,30,North America,<=50K
13046,"[20, 30[", Private,330695,Undergraduate,10,Married-civ-spouse,Nontechnical, Husband,*,Male,0,0,50,North America,<=50K
13047,"[40, 50[", Self-emp-not-inc,171615,Undergraduate,10,Never-married,Technical, Not-in-family,*,Male,0,0,35,North America,>50K
13048,"[20, 30[", Private,116372,Undergraduate,13,Never-married,Nontechnical, Not-in-family,*,Female,0,0,60,North America,<=50K
13049,"[20, 30[", Private,38599,High School,8,Never-married,Other, Not-in-family,*,Male,0,0,40,North America,<=50K
13050,"[10, 20[", Local-gov,202184,Undergraduate,10,Never-married,Other, Own-child,*,Male,0,0,15,North America,<=50K
13051,"[20, 30[", Private,315303,High School,9,Never-married,Nontechnical, Own-child,*,Male,0,0,25,North America,<=50K
13052,"[30, 40[", Private,103456,Undergraduate,13,Separated,Technical, Unmarried,*,Male,0,0,40,North America,<=50K
13054,"[10, 20[", Private,317425,High School,7,Never-married,Other, Own-child,*,Male,0,0,7,North America,<=50K
13055,"[50, 60[", Private,216941,High School,9,Divorced,Nontechnical, Unmarried,*,Female,0,0,40,North America,<=50K
13056,"[30, 40[", Private,116541,Graduate,14,Never-married,Technical, Own-child,*,Male,0,0,44,North America,>50K
13057,"[40, 50[", Private,186396,High School,5,Never-married,Technical, Not-in-family,*,Female,0,0,20,North America,<=50K
13058,"[40, 50[", Private,273194,High School,9,Married-civ-spouse,Technical, Husband,*,Male,3137,0,35,North America,<=50K
13059,"[20, 30[", Private,385540,High School,9,Married-civ-spouse,Nontechnical, Husband,*,Male,0,0,40,North America,<=50K
13060,"[60, 70[", Private,201631,High School,5,Married-civ-spouse,Other, Husband,*,Male,0,0,40,North America,<=50K
13061,"[40, 50[", Private,439919,High School,5,Married-civ-spouse,Technical, Husband,*,Male,0,0,40,North America,<=50K
13062,"[20, 30[", Private,182117,Undergraduate,13,Never-married,Other, Other-relative,*,Male,0,0,20,North America,<=50K
13063,"[20, 30[", State-gov,334113,Undergraduate,10,Married-civ-spouse,Other, Husband,*,Male,0,0,40,North America,<=50K
13064,"[40, 50[", Private,184837,High School,9,Married-civ-spouse,Technical, Wife,*,Female,7298,0,40,North America,>50K
13065,"[40, 50[", ?,228372,Undergraduate,10,Married-civ-spouse,Other, Husband,*,Male,0,0,20,North America,>50K
13066,"[40, 50[", Federal-gov,211123,High School,9,Married-civ-spouse,Technical, Husband,*,Male,0,0,40,North America,<=50K
13067,"[40, 50[", Self-emp-inc,38819,High School,9,Married-civ-spouse,Technical, Husband,*,Male,0,0,36,North America,<=50K
13068,"[60, 70[", Private,162391,High School,4,Married-civ-spouse,Other, Husband,*,Male,0,1651,40,North America,<=50K
13069,"[20, 30[", ?,302836,Professional Education,12,Married-civ-spouse,Other, Husband,*,Male,0,0,40,North America,<=50K
13070,"[30, 40[", State-gov,89040,Undergraduate,13,Married-civ-spouse,Nontechnical, Husband,*,Male,0,0,40,North America,>50K
13071,"[40, 50[", Private,264210,Undergraduate,10,Married-civ-spouse,Other, Wife,*,Female,0,0,20,North America,<=50K
13072,"[10, 20[", Private,87157,High School,8,Never-married,Other, Own-child,*,Male,0,0,25,North America,<=50K
13073,"[20, 30[", Self-emp-not-inc,398918,Undergraduate,13,Never-married,Technical, Not-in-family,*,Male,0,0,50,North America,>50K
13074,"[60, 70[", ?,123612,Undergraduate,13,Married-civ-spouse,Other, Husband,*,Male,0,0,4,North America,<=50K
13075,"[20, 30[", Private,155818,High School,9,Never-married,Other, Own-child,*,Female,0,0,20,North America,<=50K
13076,"[20, 30[", Private,243660,High School,9,Married-civ-spouse,Other, Husband,*,Male,0,0,40,North America,<=50K
13077,"[50, 60[", Private,134195,High School,9,Married-civ-spouse,Nontechnical, Husband,*,Male,0,0,40,North America,<=50K
13078,"[50, 60[", Private,238638,High School,4,Married-civ-spouse,Technical, Husband,*,Male,0,0,40,North America,<=50K
13079,"[30, 40[", Private,159929,High School,9,Married-civ-spouse,Technical, Husband,*,Male,0,0,40,North America,<=50K
13080,"[10, 20[", Private,198668,High School,9,Never-married,Nontechnical, Own-child,*,Male,0,0,40,North America,<=50K
13081,"[20, 30[", Private,215504,High School,9,Married-civ-spouse,Technical, Husband,*,Male,0,0,40,North America,<=50K
13083,"[50, 60[", Local-gov,35305,Undergraduate,13,Divorced,Technical, Unmarried,*,Female,0,0,57,North America,<=50K
13084,"[20, 30[", Private,195994,Primary School,2,Never-married,Other, Not-in-family,*,Female,0,0,40,North America,<=50K
13085,"[40, 50[", State-gov,321824,High School,9,Married-civ-spouse,Other, Husband,*,Male,0,0,38,North America,<=50K
13086,"[20, 30[", Private,180449,Undergraduate,10,Married-civ-spouse,Nontechnical, Husband,*,Male,0,0,28,North America,<=50K
13087,"[40, 50[", Private,201764,High School,9,Divorced,Technical, Not-in-family,*,Male,0,0,40,North America,<=50K
13089,"[30, 40[", Self-emp-not-inc,226535,High School,4,Married-civ-spouse,Other, Husband,*,Male,0,0,40,North America,<=50K
13090,"[50, 60[", Private,136121,Professional Education,11,Divorced,Other, Unmarried,*,Female,0,0,38,North America,<=50K
13091,"[10, 20[", Private,47199,High School,7,Never-married,Other, Own-child,*,Female,0,0,24,North America,<=50K
13092,"[40, 50[", Local-gov,215895,Undergraduate,13,Married-civ-spouse,Other, Husband,*,Male,0,0,40,North America,>50K
13093,"[50, 60[", State-gov,24647,Undergraduate,10,Married-civ-spouse,Other, Husband,*,Male,0,0,40,North America,>50K
13094,"[30, 40[", Private,734193,Undergraduate,10,Never-married,Nontechnical, Not-in-family,*,Female,0,0,50,North America,<=50K
13095,"[40, 50[", ?,321086,Graduate,14,Married-civ-spouse,Other, Husband,*,Male,0,0,50,North America,<=50K
13096,"[40, 50[", Federal-gov,192589,Undergraduate,13,Married-civ-spouse,Other, Husband,*,Male,0,0,40,North America,<=50K
13097,"[30, 40[", Private,326283,Undergraduate,13,Never-married,Other, Unmarried,*,Male,0,0,40,North America,<=50K
13098,"[30, 40[", Private,207284,High School,9,Married-civ-spouse,Technical, Husband,*,Male,0,0,40,North America,<=50K
13099,"[40, 50[", Private,109089,Undergraduate,10,Married-civ-spouse,Technical, Husband,*,Male,0,0,70,North America,<=50K
13100,"[50, 60[", Private,274528,Undergraduate,10,Married-civ-spouse,Nontechnical, Husband,*,Male,0,0,40,North America,<=50K
13101,"[70, 80[", Private,142646,High School,4,Widowed,Other, Unmarried,*,Female,0,0,23,North America,<=50K
13102,"[30, 40[", Private,180859,High School,9,Divorced,Nontechnical, Not-in-family,*,Male,0,0,40,North America,<=50K
13103,"[40, 50[", Self-emp-inc,188610,High School,9,Married-civ-spouse,Technical, Husband,*,Male,0,0,48,North America,<=50K
13104,"[60, 70[", Private,169604,High School,7,Married-civ-spouse,Other, Husband,*,Male,0,0,40,North America,<=50K
13105,"[30, 40[", Private,260560,High School,9,Married-civ-spouse,Nontechnical, Husband,*,Male,0,0,50,North America,<=50K
13106,"[30, 40[", Local-gov,188245,High School,9,Never-married,Technical, Unmarried,*,Female,0,0,35,North America,<=50K
13108,"[30, 40[", Local-gov,52465,High School,9,Never-married,Other, Not-in-family,*,Male,0,0,40,North America,<=50K
13109,"[30, 40[", Private,737315,Undergraduate,13,Married-civ-spouse,Technical, Husband,*,Male,0,0,40,North America,>50K
13110,"[20, 30[", ?,195143,Undergraduate,10,Never-married,Other, Own-child,*,Female,0,0,29,North America,<=50K
13111,"[50, 60[", Self-emp-not-inc,219420,Graduate,16,Divorced,Nontechnical, Not-in-family,*,Male,0,0,64,North America,<=50K
13112,"[60, 70[", Private,198170,Undergraduate,13,Married-civ-spouse,Nontechnical, Husband,*,Male,0,0,45,North America,>50K
13113,"[40, 50[", Local-gov,183168,Undergraduate,13,Divorced,Technical, Unmarried,*,Female,0,0,43,North America,<=50K
13114,"[40, 50[", Private,196545,Undergraduate,13,Married-civ-spouse,Technical, Husband,*,Male,7298,0,40,North America,>50K
13116,"[40, 50[", Private,174386,Graduate,14,Married-civ-spouse,Technical, Husband,*,Male,0,0,40,North America,>50K
13118,"[40, 50[", Private,95661,Undergraduate,10,Never-married,Other, Not-in-family,*,Female,0,0,43,North America,<=50K
13119,"[30, 40[", Private,468713,Undergraduate,10,Married-civ-spouse,Other, Husband,*,Male,0,0,40,North America,<=50K
13120,"[50, 60[", Private,169112,Graduate,14,Married-civ-spouse,Nontechnical, Husband,*,Male,0,0,40,North America,>50K
13121,"[50, 60[", Private,74024,Graduate,14,Married-civ-spouse,Technical, Husband,*,Male,0,0,45,North America,>50K
13123,"[40, 50[", Local-gov,33331,Graduate,14,Married-civ-spouse,Nontechnical, Husband,*,Male,0,0,40,North America,>50K
13124,"[20, 30[", Private,181557,High School,9,Never-married,Other, Own-child,*,Male,0,0,25,North America,<=50K
13126,"[30, 40[", Self-emp-not-inc,192251,High School,6,Married-civ-spouse,Other, Wife,*,Female,2635,0,40,North America,<=50K
13127,"[30, 40[", Private,146091,Undergraduate,10,Never-married,Other, Not-in-family,*,Female,0,0,40,North America,<=50K
13128,"[40, 50[", Local-gov,174575,Undergraduate,13,Married-civ-spouse,Technical, Husband,*,Male,5178,0,40,North America,>50K
13130,"[50, 60[", Local-gov,201560,Undergraduate,13,Married-civ-spouse,Technical, Wife,*,Female,0,0,40,North America,>50K
13132,"[50, 60[", Local-gov,168672,Graduate,14,Married-civ-spouse,Technical, Wife,*,Female,0,1902,40,North America,>50K
13133,"[60, 70[", Private,38352,High School,9,Widowed,Other, Unmarried,*,Female,0,0,40,North America,<=50K
13134,"[40, 50[", State-gov,180272,Graduate,14,Never-married,Technical, Own-child,*,Female,0,0,35,North America,<=50K
13135,"[20, 30[", State-gov,275421,Undergraduate,10,Never-married,Technical, Own-child,*,Female,0,0,40,North America,<=50K
13136,"[40, 50[", Local-gov,173051,Undergraduate,10,Divorced,Other, Unmarried,*,Female,0,0,45,North America,<=50K
13137,"[30, 40[", Local-gov,167474,Professional Education,12,Married-civ-spouse,Other, Husband,*,Male,0,0,40,North America,<=50K
13138,"[40, 50[", Local-gov,267138,Undergraduate,10,Married-civ-spouse,Technical, Husband,*,Male,0,0,40,North America,<=50K
13139,"[20, 30[", Private,135138,Undergraduate,13,Never-married,Nontechnical, Own-child,*,Male,0,0,40,North America,<=50K
13140,"[40, 50[", Private,218357,Professional Education,11,Divorced,Technical, Not-in-family,*,Female,0,0,38,North America,<=50K
13141,"[20, 30[", Self-emp-not-inc,107236,High School,8,Married-civ-spouse,Technical, Not-in-family,*,Male,0,0,40,North America,<=50K
13143,"[20, 30[", Private,154863,Undergraduate,13,Never-married,Other, Own-child,*,Male,0,0,35,North America,<=50K
13144,"[30, 40[", Private,194004,High School,7,Married-civ-spouse,Technical, Husband,*,Male,0,0,25,North America,<=50K
13145,"[10, 20[", Private,339123,Undergraduate,10,Never-married,Nontechnical, Own-child,*,Male,0,0,40,North America,<=50K
13146,"[50, 60[", Local-gov,548361,Undergraduate,13,Married-civ-spouse,Technical, Husband,*,Male,0,0,26,North America,<=50K
13147,"[20, 30[", Private,101812,Professional Education,11,Married-civ-spouse,Nontechnical, Husband,*,Male,0,0,41,North America,<=50K
13148,"[40, 50[", Self-emp-inc,127111,High School,9,Married-civ-spouse,Nontechnical, Husband,*,Male,0,0,50,North America,<=50K
13149,"[40, 50[", Private,171807,High School,9,Divorced,Nontechnical, Unmarried,*,Female,0,0,45,North America,<=50K
13150,"[40, 50[", Local-gov,40666,High School,9,Married-civ-spouse,Other, Husband,*,Male,0,0,40,North America,<=50K
13151,"[40, 50[", Local-gov,340682,High School,9,Divorced,Other, Not-in-family,*,Female,0,0,40,North America,<=50K
13152,"[30, 40[", Private,175052,High School,9,Divorced,Other, Unmarried,*,Female,0,0,40,North America,<=50K
13153,"[20, 30[", ?,321629,High School,9,Never-married,Other, Unmarried,*,Female,0,0,16,North America,<=50K
13154,"[40, 50[", Private,154405,High School,9,Married-civ-spouse,Nontechnical, Husband,*,Male,0,0,40,North America,<=50K
13155,"[10, 20[", Private,108402,High School,6,Never-married,Nontechnical, Own-child,*,Female,0,0,20,North America,<=50K
13156,"[30, 40[", Private,346275,High School,7,Divorced,Nontechnical, Not-in-family,*,Male,0,0,43,North America,<=50K
13157,"[40, 50[", Private,42476,High School,9,Never-married,Other, Other-relative,*,Female,0,0,30,North America,<=50K
13158,"[20, 30[", Private,161708,Professional Education,12,Never-married,Other, Own-child,*,Female,0,0,20,North America,<=50K
13159,"[30, 40[", Private,70447,Undergraduate,10,Never-married,Technical, Unmarried,*,Male,4650,0,20,North America,<=50K
13160,"[30, 40[", Private,189759,Undergraduate,13,Never-married,Other, Not-in-family,*,Male,4865,0,40,North America,<=50K
13161,"[60, 70[", ?,137354,Undergraduate,10,Married-civ-spouse,Other, Husband,*,Male,0,0,20,North America,<=50K
13162,"[30, 40[", Private,250724,Undergraduate,13,Married-civ-spouse,Nontechnical, Husband,*,Male,0,0,45,North America,<=50K
13163,"[30, 40[", Federal-gov,149368,Professional Education,15,Married-civ-spouse,Technical, Husband,*,Male,0,0,40,North America,>50K
13164,"[30, 40[", Private,154641,Professional Education,11,Married-civ-spouse,Other, Husband,*,Male,0,0,40,North America,<=50K
13165,"[20, 30[", Private,38309,Professional Education,11,Married-civ-spouse,Other, Husband,*,Male,2407,0,40,North America,<=50K
13166,"[50, 60[", Local-gov,202733,Graduate,14,Married-civ-spouse,Nontechnical, Husband,*,Male,7688,0,70,North America,>50K
13167,"[30, 40[", Private,56150,High School,7,Never-married,Other, Unmarried,*,Male,0,0,40,North America,<=50K
13168,"[20, 30[", Private,260254,High School,9,Never-married,Technical, Not-in-family,*,Male,0,0,40,North America,<=50K
13169,"[50, 60[", Private,108083,High School,4,Married-civ-spouse,Other, Husband,*,Male,0,0,45,North America,<=50K
13170,"[50, 60[", Self-emp-not-inc,71344,Graduate,14,Divorced,Technical, Not-in-family,*,Male,0,0,50,North America,>50K
13171,"[30, 40[", Private,174215,Undergraduate,10,Divorced,Nontechnical, Unmarried,*,Female,0,0,40,North America,<=50K
13172,"[30, 40[", State-gov,114366,Undergraduate,13,Never-married,Technical, Not-in-family,*,Male,0,0,35,North America,<=50K
13173,"[30, 40[", Private,158962,Undergraduate,10,Divorced,Technical, Unmarried,*,Female,0,0,40,North America,<=50K
13175,"[20, 30[", Private,31935,High School,9,Divorced,Technical, Not-in-family,*,Female,0,0,40,North America,<=50K
13176,"[40, 50[", Private,149909,High School,9,Married-civ-spouse,Technical, Husband,*,Male,0,0,42,North America,>50K
13177,"[20, 30[", ?,58740,Undergraduate,10,Never-married,Other, Own-child,*,Male,0,0,15,North America,<=50K
13178,"[30, 40[", Private,216552,Graduate,14,Married-civ-spouse,Other, Husband,*,Male,0,0,40,North America,<=50K
13179,"[40, 50[", Private,255348,Undergraduate,10,Divorced,Nontechnical, Not-in-family,*,Female,0,0,40,North America,<=50K
13180,"[30, 40[", Private,176050,Undergraduate,10,Married-civ-spouse,Technical, Husband,*,Male,0,0,40,North America,<=50K
13182,"[60, 70[", ?,197286,High School,9,Married-civ-spouse,Other, Husband,*,Male,0,0,40,North America,<=50K
13183,"[40, 50[", Local-gov,337469,Undergraduate,10,Divorced,Other, Not-in-family,*,Female,594,0,20,North America,<=50K
13184,"[30, 40[", Private,159737,High School,9,Never-married,Nontechnical, Unmarried,*,Female,0,0,58,North America,<=50K
13185,"[30, 40[", Private,316211,High School,9,Married-civ-spouse,Nontechnical, Husband,*,Male,0,0,60,North America,>50K
13186,"[30, 40[", Private,127610,Undergraduate,13,Married-civ-spouse,Technical, Wife,*,Female,0,1902,32,North America,>50K
13187,"[40, 50[", Local-gov,556652,High School,9,Married-civ-spouse,Technical, Husband,*,Male,0,0,40,North America,>50K
13188,"[10, 20[", Private,265576,High School,9,Never-married,Nontechnical, Own-child,*,Male,0,0,50,North America,<=50K
13189,"[40, 50[", Private,347653,Undergraduate,10,Married-civ-spouse,Technical, Husband,*,Male,0,0,48,North America,>50K
13190,"[30, 40[", Private,62374,Professional Education,11,Married-civ-spouse,Other, Husband,*,Male,0,0,40,North America,<=50K
13191,"[40, 50[", Self-emp-not-inc,170230,Undergraduate,13,Never-married,Nontechnical, Not-in-family,*,Female,0,0,60,North America,<=50K
13192,"[30, 40[", Private,203051,Undergraduate,13,Married-civ-spouse,Other, Husband,*,Male,0,0,27,North America,<=50K
13193,"[60, 70[", Self-emp-inc,115880,Undergraduate,10,Married-civ-spouse,Technical, Husband,*,Male,0,0,40,North America,<=50K
13194,"[30, 40[", Private,167735,Professional Education,11,Married-civ-spouse,Technical, Husband,*,Male,0,1887,40,North America,>50K
13195,"[40, 50[", Self-emp-inc,181413,Professional Education,12,Married-civ-spouse,Nontechnical, Wife,*,Female,0,0,40,North America,<=50K
13196,"[20, 30[", Private,185554,Undergraduate,13,Never-married,Technical, Own-child,*,Female,0,0,40,North America,<=50K
13197,"[40, 50[", Private,350387,Undergraduate,13,Never-married,Technical, Not-in-family,*,Male,0,0,40,North America,>50K
13199,"[50, 60[", Private,105582,High School,9,Married-civ-spouse,Nontechnical, Husband,*,Male,3103,0,40,North America,>50K
13200,"[30, 40[", Self-emp-not-inc,350247,Professional Education,15,Married-civ-spouse,Technical, Husband,*,Male,0,0,50,North America,>50K
13202,"[30, 40[", Private,107737,Undergraduate,13,Married-civ-spouse,Technical, Husband,*,Male,0,0,55,North America,>50K
13203,"[60, 70[", ?,334741,High School,9,Married-civ-spouse,Other, Husband,*,Male,0,0,20,North America,<=50K
13204,"[40, 50[", Private,115562,Undergraduate,13,Married-civ-spouse,Technical, Husband,*,Male,0,0,42,North America,>50K
13205,"[30, 40[", Self-emp-not-inc,131584,Professional Education,11,Never-married,Technical, Own-child,*,Male,0,0,60,North America,<=50K
13206,"[30, 40[", Local-gov,95855,Graduate,14,Married-civ-spouse,Technical, Wife,*,Female,0,0,60,North America,>50K
13207,"[50, 60[", Private,391016,Undergraduate,13,Married-civ-spouse,Nontechnical, Husband,*,Male,0,0,40,North America,>50K
13208,"[30, 40[", Federal-gov,51089,Undergraduate,13,Married-civ-spouse,Other, Husband,*,Male,0,0,50,North America,>50K
13209,"[70, 80[", Self-emp-inc,188044,Undergraduate,13,Married-civ-spouse,Nontechnical, Husband,*,Male,0,2392,40,North America,>50K
13210,"[70, 80[", Private,117898,Undergraduate,13,Married-civ-spouse,Nontechnical, Husband,*,Male,0,0,50,North America,>50K
13212,"[30, 40[", Self-emp-not-inc,187693,High School,9,Married-civ-spouse,Technical, Husband,*,Male,0,0,72,North America,>50K
13214,"[30, 40[", Private,208043,Professional Education,11,Married-civ-spouse,Technical, Husband,*,Male,7298,0,45,North America,>50K
13215,"[20, 30[", Local-gov,289982,Undergraduate,13,Never-married,Technical, Own-child,*,Female,0,0,35,North America,<=50K
13216,"[50, 60[", Private,76344,Undergraduate,13,Never-married,Other, Not-in-family,*,Female,0,0,50,North America,<=50K
13217,"[20, 30[", Private,200973,Undergraduate,10,Never-married,Nontechnical, Own-child,*,Female,0,0,20,North America,<=50K
13218,"[30, 40[", Private,111377,High School,6,Married-civ-spouse,Technical, Husband,*,Male,0,0,40,North America,<=50K
13219,"[60, 70[", Self-emp-not-inc,136684,High School,9,Widowed,Other, Other-relative,*,Female,0,0,30,North America,<=50K
13220,"[40, 50[", Private,176716,Undergraduate,10,Married-civ-spouse,Nontechnical, Husband,*,Male,0,0,40,North America,>50K
13221,"[40, 50[", Self-emp-not-inc,166894,Undergraduate,10,Divorced,Technical, Unmarried,*,Female,0,0,40,North America,<=50K
13222,"[30, 40[", Private,243872,Undergraduate,13,Married-civ-spouse,Nontechnical, Husband,*,Male,0,0,70,North America,>50K
13224,"[40, 50[", Private,102597,Undergraduate,13,Divorced,Technical, Unmarried,*,Female,0,0,40,North America,<=50K
13225,"[20, 30[", Private,60331,Undergraduate,10,Married-civ-spouse,Other, Husband,*,Male,0,0,35,North America,<=50K
13226,"[30, 40[", Private,75024,High School,9,Divorced,Nontechnical, Unmarried,*,Female,0,0,25,North America,<=50K
13228,"[40, 50[", Private,145441,Undergraduate,13,Married-civ-spouse,Nontechnical, Husband,*,Male,0,0,50,North America,>50K
13230,"[20, 30[", Private,691830,High School,9,Never-married,Nontechnical, Own-child,*,Female,0,0,35,North America,<=50K
13231,"[20, 30[", Private,189203,Undergraduate,13,Never-married,Technical, Not-in-family,*,Male,0,0,50,North America,<=50K
13232,"[40, 50[", Private,115784,High School,5,Married-civ-spouse,Technical, Husband,*,Male,0,0,44,North America,<=50K
13233,"[40, 50[", Federal-gov,280167,Graduate,14,Married-civ-spouse,Technical, Husband,*,Male,0,0,40,North America,>50K
13234,"[60, 70[", ?,407338,Undergraduate,10,Married-civ-spouse,Other, Husband,*,Male,0,0,20,North America,<=50K
13235,"[30, 40[", Private,52978,Undergraduate,10,Divorced,Other, Not-in-family,*,Female,0,1721,55,North America,<=50K
13237,"[20, 30[", Private,315065,High School,6,Never-married,Other, Unmarried,*,Male,0,0,60,North America,<=50K
13238,"[20, 30[", Local-gov,167835,Undergraduate,13,Married-civ-spouse,Technical, Wife,*,Female,0,0,38,North America,>50K
13239,"[20, 30[", Private,63105,High School,9,Never-married,Technical, Own-child,*,Male,0,0,40,North America,<=50K
13240,"[20, 30[", Private,520775,High School,8,Never-married,Other, Own-child,*,Male,0,0,30,North America,<=50K
13241,"[40, 50[", Local-gov,47902,Undergraduate,13,Married-civ-spouse,Technical, Husband,*,Male,0,0,45,North America,>50K
13242,"[20, 30[", Private,145434,Undergraduate,10,Never-married,Technical, Not-in-family,*,Female,0,0,25,North America,<=50K
13243,"[50, 60[", Private,56392,Undergraduate,10,Married-civ-spouse,Nontechnical, Husband,*,Male,0,0,40,North America,<=50K
13245,"[20, 30[", Private,204074,Graduate,14,Married-civ-spouse,Technical, Husband,*,Male,0,0,48,North America,<=50K
13246,"[10, 20[", Private,99246,High School,7,Never-married,Technical, Not-in-family,*,Female,0,0,25,North America,<=50K
13247,"[40, 50[", Private,102085,Undergraduate,10,Divorced,Other, Other-relative,*,Female,0,0,40,North America,<=50K
13249,"[30, 40[", State-gov,332379,High School,9,Married-civ-spouse,Technical, Husband,*,Male,0,0,40,North America,>50K
13250,"[20, 30[", Private,233419,High School,9,Divorced,Nontechnical, Not-in-family,*,Female,0,0,40,North America,<=50K
13251,"[40, 50[", Self-emp-not-inc,57233,High School,9,Married-civ-spouse,Other, Husband,*,Male,0,0,50,North America,<=50K
13252,"[30, 40[", Private,192337,Undergraduate,13,Married-civ-spouse,Nontechnical, Husband,*,Male,7688,0,40,North America,>50K
13253,"[30, 40[", Private,442429,High School,9,Separated,Technical, Unmarried,*,Female,0,0,40,North America,<=50K
13254,"[20, 30[", Private,369114,High School,9,Divorced,Other, Not-in-family,*,Female,0,0,40,North America,<=50K
13255,"[60, 70[", Private,261334,High School,5,Widowed,Nontechnical, Not-in-family,*,Female,0,0,40,North America,<=50K
13256,"[50, 60[", Private,160303,High School,9,Widowed,Other, Other-relative,*,Female,0,0,40,North America,<=50K
13257,"[40, 50[", Private,50474,High School,9,Married-civ-spouse,Nontechnical, Husband,*,Male,0,0,40,North America,<=50K
13258,"[20, 30[", Private,321577,High School,9,Never-married,Technical, Own-child,*,Female,0,0,40,North America,<=50K
13259,"[40, 50[", Private,29591,High School,9,Divorced,Nontechnical, Not-in-family,*,Male,0,0,30,North America,<=50K
13260,"[30, 40[", Self-emp-not-inc,334744,Undergraduate,10,Married-civ-spouse,Technical, Husband,*,Male,0,0,50,North America,>50K
13261,"[20, 30[", Self-emp-not-inc,269474,High School,9,Never-married,Other, Own-child,*,Male,0,0,40,North America,<=50K
13262,"[40, 50[", Private,287306,High School,9,Married-civ-spouse,Technical, Husband,*,Male,0,1902,40,North America,>50K
13263,"[60, 70[", Private,33619,High School,9,Married-civ-spouse,Other, Husband,*,Male,0,0,4,North America,<=50K
13264,"[30, 40[", Private,149347,Undergraduate,10,Divorced,Nontechnical, Not-in-family,*,Male,0,0,60,North America,<=50K
13265,"[40, 50[", Private,96249,High School,9,Married-civ-spouse,Technical, Husband,*,Male,0,0,42,North America,>50K
13266,"[40, 50[", Local-gov,370502,Undergraduate,10,Married-civ-spouse,Nontechnical, Husband,*,Male,0,0,40,North America,<=50K
13267,"[30, 40[", Private,188246,Undergraduate,10,Married-civ-spouse,Nontechnical, Husband,*,Male,0,0,40,North America,>50K
13268,"[30, 40[", Private,167558,High School,9,Never-married,Nontechnical, Unmarried,*,Female,0,0,35,North America,<=50K
13269,"[30, 40[", Private,292185,Undergraduate,13,Married-civ-spouse,Other, Husband,*,Male,0,0,40,North America,<=50K
13270,"[40, 50[", Private,101593,Graduate,14,Married-civ-spouse,Technical, Husband,*,Male,15024,0,50,North America,>50K
13271,"[30, 40[", Local-gov,70164,Undergraduate,13,Never-married,Technical, Not-in-family,*,Male,0,0,60,North America,<=50K
13272,"[30, 40[", Private,269722,Undergraduate,13,Married-civ-spouse,Nontechnical, Husband,*,Male,0,0,55,North America,>50K
13273,"[30, 40[", Self-emp-not-inc,175502,Undergraduate,13,Married-civ-spouse,Technical, Husband,*,Male,0,0,60,North America,<=50K
13274,"[50, 60[", Private,233165,High School,9,Married-civ-spouse,Nontechnical, Husband,*,Male,0,0,60,North America,>50K
13275,"[20, 30[", Private,177351,Undergraduate,13,Never-married,Nontechnical, Not-in-family,*,Male,0,0,45,North America,<=50K
13276,"[20, 30[", Private,212114,Undergraduate,13,Never-married,Nontechnical, Own-child,*,Female,0,0,15,North America,<=50K
13277,"[20, 30[", Private,288959,High School,9,Married-civ-spouse,Nontechnical, Husband,*,Male,0,0,36,North America,<=50K
13279,"[40, 50[", Private,146919,Undergraduate,10,Divorced,Other, Unmarried,*,Female,0,0,45,North America,<=50K
13280,"[20, 30[", Private,388811,High School,9,Never-married,Other, Own-child,*,Female,0,0,40,North America,<=50K
13282,"[30, 40[", Self-emp-not-inc,98360,Undergraduate,13,Married-civ-spouse,Technical, Husband,*,Male,0,0,40,North America,<=50K
13283,"[40, 50[", Private,369538,Undergraduate,10,Married-civ-spouse,Nontechnical, Husband,*,Male,0,0,40,North America,>50K
13284,"[60, 70[", Self-emp-not-inc,31740,Undergraduate,10,Widowed,Nontechnical, Unmarried,*,Female,0,0,45,North America,<=50K
13285,"[50, 60[", Private,223660,High School,9,Widowed,Technical, Not-in-family,*,Male,6849,0,40,North America,<=50K
13287,"[30, 40[", Self-emp-not-inc,108247,Professional Education,15,Married-civ-spouse,Technical, Husband,*,Male,0,0,55,North America,>50K
13288,"[20, 30[", Private,76129,High School,9,Never-married,Technical, Unmarried,*,Female,0,0,40,North America,<=50K
13289,"[30, 40[", Private,91711,Undergraduate,13,Married-civ-spouse,Nontechnical, Husband,*,Male,0,0,60,North America,>50K
13290,"[60, 70[", ?,166855,Undergraduate,13,Married-civ-spouse,Other, Husband,*,Male,0,0,10,North America,<=50K
13291,"[50, 60[", Private,182062,Undergraduate,13,Married-civ-spouse,Technical, Husband,*,Male,5013,0,40,North America,<=50K
13292,"[30, 40[", Private,252752,Graduate,14,Never-married,Nontechnical, Not-in-family,*,Female,13550,0,60,North America,>50K
13293,"[30, 40[", Private,43953,Undergraduate,13,Married-civ-spouse,Technical, Wife,*,Female,0,0,35,North America,<=50K
13294,"[20, 30[", Local-gov,84224,Undergraduate,13,Never-married,Technical, Not-in-family,*,Female,0,0,40,North America,<=50K
13296,"[40, 50[", Private,155509,High School,9,Separated,Other, Other-relative,*,Female,0,0,35,North America,<=50K
13297,"[30, 40[", Private,29814,High School,9,Married-civ-spouse,Technical, Husband,*,Male,0,0,40,North America,<=50K
13298,"[30, 40[", Private,241805,Undergraduate,10,Married-civ-spouse,Other, Husband,*,Male,0,0,30,North America,<=50K
13299,"[40, 50[", Private,214838,High School,9,Married-civ-spouse,Technical, Husband,*,Male,0,0,45,North America,>50K
13300,"[30, 40[", Private,240810,Professional Education,12,Married-civ-spouse,Technical, Husband,*,Male,0,0,45,North America,<=50K
13301,"[40, 50[", Private,154076,Undergraduate,10,Married-civ-spouse,Other, Husband,*,Male,0,0,50,North America,>50K
13304,"[60, 70[", Private,145995,Undergraduate,13,Married-civ-spouse,Nontechnical, Husband,*,Male,0,0,40,North America,>50K
13306,"[20, 30[", Private,233626,Undergraduate,13,Never-married,Nontechnical, Not-in-family,*,Male,0,0,25,North America,<=50K
13307,"[10, 20[", Private,607799,High School,9,Never-married,Technical, Not-in-family,*,Female,0,0,60,North America,<=50K
13308,"[40, 50[", Private,88500,Undergraduate,10,Married-civ-spouse,Technical, Husband,*,Male,0,0,44,North America,>50K
13309,"[30, 40[", Private,127809,High School,9,Separated,Other, Unmarried,*,Female,0,0,30,North America,<=50K
13310,"[40, 50[", Private,243743,Undergraduate,13,Married-civ-spouse,Technical, Husband,*,Male,0,0,40,North America,>50K
13311,"[40, 50[", Private,177211,High School,7,Married-civ-spouse,Technical, Husband,*,Male,0,0,40,North America,<=50K
13312,"[30, 40[", Self-emp-not-inc,231180,High School,9,Married-civ-spouse,Other, Husband,*,Male,0,0,50,North America,<=50K
13313,"[20, 30[", Private,253856,Undergraduate,13,Married-civ-spouse,Other, Husband,*,Male,0,0,20,North America,<=50K
13314,"[30, 40[", Private,177075,High School,9,Divorced,Other, Not-in-family,*,Female,0,0,40,North America,<=50K
13315,"[20, 30[", Private,152855,High School,9,Never-married,Nontechnical, Own-child,*,Female,0,0,40,North America,<=50K
13316,"[30, 40[", Private,191137,Professional Education,12,Divorced,Technical, Unmarried,*,Male,0,0,25,North America,<=50K
13317,"[40, 50[", Private,255559,Undergraduate,10,Married-civ-spouse,Other, Wife,*,Female,0,0,40,North America,>50K
13318,"[20, 30[", Private,169815,Undergraduate,13,Never-married,Nontechnical, Own-child,*,Male,0,0,40,North America,<=50K
13319,"[20, 30[", Private,221215,High School,6,Never-married,Nontechnical, Other-relative,*,Male,0,0,40,North America,<=50K
13320,"[30, 40[", Private,270059,Undergraduate,10,Divorced,Nontechnical, Unmarried,*,Female,0,0,30,North America,<=50K
13321,"[50, 60[", ?,31588,High School,9,Married-civ-spouse,Other, Husband,*,Male,2635,0,40,North America,<=50K
13322,"[10, 20[", Private,345403,High School,6,Never-married,Other, Own-child,*,Male,0,0,40,North America,<=50K
13323,"[10, 20[", Private,194897,High School,9,Never-married,Nontechnical, Own-child,*,Male,0,0,40,North America,<=50K
13324,"[30, 40[", Private,388741,Undergraduate,10,Never-married,Other, Unmarried,*,Female,0,0,38,North America,<=50K
13325,"[30, 40[", Private,355856,Professional Education,12,Married-civ-spouse,Nontechnical, Husband,*,Male,0,0,60,North America,<=50K
13326,"[50, 60[", Private,122109,Undergraduate,10,Married-civ-spouse,Other, Wife,*,Female,0,0,35,North America,<=50K
13327,"[40, 50[", Private,75673,High School,9,Never-married,Other, Own-child,*,Female,0,0,40,North America,<=50K
13328,"[40, 50[", Self-emp-inc,141058,Undergraduate,10,Divorced,Nontechnical, Not-in-family,*,Male,0,2339,50,North America,<=50K
13329,"[40, 50[", Private,47902,Undergraduate,10,Married-civ-spouse,Nontechnical, Husband,*,Male,0,0,35,North America,>50K
13331,"[40, 50[", Private,255675,Undergraduate,10,Married-civ-spouse,Technical, Husband,*,Male,0,0,40,North America,>50K
13332,"[40, 50[", Federal-gov,203505,High School,9,Widowed,Other, Not-in-family,*,Female,0,0,40,North America,<=50K
13333,"[20, 30[", Private,125106,Undergraduate,13,Never-married,Technical, Own-child,*,Female,0,0,40,North America,<=50K
13334,"[30, 40[", Private,139890,Undergraduate,10,Divorced,Other, Unmarried,*,Female,0,0,40,North America,<=50K
13335,"[30, 40[", Private,76878,High School,7,Married-civ-spouse,Technical, Husband,*,Male,5178,0,40,North America,>50K
13336,"[40, 50[", Self-emp-not-inc,28035,Undergraduate,10,Married-civ-spouse,Other, Husband,*,Male,0,0,86,North America,<=50K
13337,"[30, 40[", Private,43953,High School,9,Never-married,Other, Other-relative,*,Female,0,1974,40,North America,<=50K
13338,"[30, 40[", Private,163237,Professional Education,12,Married-civ-spouse,Other, Husband,*,Male,0,0,40,North America,>50K
13339,"[20, 30[", Local-gov,55890,Undergraduate,13,Never-married,Technical, Not-in-family,*,Female,0,0,40,North America,<=50K
13340,"[40, 50[", Self-emp-not-inc,255934,Undergraduate,10,Married-civ-spouse,Nontechnical, Husband,*,Male,0,0,80,North America,<=50K
13341,"[60, 70[", Private,168654,High School,9,Divorced,Other, Not-in-family,*,Female,0,0,40,North America,<=50K
13342,"[40, 50[", Self-emp-not-inc,39986,Undergraduate,13,Married-civ-spouse,Nontechnical, Husband,*,Male,0,0,40,North America,<=50K
13343,"[50, 60[", Private,208451,Undergraduate,13,Married-civ-spouse,Technical, Husband,*,Male,0,0,40,North America,>50K
13344,"[20, 30[", Private,206681,High School,8,Never-married,Nontechnical, Not-in-family,*,Female,0,0,55,North America,<=50K
13345,"[30, 40[", Private,117779,High School,9,Married-civ-spouse,Technical, Wife,*,Female,0,0,46,North America,>50K
13346,"[30, 40[", Self-emp-not-inc,129150,High School,9,Married-civ-spouse,Other, Husband,*,Male,0,0,50,North America,>50K
13347,"[30, 40[", ?,177273,High School,9,Married-civ-spouse,Other, Wife,*,Female,0,0,35,North America,<=50K
13348,"[30, 40[", Local-gov,226443,Undergraduate,10,Married-civ-spouse,Other, Husband,*,Male,0,0,40,North America,>50K
13349,"[50, 60[", Private,146326,High School,9,Married-civ-spouse,Other, Husband,*,Male,0,0,50,North America,<=50K
13351,"[20, 30[", Private,97153,Professional Education,12,Married-civ-spouse,Technical, Husband,*,Male,5178,0,40,North America,>50K
13352,"[40, 50[", Private,188694,Undergraduate,13,Never-married,Nontechnical, Not-in-family,*,Male,0,0,40,North America,>50K
13353,"[70, 80[", Private,187493,High School,9,Married-civ-spouse,Other, Husband,*,Male,0,0,40,North America,>50K
13354,"[10, 20[", Private,212468,Undergraduate,10,Never-married,Other, Own-child,*,Female,0,0,15,North America,<=50K
13355,"[20, 30[", Private,84726,Undergraduate,10,Never-married,Technical, Not-in-family,*,Female,0,0,40,North America,<=50K
13356,"[40, 50[", Private,137907,High School,9,Divorced,Other, Unmarried,*,Female,0,0,35,North America,<=50K
13357,"[50, 60[", Private,34361,Undergraduate,10,Married-civ-spouse,Nontechnical, Wife,*,Female,0,0,20,North America,>50K
13359,"[30, 40[", Private,170174,High School,6,Married-civ-spouse,Technical, Husband,*,Male,0,0,40,North America,>50K
13360,"[30, 40[", Self-emp-not-inc,190895,Undergraduate,13,Divorced,Nontechnical, Not-in-family,*,Male,0,0,25,North America,<=50K
13361,"[20, 30[", Local-gov,317443,Undergraduate,13,Married-civ-spouse,Technical, Wife,*,Female,0,0,40,North America,<=50K
13362,"[40, 50[", Private,375603,High School,9,Divorced,Other, Unmarried,*,Male,0,0,40,North America,<=50K
13363,"[20, 30[", Private,203076,High School,9,Never-married,Nontechnical, Own-child,*,Male,0,0,35,North America,<=50K
13364,"[40, 50[", Private,53893,High School,9,Divorced,Other, Not-in-family,*,Male,0,0,40,North America,<=50K
13365,"[10, 20[", ?,171748,Undergraduate,10,Never-married,Other, Own-child,*,Female,0,0,24,North America,<=50K
13366,"[50, 60[", Private,167770,High School,9,Married-civ-spouse,Nontechnical, Husband,*,Male,0,1902,55,North America,>50K
13368,"[20, 30[", Private,660870,Undergraduate,13,Never-married,Technical, Not-in-family,*,Female,0,0,60,North America,<=50K
13369,"[20, 30[", Private,105686,High School,9,Never-married,Technical, Not-in-family,*,Male,0,0,40,North America,<=50K
13371,"[30, 40[", Private,148607,Undergraduate,10,Divorced,Technical, Not-in-family,*,Male,0,0,40,North America,<=50K
13372,"[20, 30[", Private,255849,High School,9,Never-married,Other, Own-child,*,Female,0,0,40,North America,<=50K
13374,"[30, 40[", Private,113326,Undergraduate,10,Married-civ-spouse,Technical, Husband,*,Male,0,0,50,North America,<=50K
13375,"[20, 30[", Private,440456,Undergraduate,13,Never-married,Other, Not-in-family,*,Male,0,0,40,North America,<=50K
13376,"[30, 40[", Private,105493,Graduate,14,Divorced,Technical, Unmarried,*,Female,0,0,40,North America,<=50K
13377,"[40, 50[", Private,259757,Undergraduate,13,Divorced,Technical, Unmarried,*,Male,0,653,50,North America,>50K
13379,"[20, 30[", Private,171818,Undergraduate,13,Never-married,Nontechnical, Own-child,*,Female,0,0,40,North America,<=50K
13380,"[40, 50[", Private,51151,Professional Education,11,Married-civ-spouse,Technical, Husband,*,Male,0,0,40,North America,<=50K
13381,"[30, 40[", Self-emp-not-inc,188957,Undergraduate,13,Never-married,Nontechnical, Not-in-family,*,Female,0,0,40,North America,<=50K
13382,"[30, 40[", Private,97933,Undergraduate,10,Never-married,Other, Not-in-family,*,Female,0,0,40,North America,<=50K
13383,"[30, 40[", Self-emp-inc,195447,Undergraduate,13,Married-civ-spouse,Nontechnical, Husband,*,Male,0,0,45,North America,<=50K
13384,"[60, 70[", ?,46907,Undergraduate,13,Married-civ-spouse,Other, Husband,*,Male,0,0,8,North America,>50K
13385,"[50, 60[", Self-emp-inc,383365,Undergraduate,13,Married-civ-spouse,Nontechnical, Husband,*,Male,0,0,70,North America,>50K
13386,"[30, 40[", Self-emp-not-inc,203408,High School,9,Married-civ-spouse,Technical, Husband,*,Male,0,0,44,North America,<=50K
13387,"[20, 30[", Local-gov,148182,High School,9,Married-civ-spouse,Other, Husband,*,Male,0,0,40,North America,<=50K
13388,"[20, 30[", Local-gov,211497,Undergraduate,10,Married-civ-spouse,Technical, Husband,*,Male,0,0,40,North America,<=50K
13389,"[30, 40[", Self-emp-not-inc,48063,Undergraduate,10,Married-civ-spouse,Other, Husband,*,Male,0,0,60,North America,<=50K
13390,"[50, 60[", Private,211804,Undergraduate,13,Married-civ-spouse,Technical, Husband,*,Male,3103,0,50,North America,>50K
13391,"[50, 60[", Private,185407,Undergraduate,10,Married-civ-spouse,Other, Husband,*,Male,0,0,40,North America,<=50K
13392,"[50, 60[", Private,225927,High School,6,Married-civ-spouse,Technical, Husband,*,Male,0,0,40,North America,<=50K
13393,"[20, 30[", Federal-gov,314525,Undergraduate,13,Never-married,Technical, Not-in-family,*,Male,0,0,40,North America,<=50K
13394,"[20, 30[", Self-emp-not-inc,208577,Undergraduate,10,Married-civ-spouse,Nontechnical, Husband,*,Male,0,0,45,North America,>50K
13395,"[40, 50[", Private,222884,Undergraduate,13,Never-married,Nontechnical, Not-in-family,*,Male,0,0,55,North America,>50K
13396,"[30, 40[", Private,209538,High School,6,Married-civ-spouse,Technical, Husband,*,Male,0,0,40,North America,<=50K
13397,"[40, 50[", Local-gov,177114,Graduate,14,Divorced,Technical, Not-in-family,*,Female,0,0,60,North America,<=50K
13398,"[50, 60[", Private,173754,High School,9,Married-civ-spouse,Technical, Husband,*,Male,0,0,40,North America,<=50K
13399,"[40, 50[", Local-gov,121370,High School,9,Divorced,Other, Unmarried,*,Female,0,0,30,North America,<=50K
13400,"[30, 40[", Private,67125,High School,9,Divorced,Nontechnical, Not-in-family,*,Male,0,0,60,North America,<=50K
13401,"[20, 30[", Private,67240,High School,9,Married-civ-spouse,Technical, Husband,*,Male,0,0,40,North America,<=50K
13402,"[20, 30[", Private,198346,Undergraduate,13,Divorced,Other, Not-in-family,*,Female,0,0,35,North America,<=50K
13403,"[20, 30[", Private,141003,Undergraduate,10,Never-married,Nontechnical, Own-child,*,Male,0,0,25,North America,<=50K
13404,"[20, 30[", Self-emp-inc,60668,High School,9,Never-married,Technical, Own-child,*,Male,0,0,40,North America,<=50K
13405,"[20, 30[", Private,104256,High School,9,Divorced,Nontechnical, Not-in-family,*,Female,0,0,34,North America,<=50K
13406,"[40, 50[", Private,131002,Undergraduate,13,Married-civ-spouse,Technical, Husband,*,Male,0,0,50,North America,>50K
13407,"[30, 40[", Self-emp-not-inc,155151,Undergraduate,10,Married-civ-spouse,Nontechnical, Husband,*,Male,0,1740,50,North America,<=50K
13408,"[20, 30[", Private,177720,Professional Education,12,Divorced,Technical, Unmarried,*,Female,0,0,45,North America,<=50K
13409,"[20, 30[", Private,39615,Undergraduate,10,Never-married,Technical, Own-child,*,Male,0,0,40,North America,<=50K
13410,"[20, 30[", Private,203871,Professional Education,11,Married-civ-spouse,Technical, Wife,*,Female,0,1887,40,North America,>50K
13411,"[50, 60[", State-gov,25045,Undergraduate,13,Divorced,Other, Unmarried,*,Male,2174,0,37,North America,<=50K
13412,"[30, 40[", Private,112264,High School,9,Married-civ-spouse,Other, Husband,*,Male,0,0,50,North America,<=50K
13414,"[40, 50[", Private,155659,Undergraduate,13,Married-civ-spouse,Technical, Husband,*,Male,0,0,40,Europe,>50K
13415,"[30, 40[", Private,291665,High School,9,Married-civ-spouse,Other, Husband,*,Male,4508,0,24,North America,<=50K
13416,"[20, 30[", Private,224215,Undergraduate,10,Married-civ-spouse,Technical, Husband,*,Male,0,0,40,North America,>50K
13417,"[10, 20[", Private,270502,High School,7,Never-married,Nontechnical, Own-child,*,Female,0,0,20,North America,<=50K
13418,"[40, 50[", Private,125487,Professional Education,11,Married-civ-spouse,Technical, Husband,*,Male,0,0,40,North America,<=50K
13419,"[60, 70[", Private,51385,Undergraduate,13,Married-civ-spouse,Nontechnical, Husband,*,Male,0,0,50,North America,>50K
13421,"[50, 60[", Private,108926,Undergraduate,10,Divorced,Technical, Not-in-family,*,Female,0,0,40,North America,<=50K
13423,"[30, 40[", Local-gov,109766,Undergraduate,13,Never-married,Other, Not-in-family,*,Male,0,0,60,North America,<=50K
13424,"[30, 40[", Private,226106,Undergraduate,10,Never-married,Other, Unmarried,*,Female,0,0,40,North America,<=50K
13425,"[70, 80[", Self-emp-not-inc,92792,High School,9,Married-civ-spouse,Nontechnical, Husband,*,Male,0,0,35,North America,<=50K
13426,"[20, 30[", Private,186950,Professional Education,11,Married-civ-spouse,Other, Wife,*,Female,0,0,40,North America,>50K
13427,"[40, 50[", Private,230478,Undergraduate,13,Married-civ-spouse,Nontechnical, Husband,*,Male,0,0,40,North America,>50K
13428,"[20, 30[", Private,231638,High School,9,Never-married,Other, Own-child,*,Female,0,0,40,North America,<=50K
13429,"[30, 40[", Private,120461,Undergraduate,10,Never-married,Nontechnical, Own-child,*,Female,0,0,40,North America,<=50K
13430,"[40, 50[", Private,33673,High School,8,Never-married,Other, Not-in-family,*,Male,0,0,35,North America,<=50K
13431,"[30, 40[", Private,191385,High School,9,Married-civ-spouse,Technical, Husband,*,Male,0,0,48,North America,<=50K
13433,"[40, 50[", Self-emp-not-inc,160131,Undergraduate,10,Divorced,Technical, Not-in-family,*,Male,0,0,40,North America,<=50K
13434,"[30, 40[", Private,190895,Undergraduate,13,Married-civ-spouse,Nontechnical, Husband,*,Male,7298,0,50,North America,>50K
13435,"[10, 20[", Private,126021,High School,9,Never-married,Technical, Own-child,*,Female,0,0,20,North America,<=50K
13436,"[40, 50[", Private,27815,High School,5,Divorced,Other, Not-in-family,*,Female,0,1719,30,North America,<=50K
13437,"[40, 50[", Private,203542,High School,9,Never-married,Technical, Not-in-family,*,Male,0,0,40,North America,<=50K
13438,"[20, 30[", Private,144592,Undergraduate,13,Never-married,Nontechnical, Own-child,*,Male,0,0,40,North America,<=50K
13439,"[30, 40[", Local-gov,223004,Undergraduate,10,Divorced,Other, Not-in-family,*,Male,0,0,75,North America,<=50K
13440,"[20, 30[", Private,183257,Undergraduate,10,Never-married,Nontechnical, Own-child,*,Female,0,0,20,North America,<=50K
13441,"[30, 40[", Private,172714,High School,9,Never-married,Technical, Own-child,*,Male,0,0,40,North America,<=50K
13442,"[20, 30[", Private,131611,Undergraduate,10,Never-married,Other, Own-child,*,Male,0,0,48,North America,<=50K
13443,"[40, 50[", Private,253060,Professional Education,15,Married-civ-spouse,Nontechnical, Husband,*,Male,0,0,50,North America,<=50K
13444,"[40, 50[", Private,471990,High School,9,Married-civ-spouse,Other, Husband,*,Male,0,0,46,North America,>50K
13445,"[40, 50[", Private,138966,High School,9,Married-civ-spouse,Other, Wife,*,Female,0,0,38,North America,<=50K
13446,"[30, 40[", Private,385412,Undergraduate,13,Never-married,Other, Not-in-family,*,Female,0,0,40,North America,<=50K
13447,"[10, 20[", ?,184101,Undergraduate,10,Never-married,Other, Own-child,*,Male,0,0,25,North America,<=50K
13448,"[60, 70[", Private,103344,High School,9,Married-civ-spouse,Technical, Husband,*,Male,15024,0,40,North America,>50K
13449,"[30, 40[", Local-gov,135786,High School,5,Married-civ-spouse,Technical, Husband,*,Male,0,0,25,North America,<=50K
13450,"[30, 40[", Private,227359,Undergraduate,10,Never-married,Technical, Unmarried,*,Male,0,0,40,North America,<=50K
13451,"[40, 50[", State-gov,86912,Graduate,16,Married-civ-spouse,Technical, Husband,*,Male,0,0,50,North America,>50K
13452,"[20, 30[", Private,83033,Undergraduate,10,Never-married,Other, Own-child,*,Female,2176,0,20,North America,<=50K
13453,"[20, 30[", Private,172581,Undergraduate,13,Never-married,Technical, Not-in-family,*,Female,0,0,40,North America,<=50K
13454,"[50, 60[", State-gov,274111,Graduate,14,Divorced,Technical, Not-in-family,*,Male,0,1669,40,North America,<=50K
13455,"[40, 50[", Private,187795,Undergraduate,10,Married-civ-spouse,Nontechnical, Husband,*,Male,99999,0,55,North America,>50K
13456,"[20, 30[", Private,483822,High School,4,Never-married,Nontechnical, Unmarried,*,Male,0,0,40,North America,<=50K
13457,"[60, 70[", Self-emp-inc,220543,High School,9,Married-civ-spouse,Other, Wife,*,Female,0,0,40,North America,>50K
13458,"[40, 50[", Private,152953,High School,4,Married-civ-spouse,Technical, Husband,*,Male,0,0,32,North America,<=50K
13459,"[30, 40[", Private,239755,Undergraduate,10,Never-married,Nontechnical, Unmarried,*,Male,0,0,50,North America,<=50K
13460,"[40, 50[", Private,177905,Graduate,14,Married-civ-spouse,Technical, Husband,*,Male,0,0,45,North America,>50K
13461,"[10, 20[", Private,200136,Undergraduate,10,Never-married,Nontechnical, Own-child,*,Female,0,0,20,North America,<=50K
13462,"[50, 60[", Self-emp-not-inc,111625,High School,9,Married-civ-spouse,Nontechnical, Husband,*,Male,0,0,40,North America,<=50K
13463,"[40, 50[", Self-emp-not-inc,336513,Undergraduate,13,Married-civ-spouse,Technical, Husband,*,Male,15024,0,60,North America,>50K
13464,"[40, 50[", Private,162915,Undergraduate,10,Divorced,Other, Not-in-family,*,Male,0,0,50,North America,<=50K
13465,"[20, 30[", Private,116662,Undergraduate,13,Never-married,Nontechnical, Not-in-family,*,Male,0,0,40,North America,<=50K
13466,"[40, 50[", Self-emp-not-inc,24763,Graduate,16,Married-civ-spouse,Technical, Husband,*,Male,15024,0,40,North America,>50K
13467,"[60, 70[", Private,225580,High School,9,Divorced,Nontechnical, Not-in-family,*,Female,0,0,20,North America,<=50K
13469,"[40, 50[", Private,212894,Undergraduate,10,Married-civ-spouse,Technical, Husband,*,Male,0,0,40,North America,<=50K
13471,"[20, 30[", Private,189924,Undergraduate,10,Never-married,Other, Not-in-family,*,Female,0,0,50,North America,<=50K
13472,"[20, 30[", Private,274424,High School,7,Separated,Other, Unmarried,*,Female,0,0,40,North America,<=50K
13473,"[30, 40[", Private,188246,High School,9,Married-civ-spouse,Technical, Husband,*,Male,0,0,40,North America,<=50K
13474,"[50, 60[", Private,284211,High School,9,Widowed,Technical, Unmarried,*,Female,0,0,35,North America,<=50K
13475,"[20, 30[", Private,198259,Undergraduate,10,Never-married,Other, Own-child,*,Female,0,0,15,North America,<=50K
13476,"[30, 40[", Private,368517,Professional Education,12,Never-married,Technical, Not-in-family,*,Male,0,0,40,North America,<=50K
13477,"[30, 40[", Private,168768,Professional Education,12,Never-married,Other, Not-in-family,*,Female,0,0,35,North America,<=50K
13478,"[30, 40[", Federal-gov,122220,Undergraduate,10,Married-civ-spouse,Nontechnical, Wife,*,Female,0,0,40,North America,>50K
13480,"[40, 50[", Private,175641,High School,7,Married-civ-spouse,Nontechnical, Husband,*,Male,0,0,40,North America,>50K
13481,"[20, 30[", State-gov,173324,Undergraduate,10,Never-married,Other, Own-child,*,Male,0,0,20,North America,<=50K
13482,"[70, 80[", Local-gov,31195,High School,9,Divorced,Other, Not-in-family,*,Female,0,0,20,North America,<=50K
13483,"[50, 60[", Federal-gov,88876,Graduate,14,Married-civ-spouse,Nontechnical, Husband,*,Male,0,0,60,North America,>50K
13484,"[40, 50[", Self-emp-not-inc,176069,High School,9,Married-civ-spouse,Other, Wife,*,Female,0,0,16,North America,<=50K
13485,"[30, 40[", Private,215297,High School,9,Married-civ-spouse,Technical, Husband,*,Male,0,0,45,North America,<=50K
13486,"[40, 50[", Private,198425,Undergraduate,10,Married-civ-spouse,Technical, Husband,*,Male,0,0,45,North America,<=50K
13487,"[20, 30[", Local-gov,180957,Graduate,14,Never-married,Technical, Not-in-family,*,Male,0,0,50,North America,<=50K
13488,"[20, 30[", Private,206129,Professional Education,11,Never-married,Technical, Unmarried,*,Female,0,0,40,North America,<=50K
13489,"[40, 50[", Federal-gov,65950,High School,9,Divorced,Other, Unmarried,*,Female,0,0,40,North America,<=50K
13490,"[20, 30[", Private,197618,High School,9,Never-married,Other, Not-in-family,*,Female,0,0,40,North America,<=50K
13491,"[20, 30[", Private,185357,High School,9,Never-married,Other, Not-in-family,*,Male,0,0,50,North America,<=50K
13492,"[20, 30[", Private,134890,Undergraduate,13,Never-married,Nontechnical, Own-child,*,Male,0,0,40,North America,<=50K
13493,"[60, 70[", ?,193043,High School,9,Married-civ-spouse,Other, Husband,*,Male,0,0,40,North America,<=50K
13494,"[30, 40[", Federal-gov,153633,Undergraduate,10,Never-married,Other, Unmarried,*,Female,0,0,40,North America,<=50K
13495,"[60, 70[", Private,115890,Undergraduate,13,Married-civ-spouse,Other, Husband,*,Male,0,0,20,North America,<=50K
13497,"[50, 60[", Private,343957,Undergraduate,13,Divorced,Nontechnical, Not-in-family,*,Male,0,0,50,North America,<=50K
13498,"[60, 70[", ?,247986,Professional Education,15,Married-civ-spouse,Other, Husband,*,Male,0,0,30,North America,>50K
13500,"[50, 60[", Private,159048,High School,9,Divorced,Other, Not-in-family,*,Female,0,0,40,North America,<=50K
13501,"[40, 50[", Private,423222,Undergraduate,13,Married-civ-spouse,Nontechnical, Husband,*,Male,7688,0,40,North America,>50K
13502,"[30, 40[", Private,89735,Professional Education,11,Married-civ-spouse,Technical, Husband,*,Male,0,0,40,North America,>50K
13503,"[20, 30[", Private,31778,Undergraduate,13,Never-married,Nontechnical, Own-child,*,Male,0,0,40,North America,<=50K
13504,"[50, 60[", ?,157327,Primary School,3,Married-civ-spouse,Other, Husband,*,Male,0,0,8,North America,<=50K
13505,"[40, 50[", Private,233511,Graduate,14,Divorced,Nontechnical, Not-in-family,*,Male,27828,0,60,North America,>50K
13506,"[30, 40[", Private,327112,Undergraduate,13,Divorced,Nontechnical, Not-in-family,*,Male,0,1564,40,North America,>50K
13507,"[30, 40[", Private,236543,High School,9,Never-married,Technical, Own-child,*,Male,0,0,40,North America,<=50K
13508,"[50, 60[", State-gov,194475,Undergraduate,10,Divorced,Technical, Not-in-family,*,Female,0,0,40,North America,<=50K
13509,"[40, 50[", Private,303510,High School,9,Married-civ-spouse,Nontechnical, Husband,*,Male,0,0,40,North America,<=50K
13510,"[50, 60[", Private,171242,Undergraduate,10,Married-civ-spouse,Technical, Husband,*,Male,0,0,40,North America,>50K
13511,"[20, 30[", Self-emp-not-inc,39388,Professional Education,11,Married-civ-spouse,Other, Husband,*,Male,0,0,60,North America,<=50K
13512,"[60, 70[", Local-gov,197218,High School,9,Widowed,Other, Not-in-family,*,Female,0,0,18,North America,<=50K
13513,"[20, 30[", State-gov,151991,Undergraduate,10,Never-married,Technical, Own-child,*,Male,0,0,20,North America,<=50K
13514,"[30, 40[", Private,374524,Undergraduate,13,Married-civ-spouse,Technical, Husband,*,Male,0,0,40,North America,>50K
13515,"[30, 40[", ?,267352,High School,7,Never-married,Other, Not-in-family,*,Male,0,0,30,North America,<=50K
13516,"[40, 50[", Local-gov,364563,High School,9,Married-civ-spouse,Other, Husband,*,Male,0,0,40,North America,>50K
13517,"[30, 40[", Private,186035,Professional Education,12,Married-civ-spouse,Technical, Husband,*,Male,0,0,55,North America,<=50K
13518,"[20, 30[", Private,47541,High School,9,Divorced,Technical, Other-relative,*,Male,0,0,40,North America,<=50K
13519,"[40, 50[", Private,151107,High School,9,Never-married,Technical, Not-in-family,*,Male,0,0,40,North America,<=50K
13520,"[20, 30[", Private,500509,High School,9,Never-married,Other, Own-child,*,Male,0,0,40,North America,<=50K
13521,"[40, 50[", Private,138107,Undergraduate,13,Divorced,Nontechnical, Not-in-family,*,Male,0,2258,40,North America,>50K
13522,"[20, 30[", Federal-gov,225515,Undergraduate,10,Never-married,Technical, Own-child,*,Female,0,0,24,North America,<=50K
13523,"[20, 30[", Private,153291,Professional Education,15,Married-civ-spouse,Technical, Wife,*,Female,0,0,50,North America,>50K
13524,"[40, 50[", Private,169885,High School,9,Separated,Other, Not-in-family,*,Female,0,0,40,North America,<=50K
13525,"[10, 20[", ?,112780,Undergraduate,10,Never-married,Other, Own-child,*,Female,0,0,30,North America,<=50K
13526,"[30, 40[", Local-gov,175778,Undergraduate,13,Divorced,Technical, Not-in-family,*,Female,0,0,40,North America,<=50K
13527,"[40, 50[", Private,55213,High School,9,Married-civ-spouse,Technical, Husband,*,Male,0,1977,52,North America,>50K
13528,"[40, 50[", Private,38950,Undergraduate,13,Married-civ-spouse,Nontechnical, Husband,*,Male,15024,0,50,North America,>50K
13529,"[60, 70[", Self-emp-not-inc,65991,High School,9,Married-civ-spouse,Other, Husband,*,Male,7298,0,45,North America,>50K
13530,"[30, 40[", Private,174330,High School,9,Separated,Technical, Unmarried,*,Male,0,0,40,North America,<=50K
13531,"[50, 60[", Private,35224,High School,9,Married-civ-spouse,Technical, Husband,*,Male,0,0,40,North America,<=50K
13532,"[50, 60[", Private,175622,Professional Education,11,Divorced,Other, Unmarried,*,Female,0,0,40,North America,<=50K
13533,"[40, 50[", Private,164678,Graduate,14,Married-civ-spouse,Technical, Wife,*,Female,0,0,45,North America,<=50K
13534,"[50, 60[", ?,87263,High School,9,Married-civ-spouse,Other, Husband,*,Male,0,0,55,North America,>50K
13535,"[50, 60[", Private,163671,High School,9,Married-civ-spouse,Other, Husband,*,Male,0,1887,65,North America,>50K
13536,"[10, 20[", Self-emp-not-inc,181317,High School,6,Never-married,Other, Own-child,*,Male,0,0,35,North America,<=50K
13537,"[30, 40[", Federal-gov,177945,High School,9,Married-civ-spouse,Other, Husband,*,Male,0,0,40,North America,<=50K
13538,"[20, 30[", Private,47168,High School,6,Never-married,Technical, Own-child,*,Female,0,0,40,North America,<=50K
13539,"[30, 40[", Self-emp-not-inc,190023,Undergraduate,13,Married-civ-spouse,Nontechnical, Husband,*,Male,0,0,60,North America,<=50K
13540,"[30, 40[", Private,168782,Professional Education,11,Never-married,Technical, Unmarried,*,Male,0,0,40,North America,<=50K
13541,"[50, 60[", Private,175290,High School,4,Never-married,Other, Other-relative,*,Male,0,0,32,North America,<=50K
13543,"[50, 60[", Private,159755,Undergraduate,10,Married-civ-spouse,Other, Husband,*,Male,0,0,40,North America,>50K
13544,"[30, 40[", Private,113364,Professional Education,12,Married-civ-spouse,Technical, Husband,*,Male,0,0,55,North America,<=50K
13545,"[30, 40[", Private,487742,Undergraduate,10,Separated,Nontechnical, Unmarried,*,Female,0,0,40,North America,<=50K
13546,"[20, 30[", Private,304710,Undergraduate,10,Never-married,Nontechnical, Own-child,*,Female,0,0,20,North America,<=50K
13547,"[50, 60[", Local-gov,185846,Graduate,14,Married-civ-spouse,Technical, Husband,*,Male,0,1977,40,North America,>50K
13548,"[40, 50[", Private,212894,Professional Education,11,Married-civ-spouse,Other, Husband,*,Male,2407,0,40,North America,<=50K
13549,"[50, 60[", Self-emp-not-inc,315460,Professional Education,15,Married-civ-spouse,Technical, Husband,*,Male,0,0,36,North America,<=50K
13552,"[10, 20[", ?,117444,High School,9,Never-married,Other, Own-child,*,Male,0,0,30,North America,<=50K
13553,"[30, 40[", Private,202683,High School,9,Never-married,Other, Not-in-family,*,Male,0,0,40,North America,<=50K
13554,"[30, 40[", Private,164866,High School,9,Married-civ-spouse,Technical, Husband,*,Male,0,0,42,North America,>50K
13555,"[40, 50[", Private,191814,Professional Education,12,Married-civ-spouse,Nontechnical, Husband,*,Male,7688,0,50,North America,>50K
13556,"[30, 40[", ?,227160,Undergraduate,10,Divorced,Other, Not-in-family,*,Male,0,0,40,North America,<=50K
13557,"[50, 60[", Private,158077,Undergraduate,13,Married-civ-spouse,Nontechnical, Wife,*,Female,0,0,40,North America,<=50K
13558,"[30, 40[", Private,191103,Professional Education,15,Married-civ-spouse,Technical, Husband,*,Male,0,0,99,North America,>50K
13559,"[20, 30[", Private,193701,Undergraduate,13,Never-married,Other, Not-in-family,*,Female,0,0,38,North America,<=50K
13560,"[40, 50[", Private,143046,Undergraduate,13,Never-married,Technical, Not-in-family,*,Female,0,0,45,North America,<=50K
13561,"[30, 40[", Private,206297,Undergraduate,13,Married-civ-spouse,Nontechnical, Husband,*,Male,0,0,48,North America,>50K
13562,"[30, 40[", Self-emp-not-inc,188563,High School,9,Divorced,Other, Own-child,*,Male,0,0,50,North America,<=50K
13563,"[50, 60[", Private,35102,Undergraduate,10,Divorced,Other, Not-in-family,*,Female,0,0,34,North America,<=50K
13564,"[20, 30[", Private,203055,Undergraduate,10,Never-married,Technical, Unmarried,*,Male,0,0,40,North America,<=50K
13565,"[40, 50[", Private,309932,Undergraduate,13,Married-civ-spouse,Technical, Husband,*,Male,0,0,40,North America,<=50K
13566,"[40, 50[", Self-emp-not-inc,243432,High School,9,Married-civ-spouse,Technical, Husband,*,Male,0,0,60,North America,<=50K
13567,"[20, 30[", Private,177107,Professional Education,11,Never-married,Technical, Unmarried,*,Female,0,0,35,North America,<=50K
13568,"[60, 70[", Self-emp-not-inc,113929,High School,9,Married-civ-spouse,Nontechnical, Husband,*,Male,0,0,35,North America,<=50K
13569,"[10, 20[", ?,291509,High School,8,Never-married,Other, Own-child,*,Male,0,0,28,North America,<=50K
13570,"[40, 50[", Private,222011,Graduate,14,Never-married,Technical, Not-in-family,*,Female,3325,0,40,North America,<=50K
13571,"[30, 40[", Private,186824,High School,9,Married-civ-spouse,Nontechnical, Husband,*,Male,0,0,70,North America,<=50K
13572,"[40, 50[", Private,192768,High School,9,Married-civ-spouse,Other, Wife,*,Female,0,0,40,North America,<=50K
13573,"[30, 40[", Private,234962,High School,9,Never-married,Technical, Other-relative,*,Male,0,0,40,North America,<=50K
13574,"[30, 40[", Private,83253,Undergraduate,10,Married-civ-spouse,Other, Husband,*,Male,0,0,60,North America,<=50K
13575,"[20, 30[", Private,248990,Undergraduate,10,Never-married,Technical, Own-child,*,Male,0,0,40,North America,<=50K
13576,"[20, 30[", Private,346159,High School,9,Never-married,Technical, Not-in-family,*,Male,0,0,40,North America,<=50K
13577,"[50, 60[", Private,272656,Undergraduate,13,Married-civ-spouse,Technical, Husband,*,Male,0,0,55,North America,>50K
13578,"[20, 30[", Private,60552,Undergraduate,10,Never-married,Nontechnical, Own-child,*,Female,0,0,40,North America,<=50K
13579,"[20, 30[", State-gov,33798,Undergraduate,10,Divorced,Other, Own-child,*,Male,0,0,20,North America,<=50K
13580,"[30, 40[", Self-emp-not-inc,112158,High School,9,Married-civ-spouse,Nontechnical, Husband,*,Male,0,0,99,North America,<=50K
13581,"[50, 60[", Private,200992,Undergraduate,10,Widowed,Other, Not-in-family,*,Female,0,0,35,North America,<=50K
13582,"[20, 30[", Private,98155,High School,9,Married-civ-spouse,Nontechnical, Husband,*,Male,0,0,40,North America,<=50K
13583,"[30, 40[", Self-emp-inc,79586,Undergraduate,13,Never-married,Technical, Not-in-family,*,Male,0,0,60,North America,<=50K
13584,"[20, 30[", State-gov,143062,High School,9,Never-married,Other, Own-child,*,Female,0,0,40,North America,<=50K
13585,"[30, 40[", Private,101146,High School,9,Divorced,Technical, Not-in-family,*,Female,4650,0,40,North America,<=50K
13586,"[10, 20[", ?,284450,High School,7,Never-married,Other, Own-child,*,Male,0,0,25,North America,<=50K
13587,"[50, 60[", State-gov,159021,High School,5,Married-civ-spouse,Other, Husband,*,Male,0,0,40,North America,<=50K
13588,"[30, 40[", Local-gov,353270,Professional Education,11,Never-married,Technical, Own-child,*,Female,0,0,40,North America,<=50K
13590,"[40, 50[", State-gov,231961,Graduate,16,Divorced,Technical, Unmarried,*,Male,0,0,50,North America,>50K
13591,"[30, 40[", Private,181943,Undergraduate,13,Never-married,Other, Not-in-family,*,Female,0,0,35,North America,<=50K
13592,"[20, 30[", Private,163595,Undergraduate,10,Never-married,Other, Own-child,*,Male,0,0,35,North America,<=50K
13593,"[20, 30[", Private,130856,Undergraduate,13,Married-civ-spouse,Technical, Husband,*,Male,0,0,40,North America,>50K
13594,"[40, 50[", Private,208875,Undergraduate,10,Married-civ-spouse,Nontechnical, Wife,*,Female,0,0,40,North America,>50K
13595,"[20, 30[", Self-emp-not-inc,58744,Professional Education,12,Never-married,Other, Own-child,*,Male,0,0,60,North America,<=50K
13596,"[40, 50[", Private,116641,High School,9,Divorced,Other, Unmarried,*,Female,0,0,45,North America,<=50K
13597,"[40, 50[", Private,69333,Undergraduate,13,Married-civ-spouse,Other, Husband,*,Male,0,0,40,North America,<=50K
13598,"[30, 40[", Private,320811,Undergraduate,10,Married-civ-spouse,Technical, Husband,*,Male,0,0,40,North America,>50K
13599,"[30, 40[", Private,197886,Undergraduate,13,Married-civ-spouse,Nontechnical, Husband,*,Male,0,0,60,North America,>50K
13601,"[20, 30[", Private,89154,High School,5,Never-married,Other, Not-in-family,*,Male,0,0,40,North America,<=50K
13602,"[30, 40[", Private,372317,High School,5,Separated,Other, Unmarried,*,Female,0,0,23,North America,<=50K
13604,"[30, 40[", Private,192614,High School,9,Married-civ-spouse,Other, Husband,*,Male,0,0,56,North America,<=50K
13605,"[30, 40[", Private,403489,High School,7,Divorced,Other, Own-child,*,Male,0,0,40,North America,<=50K
13606,"[10, 20[", Private,169652,High School,7,Never-married,Other, Own-child,*,Female,0,0,12,North America,<=50K
13607,"[20, 30[", Private,217467,Undergraduate,10,Never-married,Technical, Own-child,*,Male,0,0,40,North America,<=50K
13608,"[20, 30[", ?,162104,High School,5,Never-married,Other, Own-child,*,Female,0,0,40,North America,<=50K
13609,"[50, 60[", Private,175912,High School,6,Married-civ-spouse,Other, Husband,*,Male,0,0,40,North America,<=50K
13610,"[40, 50[", Self-emp-not-inc,179533,High School,9,Married-civ-spouse,Other, Husband,*,Male,0,0,75,North America,>50K
13611,"[20, 30[", Private,149624,Undergraduate,10,Married-civ-spouse,Other, Husband,*,Male,0,0,30,North America,<=50K
13612,"[20, 30[", Private,289147,High School,9,Never-married,Technical, Own-child,*,Female,0,0,40,North America,<=50K
13613,"[40, 50[", Federal-gov,347720,Undergraduate,13,Never-married,Technical, Not-in-family,*,Male,0,0,50,North America,<=50K
13614,"[20, 30[", Private,406978,Undergraduate,13,Never-married,Nontechnical, Other-relative,*,Female,0,0,40,North America,<=50K
13616,"[30, 40[", Self-emp-inc,163998,Professional Education,12,Married-civ-spouse,Nontechnical, Husband,*,Male,0,0,50,North America,>50K
13618,"[30, 40[", Private,333701,Professional Education,11,Never-married,Other, Unmarried,*,Male,0,0,40,North America,<=50K
13619,"[20, 30[", State-gov,48121,Undergraduate,10,Never-married,Nontechnical, Own-child,*,Male,0,1602,10,North America,<=50K
13620,"[40, 50[", Private,186256,High School,9,Divorced,Technical, Not-in-family,*,Male,0,0,40,North America,<=50K
13621,"[30, 40[", Private,104525,High School,9,Married-civ-spouse,Nontechnical, Husband,*,Male,0,0,40,North America,<=50K
13622,"[20, 30[", Private,104097,Undergraduate,13,Married-civ-spouse,Technical, Husband,*,Male,2829,0,60,North America,<=50K
13623,"[70, 80[", Private,212806,High School,9,Married-civ-spouse,Nontechnical, Husband,*,Male,0,0,36,North America,<=50K
13624,"[20, 30[", Local-gov,203353,Undergraduate,13,Never-married,Technical, Own-child,*,Female,0,0,45,North America,<=50K
13625,"[40, 50[", Private,130126,Professional Education,15,Married-civ-spouse,Technical, Husband,*,Male,0,0,80,North America,>50K
13626,"[20, 30[", ?,270043,High School,6,Never-married,Other, Unmarried,*,Female,0,0,30,North America,<=50K
13628,"[30, 40[", Private,154120,Undergraduate,13,Never-married,Nontechnical, Not-in-family,*,Male,0,0,65,North America,<=50K
13629,"[40, 50[", Private,193537,Undergraduate,10,Married-civ-spouse,Other, Wife,*,Female,0,0,40,North America,<=50K
13630,"[40, 50[", Private,84535,Undergraduate,10,Divorced,Nontechnical, Unmarried,*,Female,0,0,48,North America,<=50K
13631,"[50, 60[", Private,150999,Graduate,14,Married-civ-spouse,Technical, Husband,*,Male,0,1977,40,North America,>50K
13632,"[30, 40[", State-gov,157673,High School,9,Married-civ-spouse,Other, Husband,*,Male,0,0,40,North America,<=50K
13633,"[60, 70[", Private,217424,High School,9,Married-civ-spouse,Other, Husband,*,Male,0,0,24,North America,<=50K
13634,"[40, 50[", Private,358886,High School,8,Married-civ-spouse,Other, Husband,*,Male,2407,0,50,North America,<=50K
13635,"[30, 40[", Private,186191,Undergraduate,13,Never-married,Technical, Own-child,*,Male,0,0,40,North America,<=50K
13636,"[70, 80[", Self-emp-inc,212660,High School,7,Married-civ-spouse,Nontechnical, Husband,*,Male,0,0,10,North America,<=50K
13637,"[30, 40[", Self-emp-inc,31740,Professional Education,11,Married-civ-spouse,Other, Husband,*,Male,0,0,55,North America,<=50K
13638,"[30, 40[", Private,498785,High School,9,Divorced,Other, Not-in-family,*,Male,0,0,40,North America,<=50K
13639,"[30, 40[", Self-emp-not-inc,35945,High School,4,Married-civ-spouse,Technical, Husband,*,Male,7298,0,45,North America,>50K
13640,"[40, 50[", Local-gov,162566,Graduate,14,Divorced,Technical, Unmarried,*,Female,0,0,50,North America,<=50K
13641,"[30, 40[", Private,118861,Undergraduate,10,Married-civ-spouse,Other, Husband,*,Male,0,0,50,North America,>50K
13642,"[30, 40[", Private,206609,Undergraduate,10,Never-married,Nontechnical, Unmarried,*,Male,0,0,35,North America,<=50K
13643,"[30, 40[", Federal-gov,423064,High School,9,Separated,Other, Other-relative,*,Male,0,0,35,North America,<=50K
13644,"[40, 50[", Private,191957,Undergraduate,13,Married-civ-spouse,Nontechnical, Husband,*,Male,0,0,40,North America,>50K
13645,"[40, 50[", Private,223934,Undergraduate,10,Married-civ-spouse,Other, Wife,*,Female,0,0,17,North America,>50K
13646,"[60, 70[", ?,129246,High School,9,Married-civ-spouse,Other, Husband,*,Male,0,0,40,North America,<=50K
13647,"[40, 50[", Self-emp-not-inc,195486,High School,9,Married-civ-spouse,Nontechnical, Husband,*,Male,0,0,70,North America,<=50K
13649,"[20, 30[", Private,119215,Undergraduate,10,Never-married,Other, Own-child,*,Male,0,0,40,North America,<=50K
13650,"[40, 50[", Private,240554,Undergraduate,13,Married-civ-spouse,Nontechnical, Husband,*,Male,0,0,40,North America,>50K
13651,"[50, 60[", Private,199067,Undergraduate,13,Married-civ-spouse,Nontechnical, Husband,*,Male,15024,0,42,North America,>50K
13653,"[30, 40[", Private,358682,Undergraduate,10,Married-civ-spouse,Nontechnical, Husband,*,Male,0,0,40,North America,<=50K
13654,"[40, 50[", Local-gov,59612,Graduate,14,Married-civ-spouse,Technical, Husband,*,Male,0,0,40,North America,>50K
13655,"[40, 50[", State-gov,391585,Undergraduate,13,Married-civ-spouse,Nontechnical, Husband,*,Male,15024,0,40,North America,>50K
13656,"[30, 40[", Local-gov,101345,High School,9,Separated,Other, Unmarried,*,Female,0,0,26,North America,<=50K
13657,"[20, 30[", Private,117618,Undergraduate,10,Never-married,Nontechnical, Own-child,*,Male,0,0,40,North America,<=50K
13658,"[30, 40[", Private,231238,High School,5,Separated,Other, Unmarried,*,Male,0,0,40,North America,<=50K
13659,"[40, 50[", Local-gov,143046,High School,9,Widowed,Other, Unmarried,*,Female,0,0,40,North America,<=50K
13660,"[40, 50[", Private,326857,Graduate,14,Married-civ-spouse,Nontechnical, Husband,*,Male,0,2415,65,North America,>50K
13661,"[40, 50[", Private,203642,Undergraduate,13,Never-married,Technical, Not-in-family,*,Female,0,0,40,North America,>50K
13662,"[60, 70[", Private,88579,High School,9,Never-married,Other, Not-in-family,*,Female,0,0,38,North America,<=50K
13663,"[20, 30[", Private,240517,Undergraduate,10,Never-married,Technical, Own-child,*,Female,0,0,70,North America,<=50K
13665,"[30, 40[", Private,143392,Undergraduate,13,Married-civ-spouse,Other, Wife,*,Female,0,0,40,North America,<=50K
13667,"[20, 30[", State-gov,264710,Undergraduate,13,Never-married,Technical, Own-child,*,Female,0,0,40,North America,<=50K
13668,"[60, 70[", State-gov,223830,High School,5,Never-married,Other, Not-in-family,*,Female,0,0,38,North America,<=50K
13669,"[40, 50[", Private,154374,High School,9,Married-civ-spouse,Other, Husband,*,Male,0,0,50,North America,>50K
13670,"[40, 50[", State-gov,242521,High School,9,Married-civ-spouse,Technical, Husband,*,Male,0,0,40,North America,<=50K
13671,"[30, 40[", Private,124569,Undergraduate,10,Divorced,Other, Not-in-family,*,Female,0,0,40,North America,<=50K
13672,"[20, 30[", Private,209230,High School,9,Never-married,Other, Own-child,*,Female,0,0,6,North America,<=50K
13673,"[20, 30[", Private,162228,Undergraduate,10,Never-married,Other, Own-child,*,Male,0,0,40,North America,<=50K
13674,"[40, 50[", Federal-gov,60267,High School,9,Married-civ-spouse,Other, Husband,*,Male,0,0,40,North America,>50K
13675,"[50, 60[", Self-emp-not-inc,76901,Professional Education,12,Married-civ-spouse,Nontechnical, Husband,*,Male,0,0,55,North America,>50K
13676,"[20, 30[", Private,137876,High School,9,Never-married,Technical, Own-child,*,Male,0,0,50,North America,<=50K
13677,"[70, 80[", Self-emp-not-inc,347910,Undergraduate,10,Married-civ-spouse,Nontechnical, Husband,*,Male,0,0,35,North America,<=50K
13678,"[20, 30[", Local-gov,138917,Undergraduate,13,Never-married,Technical, Not-in-family,*,Male,0,0,35,North America,<=50K
13679,"[30, 40[", Private,532379,Undergraduate,10,Married-civ-spouse,Technical, Husband,*,Male,0,0,40,North America,<=50K
13680,"[50, 60[", Private,31532,Undergraduate,13,Married-civ-spouse,Other, Husband,*,Male,0,0,40,North America,<=50K
13681,"[30, 40[", Self-emp-not-inc,30973,High School,9,Married-civ-spouse,Nontechnical, Husband,*,Male,0,0,40,North America,<=50K
13683,"[30, 40[", Private,295282,High School,9,Married-civ-spouse,Technical, Husband,*,Male,0,0,48,North America,<=50K
13684,"[40, 50[", Private,190786,Professional Education,11,Married-civ-spouse,Technical, Husband,*,Male,0,0,40,North America,<=50K
13685,"[20, 30[", Private,246207,Undergraduate,13,Never-married,Technical, Own-child,*,Female,0,0,40,North America,<=50K
13686,"[50, 60[", Private,130780,High School,9,Married-civ-spouse,Nontechnical, Husband,*,Male,0,0,40,North America,<=50K
13687,"[30, 40[", Private,186212,Professional Education,12,Married-civ-spouse,Technical, Husband,*,Male,0,0,50,North America,<=50K
13688,"[40, 50[", Private,175526,High School,9,Married-civ-spouse,Technical, Husband,*,Male,0,0,40,North America,<=50K
13689,"[40, 50[", Private,207025,High School,9,Never-married,Other, Not-in-family,*,Female,6849,0,38,North America,<=50K
13690,"[30, 40[", Federal-gov,82622,Undergraduate,13,Never-married,Other, Not-in-family,*,Male,0,0,45,North America,<=50K
13692,"[30, 40[", State-gov,318886,Undergraduate,13,Married-civ-spouse,Other, Husband,*,Male,0,0,52,North America,<=50K
13693,"[10, 20[", Private,256005,High School,9,Never-married,Other, Own-child,*,Male,0,0,40,North America,<=50K
13695,"[50, 60[", Private,205803,Graduate,14,Married-civ-spouse,Nontechnical, Husband,*,Male,15024,0,40,North America,>50K
13697,"[30, 40[", Private,154120,High School,9,Divorced,Nontechnical, Own-child,*,Male,0,0,45,North America,<=50K
13698,"[30, 40[", Private,69251,Undergraduate,10,Married-civ-spouse,Other, Husband,*,Male,0,0,40,North America,<=50K
13700,"[30, 40[", Private,168521,Undergraduate,13,Never-married,Nontechnical, Unmarried,*,Female,0,0,50,North America,<=50K
13701,"[50, 60[", Private,193568,High School,9,Divorced,Technical, Own-child,*,Female,0,0,40,North America,<=50K
13702,"[10, 20[", Private,426895,High School,8,Never-married,Other, Own-child,*,Male,0,0,55,North America,<=50K
13703,"[40, 50[", Self-emp-not-inc,131826,Undergraduate,10,Married-civ-spouse,Nontechnical, Husband,*,Male,0,0,40,North America,<=50K
13704,"[40, 50[", Private,79646,High School,7,Married-civ-spouse,Other, Husband,*,Male,0,0,50,North America,<=50K
13705,"[20, 30[", Private,167031,Undergraduate,13,Never-married,Technical, Unmarried,*,Female,0,0,33,North America,<=50K
13707,"[50, 60[", Private,114056,Professional Education,11,Married-civ-spouse,Other, Husband,*,Male,0,0,84,North America,<=50K
13708,"[50, 60[", Self-emp-not-inc,110417,Undergraduate,10,Married-civ-spouse,Other, Husband,*,Male,0,0,75,North America,<=50K
13709,"[60, 70[", Private,33266,High School,9,Married-civ-spouse,Other, Husband,*,Male,0,0,40,North America,<=50K
13710,"[30, 40[", Private,154410,High School,9,Married-civ-spouse,Other, Husband,*,Male,0,0,40,North America,>50K
13711,"[50, 60[", ?,154537,Undergraduate,10,Divorced,Other, Unmarried,*,Female,0,0,50,North America,>50K
13712,"[10, 20[", Private,27780,High School,9,Never-married,Nontechnical, Own-child,*,Female,0,0,25,North America,<=50K
13713,"[20, 30[", Private,142914,Professional Education,12,Married-civ-spouse,Technical, Wife,*,Female,0,0,75,North America,<=50K
13714,"[30, 40[", Private,190987,Undergraduate,10,Married-civ-spouse,Nontechnical, Wife,*,Female,7298,0,40,North America,>50K
13715,"[20, 30[", Private,314422,High School,9,Never-married,Nontechnical, Own-child,*,Female,0,0,30,North America,<=50K
13716,"[20, 30[", Local-gov,273771,Graduate,14,Never-married,Technical, Not-in-family,*,Male,0,0,45,North America,<=50K
13717,"[30, 40[", Private,175083,High School,9,Divorced,Other, Not-in-family,*,Male,0,0,52,North America,<=50K
13718,"[20, 30[", Private,63665,Undergraduate,10,Never-married,Other, Own-child,*,Male,0,0,15,North America,<=50K
13719,"[20, 30[", Local-gov,193416,Undergraduate,10,Never-married,Other, Own-child,*,Female,0,0,40,North America,<=50K
13720,"[50, 60[", Private,74275,High School,9,Married-civ-spouse,Technical, Husband,*,Male,0,0,40,North America,<=50K
13721,"[30, 40[", Private,122609,High School,9,Divorced,Other, Unmarried,*,Female,0,0,40,North America,<=50K
13722,"[40, 50[", Private,225456,Undergraduate,13,Married-civ-spouse,Technical, Husband,*,Male,0,1977,40,North America,>50K
13723,"[30, 40[", Local-gov,116892,Undergraduate,10,Married-civ-spouse,Technical, Husband,*,Male,0,0,40,North America,<=50K
13724,"[20, 30[", Private,196971,Undergraduate,13,Never-married,Technical, Own-child,*,Female,0,0,72,North America,<=50K
13725,"[20, 30[", Private,105312,High School,9,Never-married,Nontechnical, Not-in-family,*,Female,0,0,35,North America,<=50K
13726,"[40, 50[", Private,108699,Undergraduate,10,Widowed,Other, Not-in-family,*,Female,0,0,60,North America,<=50K
13727,"[40, 50[", Private,171615,High School,9,Married-civ-spouse,Other, Husband,*,Male,0,0,45,North America,<=50K
13728,"[30, 40[", Private,388023,High School,9,Divorced,Nontechnical, Not-in-family,*,Female,0,0,38,North America,<=50K
13729,"[30, 40[", Private,181553,Undergraduate,13,Divorced,Nontechnical, Not-in-family,*,Male,0,0,55,North America,<=50K
13730,"[40, 50[", Private,170850,High School,9,Married-civ-spouse,Technical, Husband,*,Male,0,0,44,North America,>50K
13731,"[20, 30[", Private,187479,Undergraduate,10,Married-civ-spouse,Nontechnical, Husband,*,Male,0,0,55,North America,<=50K
13732,"[40, 50[", Private,277720,Undergraduate,10,Married-civ-spouse,Other, Wife,*,Female,0,0,35,North America,<=50K
13733,"[40, 50[", Local-gov,493862,High School,9,Married-civ-spouse,Nontechnical, Husband,*,Male,7298,0,38,North America,>50K
13734,"[20, 30[", Private,220754,High School,9,Never-married,Other, Not-in-family,*,Female,0,0,70,North America,<=50K
13735,"[30, 40[", Self-emp-not-inc,209768,High School,9,Married-civ-spouse,Nontechnical, Husband,*,Male,0,0,40,North America,<=50K
13736,"[30, 40[", Private,93225,High School,9,Married-civ-spouse,Technical, Husband,*,Male,0,0,40,North America,<=50K
13737,"[20, 30[", Federal-gov,341709,High School,9,Never-married,Technical, Not-in-family,*,Male,0,0,40,North America,<=50K
13738,"[20, 30[", Private,236242,Professional Education,15,Never-married,Technical, Not-in-family,*,Female,0,0,30,North America,<=50K
13739,"[20, 30[", Private,121889,Undergraduate,10,Never-married,Nontechnical, Own-child,*,Female,0,0,20,North America,<=50K
13740,"[10, 20[", Private,318190,High School,7,Never-married,Other, Own-child,*,Male,0,0,15,North America,<=50K
13741,"[60, 70[", Self-emp-not-inc,111306,High School,4,Widowed,Other, Unmarried,*,Female,0,0,10,North America,<=50K
13742,"[10, 20[", Private,198614,High School,7,Never-married,Nontechnical, Own-child,*,Female,0,0,8,North America,<=50K
13743,"[30, 40[", Private,193231,High School,9,Married-civ-spouse,Technical, Husband,*,Male,0,0,40,North America,<=50K
13744,"[20, 30[", ?,104614,High School,7,Never-married,Other, Unmarried,*,Female,0,0,40,North America,<=50K
13745,"[10, 20[", Private,172368,High School,7,Never-married,Other, Own-child,*,Male,0,0,20,North America,<=50K
13746,"[20, 30[", Private,60331,Undergraduate,10,Never-married,Other, Not-in-family,*,Male,0,0,60,North America,<=50K
13748,"[30, 40[", Private,192939,Graduate,14,Married-civ-spouse,Technical, Husband,*,Male,0,1977,60,North America,>50K
13749,"[40, 50[", Private,138184,High School,9,Divorced,Other, Not-in-family,*,Female,0,1762,35,North America,<=50K
13751,"[30, 40[", Private,208068,High School,9,Married-civ-spouse,Technical, Husband,*,Male,0,0,40,North America,<=50K
13752,"[40, 50[", Private,181810,High School,9,Married-civ-spouse,Technical, Husband,*,Male,4064,0,40,North America,<=50K
13753,"[20, 30[", Federal-gov,283918,Undergraduate,10,Divorced,Other, Unmarried,*,Female,0,0,25,North America,<=50K
13754,"[40, 50[", Private,107276,Undergraduate,10,Never-married,Nontechnical, Not-in-family,*,Female,0,2444,40,North America,>50K
13755,"[20, 30[", Private,37783,Undergraduate,10,Never-married,Nontechnical, Own-child,*,Female,0,0,40,North America,<=50K
13756,"[20, 30[", Private,263552,High School,9,Never-married,Other, Not-in-family,*,Male,0,0,50,North America,<=50K
13757,"[40, 50[", Private,255439,Undergraduate,10,Never-married,Nontechnical, Not-in-family,*,Male,0,0,40,North America,<=50K
13758,"[30, 40[", Self-emp-inc,344275,High School,9,Never-married,Technical, Not-in-family,*,Male,0,0,44,North America,<=50K
13759,"[30, 40[", Private,70568,Primary School,2,Never-married,Other, Other-relative,*,Female,0,0,25,North America,<=50K
13760,"[10, 20[", Private,127827,High School,8,Never-married,Nontechnical, Own-child,*,Female,0,0,25,North America,<=50K
13761,"[30, 40[", Private,185203,High School,9,Never-married,Nontechnical, Not-in-family,*,Female,0,0,40,North America,<=50K
13762,"[50, 60[", Private,123436,Undergraduate,13,Married-civ-spouse,Nontechnical, Husband,*,Male,7688,0,50,North America,>50K
13763,"[50, 60[", Self-emp-not-inc,136322,High School,9,Married-civ-spouse,Other, Husband,*,Male,0,1579,40,North America,<=50K
13764,"[20, 30[", Private,187052,High School,9,Never-married,Other, Own-child,*,Female,0,0,40,North America,<=50K
13765,"[70, 80[", Private,177769,High School,6,Married-civ-spouse,Nontechnical, Husband,*,Male,0,0,15,North America,<=50K
13766,"[60, 70[", Private,68268,High School,6,Married-civ-spouse,Other, Husband,*,Male,0,0,55,North America,<=50K
13767,"[40, 50[", Private,424855,Undergraduate,10,Married-civ-spouse,Technical, Husband,*,Male,3908,0,40,North America,<=50K
13769,"[30, 40[", Self-emp-inc,153549,High School,9,Married-civ-spouse,Nontechnical, Husband,*,Male,0,0,50,North America,>50K
13770,"[40, 50[", Private,271393,Professional Education,12,Divorced,Nontechnical, Not-in-family,*,Female,0,0,40,North America,<=50K
13771,"[20, 30[", Private,198148,High School,9,Never-married,Other, Own-child,*,Male,0,0,40,North America,<=50K
13772,"[60, 70[", Private,469602,Undergraduate,13,Married-civ-spouse,Nontechnical, Husband,*,Male,0,0,15,North America,<=50K
13773,"[30, 40[", Private,163290,Undergraduate,10,Divorced,Nontechnical, Unmarried,*,Female,0,0,40,North America,<=50K
13774,"[30, 40[", Private,295949,High School,9,Never-married,Technical, Not-in-family,*,Male,0,0,40,North America,<=50K
13775,"[30, 40[", Self-emp-not-inc,125279,Undergraduate,10,Married-civ-spouse,Nontechnical, Husband,*,Male,0,0,60,North America,<=50K
13776,"[60, 70[", Local-gov,182866,High School,9,Widowed,Other, Unmarried,*,Female,0,0,40,North America,<=50K
13777,"[60, 70[", Self-emp-not-inc,111563,Undergraduate,13,Married-civ-spouse,Other, Husband,*,Male,0,0,20,North America,>50K
13778,"[30, 40[", Private,34173,Undergraduate,13,Never-married,Nontechnical, Unmarried,*,Female,0,0,45,North America,<=50K
13779,"[20, 30[", Private,183627,Undergraduate,13,Married-civ-spouse,Nontechnical, Husband,*,Male,0,1977,50,North America,>50K
13780,"[20, 30[", Private,197757,Undergraduate,13,Never-married,Technical, Own-child,*,Female,0,0,40,Asia,<=50K
13781,"[30, 40[", Private,98941,Undergraduate,13,Never-married,Technical, Not-in-family,*,Male,0,0,40,North America,>50K
13782,"[40, 50[", Private,205474,Undergraduate,13,Married-civ-spouse,Nontechnical, Husband,*,Male,0,0,40,North America,>50K
13783,"[40, 50[", Private,206659,Undergraduate,10,Divorced,Other, Other-relative,*,Female,0,0,40,North America,<=50K
13786,"[50, 60[", Private,47396,Undergraduate,10,Married-civ-spouse,Other, Husband,*,Male,0,0,50,North America,>50K
13787,"[40, 50[", State-gov,270721,Undergraduate,13,Married-civ-spouse,Nontechnical, Husband,*,Male,0,0,55,North America,>50K
13788,"[50, 60[", State-gov,32694,Graduate,16,Married-civ-spouse,Technical, Husband,*,Male,0,0,40,North America,>50K
13789,"[40, 50[", Private,171256,Professional Education,12,Divorced,Technical, Own-child,*,Female,0,0,45,North America,<=50K
13790,"[50, 60[", Private,169982,Undergraduate,13,Married-civ-spouse,Nontechnical, Husband,*,Male,0,2002,50,North America,<=50K
13791,"[50, 60[", Self-emp-not-inc,217210,High School,9,Widowed,Other, Other-relative,*,Female,0,0,40,North America,<=50K
13792,"[40, 50[", Private,218329,Undergraduate,10,Never-married,Technical, Own-child,*,Male,0,0,40,North America,<=50K
13793,"[20, 30[", Private,386643,Undergraduate,10,Never-married,Other, Own-child,*,Female,0,0,40,North America,<=50K
13794,"[30, 40[", Federal-gov,125933,High School,9,Married-civ-spouse,Other, Husband,*,Male,0,0,40,North America,>50K
13795,"[40, 50[", Self-emp-not-inc,155767,Undergraduate,10,Married-civ-spouse,Nontechnical, Husband,*,Male,0,0,50,North America,<=50K
13796,"[30, 40[", Federal-gov,432555,High School,9,Married-civ-spouse,Other, Husband,*,Male,0,1628,40,North America,<=50K
13797,"[30, 40[", Private,54929,High School,9,Married-civ-spouse,Nontechnical, Husband,*,Male,0,0,55,North America,<=50K
13798,"[50, 60[", Private,162136,Undergraduate,10,Divorced,Technical, Not-in-family,*,Male,0,0,56,North America,<=50K
13799,"[20, 30[", Private,256504,Undergraduate,13,Never-married,Other, Own-child,*,Female,0,0,40,North America,<=50K
13800,"[40, 50[", Private,162098,High School,9,Divorced,Other, Unmarried,*,Female,0,0,30,North America,<=50K
13801,"[30, 40[", Self-emp-not-inc,103110,Undergraduate,13,Married-civ-spouse,Technical, Husband,*,Male,0,0,50,North America,<=50K
13802,"[20, 30[", Private,227610,High School,6,Divorced,Nontechnical, Unmarried,*,Female,0,0,58,North America,<=50K
13803,"[60, 70[", Private,176696,High School,9,Married-civ-spouse,Technical, Husband,*,Male,0,0,40,North America,>50K
13804,"[50, 60[", Private,220019,Professional Education,12,Divorced,Technical, Not-in-family,*,Female,0,0,40,North America,<=50K
13805,"[30, 40[", Self-emp-inc,242984,Undergraduate,13,Never-married,Nontechnical, Not-in-family,*,Male,0,0,50,North America,<=50K
13806,"[30, 40[", Private,187847,Professional Education,11,Married-civ-spouse,Nontechnical, Husband,*,Male,0,0,50,North America,>50K
13807,"[10, 20[", Private,132636,High School,7,Never-married,Nontechnical, Own-child,*,Female,0,0,15,North America,<=50K
13808,"[20, 30[", Private,108887,Undergraduate,10,Never-married,Other, Own-child,*,Female,0,0,25,North America,<=50K
13809,"[40, 50[", Self-emp-not-inc,195897,High School,9,Married-civ-spouse,Technical, Husband,*,Male,0,0,40,North America,<=50K
13810,"[40, 50[", Private,112181,Undergraduate,13,Married-civ-spouse,Nontechnical, Wife,*,Female,0,0,12,North America,>50K
13811,"[50, 60[", Local-gov,391926,High School,9,Married-civ-spouse,Nontechnical, Husband,*,Male,0,0,40,North America,<=50K
13812,"[10, 20[", Private,195505,High School,6,Never-married,Nontechnical, Own-child,*,Male,0,0,5,North America,<=50K
13813,"[30, 40[", Private,43819,Undergraduate,13,Married-civ-spouse,Technical, Wife,*,Female,7688,0,43,North America,>50K
13814,"[20, 30[", Private,145389,Undergraduate,10,Married-civ-spouse,Nontechnical, Wife,*,Female,0,0,40,North America,<=50K
13815,"[30, 40[", ?,186824,Undergraduate,10,Never-married,Other, Own-child,*,Male,0,0,40,North America,<=50K
13816,"[30, 40[", Local-gov,101833,Undergraduate,13,Separated,Technical, Not-in-family,*,Male,0,0,40,North America,<=50K
13819,"[20, 30[", Private,213276,High School,9,Married-civ-spouse,Nontechnical, Husband,*,Male,0,0,50,North America,<=50K
13822,"[30, 40[", Private,38797,Professional Education,11,Never-married,Technical, Not-in-family,*,Male,0,0,40,North America,<=50K
13823,"[30, 40[", Private,101859,High School,4,Never-married,Technical, Not-in-family,*,Male,0,0,50,North America,<=50K
13824,"[50, 60[", Private,87158,High School,9,Married-civ-spouse,Technical, Husband,*,Male,0,0,40,North America,<=50K
13825,"[50, 60[", Self-emp-not-inc,205066,High School,6,Married-civ-spouse,Technical, Husband,*,Male,0,0,36,North America,<=50K
13828,"[30, 40[", Private,87950,Professional Education,11,Divorced,Nontechnical, Not-in-family,*,Female,0,0,40,North America,<=50K
13829,"[30, 40[", Private,150154,High School,9,Never-married,Other, Own-child,*,Male,0,0,40,North America,<=50K
13830,"[50, 60[", Private,142076,High School,9,Divorced,Technical, Not-in-family,*,Male,4787,0,39,North America,>50K
13831,"[30, 40[", State-gov,112139,High School,9,Married-civ-spouse,Other, Husband,*,Male,0,0,40,North America,<=50K
13832,"[50, 60[", Private,149217,High School,9,Married-civ-spouse,Technical, Husband,*,Male,0,0,40,North America,<=50K
13833,"[20, 30[", Private,189974,Undergraduate,10,Divorced,Other, Own-child,*,Female,0,0,20,North America,<=50K
13835,"[20, 30[", Private,190290,Professional Education,11,Married-civ-spouse,Technical, Husband,*,Male,0,0,45,North America,<=50K
13836,"[30, 40[", Private,189404,Undergraduate,13,Married-civ-spouse,Nontechnical, Husband,*,Male,0,1977,35,North America,>50K
13837,"[30, 40[", Federal-gov,428271,High School,9,Divorced,Other, Unmarried,*,Female,0,0,35,North America,<=50K
13838,"[20, 30[", State-gov,134192,Undergraduate,10,Never-married,Technical, Own-child,*,Female,0,0,10,North America,<=50K
13839,"[40, 50[", Private,168211,High School,9,Married-civ-spouse,Technical, Husband,*,Male,0,0,44,North America,<=50K
13840,"[30, 40[", Private,277314,Professional Education,12,Married-civ-spouse,Nontechnical, Husband,*,Male,0,1902,50,North America,>50K
13841,"[40, 50[", Federal-gov,316120,Professional Education,15,Divorced,Technical, Unmarried,*,Male,0,0,40,North America,>50K
13842,"[40, 50[", Private,107276,Professional Education,11,Never-married,Technical, Not-in-family,*,Female,0,0,45,North America,<=50K
13843,"[40, 50[", ?,112453,High School,9,Separated,Other, Not-in-family,*,Male,0,0,4,North America,<=50K
13844,"[20, 30[", Private,346909,High School,9,Married-civ-spouse,Technical, Husband,*,Male,0,0,44,North America,<=50K
13845,"[60, 70[", ?,105017,Undergraduate,13,Married-civ-spouse,Other, Husband,*,Male,0,0,40,North America,<=50K
13846,"[40, 50[", Private,317360,Undergraduate,13,Divorced,Technical, Unmarried,*,Female,0,0,50,North America,<=50K
13847,"[20, 30[", Private,189017,Undergraduate,13,Never-married,Nontechnical, Not-in-family,*,Male,0,0,55,North America,<=50K
13848,"[50, 60[", Private,138179,High School,9,Married-civ-spouse,Technical, Husband,*,Male,0,0,40,North America,<=50K
13849,"[40, 50[", Private,299813,High School,7,Never-married,Technical, Not-in-family,*,Female,0,0,37,North America,<=50K
13851,"[50, 60[", Private,185846,High School,9,Married-civ-spouse,Nontechnical, Husband,*,Male,0,0,40,North America,<=50K
13852,"[40, 50[", Private,184655,Professional Education,12,Never-married,Other, Other-relative,*,Male,0,0,25,North America,<=50K
13853,"[20, 30[", Private,200295,Undergraduate,10,Never-married,Technical, Not-in-family,*,Male,0,0,40,North America,<=50K
13854,"[40, 50[", Private,117319,High School,9,Married-civ-spouse,Technical, Husband,*,Male,0,1672,40,North America,<=50K
13855,"[50, 60[", Private,63000,Undergraduate,10,Married-civ-spouse,Nontechnical, Husband,*,Male,0,0,60,North America,>50K
13856,"[50, 60[", Self-emp-not-inc,106942,Undergraduate,10,Divorced,Technical, Unmarried,*,Male,0,0,40,North America,<=50K
13857,"[40, 50[", Private,52795,Undergraduate,10,Married-civ-spouse,Technical, Husband,*,Male,0,0,46,North America,<=50K
13859,"[30, 40[", Self-emp-not-inc,410919,High School,9,Never-married,Technical, Own-child,*,Male,0,0,35,North America,<=50K
13860,"[20, 30[", Private,105592,Professional Education,12,Never-married,Other, Not-in-family,*,Male,0,0,45,North America,<=50K
13861,"[20, 30[", Self-emp-not-inc,183151,High School,9,Married-civ-spouse,Other, Husband,*,Male,0,0,48,North America,<=50K
13862,"[40, 50[", Private,209912,Undergraduate,13,Married-civ-spouse,Nontechnical, Husband,*,Male,0,0,40,Asia,>50K
13863,"[40, 50[", Self-emp-not-inc,275845,Undergraduate,10,Married-civ-spouse,Nontechnical, Husband,*,Male,0,0,60,North America,<=50K
13864,"[40, 50[", Local-gov,241851,Professional Education,11,Married-civ-spouse,Other, Husband,*,Male,4386,0,40,North America,>50K
13865,"[70, 80[", Private,89299,High School,9,Divorced,Other, Not-in-family,*,Female,0,0,16,North America,<=50K
13866,"[60, 70[", Self-emp-not-inc,106648,High School,9,Married-civ-spouse,Other, Husband,*,Male,0,0,12,North America,<=50K
13867,"[20, 30[", Private,58426,High School,9,Married-civ-spouse,Technical, Husband,*,Male,0,0,50,North America,<=50K
13868,"[50, 60[", Self-emp-not-inc,121912,Professional Education,11,Married-civ-spouse,Technical, Husband,*,Male,0,0,42,North America,<=50K
13869,"[40, 50[", Private,170730,High School,9,Married-civ-spouse,Technical, Husband,*,Male,0,0,50,North America,<=50K
13870,"[50, 60[", Private,257555,Undergraduate,10,Married-civ-spouse,Nontechnical, Husband,*,Male,0,0,40,North America,<=50K
13871,"[50, 60[", Self-emp-not-inc,51499,Undergraduate,10,Married-civ-spouse,Other, Husband,*,Male,0,0,72,North America,<=50K
13872,"[20, 30[", Private,195000,Undergraduate,13,Never-married,Nontechnical, Other-relative,*,Female,0,0,45,North America,<=50K
13873,"[50, 60[", Private,108741,High School,9,Married-civ-spouse,Nontechnical, Wife,*,Female,0,0,40,North America,<=50K
13875,"[40, 50[", Private,156815,High School,9,Divorced,Other, Not-in-family,*,Female,0,0,40,North America,<=50K
13876,"[30, 40[", Private,49325,High School,9,Married-civ-spouse,Technical, Husband,*,Male,0,0,40,North America,<=50K
13878,"[10, 20[", Private,172076,Undergraduate,10,Never-married,Other, Own-child,*,Female,0,0,25,North America,<=50K
13879,"[50, 60[", Self-emp-not-inc,327901,High School,6,Married-civ-spouse,Technical, Husband,*,Male,0,0,40,North America,<=50K
13880,"[50, 60[", Local-gov,215990,Undergraduate,10,Married-civ-spouse,Other, Husband,*,Male,0,0,35,North America,<=50K
13881,"[30, 40[", Private,210866,High School,9,Married-civ-spouse,Nontechnical, Husband,*,Male,0,0,44,North America,>50K
13882,"[30, 40[", Private,322873,High School,9,Divorced,Nontechnical, Not-in-family,*,Female,0,0,50,North America,<=50K
13883,"[40, 50[", Private,265698,Graduate,14,Divorced,Technical, Unmarried,*,Female,0,0,40,North America,<=50K
13884,"[70, 80[", ?,26990,High School,9,Married-civ-spouse,Other, Husband,*,Male,0,0,60,North America,<=50K
13885,"[50, 60[", Private,177896,High School,9,Married-civ-spouse,Technical, Husband,*,Male,0,0,50,North America,<=50K
13886,"[50, 60[", Private,189107,High School,9,Married-civ-spouse,Technical, Husband,*,Male,0,0,40,North America,<=50K
13888,"[70, 80[", Federal-gov,39110,High School,7,Divorced,Other, Not-in-family,*,Female,0,0,8,North America,<=50K
13889,"[30, 40[", Private,155475,High School,9,Married-civ-spouse,Nontechnical, Husband,*,Male,0,0,40,North America,<=50K
13890,"[40, 50[", Private,135803,High School,9,Married-civ-spouse,Other, Husband,*,Male,0,0,25,Asia,<=50K
13891,"[40, 50[", Private,117849,Undergraduate,10,Married-civ-spouse,Technical, Husband,*,Male,0,0,40,North America,>50K
13892,"[60, 70[", Self-emp-not-inc,339321,Undergraduate,13,Married-civ-spouse,Technical, Husband,*,Male,0,0,24,North America,>50K
13893,"[10, 20[", Private,318822,High School,7,Never-married,Other, Not-in-family,*,Female,0,0,35,North America,<=50K
13894,"[40, 50[", Private,174794,Professional Education,11,Divorced,Other, Unmarried,*,Female,0,0,40,North America,<=50K
13895,"[30, 40[", Private,204277,High School,9,Married-civ-spouse,Technical, Husband,*,Male,0,1848,48,North America,>50K
13896,"[50, 60[", Private,182460,High School,9,Married-civ-spouse,Technical, Husband,*,Male,15024,0,35,North America,>50K
13898,"[40, 50[", Federal-gov,91468,High School,9,Divorced,Other, Not-in-family,*,Female,0,0,40,North America,<=50K
13899,"[40, 50[", Private,106760,High School,9,Married-civ-spouse,Other, Wife,*,Female,0,0,50,North America,>50K
13900,"[30, 40[", Private,375680,Professional Education,12,Never-married,Technical, Own-child,*,Female,0,0,40,North America,<=50K
13901,"[50, 60[", Self-emp-inc,222615,Graduate,14,Married-civ-spouse,Nontechnical, Husband,*,Male,0,0,60,North America,<=50K
13902,"[20, 30[", Private,190968,High School,9,Married-civ-spouse,Other, Husband,*,Male,0,0,40,North America,<=50K
13903,"[30, 40[", Private,76767,Undergraduate,10,Divorced,Other, Not-in-family,*,Female,0,0,60,North America,<=50K
13904,"[50, 60[", Self-emp-not-inc,203098,Undergraduate,13,Married-civ-spouse,Nontechnical, Husband,*,Male,0,0,35,North America,<=50K
13905,"[40, 50[", Local-gov,162187,Undergraduate,10,Married-civ-spouse,Other, Husband,*,Male,0,1887,40,North America,>50K
13906,"[20, 30[", Private,242729,Undergraduate,13,Never-married,Nontechnical, Own-child,*,Female,0,0,20,North America,<=50K
13907,"[50, 60[", Private,253784,High School,7,Divorced,Other, Unmarried,*,Female,0,0,20,North America,<=50K
13908,"[30, 40[", Private,206051,High School,9,Married-civ-spouse,Other, Husband,*,Male,0,0,40,North America,<=50K
13909,"[30, 40[", Self-emp-not-inc,181553,High School,9,Divorced,Technical, Not-in-family,*,Male,0,0,50,North America,<=50K
13910,"[70, 80[", Self-emp-inc,80986,High School,9,Married-civ-spouse,Nontechnical, Husband,*,Male,0,0,20,North America,<=50K
13911,"[50, 60[", Private,200783,High School,4,Divorced,Technical, Not-in-family,*,Male,0,0,60,North America,<=50K
13912,"[30, 40[", Private,42596,Undergraduate,10,Married-civ-spouse,Nontechnical, Husband,*,Male,0,0,45,North America,<=50K
13914,"[60, 70[", Private,205724,Undergraduate,10,Married-civ-spouse,Nontechnical, Husband,*,Male,0,0,24,North America,>50K
13915,"[20, 30[", Private,446140,High School,9,Never-married,Nontechnical, Own-child,*,Male,0,0,55,North America,<=50K
13916,"[60, 70[", Local-gov,32287,High School,6,Married-civ-spouse,Other, Husband,*,Male,0,0,25,North America,<=50K
13917,"[20, 30[", Private,56774,High School,9,Never-married,Technical, Own-child,*,Male,0,0,40,North America,<=50K
13920,"[20, 30[", Private,103277,Undergraduate,10,Never-married,Other, Own-child,*,Female,0,0,35,North America,<=50K
13921,"[70, 80[", Self-emp-inc,225780,Undergraduate,10,Married-civ-spouse,Nontechnical, Husband,*,Male,0,0,20,North America,>50K
13922,"[50, 60[", Private,154728,Professional Education,11,Married-civ-spouse,Technical, Husband,*,Male,7688,0,40,North America,>50K
13924,"[30, 40[", State-gov,22245,Graduate,16,Married-civ-spouse,Technical, Husband,*,Male,0,0,45,North America,>50K
13925,"[30, 40[", Private,93056,High School,4,Divorced,Nontechnical, Own-child,*,Male,0,0,40,North America,<=50K
13926,"[40, 50[", Private,270522,High School,9,Separated,Other, Not-in-family,*,Female,0,0,26,North America,<=50K
13927,"[60, 70[", Self-emp-inc,123218,Undergraduate,10,Married-civ-spouse,Nontechnical, Husband,*,Male,0,0,40,North America,<=50K
13929,"[30, 40[", Self-emp-not-inc,103642,High School,9,Married-civ-spouse,Nontechnical, Husband,*,Male,0,0,55,North America,<=50K
13930,"[30, 40[", Private,157747,High School,9,Married-civ-spouse,Other, Husband,*,Male,0,0,45,North America,<=50K
13931,"[40, 50[", Self-emp-not-inc,154083,Graduate,14,Never-married,Nontechnical, Not-in-family,*,Male,0,0,25,North America,<=50K
13932,"[30, 40[", State-gov,23037,Undergraduate,10,Never-married,Other, Own-child,*,Male,0,0,84,North America,<=50K
13934,"[20, 30[", Private,50028,Undergraduate,10,Married-civ-spouse,Other, Husband,*,Male,0,0,40,North America,<=50K
13935,"[50, 60[", Private,138251,High School,9,Married-civ-spouse,Other, Husband,*,Male,0,0,60,North America,<=50K
13936,"[30, 40[", Private,369825,High School,4,Never-married,Nontechnical, Other-relative,*,Male,0,0,25,North America,<=50K
13937,"[30, 40[", Federal-gov,44364,High School,9,Never-married,Other, Own-child,*,Female,0,0,36,North America,<=50K
13938,"[20, 30[", Private,230704,Undergraduate,10,Never-married,Nontechnical, Own-child,*,Male,0,0,22,North America,<=50K
13939,"[30, 40[", Private,42044,High School,9,Married-civ-spouse,Technical, Husband,*,Male,0,0,30,North America,<=50K
13940,"[20, 30[", Local-gov,56340,Graduate,14,Never-married,Technical, Not-in-family,*,Female,0,0,40,North America,<=50K
13941,"[30, 40[", State-gov,156015,Undergraduate,13,Married-civ-spouse,Nontechnical, Husband,*,Male,0,0,40,North America,>50K
13942,"[40, 50[", Private,163434,Undergraduate,10,Married-civ-spouse,Nontechnical, Husband,*,Male,0,0,40,North America,<=50K
13943,"[20, 30[", Private,85251,Undergraduate,10,Married-civ-spouse,Other, Husband,*,Male,0,0,45,North America,<=50K
13944,"[30, 40[", Self-emp-inc,187411,High School,9,Married-civ-spouse,Nontechnical, Husband,*,Male,0,0,40,North America,>50K
13945,"[40, 50[", Private,155124,Professional Education,11,Divorced,Technical, Not-in-family,*,Female,0,1669,40,North America,<=50K
13946,"[20, 30[", Private,396633,Undergraduate,10,Married-civ-spouse,Other, Wife,*,Female,0,0,56,North America,>50K
13947,"[40, 50[", Private,182313,Undergraduate,13,Married-civ-spouse,Nontechnical, Husband,*,Male,7688,0,50,North America,>50K
13948,"[30, 40[", Private,52596,Undergraduate,10,Never-married,Other, Own-child,*,Female,0,0,40,North America,<=50K
13949,"[60, 70[", ?,260111,Undergraduate,10,Married-civ-spouse,Other, Husband,*,Male,0,0,40,North America,>50K
13951,"[30, 40[", Private,160634,Professional Education,11,Never-married,Technical, Own-child,*,Male,0,0,40,North America,>50K
13952,"[50, 60[", Private,29909,High School,7,Married-civ-spouse,Other, Wife,*,Female,0,0,43,North America,<=50K
13953,"[40, 50[", Private,94215,High School,8,Divorced,Technical, Not-in-family,*,Female,0,0,40,North America,<=50K
13954,"[40, 50[", Self-emp-not-inc,151990,Professional Education,11,Married-civ-spouse,Technical, Wife,*,Female,0,0,15,North America,>50K
13955,"[40, 50[", Federal-gov,188081,High School,9,Married-civ-spouse,Other, Husband,*,Male,0,0,40,North America,>50K
13956,"[20, 30[", Private,218445,Primary School,3,Never-married,Other, Unmarried,*,Female,0,0,12,North America,<=50K
13957,"[70, 80[", Private,235775,High School,9,Married-civ-spouse,Other, Husband,*,Male,0,0,25,North America,<=50K
13958,"[10, 20[", Private,98605,Undergraduate,10,Never-married,Other, Own-child,*,Female,0,0,20,North America,<=50K
13959,"[30, 40[", Private,188398,High School,9,Married-spouse-absent,Other, Not-in-family,*,Female,0,0,30,North America,<=50K
13960,"[40, 50[", Self-emp-inc,140365,Undergraduate,13,Married-civ-spouse,Nontechnical, Husband,*,Male,0,1902,55,North America,>50K
13962,"[20, 30[", Private,218215,Undergraduate,10,Never-married,Other, Own-child,*,Female,0,0,40,North America,<=50K
13963,"[60, 70[", Self-emp-inc,197816,Undergraduate,13,Married-civ-spouse,Nontechnical, Husband,*,Male,10605,0,40,North America,>50K
13964,"[40, 50[", Private,147002,High School,9,Never-married,Technical, Unmarried,*,Female,0,0,40,North America,<=50K
13965,"[50, 60[", Private,138497,Undergraduate,13,Married-civ-spouse,Nontechnical, Husband,*,Male,0,0,45,North America,>50K
13967,"[50, 60[", Private,169925,High School,9,Married-civ-spouse,Technical, Husband,*,Male,0,0,15,North America,<=50K
13968,"[20, 30[", Private,72310,High School,7,Never-married,Other, Not-in-family,*,Male,0,0,65,North America,<=50K
13969,"[10, 20[", Private,170800,Undergraduate,10,Never-married,Other, Own-child,*,Male,0,0,20,North America,<=50K
13970,"[30, 40[", Private,215095,High School,7,Never-married,Technical, Unmarried,*,Female,0,0,30,North America,<=50K
13973,"[40, 50[", Private,140664,Professional Education,12,Divorced,Other, Not-in-family,*,Male,0,0,55,North America,<=50K
13974,"[30, 40[", Local-gov,177858,Undergraduate,13,Married-civ-spouse,Technical, Own-child,*,Male,0,0,40,North America,<=50K
13975,"[40, 50[", Private,160369,Graduate,14,Married-civ-spouse,Nontechnical, Husband,*,Male,0,2415,45,North America,>50K
13976,"[30, 40[", Private,129102,High School,9,Married-civ-spouse,Nontechnical, Husband,*,Male,0,0,50,North America,<=50K
13977,"[50, 60[", Local-gov,278522,Undergraduate,10,Married-civ-spouse,Other, Husband,*,Male,0,0,40,North America,<=50K
13978,"[20, 30[", Federal-gov,124953,Professional Education,11,Married-civ-spouse,Technical, Husband,*,Male,0,0,42,North America,>50K
13979,"[30, 40[", Private,63184,High School,9,Never-married,Other, Not-in-family,*,Male,0,0,40,North America,<=50K
13980,"[40, 50[", Self-emp-not-inc,165815,Undergraduate,10,Never-married,Technical, Own-child,*,Male,0,0,40,North America,<=50K
13981,"[30, 40[", Private,248584,High School,9,Never-married,Technical, Not-in-family,*,Male,0,0,55,North America,<=50K
13982,"[40, 50[", Local-gov,226871,Undergraduate,13,Divorced,Other, Not-in-family,*,Male,0,0,50,North America,>50K
13983,"[40, 50[", Private,267717,Graduate,14,Married-civ-spouse,Technical, Husband,*,Male,15024,0,45,North America,>50K
13984,"[10, 20[", Private,60367,High School,9,Never-married,Other, Own-child,*,Female,0,0,13,North America,<=50K
13985,"[40, 50[", Private,134120,High School,9,Married-civ-spouse,Other, Wife,*,Female,0,0,40,North America,>50K
13986,"[40, 50[", Private,95639,High School,9,Never-married,Technical, Not-in-family,*,Male,0,0,40,North America,<=50K
13987,"[20, 30[", Private,132053,Undergraduate,10,Never-married,Technical, Own-child,*,Female,0,0,2,North America,<=50K
13988,"[20, 30[", Private,138768,Professional Education,12,Never-married,Nontechnical, Own-child,*,Male,0,0,30,North America,<=50K
13989,"[70, 80[", Private,203910,High School,9,Widowed,Other, Not-in-family,*,Male,0,0,17,North America,<=50K
13990,"[20, 30[", Private,109952,High School,9,Married-civ-spouse,Technical, Other-relative,*,Male,0,0,40,North America,<=50K
13991,"[30, 40[", Private,155781,Professional Education,15,Never-married,Technical, Not-in-family,*,Male,0,0,40,North America,>50K
13992,"[30, 40[", Private,49398,Undergraduate,10,Married-civ-spouse,Technical, Husband,*,Male,0,0,40,North America,<=50K
13993,"[30, 40[", Private,159303,High School,9,Divorced,Other, Unmarried,*,Female,0,0,40,North America,<=50K
13994,"[10, 20[", Private,248339,High School,9,Never-married,Technical, Own-child,*,Male,0,0,35,North America,<=50K
13995,"[20, 30[", Private,190539,Undergraduate,13,Never-married,Nontechnical, Not-in-family,*,Male,0,1590,50,North America,<=50K
13996,"[30, 40[", Private,183620,High School,9,Married-civ-spouse,Nontechnical, Husband,*,Male,0,0,45,North America,<=50K
13997,"[40, 50[", Private,25468,Graduate,14,Divorced,Nontechnical, Not-in-family,*,Male,99999,0,50,North America,>50K
13998,"[40, 50[", Private,201495,Undergraduate,13,Married-civ-spouse,Nontechnical, Husband,*,Male,0,0,40,North America,<=50K
13999,"[30, 40[", Private,52221,High School,7,Married-civ-spouse,Other, Husband,*,Male,0,0,40,North America,<=50K
14000,"[50, 60[", Self-emp-inc,96460,High School,9,Married-civ-spouse,Nontechnical, Husband,*,Male,7688,0,60,North America,>50K
14001,"[40, 50[", Private,325353,Professional Education,12,Married-civ-spouse,Other, Husband,*,Male,7688,0,42,North America,>50K
14002,"[20, 30[", Self-emp-not-inc,176027,High School,9,Never-married,Other, Not-in-family,*,Female,0,0,28,North America,<=50K
14003,"[40, 50[", Local-gov,266135,Undergraduate,10,Married-civ-spouse,Other, Husband,*,Male,0,0,52,North America,>50K
14005,"[70, 80[", ?,164835,High School,9,Widowed,Other, Not-in-family,*,Female,0,0,25,North America,<=50K
14006,"[20, 30[", Private,363192,Professional Education,11,Never-married,Other, Own-child,*,Female,0,0,40,North America,<=50K
14007,"[20, 30[", Private,31360,Undergraduate,10,Never-married,Other, Own-child,*,Male,0,0,40,North America,<=50K
14008,"[40, 50[", Private,63503,Undergraduate,13,Married-civ-spouse,Technical, Husband,*,Male,0,0,40,North America,>50K
14009,"[40, 50[", Private,157614,High School,9,Divorced,Nontechnical, Own-child,*,Male,0,0,38,North America,<=50K
14010,"[40, 50[", Private,160647,Undergraduate,13,Divorced,Other, Unmarried,*,Female,4687,0,35,North America,>50K
14011,"[30, 40[", Private,363395,Undergraduate,10,Never-married,Nontechnical, Unmarried,*,Female,0,0,40,North America,<=50K
14012,"[20, 30[", Private,338376,Undergraduate,10,Married-civ-spouse,Other, Husband,*,Male,0,0,50,North America,>50K
14013,"[20, 30[", Private,87523,High School,9,Never-married,Nontechnical, Own-child,*,Female,0,0,40,North America,<=50K
14014,"[20, 30[", Private,280714,Undergraduate,10,Never-married,Other, Own-child,*,Male,0,0,40,North America,<=50K
14015,"[40, 50[", Self-emp-inc,119565,Graduate,14,Married-civ-spouse,Nontechnical, Husband,*,Male,0,0,40,North America,>50K
14016,"[30, 40[", Local-gov,171482,Undergraduate,10,Married-civ-spouse,Other, Husband,*,Male,0,0,56,North America,>50K
14017,"[40, 50[", Self-emp-inc,49249,Undergraduate,13,Married-civ-spouse,Nontechnical, Husband,*,Male,0,0,50,North America,>50K
14018,"[10, 20[", Private,331552,High School,8,Never-married,Other, Own-child,*,Female,0,0,30,North America,<=50K
14019,"[40, 50[", Private,174426,High School,9,Married-civ-spouse,Technical, Husband,*,Male,0,0,40,North America,<=50K
14020,"[40, 50[", Private,184105,Undergraduate,10,Never-married,Other, Not-in-family,*,Male,0,0,28,North America,<=50K
14021,"[20, 30[", Private,37933,Undergraduate,13,Never-married,Nontechnical, Unmarried,*,Female,0,0,40,North America,<=50K
14022,"[50, 60[", Self-emp-not-inc,291529,Undergraduate,13,Married-civ-spouse,Nontechnical, Husband,*,Male,4386,0,13,North America,>50K
14023,"[20, 30[", Private,376416,Undergraduate,13,Never-married,Other, Not-in-family,*,Male,0,0,40,North America,<=50K
14024,"[20, 30[", Private,263612,Undergraduate,10,Never-married,Other, Own-child,*,Female,0,0,40,North America,<=50K
14025,"[20, 30[", Private,227471,High School,9,Never-married,Nontechnical, Own-child,*,Male,0,0,24,North America,<=50K
14026,"[30, 40[", Private,191103,High School,9,Never-married,Other, Not-in-family,*,Male,0,0,40,North America,<=50K
14027,"[30, 40[", Private,35644,Undergraduate,10,Married-civ-spouse,Technical, Husband,*,Male,0,0,40,North America,>50K
14028,"[40, 50[", Self-emp-not-inc,227298,Undergraduate,13,Never-married,Nontechnical, Not-in-family,*,Male,0,0,45,North America,<=50K
14029,"[20, 30[", State-gov,187508,Undergraduate,10,Never-married,Nontechnical, Own-child,*,Male,0,0,40,North America,<=50K
14030,"[40, 50[", Private,184378,Undergraduate,10,Married-civ-spouse,Nontechnical, Husband,*,Male,0,0,60,North America,<=50K
14031,"[50, 60[", Self-emp-not-inc,190333,High School,9,Divorced,Other, Not-in-family,*,Male,0,0,25,North America,<=50K
14032,"[40, 50[", Private,155372,High School,9,Widowed,Technical, Unmarried,*,Female,0,0,36,North America,<=50K
14034,"[30, 40[", Private,217077,High School,9,Married-civ-spouse,Nontechnical, Husband,*,Male,0,0,50,North America,<=50K
14035,"[30, 40[", Private,103596,Professional Education,11,Married-civ-spouse,Other, Husband,*,Male,0,0,40,North America,<=50K
14036,"[30, 40[", Local-gov,188236,High School,9,Married-civ-spouse,Other, Wife,*,Female,0,0,40,North America,>50K
14037,"[20, 30[", Private,353010,Undergraduate,13,Never-married,Other, Not-in-family,*,Male,0,0,10,North America,<=50K
14038,"[40, 50[", Local-gov,70655,High School,9,Divorced,Other, Not-in-family,*,Male,0,0,40,North America,<=50K
14039,"[30, 40[", Self-emp-inc,64874,Professional Education,12,Never-married,Nontechnical, Own-child,*,Male,0,0,40,North America,<=50K
14040,"[40, 50[", Federal-gov,219240,High School,9,Divorced,Other, Unmarried,*,Female,0,0,22,North America,<=50K
14042,"[40, 50[", Private,173590,Graduate,14,Married-civ-spouse,Nontechnical, Husband,*,Male,0,0,50,North America,>50K
14044,"[50, 60[", Self-emp-inc,195835,High School,9,Married-civ-spouse,Nontechnical, Husband,*,Male,0,0,40,North America,<=50K
14045,"[50, 60[", Local-gov,170579,High School,9,Married-civ-spouse,Other, Husband,*,Male,0,0,40,North America,>50K
14046,"[60, 70[", Federal-gov,230545,High School,9,Never-married,Other, Unmarried,*,Female,0,0,35,North America,<=50K
14048,"[40, 50[", Private,169549,High School,9,Married-civ-spouse,Technical, Husband,*,Male,0,0,40,North America,>50K
14049,"[30, 40[", Private,117528,Undergraduate,13,Never-married,Other, Other-relative,*,Female,0,0,45,North America,<=50K
14050,"[20, 30[", Private,273876,Undergraduate,13,Never-married,Nontechnical, Not-in-family,*,Male,0,0,65,North America,<=50K
14051,"[30, 40[", Private,529104,High School,7,Married-civ-spouse,Nontechnical, Husband,*,Male,0,0,50,North America,<=50K
14052,"[40, 50[", State-gov,456110,High School,7,Divorced,Other, Unmarried,*,Female,0,0,52,North America,<=50K
14053,"[30, 40[", ?,180868,High School,7,Never-married,Other, Not-in-family,*,Female,0,0,40,North America,<=50K
14054,"[20, 30[", Private,170301,High School,9,Married-civ-spouse,Other, Wife,*,Female,2829,0,40,North America,<=50K
14055,"[30, 40[", Private,55717,High School,9,Never-married,Technical, Not-in-family,*,Male,0,0,40,North America,<=50K
14056,"[40, 50[", Private,166181,Undergraduate,10,Never-married,Other, Own-child,*,Female,0,0,36,North America,<=50K
14057,"[20, 30[", Private,52242,High School,9,Married-civ-spouse,Nontechnical, Wife,*,Female,0,0,40,North America,>50K
14058,"[20, 30[", Private,224629,Graduate,14,Never-married,Nontechnical, Not-in-family,*,Male,0,0,30,North America,<=50K
14059,"[20, 30[", Private,197997,High School,9,Never-married,Technical, Not-in-family,*,Male,0,0,40,North America,<=50K
14060,"[30, 40[", Private,46144,Undergraduate,10,Divorced,Nontechnical, Unmarried,*,Female,0,0,40,North America,<=50K
14061,"[30, 40[", State-gov,180871,Undergraduate,13,Married-civ-spouse,Other, Husband,*,Male,0,0,55,North America,<=50K
14062,"[20, 30[", Private,212311,Undergraduate,10,Never-married,Other, Unmarried,*,Female,0,0,40,North America,<=50K
14063,"[30, 40[", Private,232874,Undergraduate,13,Married-civ-spouse,Technical, Husband,*,Male,0,0,40,North America,<=50K
14064,"[60, 70[", Private,175999,High School,9,Married-civ-spouse,Technical, Husband,*,Male,0,0,40,North America,<=50K
14065,"[30, 40[", Private,177121,Undergraduate,10,Separated,Other, Not-in-family,*,Female,0,0,58,North America,<=50K
14066,"[50, 60[", Private,299358,High School,9,Widowed,Other, Other-relative,*,Female,0,1719,25,North America,<=50K
14067,"[20, 30[", ?,326624,High School,9,Never-married,Other, Own-child,*,Female,0,0,40,North America,<=50K
14068,"[50, 60[", Private,129836,High School,9,Married-civ-spouse,Other, Wife,*,Female,0,0,10,North America,<=50K
14069,"[20, 30[", Private,225515,Undergraduate,13,Never-married,Nontechnical, Not-in-family,*,Female,0,0,40,North America,<=50K
14070,"[60, 70[", Private,145664,Undergraduate,10,Divorced,Nontechnical, Not-in-family,*,Female,0,0,48,North America,<=50K
14071,"[30, 40[", Private,151764,Undergraduate,10,Married-civ-spouse,Nontechnical, Husband,*,Male,0,0,50,North America,<=50K
14072,"[20, 30[", Private,183523,Undergraduate,10,Married-civ-spouse,Other, Husband,*,Male,0,0,40,North America,>50K
14074,"[40, 50[", Private,73025,High School,9,Married-civ-spouse,Other, Husband,*,Male,0,0,30,Asia,<=50K
14075,"[10, 20[", Private,165532,High School,8,Never-married,Other, Own-child,*,Male,0,0,15,North America,<=50K
14076,"[50, 60[", Federal-gov,140035,High School,9,Married-civ-spouse,Other, Husband,*,Male,0,0,40,North America,>50K
14077,"[40, 50[", Self-emp-not-inc,325159,Undergraduate,10,Married-civ-spouse,Technical, Husband,*,Male,0,0,50,North America,>50K
14078,"[60, 70[", Federal-gov,161926,High School,9,Married-civ-spouse,Technical, Husband,*,Male,0,0,8,North America,<=50K
14079,"[20, 30[", Private,163665,High School,9,Never-married,Other, Not-in-family,*,Female,2174,0,40,North America,<=50K
14080,"[30, 40[", Private,106938,High School,9,Married-civ-spouse,Technical, Wife,*,Female,0,0,38,North America,<=50K
14081,"[30, 40[", Private,97453,High School,9,Divorced,Nontechnical, Unmarried,*,Female,0,0,40,North America,<=50K
14082,"[20, 30[", Local-gov,242464,High School,9,Married-civ-spouse,Other, Husband,*,Male,3103,0,40,North America,>50K
14083,"[50, 60[", Private,155233,Undergraduate,13,Never-married,Other, Not-in-family,*,Female,14084,0,40,North America,>50K
14086,"[20, 30[", Private,141297,Undergraduate,10,Never-married,Technical, Own-child,*,Male,0,0,40,North America,<=50K
14087,"[30, 40[", Private,227325,Undergraduate,10,Never-married,Technical, Not-in-family,*,Male,0,0,40,North America,<=50K
14089,"[50, 60[", Federal-gov,176317,High School,6,Divorced,Other, Not-in-family,*,Female,0,0,37,North America,<=50K
14090,"[30, 40[", Self-emp-not-inc,77146,High School,9,Married-civ-spouse,Technical, Husband,*,Male,2829,0,45,North America,<=50K
14091,"[20, 30[", Private,169124,Undergraduate,13,Never-married,Other, Own-child,*,Male,0,0,40,North America,<=50K
14092,"[20, 30[", Private,179413,High School,9,Never-married,Technical, Unmarried,*,Male,0,0,40,North America,<=50K
14093,"[30, 40[", Private,180137,Undergraduate,10,Divorced,Nontechnical, Unmarried,*,Male,0,0,60,North America,<=50K
14094,"[10, 20[", State-gov,179319,High School,6,Never-married,Other, Own-child,*,Male,0,0,30,North America,<=50K
14095,"[10, 20[", Private,45766,Undergraduate,10,Never-married,Nontechnical, Not-in-family,*,Male,0,0,45,North America,<=50K
14096,"[50, 60[", Private,152810,Graduate,14,Married-civ-spouse,Nontechnical, Husband,*,Male,0,1977,55,North America,>50K
14098,"[30, 40[", Private,201141,High School,9,Never-married,Other, Own-child,*,Female,0,0,37,North America,<=50K
14099,"[70, 80[", Self-emp-not-inc,43599,High School,9,Widowed,Other, Not-in-family,*,Male,0,0,20,North America,<=50K
14100,"[20, 30[", Private,292536,Undergraduate,10,Never-married,Other, Not-in-family,*,Male,0,0,50,North America,<=50K
14101,"[40, 50[", Private,82161,Undergraduate,13,Never-married,Other, Not-in-family,*,Male,0,0,40,North America,<=50K
14103,"[20, 30[", Private,181370,Undergraduate,10,Never-married,Other, Own-child,*,Male,0,0,40,North America,<=50K
14105,"[50, 60[", Private,84399,High School,9,Married-civ-spouse,Technical, Husband,*,Male,0,0,40,North America,<=50K
14106,"[10, 20[", Private,143331,High School,6,Never-married,Nontechnical, Own-child,*,Male,0,0,15,North America,<=50K
14107,"[30, 40[", Federal-gov,48779,Undergraduate,13,Married-civ-spouse,Technical, Husband,*,Male,0,0,40,North America,<=50K
14108,"[10, 20[", ?,175495,High School,9,Never-married,Other, Own-child,*,Female,0,0,24,North America,<=50K
14109,"[50, 60[", Private,83542,High School,9,Never-married,Other, Not-in-family,*,Male,0,0,40,North America,<=50K
14110,"[50, 60[", Private,214619,Undergraduate,10,Married-civ-spouse,Technical, Husband,*,Male,0,0,40,North America,<=50K
14111,"[30, 40[", Private,160035,Undergraduate,10,Divorced,Technical, Not-in-family,*,Male,0,0,40,North America,<=50K
14112,"[20, 30[", Federal-gov,39603,Undergraduate,10,Never-married,Technical, Unmarried,*,Male,0,0,40,North America,<=50K
14114,"[30, 40[", Private,261511,High School,9,Married-civ-spouse,Technical, Husband,*,Male,0,0,40,North America,<=50K
14115,"[30, 40[", Private,29522,Undergraduate,10,Married-civ-spouse,Nontechnical, Wife,*,Female,0,0,40,North America,<=50K
14116,"[30, 40[", Private,36340,High School,9,Never-married,Other, Unmarried,*,Female,0,0,24,North America,<=50K
14117,"[40, 50[", Private,320984,Professional Education,15,Married-civ-spouse,Technical, Husband,*,Male,99999,0,65,North America,>50K
14118,"[50, 60[", ?,403625,Undergraduate,10,Married-civ-spouse,Other, Husband,*,Male,0,0,60,North America,>50K
14119,"[20, 30[", Private,122346,High School,9,Never-married,Nontechnical, Own-child,*,Male,0,0,40,North America,<=50K
14120,"[40, 50[", Private,105794,Professional Education,15,Never-married,Technical, Not-in-family,*,Female,14084,0,50,North America,>50K
14121,"[50, 60[", Private,152883,High School,9,Widowed,Other, Not-in-family,*,Female,0,0,40,North America,<=50K
14122,"[30, 40[", State-gov,123037,Undergraduate,10,Never-married,Technical, Not-in-family,*,Male,0,0,13,North America,<=50K
14123,"[40, 50[", ?,339682,Primary School,3,Married-civ-spouse,Other, Husband,*,Male,0,0,40,North America,<=50K
14124,"[30, 40[", Private,182074,High School,9,Never-married,Other, Other-relative,*,Male,0,0,40,North America,<=50K
14125,"[30, 40[", Private,248588,High School,8,Divorced,Other, Not-in-family,*,Female,0,0,40,North America,<=50K
14126,"[40, 50[", Private,187584,High School,9,Married-civ-spouse,Other, Husband,*,Male,0,0,40,North America,<=50K
14127,"[30, 40[", Private,46706,High School,9,Never-married,Other, Own-child,*,Male,0,0,40,North America,<=50K
14128,"[40, 50[", Private,190290,Professional Education,12,Married-civ-spouse,Technical, Husband,*,Male,0,0,40,North America,>50K
14130,"[20, 30[", Private,117779,Undergraduate,13,Never-married,Technical, Own-child,*,Male,0,0,40,North America,<=50K
14131,"[30, 40[", Private,121602,High School,9,Married-civ-spouse,Technical, Husband,*,Male,0,0,40,North America,<=50K
14132,"[30, 40[", Private,451744,High School,9,Never-married,Technical, Not-in-family,*,Male,0,0,50,North America,<=50K
14133,"[30, 40[", Private,107793,High School,9,Divorced,Other, Own-child,*,Male,2174,0,40,North America,<=50K
14134,"[30, 40[", Private,339772,High School,9,Married-civ-spouse,Nontechnical, Husband,*,Male,0,0,40,North America,<=50K
14135,"[20, 30[", Private,185582,Undergraduate,10,Never-married,Nontechnical, Own-child,*,Male,0,0,43,North America,<=50K
14136,"[20, 30[", Private,260614,High School,9,Married-civ-spouse,Technical, Husband,*,Male,0,0,40,North America,<=50K
14137,"[10, 20[", Local-gov,53220,High School,9,Never-married,Other, Own-child,*,Female,0,0,40,North America,<=50K
14139,"[30, 40[", Private,213226,High School,9,Married-civ-spouse,Technical, Husband,*,Male,0,0,60,North America,<=50K
14140,"[30, 40[", Private,58582,Undergraduate,13,Never-married,Technical, Own-child,*,Male,0,0,10,North America,<=50K
14141,"[50, 60[", Private,193116,High School,6,Married-civ-spouse,Other, Husband,*,Male,0,0,45,North America,<=50K
14142,"[30, 40[", Local-gov,201410,Undergraduate,13,Married-civ-spouse,Nontechnical, Husband,*,Male,0,0,40,North America,>50K
14143,"[20, 30[", Private,190525,Undergraduate,13,Married-civ-spouse,Nontechnical, Husband,*,Male,0,0,46,North America,>50K
14145,"[50, 60[", Private,111939,Undergraduate,13,Married-civ-spouse,Technical, Husband,*,Male,0,0,50,North America,>50K
14146,"[50, 60[", Private,109277,High School,5,Married-civ-spouse,Technical, Husband,*,Male,0,0,48,North America,<=50K
14147,"[30, 40[", Private,331539,Undergraduate,13,Married-civ-spouse,Nontechnical, Husband,*,Male,0,0,50,Asia,>50K
14148,"[30, 40[", Private,396745,Undergraduate,13,Married-civ-spouse,Technical, Husband,*,Male,0,2415,48,North America,>50K
14149,"[30, 40[", Private,126675,High School,9,Married-civ-spouse,Technical, Husband,*,Male,0,0,40,North America,<=50K
14150,"[60, 70[", Self-emp-not-inc,349022,High School,9,Married-civ-spouse,Nontechnical, Husband,*,Male,0,0,33,North America,<=50K
14151,"[30, 40[", ?,98145,Undergraduate,10,Divorced,Other, Unmarried,*,Male,0,0,30,North America,<=50K
14153,"[30, 40[", Private,100681,Undergraduate,10,Never-married,Other, Not-in-family,*,Male,2463,0,40,North America,<=50K
14154,"[40, 50[", Self-emp-not-inc,265097,High School,9,Married-civ-spouse,Other, Husband,*,Male,0,0,45,North America,>50K
14155,"[60, 70[", Private,237379,High School,6,Married-civ-spouse,Other, Husband,*,Male,0,0,40,North America,<=50K
14156,"[20, 30[", Private,44793,Undergraduate,10,Never-married,Other, Not-in-family,*,Male,0,0,65,North America,<=50K
14157,"[10, 20[", Private,270942,High School,9,Never-married,Other, Other-relative,*,Male,0,0,35,North America,<=50K
14158,"[50, 60[", Private,193622,High School,9,Separated,Technical, Unmarried,*,Male,0,0,40,North America,<=50K
14160,"[20, 30[", Private,160178,Undergraduate,10,Divorced,Other, Not-in-family,*,Female,0,0,38,North America,<=50K
14161,"[30, 40[", Private,680390,High School,9,Divorced,Other, Unmarried,*,Female,0,0,20,North America,<=50K
14162,"[30, 40[", Private,96245,Professional Education,12,Married-civ-spouse,Technical, Husband,*,Male,0,0,50,North America,<=50K
14163,"[20, 30[", Private,34803,High School,9,Never-married,Nontechnical, Not-in-family,*,Female,0,0,40,North America,<=50K
14164,"[20, 30[", Private,170091,Undergraduate,10,Never-married,Other, Own-child,*,Female,0,0,35,North America,<=50K
14165,"[40, 50[", Private,231813,High School,7,Married-civ-spouse,Other, Husband,*,Male,0,0,40,North America,<=50K
14166,"[50, 60[", Private,23789,High School,9,Divorced,Nontechnical, Not-in-family,*,Female,0,0,40,North America,<=50K
14167,"[30, 40[", State-gov,438711,Undergraduate,10,Married-civ-spouse,Technical, Wife,*,Female,0,0,40,North America,<=50K
14168,"[60, 70[", Private,169804,Undergraduate,13,Married-civ-spouse,Nontechnical, Husband,*,Male,20051,0,40,North America,>50K
14169,"[60, 70[", Local-gov,376506,Graduate,16,Divorced,Technical, Not-in-family,*,Female,3273,0,40,North America,<=50K
14170,"[40, 50[", Private,28791,Undergraduate,10,Divorced,Other, Not-in-family,*,Female,0,0,40,North America,<=50K
14171,"[30, 40[", Private,162814,High School,9,Divorced,Other, Not-in-family,*,Male,0,0,45,North America,<=50K
14172,"[30, 40[", Private,58108,Undergraduate,13,Married-civ-spouse,Nontechnical, Husband,*,Male,0,0,50,North America,>50K
14173,"[40, 50[", Self-emp-inc,102226,High School,9,Married-civ-spouse,Nontechnical, Husband,*,Male,0,0,40,North America,<=50K
14174,"[20, 30[", Federal-gov,209131,Professional Education,12,Never-married,Other, Own-child,*,Male,0,0,20,North America,<=50K
14175,"[40, 50[", Self-emp-not-inc,157117,High School,9,Married-civ-spouse,Other, Husband,*,Male,0,0,40,North America,<=50K
14176,"[20, 30[", Private,172865,High School,9,Married-civ-spouse,Technical, Husband,*,Male,0,0,50,North America,<=50K
14177,"[10, 20[", Private,29798,High School,8,Never-married,Nontechnical, Own-child,*,Male,0,0,20,North America,<=50K
14178,"[70, 80[", ?,229424,High School,9,Widowed,Other, Not-in-family,*,Female,0,0,40,North America,<=50K
14179,"[30, 40[", Local-gov,80680,Undergraduate,13,Divorced,Technical, Unmarried,*,Female,1151,0,35,North America,<=50K
14180,"[50, 60[", Local-gov,238959,Graduate,14,Never-married,Technical, Not-in-family,*,Male,0,0,32,North America,>50K
14182,"[50, 60[", Private,139347,High School,9,Married-civ-spouse,Other, Wife,*,Female,0,0,40,North America,<=50K
14183,"[30, 40[", Private,188108,High School,9,Never-married,Technical, Own-child,*,Male,4101,0,40,North America,<=50K
14184,"[30, 40[", Self-emp-inc,111128,Undergraduate,10,Married-civ-spouse,Technical, Husband,*,Male,0,0,50,North America,>50K
14185,"[20, 30[", Private,81540,High School,9,Never-married,Nontechnical, Not-in-family,*,Male,0,0,40,North America,<=50K
14186,"[20, 30[", Private,257562,High School,4,Married-civ-spouse,Technical, Husband,*,Male,0,0,40,North America,<=50K
14187,"[30, 40[", Private,59496,Undergraduate,10,Married-civ-spouse,Other, Husband,*,Male,0,0,50,North America,<=50K
14188,"[20, 30[", Private,29974,High School,9,Married-civ-spouse,Technical, Husband,*,Male,0,0,40,North America,<=50K
14189,"[40, 50[", Private,102597,High School,9,Widowed,Other, Unmarried,*,Female,0,0,35,North America,<=50K
14190,"[60, 70[", Private,41419,High School,4,Married-civ-spouse,Other, Husband,*,Male,0,0,20,North America,<=50K
14191,"[50, 60[", Private,118565,High School,7,Married-civ-spouse,Technical, Husband,*,Male,0,0,40,North America,<=50K
14193,"[10, 20[", Private,166290,High School,5,Never-married,Other, Own-child,*,Female,0,0,20,North America,<=50K
14196,"[20, 30[", Private,203076,Undergraduate,10,Never-married,Technical, Own-child,*,Male,0,0,40,North America,<=50K
14197,"[60, 70[", Private,201197,Undergraduate,13,Married-civ-spouse,Technical, Husband,*,Male,0,0,45,North America,>50K
14198,"[60, 70[", Private,273803,High School,9,Married-civ-spouse,Technical, Husband,*,Male,0,0,40,North America,<=50K
14199,"[50, 60[", Private,156797,Undergraduate,10,Divorced,Technical, Not-in-family,*,Female,0,0,40,North America,<=50K
14200,"[20, 30[", Private,283896,High School,9,Never-married,Nontechnical, Not-in-family,*,Male,0,0,40,North America,<=50K
14201,"[30, 40[", Private,149368,High School,9,Divorced,Nontechnical, Unmarried,*,Male,1151,0,30,North America,<=50K
14202,"[40, 50[", Private,156926,Professional Education,11,Divorced,Nontechnical, Not-in-family,*,Male,0,0,45,North America,>50K
14203,"[20, 30[", ?,163911,Undergraduate,10,Never-married,Other, Own-child,*,Female,0,0,3,North America,<=50K
14204,"[50, 60[", Self-emp-inc,165881,High School,9,Married-civ-spouse,Nontechnical, Husband,*,Male,0,0,50,North America,>50K
14205,"[20, 30[", Private,86872,High School,9,Married-civ-spouse,Nontechnical, Husband,*,Male,0,0,40,North America,<=50K
14206,"[40, 50[", Private,167523,Undergraduate,13,Divorced,Other, Not-in-family,*,Male,0,0,40,North America,<=50K
14207,"[50, 60[", Private,154950,Undergraduate,13,Married-civ-spouse,Technical, Husband,*,Male,0,0,40,North America,>50K
14208,"[40, 50[", Federal-gov,171231,Undergraduate,13,Never-married,Other, Not-in-family,*,Male,0,0,40,North America,<=50K
14209,"[60, 70[", Private,244933,Graduate,14,Divorced,Technical, Not-in-family,*,Female,0,0,45,North America,<=50K
14210,"[50, 60[", Private,256908,Undergraduate,13,Married-civ-spouse,Technical, Husband,*,Male,0,0,25,North America,>50K
14211,"[30, 40[", Self-emp-not-inc,33442,Professional Education,11,Never-married,Other, Other-relative,*,Female,0,0,40,North America,<=50K
14212,"[10, 20[", Private,126142,High School,6,Never-married,Technical, Own-child,*,Male,0,0,30,North America,<=50K
14213,"[20, 30[", ?,268222,High School,7,Never-married,Other, Not-in-family,*,Female,0,0,40,North America,<=50K
14215,"[20, 30[", Local-gov,50065,Undergraduate,13,Never-married,Technical, Not-in-family,*,Female,0,0,35,North America,<=50K
14216,"[30, 40[", State-gov,252529,Undergraduate,13,Never-married,Technical, Not-in-family,*,Male,0,0,48,North America,<=50K
14217,"[50, 60[", ?,199665,Undergraduate,13,Married-civ-spouse,Other, Husband,*,Male,0,0,30,North America,>50K
14218,"[40, 50[", Private,343579,High School,9,Married-civ-spouse,Other, Husband,*,Male,0,0,40,North America,<=50K
14219,"[10, 20[", Private,190817,Undergraduate,10,Never-married,Nontechnical, Own-child,*,Female,0,0,40,North America,<=50K
14220,"[40, 50[", Self-emp-inc,151089,Undergraduate,10,Married-civ-spouse,Nontechnical, Husband,*,Male,0,2415,55,North America,>50K
14221,"[40, 50[", Private,186820,Undergraduate,10,Married-civ-spouse,Other, Wife,*,Female,5013,0,40,North America,<=50K
14222,"[50, 60[", Self-emp-not-inc,210731,High School,4,Divorced,Nontechnical, Other-relative,*,Male,0,0,20,North America,<=50K
14223,"[40, 50[", Private,123816,High School,9,Divorced,Technical, Not-in-family,*,Female,0,0,40,North America,<=50K
14224,"[20, 30[", Private,77071,Undergraduate,13,Never-married,Technical, Own-child,*,Female,0,2339,35,North America,<=50K
14225,"[40, 50[", Private,115085,High School,9,Married-civ-spouse,Other, Husband,*,Male,0,0,50,North America,<=50K
14226,"[40, 50[", Private,170525,Undergraduate,13,Divorced,Technical, Not-in-family,*,Female,14344,0,40,North America,>50K
14227,"[10, 20[", Private,209949,High School,7,Never-married,Nontechnical, Own-child,*,Female,0,1602,12,North America,<=50K
14228,"[50, 60[", Self-emp-not-inc,34297,High School,4,Married-civ-spouse,Technical, Husband,*,Male,0,0,40,North America,>50K
14229,"[40, 50[", Private,180985,Graduate,14,Married-civ-spouse,Nontechnical, Husband,*,Male,0,0,50,North America,>50K
14230,"[60, 70[", Local-gov,33365,High School,9,Widowed,Other, Not-in-family,*,Female,0,0,40,North America,<=50K
14231,"[20, 30[", Private,197752,Undergraduate,10,Never-married,Other, Own-child,*,Male,0,0,16,North America,<=50K
14232,"[40, 50[", Private,180551,Undergraduate,10,Married-civ-spouse,Other, Husband,*,Male,0,0,50,North America,<=50K
14233,"[40, 50[", Private,77975,Undergraduate,10,Married-civ-spouse,Nontechnical, Husband,*,Male,0,0,40,North America,<=50K
14235,"[40, 50[", Private,94342,Undergraduate,13,Married-civ-spouse,Technical, Husband,*,Male,0,0,55,North America,<=50K
14236,"[30, 40[", Self-emp-inc,34180,Professional Education,11,Married-civ-spouse,Other, Husband,*,Male,0,0,60,North America,>50K
14237,"[40, 50[", Local-gov,367251,Undergraduate,10,Married-civ-spouse,Technical, Husband,*,Male,0,0,40,North America,>50K
14238,"[70, 80[", Self-emp-inc,172407,Professional Education,15,Married-civ-spouse,Technical, Husband,*,Male,99999,0,50,North America,>50K
14239,"[50, 60[", Private,303462,High School,9,Married-civ-spouse,Technical, Husband,*,Male,0,0,30,North America,<=50K
14240,"[40, 50[", Federal-gov,220269,Undergraduate,10,Married-civ-spouse,Nontechnical, Husband,*,Male,0,0,40,North America,>50K
14241,"[40, 50[", Self-emp-not-inc,45093,High School,9,Divorced,Technical, Not-in-family,*,Male,0,0,45,North America,<=50K
14242,"[30, 40[", Private,101709,High School,9,Separated,Other, Not-in-family,*,Male,0,0,40,North America,<=50K
14243,"[40, 50[", Private,219591,High School,9,Never-married,Other, Own-child,*,Male,0,0,40,North America,<=50K
14244,"[40, 50[", Private,76625,High School,9,Married-civ-spouse,Technical, Husband,*,Male,0,0,40,North America,<=50K
14245,"[20, 30[", Private,342599,Undergraduate,10,Never-married,Nontechnical, Own-child,*,Male,0,0,35,North America,<=50K
14247,"[50, 60[", Local-gov,238257,Undergraduate,13,Never-married,Technical, Not-in-family,*,Male,0,0,50,North America,<=50K
14248,"[30, 40[", Self-emp-inc,206253,Undergraduate,13,Married-civ-spouse,Technical, Wife,*,Female,0,0,40,North America,<=50K
14249,"[30, 40[", Private,172571,High School,9,Divorced,Technical, Not-in-family,*,Male,0,0,40,North America,<=50K
14250,"[50, 60[", Private,95165,Graduate,16,Married-civ-spouse,Nontechnical, Husband,*,Male,0,0,40,North America,<=50K
14251,"[60, 70[", Private,141181,Primary School,3,Married-civ-spouse,Other, Husband,*,Male,1797,0,40,North America,<=50K
14252,"[20, 30[", Private,267843,Undergraduate,13,Never-married,Technical, Own-child,*,Female,0,0,35,North America,<=50K
14253,"[30, 40[", Private,181382,Professional Education,11,Married-civ-spouse,Technical, Husband,*,Male,3103,0,40,North America,>50K
14254,"[20, 30[", ?,207782,Undergraduate,10,Never-married,Other, Own-child,*,Male,0,0,30,North America,<=50K
14255,"[60, 70[", ?,103161,High School,9,Widowed,Other, Not-in-family,*,Male,0,0,32,North America,<=50K
14257,"[20, 30[", Self-emp-not-inc,201138,Professional Education,11,Never-married,Other, Not-in-family,*,Female,0,0,35,North America,<=50K
14259,"[30, 40[", Self-emp-inc,239755,Professional Education,15,Married-civ-spouse,Technical, Husband,*,Male,0,1902,50,North America,>50K
14260,"[20, 30[", Private,176262,Professional Education,12,Never-married,Other, Own-child,*,Female,0,0,18,North America,<=50K
14262,"[30, 40[", Private,182218,Professional Education,11,Divorced,Technical, Unmarried,*,Female,0,0,40,North America,<=50K
14263,"[30, 40[", Private,318982,Undergraduate,10,Married-civ-spouse,Nontechnical, Husband,*,Male,0,0,45,North America,>50K
14264,"[40, 50[", Private,216666,High School,5,Married-civ-spouse,Technical, Husband,*,Male,0,0,40,North America,<=50K
14265,"[40, 50[", Private,274200,High School,7,Married-civ-spouse,Technical, Husband,*,Male,7298,0,40,North America,>50K
14266,"[60, 70[", Private,150095,Undergraduate,13,Married-civ-spouse,Nontechnical, Husband,*,Male,0,0,40,North America,>50K
14267,"[20, 30[", Private,192978,High School,9,Married-civ-spouse,Nontechnical, Husband,*,Male,0,0,40,North America,<=50K
14268,"[20, 30[", Private,68021,Undergraduate,10,Never-married,Other, Not-in-family,*,Female,0,0,30,North America,<=50K
14269,"[30, 40[", Self-emp-not-inc,28568,High School,9,Divorced,Nontechnical, Not-in-family,*,Male,0,0,60,North America,>50K
14270,"[20, 30[", Private,115057,Undergraduate,10,Never-married,Other, Not-in-family,*,Male,0,0,40,North America,<=50K
14271,"[20, 30[", Private,139568,High School,7,Never-married,Other, Not-in-family,*,Male,0,0,40,North America,<=50K
14272,"[50, 60[", Self-emp-inc,138497,Undergraduate,13,Married-civ-spouse,Nontechnical, Husband,*,Male,0,0,60,North America,<=50K
14274,"[20, 30[", Private,253310,Undergraduate,13,Never-married,Nontechnical, Own-child,*,Female,0,0,7,North America,<=50K
14275,"[20, 30[", Self-emp-inc,130856,High School,9,Married-civ-spouse,Nontechnical, Husband,*,Male,0,0,45,North America,<=50K
14276,"[30, 40[", Self-emp-not-inc,389765,High School,4,Married-civ-spouse,Technical, Husband,*,Male,0,0,60,North America,<=50K
14277,"[40, 50[", Federal-gov,52781,Graduate,14,Married-civ-spouse,Technical, Husband,*,Male,0,1902,40,North America,>50K
14278,"[30, 40[", Private,146178,High School,9,Never-married,Technical, Unmarried,*,Female,0,0,40,North America,<=50K
14279,"[20, 30[", Private,231053,High School,7,Married-civ-spouse,Technical, Husband,*,Male,0,0,70,North America,>50K
14280,"[20, 30[", ?,145964,Undergraduate,10,Never-married,Other, Own-child,*,Male,0,0,40,North America,<=50K
14281,"[40, 50[", Private,483450,High School,5,Married-civ-spouse,Nontechnical, Husband,*,Male,0,0,40,North America,<=50K
14282,"[40, 50[", Self-emp-inc,198316,Undergraduate,13,Married-civ-spouse,Nontechnical, Husband,*,Male,0,0,50,North America,>50K
14283,"[30, 40[", Private,160614,Undergraduate,10,Married-civ-spouse,Nontechnical, Husband,*,Male,0,0,50,North America,<=50K
14284,"[10, 20[", Self-emp-inc,325171,High School,6,Never-married,Other, Own-child,*,Male,0,0,35,North America,<=50K
14285,"[50, 60[", Self-emp-not-inc,172898,Professional Education,15,Married-civ-spouse,Technical, Husband,*,Male,5178,0,50,North America,>50K
14286,"[40, 50[", Private,186473,High School,9,Divorced,Other, Unmarried,*,Female,0,0,40,North America,<=50K
14287,"[50, 60[", Local-gov,286967,High School,6,Married-civ-spouse,Technical, Husband,*,Male,0,0,45,North America,<=50K
14288,"[50, 60[", Self-emp-not-inc,111939,High School,9,Married-civ-spouse,Other, Husband,*,Male,0,0,35,North America,>50K
14289,"[60, 70[", Federal-gov,325089,High School,6,Divorced,Technical, Unmarried,*,Male,0,0,40,North America,<=50K
14290,"[20, 30[", Private,143582,Undergraduate,13,Never-married,Technical, Own-child,*,Female,0,0,45,North America,<=50K
14291,"[40, 50[", Private,308027,High School,9,Widowed,Other, Unmarried,*,Female,0,0,40,North America,<=50K
14292,"[50, 60[", Private,105060,Undergraduate,10,Never-married,Other, Not-in-family,*,Female,0,0,37,North America,<=50K
14293,"[50, 60[", Federal-gov,39643,High School,9,Widowed,Nontechnical, Not-in-family,*,Female,0,0,58,North America,<=50K
14294,"[30, 40[", Private,186191,Graduate,14,Married-civ-spouse,Technical, Husband,*,Male,0,1848,50,North America,>50K
14295,"[50, 60[", Local-gov,267763,High School,9,Married-civ-spouse,Other, Husband,*,Male,0,0,40,North America,<=50K
14296,"[30, 40[", Private,124293,Undergraduate,10,Married-civ-spouse,Other, Husband,*,Male,0,0,50,North America,<=50K
14297,"[40, 50[", Private,36271,Undergraduate,13,Married-civ-spouse,Technical, Husband,*,Male,0,0,40,North America,<=50K
14299,"[30, 40[", Private,186376,Undergraduate,10,Married-civ-spouse,Technical, Husband,*,Male,0,0,50,North America,>50K
14300,"[50, 60[", Self-emp-inc,52822,Undergraduate,13,Married-civ-spouse,Technical, Husband,*,Male,0,0,60,North America,<=50K
14301,"[30, 40[", Private,104509,High School,9,Divorced,Other, Own-child,*,Female,0,0,40,North America,<=50K
14302,"[30, 40[", Private,184456,Professional Education,15,Never-married,Nontechnical, Not-in-family,*,Male,27828,0,50,North America,>50K
14303,"[20, 30[", Private,192302,Undergraduate,10,Married-civ-spouse,Nontechnical, Wife,*,Female,0,0,25,North America,<=50K
14304,"[20, 30[", Private,156822,High School,6,Never-married,Nontechnical, Not-in-family,*,Female,0,1762,25,North America,<=50K
14306,"[20, 30[", Private,108574,Undergraduate,10,Married-civ-spouse,Other, Wife,*,Female,0,0,15,North America,<=50K
14307,"[40, 50[", Private,223934,Professional Education,12,Divorced,Other, Unmarried,*,Female,0,0,38,North America,<=50K
14308,"[40, 50[", Private,200559,Professional Education,11,Married-civ-spouse,Other, Husband,*,Male,0,0,70,North America,<=50K
14309,"[40, 50[", Private,137722,High School,9,Married-civ-spouse,Nontechnical, Husband,*,Male,0,0,40,North America,<=50K
14310,"[30, 40[", Private,261677,High School,5,Never-married,Nontechnical, Unmarried,*,Male,0,0,40,North America,<=50K
14312,"[30, 40[", Private,329993,Undergraduate,10,Married-civ-spouse,Other, Husband,*,Male,0,0,40,North America,<=50K
14313,"[20, 30[", Private,91819,Professional Education,11,Never-married,Other, Not-in-family,*,Male,0,0,30,North America,<=50K
14314,"[30, 40[", Private,201122,Undergraduate,13,Married-civ-spouse,Nontechnical, Husband,*,Male,0,1902,45,North America,>50K
14315,"[40, 50[", Private,315423,Primary School,3,Married-civ-spouse,Other, Husband,*,Male,0,0,40,North America,<=50K
14316,"[20, 30[", Private,103277,Undergraduate,10,Never-married,Other, Own-child,*,Female,0,0,20,North America,<=50K
14317,"[40, 50[", Private,236805,Undergraduate,10,Divorced,Nontechnical, Unmarried,*,Female,0,0,60,North America,<=50K
14318,"[20, 30[", Private,74883,Undergraduate,13,Never-married,Technical, Not-in-family,*,Female,0,0,40,Asia,<=50K
14319,"[10, 20[", Private,115443,High School,7,Never-married,Nontechnical, Not-in-family,*,Male,0,0,25,North America,<=50K
14320,"[40, 50[", Private,150528,Graduate,14,Married-civ-spouse,Technical, Husband,*,Male,0,0,40,North America,>50K
14322,"[30, 40[", Federal-gov,419053,High School,9,Divorced,Technical, Not-in-family,*,Male,0,0,40,North America,<=50K
14323,"[20, 30[", Private,183594,Professional Education,11,Never-married,Technical, Own-child,*,Male,0,0,20,North America,<=50K
14324,"[20, 30[", Private,390348,High School,9,Never-married,Other, Not-in-family,*,Male,0,0,40,North America,<=50K
14325,"[30, 40[", Private,36989,Undergraduate,13,Married-civ-spouse,Other, Husband,*,Male,3908,0,70,North America,<=50K
14326,"[40, 50[", Private,247895,Undergraduate,13,Married-civ-spouse,Nontechnical, Husband,*,Male,0,0,40,North America,>50K
14328,"[40, 50[", Self-emp-not-inc,33521,Undergraduate,13,Divorced,Technical, Not-in-family,*,Male,0,0,70,North America,>50K
14329,"[60, 70[", Private,46087,Undergraduate,13,Divorced,Nontechnical, Not-in-family,*,Female,0,0,50,North America,<=50K
14330,"[60, 70[", ?,129188,Graduate,16,Married-civ-spouse,Other, Husband,*,Male,20051,0,5,North America,>50K
14331,"[30, 40[", Private,356824,High School,9,Divorced,Nontechnical, Not-in-family,*,Female,0,0,40,North America,<=50K
14332,"[50, 60[", Private,158746,Undergraduate,10,Married-civ-spouse,Technical, Husband,*,Male,0,0,40,North America,<=50K
14333,"[20, 30[", Private,153323,Undergraduate,10,Never-married,Technical, Not-in-family,*,Male,0,0,20,North America,<=50K
14335,"[40, 50[", Private,173613,High School,9,Divorced,Other, Not-in-family,*,Female,0,0,40,North America,<=50K
14336,"[40, 50[", Private,362883,High School,9,Married-civ-spouse,Technical, Husband,*,Male,5013,0,40,North America,<=50K
14337,"[40, 50[", Private,182757,High School,9,Married-civ-spouse,Technical, Husband,*,Male,0,0,40,North America,>50K
14338,"[20, 30[", Private,50397,High School,9,Never-married,Other, Own-child,*,Male,0,0,20,North America,<=50K
14339,"[40, 50[", Federal-gov,101709,Undergraduate,10,Divorced,Nontechnical, Not-in-family,*,Male,0,0,40,North America,<=50K
14340,"[20, 30[", Private,202570,High School,8,Never-married,Other, Other-relative,*,Male,0,0,48,Unknown,<=50K
14341,"[40, 50[", Private,145649,High School,9,Separated,Nontechnical, Unmarried,*,Female,0,0,25,North America,<=50K
14342,"[30, 40[", Private,136343,Undergraduate,13,Married-civ-spouse,Technical, Husband,*,Male,0,0,40,North America,>50K
14343,"[60, 70[", Self-emp-inc,142166,Undergraduate,13,Divorced,Nontechnical, Not-in-family,*,Male,0,0,45,North America,<=50K
14344,"[10, 20[", ?,242001,Undergraduate,10,Never-married,Other, Own-child,*,Female,0,0,40,North America,<=50K
14345,"[40, 50[", Private,127089,Undergraduate,10,Married-civ-spouse,Technical, Husband,*,Male,5178,0,38,North America,>50K
14346,"[40, 50[", Local-gov,124071,Graduate,14,Divorced,Nontechnical, Unmarried,*,Female,0,0,65,North America,>50K
14347,"[40, 50[", Local-gov,190368,Undergraduate,13,Never-married,Technical, Not-in-family,*,Female,0,0,70,North America,<=50K
14348,"[20, 30[", ?,19793,Undergraduate,10,Divorced,Other, Unmarried,*,Female,0,0,8,North America,<=50K
14349,"[20, 30[", Private,67661,Undergraduate,10,Never-married,Other, Other-relative,*,Female,0,0,40,North America,<=50K
14350,"[20, 30[", Private,62278,Undergraduate,10,Married-civ-spouse,Nontechnical, Husband,*,Male,0,0,45,North America,<=50K
14351,"[30, 40[", Federal-gov,295010,Undergraduate,13,Never-married,Other, Not-in-family,*,Female,0,0,60,North America,>50K
14353,"[20, 30[", Private,265314,High School,9,Married-civ-spouse,Other, Husband,*,Male,0,0,45,North America,>50K
14354,"[20, 30[", Private,159603,High School,9,Never-married,Other, Unmarried,*,Female,0,0,34,North America,<=50K
14355,"[20, 30[", Private,134331,High School,6,Married-civ-spouse,Technical, Husband,*,Male,0,0,40,North America,<=50K
14357,"[20, 30[", Private,274964,Undergraduate,13,Never-married,Other, Not-in-family,*,Male,0,0,65,North America,<=50K
14358,"[30, 40[", Private,66309,High School,9,Married-civ-spouse,Technical, Husband,*,Male,0,0,35,North America,<=50K
14359,"[30, 40[", Private,73471,Undergraduate,10,Married-civ-spouse,Nontechnical, Husband,*,Male,0,0,50,North America,<=50K
14360,"[20, 30[", ?,26671,High School,9,Never-married,Other, Other-relative,*,Female,0,0,40,North America,<=50K
14361,"[50, 60[", Private,357118,Graduate,14,Married-civ-spouse,Technical, Wife,*,Female,0,0,40,North America,>50K
14362,"[30, 40[", Self-emp-inc,184655,High School,9,Married-civ-spouse,Nontechnical, Husband,*,Male,0,0,62,North America,<=50K
14363,"[20, 30[", ?,55492,Professional Education,11,Never-married,Other, Not-in-family,*,Female,0,0,30,North America,<=50K
14364,"[20, 30[", Private,175266,Undergraduate,10,Never-married,Technical, Not-in-family,*,Male,0,0,40,North America,<=50K
14365,"[10, 20[", Private,188008,Undergraduate,10,Never-married,Nontechnical, Own-child,*,Female,0,0,20,North America,<=50K
14366,"[40, 50[", Private,87284,Professional Education,15,Married-civ-spouse,Technical, Husband,*,Male,7298,0,35,North America,>50K
14367,"[40, 50[", Private,330087,Undergraduate,13,Married-civ-spouse,Nontechnical, Husband,*,Male,15024,0,45,North America,>50K
14369,"[20, 30[", Private,150025,High School,9,Never-married,Nontechnical, Not-in-family,*,Male,0,0,40,North America,<=50K
14370,"[20, 30[", ?,189203,Professional Education,12,Never-married,Other, Other-relative,*,Male,0,0,15,North America,<=50K
14371,"[40, 50[", Self-emp-inc,330874,Undergraduate,10,Married-civ-spouse,Nontechnical, Husband,*,Male,0,0,70,North America,>50K
14372,"[20, 30[", Private,136824,Undergraduate,10,Never-married,Other, Own-child,*,Male,0,0,20,North America,<=50K
14373,"[20, 30[", Private,201179,High School,9,Never-married,Other, Own-child,*,Male,0,0,40,North America,<=50K
14375,"[20, 30[", Federal-gov,366207,High School,9,Never-married,Other, Own-child,*,Male,0,0,40,North America,<=50K
14376,"[30, 40[", Self-emp-not-inc,103860,Undergraduate,10,Married-civ-spouse,Technical, Husband,*,Male,0,0,50,North America,<=50K
14377,"[20, 30[", Private,106700,Professional Education,12,Never-married,Other, Own-child,*,Female,0,0,27,North America,<=50K
14378,"[50, 60[", Local-gov,163557,High School,9,Never-married,Other, Not-in-family,*,Female,0,0,30,North America,<=50K
14379,"[30, 40[", Self-emp-inc,286261,Graduate,14,Never-married,Technical, Not-in-family,*,Female,0,0,40,North America,<=50K
14380,"[20, 30[", Private,123083,Undergraduate,13,Never-married,Technical, Not-in-family,*,Female,0,0,40,North America,<=50K
14381,"[70, 80[", Self-emp-inc,125197,High School,9,Married-civ-spouse,Other, Husband,*,Male,0,0,26,North America,<=50K
14382,"[20, 30[", Self-emp-not-inc,278073,High School,9,Never-married,Technical, Other-relative,*,Male,0,0,30,North America,<=50K
14383,"[50, 60[", Private,133963,Undergraduate,13,Divorced,Nontechnical, Not-in-family,*,Female,0,0,50,North America,<=50K
14384,"[60, 70[", Self-emp-not-inc,71467,Undergraduate,13,Married-civ-spouse,Technical, Husband,*,Male,0,0,55,North America,>50K
14385,"[40, 50[", Private,76487,High School,9,Married-civ-spouse,Technical, Husband,*,Male,0,0,40,North America,<=50K
14386,"[50, 60[", Local-gov,215245,Undergraduate,13,Never-married,Technical, Not-in-family,*,Female,0,0,37,North America,<=50K
14388,"[20, 30[", Private,179720,High School,9,Never-married,Other, Other-relative,*,Female,0,0,30,North America,<=50K
14389,"[40, 50[", Private,88909,Undergraduate,13,Married-civ-spouse,Nontechnical, Husband,*,Male,15024,0,50,North America,>50K
14390,"[40, 50[", Private,341995,Professional Education,11,Married-civ-spouse,Technical, Husband,*,Male,0,1902,42,North America,>50K
14391,"[40, 50[", Private,173938,High School,9,Married-civ-spouse,Nontechnical, Husband,*,Male,0,0,60,North America,<=50K
14392,"[30, 40[", Private,344275,High School,9,Never-married,Other, Not-in-family,*,Male,0,0,70,North America,<=50K
14393,"[20, 30[", Private,150463,High School,9,Never-married,Other, Unmarried,*,Female,0,0,40,North America,<=50K
14394,"[40, 50[", Local-gov,209544,Graduate,14,Never-married,Nontechnical, Not-in-family,*,Female,10520,0,50,North America,>50K
14395,"[40, 50[", Local-gov,201723,Undergraduate,10,Never-married,Technical, Not-in-family,*,Male,0,0,40,North America,<=50K
14396,"[30, 40[", Self-emp-not-inc,343476,Undergraduate,13,Married-civ-spouse,Technical, Husband,*,Male,15024,0,50,Asia,>50K
14397,"[50, 60[", Self-emp-inc,77392,High School,9,Married-civ-spouse,Other, Husband,*,Male,0,0,60,North America,<=50K
14398,"[20, 30[", ?,171156,Undergraduate,10,Never-married,Other, Not-in-family,*,Female,0,0,35,North America,<=50K
14399,"[50, 60[", Self-emp-not-inc,357118,Undergraduate,13,Never-married,Nontechnical, Not-in-family,*,Female,0,0,60,North America,<=50K
14400,"[40, 50[", Federal-gov,167749,High School,9,Married-civ-spouse,Other, Wife,*,Female,0,0,40,North America,>50K
14402,"[20, 30[", Private,51201,High School,9,Married-civ-spouse,Technical, Husband,*,Male,0,0,35,North America,<=50K
14403,"[40, 50[", Private,365986,Undergraduate,13,Married-civ-spouse,Nontechnical, Own-child,*,Male,0,0,40,North America,>50K
14404,"[30, 40[", Private,400416,High School,7,Never-married,Technical, Own-child,*,Male,0,0,45,North America,<=50K
14405,"[50, 60[", Private,31533,High School,9,Divorced,Other, Not-in-family,*,Male,0,0,40,North America,<=50K
14406,"[40, 50[", Private,106900,Undergraduate,13,Married-civ-spouse,Technical, Husband,*,Male,0,1902,42,North America,>50K
14407,"[30, 40[", Local-gov,192337,High School,9,Never-married,Other, Not-in-family,*,Male,0,0,40,North America,<=50K
14408,"[20, 30[", Private,118712,Professional Education,11,Never-married,Technical, Own-child,*,Male,0,1504,40,North America,<=50K
14409,"[20, 30[", Private,301654,Undergraduate,13,Never-married,Technical, Not-in-family,*,Female,0,0,40,North America,<=50K
14410,"[30, 40[", Self-emp-not-inc,145162,Undergraduate,13,Married-civ-spouse,Nontechnical, Husband,*,Male,0,0,60,Unknown,>50K
14413,"[30, 40[", Private,238342,High School,9,Married-civ-spouse,Other, Husband,*,Male,0,0,40,North America,<=50K
14414,"[30, 40[", Private,857532,High School,9,Never-married,Technical, Own-child,*,Male,0,0,40,North America,<=50K
14415,"[60, 70[", Private,134378,Graduate,14,Married-civ-spouse,Nontechnical, Husband,*,Male,0,0,50,North America,>50K
14416,"[10, 20[", Private,260797,High School,6,Never-married,Nontechnical, Own-child,*,Female,0,0,23,North America,<=50K
14417,"[20, 30[", Private,138765,Undergraduate,13,Never-married,Technical, Not-in-family,*,Male,0,0,20,North America,<=50K
14418,"[70, 80[", ?,256674,High School,9,Widowed,Other, Not-in-family,*,Female,0,0,25,North America,<=50K
14420,"[50, 60[", State-gov,454063,Graduate,16,Married-civ-spouse,Nontechnical, Husband,*,Male,7298,0,40,North America,>50K
14421,"[60, 70[", Private,180539,High School,9,Married-civ-spouse,Nontechnical, Husband,*,Male,0,0,10,North America,<=50K
14422,"[40, 50[", Private,397346,High School,9,Never-married,Technical, Not-in-family,*,Male,3325,0,40,North America,<=50K
14423,"[20, 30[", Private,107160,High School,9,Never-married,Other, Not-in-family,*,Male,0,0,40,North America,<=50K
14424,"[30, 40[", Private,262024,High School,9,Married-civ-spouse,Technical, Husband,*,Male,0,0,40,North America,<=50K
14425,"[20, 30[", Private,131230,High School,9,Married-civ-spouse,Technical, Husband,*,Male,0,0,37,North America,<=50K
14426,"[60, 70[", Private,274451,High School,6,Married-civ-spouse,Other, Husband,*,Male,0,0,16,North America,<=50K
14427,"[40, 50[", State-gov,365986,High School,9,Divorced,Other, Not-in-family,*,Male,0,0,40,North America,>50K
14428,"[20, 30[", Private,204515,Undergraduate,13,Never-married,Technical, Not-in-family,*,Female,0,0,36,North America,<=50K
14429,"[50, 60[", Private,99316,High School,8,Divorced,Other, Unmarried,*,Male,0,0,50,North America,<=50K
14430,"[20, 30[", ?,206681,High School,7,Married-civ-spouse,Other, Wife,*,Female,0,0,40,North America,<=50K
14431,"[20, 30[", Private,268726,High School,9,Married-civ-spouse,Technical, Husband,*,Male,0,0,46,North America,<=50K
14432,"[20, 30[", Private,275395,Undergraduate,10,Never-married,Technical, Own-child,*,Male,0,0,40,North America,<=50K
14433,"[20, 30[", Private,383322,Professional Education,11,Married-civ-spouse,Technical, Husband,*,Male,0,0,40,North America,>50K
14434,"[20, 30[", Private,126822,High School,9,Married-civ-spouse,Other, Husband,*,Male,0,0,35,North America,<=50K
14435,"[30, 40[", Self-emp-inc,168355,High School,9,Married-civ-spouse,Nontechnical, Husband,*,Male,0,0,70,North America,<=50K
14437,"[40, 50[", Private,373403,Professional Education,11,Married-civ-spouse,Technical, Husband,*,Male,0,0,40,North America,<=50K
14438,"[40, 50[", Self-emp-not-inc,274562,High School,9,Never-married,Technical, Not-in-family,*,Male,14344,0,40,North America,>50K
14439,"[20, 30[", Private,249362,High School,7,Married-civ-spouse,Other, Husband,*,Male,0,0,50,North America,<=50K
14440,"[30, 40[", Private,111567,High School,5,Never-married,Nontechnical, Not-in-family,*,Male,0,0,43,North America,>50K
14441,"[10, 20[", ?,216508,High School,9,Never-married,Other, Own-child,*,Male,0,0,30,North America,<=50K
14442,"[20, 30[", Private,145784,Undergraduate,10,Married-civ-spouse,Other, Wife,*,Female,0,0,45,North America,<=50K
14443,"[30, 40[", State-gov,209317,Undergraduate,10,Married-civ-spouse,Other, Husband,*,Male,0,0,40,North America,<=50K
14444,"[20, 30[", Private,259505,High School,9,Never-married,Technical, Not-in-family,*,Male,0,0,40,North America,<=50K
14446,"[40, 50[", Local-gov,198096,High School,9,Married-civ-spouse,Technical, Husband,*,Male,7688,0,40,North America,>50K
14447,"[40, 50[", Self-emp-inc,33126,Graduate,14,Married-civ-spouse,Technical, Husband,*,Male,0,0,50,North America,<=50K
14448,"[20, 30[", Private,206354,High School,9,Never-married,Other, Unmarried,*,Female,0,0,35,North America,<=50K
14449,"[20, 30[", Private,1484705,Undergraduate,10,Divorced,Nontechnical, Unmarried,*,Female,0,0,25,North America,<=50K
14450,"[20, 30[", Private,26410,High School,9,Never-married,Other, Not-in-family,*,Female,0,0,40,North America,<=50K
14451,"[10, 20[", Self-emp-not-inc,220901,Undergraduate,10,Never-married,Other, Own-child,*,Male,0,0,30,North America,<=50K
14452,"[40, 50[", Self-emp-inc,44671,Professional Education,12,Married-civ-spouse,Technical, Husband,*,Male,0,0,40,North America,>50K
14453,"[20, 30[", Private,38620,Undergraduate,10,Never-married,Other, Own-child,*,Male,0,0,20,North America,<=50K
14454,"[30, 40[", Private,89040,High School,7,Married-civ-spouse,Other, Husband,*,Male,0,0,47,North America,<=50K
14455,"[30, 40[", Private,370160,Undergraduate,10,Separated,Nontechnical, Unmarried,*,Female,0,0,40,North America,<=50K
14456,"[20, 30[", Private,208946,Undergraduate,10,Never-married,Other, Own-child,*,Male,0,0,32,North America,<=50K
14457,"[20, 30[", Private,131230,Undergraduate,10,Never-married,Nontechnical, Own-child,*,Male,0,0,10,North America,<=50K
14458,"[20, 30[", Private,60358,Undergraduate,13,Never-married,Nontechnical, Own-child,*,Male,0,0,40,North America,<=50K
14460,"[20, 30[", Private,209782,Undergraduate,13,Never-married,Nontechnical, Own-child,*,Female,0,0,40,North America,<=50K
14461,"[20, 30[", Private,351952,Undergraduate,10,Never-married,Technical, Unmarried,*,Female,0,0,20,North America,<=50K
14462,"[20, 30[", Private,142081,High School,9,Married-civ-spouse,Other, Wife,*,Female,0,0,40,North America,<=50K
14463,"[20, 30[", Private,164775,High School,5,Never-married,Technical, Unmarried,*,Male,0,0,40,North America,<=50K
14464,"[40, 50[", Local-gov,47858,Undergraduate,13,Married-civ-spouse,Other, Husband,*,Male,0,0,40,North America,>50K
14466,"[20, 30[", Private,218678,Undergraduate,13,Never-married,Nontechnical, Own-child,*,Male,0,0,40,North America,<=50K
14467,"[30, 40[", Private,184655,High School,9,Married-civ-spouse,Technical, Husband,*,Male,0,1740,48,North America,<=50K
14468,"[30, 40[", Private,321760,Undergraduate,13,Never-married,Other, Not-in-family,*,Female,0,0,17,North America,<=50K
14469,"[40, 50[", Local-gov,185399,Graduate,14,Divorced,Technical, Own-child,*,Female,0,0,55,North America,<=50K
14470,"[30, 40[", Local-gov,409200,Undergraduate,10,Married-civ-spouse,Technical, Husband,*,Male,0,0,40,North America,>50K
14471,"[30, 40[", Private,40077,High School,9,Married-civ-spouse,Technical, Husband,*,Male,0,0,50,North America,>50K
14472,"[30, 40[", Self-emp-not-inc,31740,High School,9,Never-married,Other, Not-in-family,*,Male,0,0,40,North America,<=50K
14474,"[30, 40[", Private,192039,Professional Education,11,Married-civ-spouse,Technical, Wife,*,Female,0,0,40,North America,>50K
14475,"[10, 20[", Private,222618,High School,7,Never-married,Nontechnical, Own-child,*,Female,0,0,30,North America,<=50K
14476,"[40, 50[", State-gov,213646,Undergraduate,13,Married-civ-spouse,Nontechnical, Husband,*,Male,7298,0,40,North America,>50K
14477,"[30, 40[", Local-gov,194141,High School,9,Married-civ-spouse,Other, Husband,*,Male,0,0,48,North America,<=50K
14478,"[40, 50[", State-gov,80282,Graduate,16,Married-civ-spouse,Technical, Husband,*,Male,0,0,45,North America,<=50K
14479,"[20, 30[", Private,166350,High School,9,Never-married,Nontechnical, Not-in-family,*,Male,0,0,50,North America,<=50K
14480,"[60, 70[", Federal-gov,60641,Undergraduate,10,Married-civ-spouse,Other, Wife,*,Female,0,0,30,North America,<=50K
14481,"[30, 40[", Private,124827,High School,9,Married-civ-spouse,Other, Husband,*,Male,0,0,40,North America,<=50K
14483,"[30, 40[", Private,85244,Undergraduate,13,Separated,Technical, Not-in-family,*,Male,0,0,40,North America,<=50K
14484,"[20, 30[", Private,120535,High School,9,Divorced,Nontechnical, Unmarried,*,Female,0,0,40,North America,<=50K
14485,"[30, 40[", Local-gov,269604,Primary School,3,Never-married,Other, Unmarried,*,Female,0,0,40,North America,<=50K
14486,"[20, 30[", Private,247711,High School,9,Married-civ-spouse,Other, Wife,*,Female,0,0,40,North America,<=50K
14487,"[40, 50[", Private,380922,High School,9,Married-civ-spouse,Technical, Husband,*,Male,0,0,60,North America,>50K
14488,"[20, 30[", Private,281221,Undergraduate,13,Never-married,Other, Other-relative,*,Female,0,0,40,Asia,<=50K
14489,"[20, 30[", Private,269687,Professional Education,11,Never-married,Technical, Not-in-family,*,Male,0,0,40,North America,<=50K
14490,"[40, 50[", Private,181758,Undergraduate,10,Divorced,Other, Unmarried,*,Female,0,0,40,North America,<=50K
14491,"[60, 70[", Federal-gov,136787,Undergraduate,10,Married-civ-spouse,Other, Husband,*,Male,0,0,40,North America,>50K
14492,"[20, 30[", Private,107882,High School,9,Never-married,Technical, Own-child,*,Female,0,0,20,North America,<=50K
14493,"[30, 40[", Private,172579,Professional Education,11,Divorced,Technical, Unmarried,*,Female,0,0,40,North America,<=50K
14494,"[30, 40[", Private,29933,High School,9,Married-civ-spouse,Technical, Husband,*,Male,5178,0,40,North America,>50K
14495,"[30, 40[", Federal-gov,38905,Undergraduate,10,Divorced,Other, Not-in-family,*,Female,0,0,50,North America,<=50K
14496,"[30, 40[", Private,168826,High School,6,Never-married,Technical, Not-in-family,*,Male,0,0,40,North America,<=50K
14497,"[20, 30[", Private,424034,High School,9,Never-married,Nontechnical, Unmarried,*,Male,0,0,40,North America,<=50K
14498,"[60, 70[", Private,117509,High School,5,Married-civ-spouse,Technical, Husband,*,Male,0,0,40,North America,<=50K
14499,"[20, 30[", ?,196971,Undergraduate,13,Never-married,Other, Not-in-family,*,Female,0,0,43,North America,<=50K
14500,"[60, 70[", Private,69525,High School,9,Divorced,Technical, Unmarried,*,Male,0,0,20,North America,<=50K
14501,"[20, 30[", Private,374116,High School,9,Never-married,Nontechnical, Unmarried,*,Female,0,0,35,North America,<=50K
14503,"[30, 40[", State-gov,147258,Undergraduate,10,Divorced,Other, Not-in-family,*,Male,0,0,60,North America,<=50K
14504,"[20, 30[", Private,139903,High School,9,Never-married,Nontechnical, Unmarried,*,Female,0,0,30,North America,<=50K
14505,"[50, 60[", Private,112959,Undergraduate,10,Widowed,Nontechnical, Not-in-family,*,Female,0,0,40,North America,<=50K
14506,"[50, 60[", Self-emp-not-inc,264148,High School,9,Married-civ-spouse,Other, Husband,*,Male,0,0,45,North America,<=50K
14507,"[20, 30[", Private,256211,Undergraduate,10,Never-married,Other, Not-in-family,*,Male,0,0,24,Asia,<=50K
14508,"[20, 30[", Self-emp-not-inc,142519,High School,9,Married-civ-spouse,Technical, Husband,*,Male,0,0,40,North America,<=50K
14509,"[30, 40[", Private,281852,High School,9,Never-married,Other, Not-in-family,*,Male,0,0,80,North America,<=50K
14510,"[30, 40[", Private,380543,High School,9,Never-married,Other, Unmarried,*,Female,0,0,30,North America,<=50K
14511,"[50, 60[", Self-emp-not-inc,204402,High School,9,Married-civ-spouse,Other, Husband,*,Male,0,0,84,North America,>50K
14512,"[50, 60[", Private,192203,High School,7,Married-civ-spouse,Other, Husband,*,Male,0,0,40,North America,<=50K
14513,"[50, 60[", Self-emp-not-inc,199005,Undergraduate,13,Married-civ-spouse,Nontechnical, Wife,*,Female,0,0,40,North America,>50K
14514,"[10, 20[", Self-emp-inc,61838,High School,6,Never-married,Technical, Own-child,*,Male,0,0,40,North America,<=50K
14517,"[40, 50[", Self-emp-not-inc,32451,High School,9,Married-civ-spouse,Technical, Husband,*,Male,0,0,40,North America,<=50K
14519,"[30, 40[", Private,87556,Graduate,14,Never-married,Technical, Not-in-family,*,Male,6849,0,40,North America,<=50K
14520,"[10, 20[", Private,79443,High School,5,Never-married,Technical, Own-child,*,Male,0,0,40,North America,<=50K
14521,"[20, 30[", Private,212622,Graduate,14,Never-married,Nontechnical, Own-child,*,Female,0,0,40,North America,<=50K
14522,"[30, 40[", Private,32650,Professional Education,11,Never-married,Other, Not-in-family,*,Male,0,0,60,North America,<=50K
14523,"[40, 50[", Private,125461,Undergraduate,13,Married-civ-spouse,Nontechnical, Husband,*,Male,0,0,40,North America,>50K
14524,"[10, 20[", Private,219867,High School,9,Never-married,Other, Other-relative,*,Female,0,0,35,North America,<=50K
14525,"[30, 40[", Local-gov,206609,High School,9,Never-married,Other, Own-child,*,Male,0,0,40,North America,<=50K
14526,"[40, 50[", Private,101299,High School,9,Married-civ-spouse,Technical, Husband,*,Male,0,0,40,North America,>50K
14527,"[40, 50[", Private,29437,Professional Education,12,Married-civ-spouse,Nontechnical, Husband,*,Male,0,0,50,North America,<=50K
14528,"[60, 70[", Private,87164,High School,7,Widowed,Nontechnical, Other-relative,*,Female,0,0,20,North America,<=50K
14529,"[50, 60[", Self-emp-inc,146103,Undergraduate,13,Married-civ-spouse,Technical, Husband,*,Male,0,0,45,North America,>50K
14530,"[40, 50[", Private,169324,High School,9,Never-married,Other, Unmarried,*,Female,0,0,32,North America,<=50K
14531,"[40, 50[", Private,138370,High School,4,Married-civ-spouse,Other, Husband,*,Male,0,1651,40,Asia,<=50K
14532,"[20, 30[", Private,29523,High School,6,Married-civ-spouse,Nontechnical, Husband,*,Male,0,0,40,North America,<=50K
14533,"[20, 30[", Local-gov,383745,Undergraduate,10,Married-civ-spouse,Other, Husband,*,Male,0,1485,40,North America,>50K
14534,"[20, 30[", ?,247075,High School,9,Never-married,Other, Unmarried,*,Female,0,0,25,North America,<=50K
14535,"[20, 30[", ?,200967,Undergraduate,10,Never-married,Other, Own-child,*,Female,0,0,12,North America,<=50K
14536,"[50, 60[", ?,175985,High School,9,Married-civ-spouse,Other, Husband,*,Male,0,0,40,North America,<=50K
14537,"[30, 40[", Self-emp-inc,189404,Undergraduate,10,Married-civ-spouse,Nontechnical, Husband,*,Male,0,1740,40,North America,<=50K
14538,"[20, 30[", Self-emp-not-inc,267661,High School,9,Married-civ-spouse,Other, Husband,*,Male,0,0,70,North America,<=50K
14539,"[30, 40[", Local-gov,182926,Undergraduate,10,Married-civ-spouse,Other, Husband,*,Male,15024,0,40,North America,>50K
14540,"[60, 70[", Private,243858,High School,9,Widowed,Other, Not-in-family,*,Female,0,0,15,North America,<=50K
14541,"[20, 30[", ?,43587,High School,9,Married-spouse-absent,Other, Not-in-family,*,Female,0,0,35,North America,<=50K
14542,"[40, 50[", Federal-gov,31339,Undergraduate,10,Married-civ-spouse,Other, Husband,*,Male,0,0,40,North America,<=50K
14544,"[10, 20[", Private,73145,High School,5,Never-married,Technical, Own-child,*,Female,0,0,16,North America,<=50K
14546,"[30, 40[", Local-gov,223237,Graduate,14,Married-civ-spouse,Technical, Husband,*,Male,0,0,40,North America,>50K
14547,"[30, 40[", Self-emp-not-inc,93319,High School,9,Never-married,Nontechnical, Other-relative,*,Female,0,0,4,North America,<=50K
14548,"[20, 30[", ?,212300,High School,9,Separated,Other, Not-in-family,*,Female,0,0,38,North America,<=50K
14549,"[50, 60[", Private,187356,High School,6,Married-civ-spouse,Technical, Husband,*,Male,0,0,41,North America,<=50K
14550,"[40, 50[", Self-emp-not-inc,220832,Undergraduate,10,Married-civ-spouse,Nontechnical, Husband,*,Male,0,0,58,North America,>50K
14551,"[20, 30[", Private,211361,Undergraduate,13,Never-married,Nontechnical, Not-in-family,*,Female,0,0,30,North America,<=50K
14553,"[30, 40[", Self-emp-not-inc,218249,High School,7,Divorced,Technical, Unmarried,*,Female,0,0,30,North America,<=50K
14554,"[50, 60[", Private,70720,Undergraduate,13,Divorced,Nontechnical, Not-in-family,*,Male,0,0,55,North America,>50K
14556,"[30, 40[", Private,237317,High School,5,Never-married,Technical, Not-in-family,*,Male,0,0,45,North America,<=50K
14557,"[20, 30[", Private,359759,Undergraduate,10,Never-married,Nontechnical, Not-in-family,*,Male,0,0,20,Asia,<=50K
14558,"[40, 50[", Self-emp-not-inc,181758,Graduate,16,Never-married,Technical, Unmarried,*,Female,0,0,60,North America,>50K
14559,"[60, 70[", Self-emp-inc,267101,Undergraduate,13,Married-civ-spouse,Nontechnical, Husband,*,Male,0,0,60,North America,<=50K
14560,"[30, 40[", Private,222221,High School,9,Married-civ-spouse,Nontechnical, Husband,*,Male,7298,0,45,North America,>50K
14561,"[50, 60[", Private,55139,High School,9,Never-married,Other, Not-in-family,*,Male,0,0,10,North America,<=50K
14563,"[30, 40[", Private,101073,Professional Education,12,Married-civ-spouse,Nontechnical, Husband,*,Male,0,0,24,North America,<=50K
14565,"[40, 50[", Private,201127,High School,9,Married-civ-spouse,Technical, Husband,*,Male,0,0,40,North America,<=50K
14566,"[30, 40[", Private,164733,Undergraduate,10,Divorced,Other, Not-in-family,*,Female,0,0,45,North America,<=50K
14567,"[60, 70[", State-gov,129447,High School,9,Widowed,Other, Not-in-family,*,Female,0,0,35,North America,<=50K
14568,"[30, 40[", Private,32837,Undergraduate,13,Divorced,Technical, Unmarried,*,Female,0,0,56,North America,<=50K
14569,"[30, 40[", Private,200117,High School,9,Divorced,Other, Not-in-family,*,Male,0,0,40,North America,<=50K
14570,"[60, 70[", Self-emp-not-inc,219183,Undergraduate,13,Married-civ-spouse,Technical, Husband,*,Male,0,0,50,North America,>50K
14571,"[60, 70[", ?,188842,Undergraduate,13,Married-civ-spouse,Other, Husband,*,Male,0,0,24,North America,<=50K
14573,"[60, 70[", Self-emp-inc,336188,Professional Education,15,Married-civ-spouse,Technical, Husband,*,Male,0,2415,80,North America,>50K
14574,"[60, 70[", ?,191288,High School,4,Widowed,Other, Not-in-family,*,Female,0,0,15,North America,<=50K
14575,"[30, 40[", Private,176185,Undergraduate,10,Divorced,Nontechnical, Other-relative,*,Male,0,0,60,North America,<=50K
14576,"[20, 30[", Local-gov,197728,Undergraduate,13,Never-married,Nontechnical, Not-in-family,*,Female,0,0,20,North America,<=50K
14578,"[20, 30[", ?,133373,Undergraduate,13,Never-married,Other, Own-child,*,Male,0,0,44,North America,<=50K
14579,"[50, 60[", Private,197399,Graduate,14,Married-civ-spouse,Nontechnical, Husband,*,Male,99999,0,55,North America,>50K
14580,"[60, 70[", Private,86010,High School,6,Widowed,Other, Not-in-family,*,Female,0,0,11,North America,<=50K
14581,"[30, 40[", Private,228873,High School,9,Married-civ-spouse,Technical, Husband,*,Male,0,0,40,North America,<=50K
14585,"[20, 30[", Private,129172,Undergraduate,10,Never-married,Other, Own-child,*,Male,0,0,16,North America,<=50K
14586,"[40, 50[", Local-gov,316205,Undergraduate,13,Married-civ-spouse,Nontechnical, Husband,*,Male,0,0,40,North America,>50K
14587,"[30, 40[", Private,226629,Undergraduate,10,Married-civ-spouse,Other, Wife,*,Female,0,0,35,North America,<=50K
14588,"[20, 30[", State-gov,180886,Graduate,14,Married-civ-spouse,Technical, Husband,*,Male,0,0,30,North America,<=50K
14589,"[40, 50[", Self-emp-not-inc,69333,Undergraduate,13,Married-civ-spouse,Other, Husband,*,Male,0,0,50,North America,<=50K
14590,"[40, 50[", Private,213620,High School,9,Never-married,Other, Own-child,*,Female,0,0,40,North America,<=50K
14591,"[40, 50[", Private,197397,Undergraduate,10,Married-civ-spouse,Technical, Wife,*,Female,0,0,6,North America,<=50K
14593,"[20, 30[", Private,179915,Undergraduate,13,Never-married,Nontechnical, Own-child,*,Female,0,0,99,North America,<=50K
14594,"[50, 60[", Private,339905,High School,9,Married-civ-spouse,Nontechnical, Husband,*,Male,7688,0,40,North America,>50K
14595,"[40, 50[", Private,112956,High School,9,Never-married,Other, Own-child,*,Male,0,0,40,North America,<=50K
14596,"[40, 50[", Self-emp-not-inc,421837,Undergraduate,10,Married-civ-spouse,Nontechnical, Husband,*,Male,7298,0,50,North America,>50K
14597,"[30, 40[", Private,187999,Undergraduate,13,Married-civ-spouse,Technical, Husband,*,Male,0,0,45,North America,>50K
14598,"[40, 50[", Private,77313,High School,9,Divorced,Other, Unmarried,*,Female,0,0,40,North America,<=50K
14599,"[30, 40[", Private,231948,High School,9,Married-civ-spouse,Technical, Husband,*,Male,0,0,64,North America,>50K
14601,"[20, 30[", Private,79387,Undergraduate,13,Never-married,Nontechnical, Not-in-family,*,Male,0,0,50,North America,>50K
14602,"[50, 60[", ?,133963,High School,9,Divorced,Other, Not-in-family,*,Female,0,0,40,North America,<=50K
14605,"[60, 70[", Private,183355,High School,7,Married-civ-spouse,Other, Husband,*,Male,0,0,40,North America,<=50K
14606,"[50, 60[", Private,147989,Undergraduate,10,Married-civ-spouse,Technical, Husband,*,Male,5013,0,52,North America,<=50K
14607,"[20, 30[", Private,289944,Undergraduate,10,Never-married,Other, Own-child,*,Female,0,0,25,North America,<=50K
14608,"[20, 30[", Private,62278,High School,9,Never-married,Technical, Unmarried,*,Male,0,0,40,North America,<=50K
14609,"[40, 50[", Federal-gov,110457,Undergraduate,10,Married-civ-spouse,Technical, Husband,*,Male,0,0,40,North America,>50K
14610,"[20, 30[", Private,295763,Undergraduate,13,Never-married,Nontechnical, Own-child,*,Female,0,0,50,North America,<=50K
14611,"[70, 80[", State-gov,100063,High School,9,Married-civ-spouse,Technical, Husband,*,Male,0,0,40,North America,<=50K
14612,"[40, 50[", Private,194962,High School,7,Married-civ-spouse,Other, Wife,*,Female,0,0,6,North America,<=50K
14613,"[30, 40[", Federal-gov,227597,High School,9,Never-married,Other, Not-in-family,*,Male,0,0,50,North America,<=50K
14614,"[20, 30[", Private,117606,Undergraduate,13,Never-married,Other, Own-child,*,Female,0,0,25,North America,<=50K
14615,"[60, 70[", Federal-gov,44774,Undergraduate,13,Widowed,Other, Not-in-family,*,Female,0,0,40,North America,<=50K
14616,"[10, 20[", Private,177648,High School,9,Never-married,Nontechnical, Own-child,*,Female,0,0,25,North America,<=50K
14617,"[30, 40[", Private,172571,Undergraduate,13,Married-civ-spouse,Nontechnical, Husband,*,Male,0,1848,54,North America,>50K
14618,"[30, 40[", ?,203482,High School,4,Married-civ-spouse,Other, Husband,*,Male,0,0,45,North America,<=50K
14619,"[50, 60[", Private,153931,High School,9,Divorced,Other, Not-in-family,*,Female,0,0,40,North America,<=50K
14621,"[20, 30[", Private,157127,Undergraduate,10,Never-married,Other, Not-in-family,*,Female,0,0,20,North America,<=50K
14622,"[20, 30[", Private,170786,Undergraduate,10,Married-civ-spouse,Other, Husband,*,Male,0,0,40,North America,<=50K
14623,"[30, 40[", Private,281030,High School,9,Married-civ-spouse,Technical, Husband,*,Male,0,0,40,North America,<=50K
14624,"[40, 50[", Private,203761,Undergraduate,13,Never-married,Technical, Own-child,*,Male,10520,0,40,North America,>50K
14625,"[20, 30[", Private,167405,High School,9,Married-spouse-absent,Other, Own-child,*,Female,0,0,40,North America,<=50K
14626,"[40, 50[", Local-gov,188436,Undergraduate,10,Married-civ-spouse,Other, Husband,*,Male,7298,0,40,North America,>50K
14627,"[40, 50[", Private,388849,Professional Education,12,Married-civ-spouse,Nontechnical, Husband,*,Male,0,0,60,North America,<=50K
14628,"[30, 40[", State-gov,176998,Undergraduate,10,Married-civ-spouse,Technical, Husband,*,Male,0,0,35,North America,>50K
14629,"[50, 60[", Private,200316,Undergraduate,10,Married-civ-spouse,Technical, Husband,*,Male,0,0,40,North America,>50K
14630,"[20, 30[", Private,160300,Undergraduate,13,Never-married,Nontechnical, Not-in-family,*,Male,0,0,35,North America,<=50K
14631,"[20, 30[", Private,236684,Professional Education,11,Never-married,Other, Own-child,*,Female,0,0,36,North America,<=50K
14632,"[20, 30[", Local-gov,247794,Professional Education,11,Never-married,Other, Own-child,*,Female,0,0,35,North America,<=50K
14633,"[20, 30[", Private,267325,High School,9,Married-civ-spouse,Nontechnical, Wife,*,Female,3464,0,40,North America,<=50K
14634,"[30, 40[", Private,279490,Undergraduate,10,Divorced,Nontechnical, Unmarried,*,Female,0,0,40,North America,<=50K
14635,"[20, 30[", State-gov,280618,Graduate,14,Never-married,Technical, Not-in-family,*,Male,0,0,40,North America,<=50K
14636,"[40, 50[", Local-gov,248406,High School,9,Separated,Other, Own-child,*,Male,0,0,40,North America,<=50K
14637,"[30, 40[", Local-gov,226494,Undergraduate,13,Never-married,Technical, Not-in-family,*,Male,0,0,45,North America,<=50K
14638,"[40, 50[", Private,220460,Professional Education,12,Married-civ-spouse,Nontechnical, Husband,*,Male,0,0,20,North America,<=50K
14639,"[20, 30[", Private,108317,Undergraduate,13,Never-married,Nontechnical, Not-in-family,*,Male,0,0,40,North America,<=50K
14640,"[20, 30[", State-gov,147256,Professional Education,12,Never-married,Technical, Not-in-family,*,Male,0,0,40,North America,>50K
14641,"[20, 30[", Private,110371,High School,9,Married-civ-spouse,Other, Own-child,*,Male,0,0,50,North America,<=50K
14642,"[60, 70[", Private,114060,High School,4,Married-civ-spouse,Other, Husband,*,Male,0,0,91,North America,<=50K
14643,"[20, 30[", Federal-gov,31161,High School,9,Divorced,Nontechnical, Not-in-family,*,Female,0,0,40,North America,<=50K
14644,"[40, 50[", Private,105862,Undergraduate,10,Married-civ-spouse,Nontechnical, Wife,*,Female,0,0,70,North America,>50K
14645,"[30, 40[", Private,402089,Undergraduate,13,Married-civ-spouse,Other, Wife,*,Female,0,0,2,North America,<=50K
14646,"[10, 20[", ?,425447,High School,9,Never-married,Other, Unmarried,*,Female,0,0,40,North America,<=50K
14647,"[20, 30[", Private,137300,Professional Education,11,Never-married,Technical, Unmarried,*,Female,0,0,40,North America,<=50K
14648,"[60, 70[", State-gov,326691,Undergraduate,10,Married-civ-spouse,Technical, Husband,*,Male,0,0,40,North America,>50K
14649,"[20, 30[", Private,275093,High School,9,Never-married,Nontechnical, Not-in-family,*,Female,0,0,36,North America,<=50K
14650,"[30, 40[", Self-emp-not-inc,112497,Graduate,14,Married-civ-spouse,Nontechnical, Husband,*,Male,0,0,50,North America,>50K
14651,"[40, 50[", Local-gov,174491,High School,9,Divorced,Technical, Not-in-family,*,Female,0,0,40,North America,<=50K
14652,"[30, 40[", Self-emp-not-inc,114835,Undergraduate,13,Married-civ-spouse,Nontechnical, Wife,*,Female,0,0,60,North America,>50K
14653,"[20, 30[", Private,137898,Professional Education,12,Never-married,Nontechnical, Own-child,*,Female,0,0,35,North America,<=50K
14654,"[30, 40[", Private,153151,High School,9,Never-married,Nontechnical, Own-child,*,Male,4416,0,40,North America,<=50K
14655,"[30, 40[", Private,134886,High School,9,Married-civ-spouse,Other, Wife,*,Female,0,0,40,North America,>50K
14656,"[30, 40[", Private,193815,Graduate,14,Married-civ-spouse,Nontechnical, Husband,*,Male,0,0,45,North America,>50K
14657,"[30, 40[", Private,237833,Undergraduate,10,Divorced,Technical, Not-in-family,*,Female,0,0,40,North America,<=50K
14658,"[40, 50[", Self-emp-not-inc,101593,Undergraduate,13,Married-civ-spouse,Nontechnical, Husband,*,Male,0,0,60,North America,>50K
14659,"[20, 30[", Private,164924,High School,9,Never-married,Technical, Not-in-family,*,Male,0,0,40,North America,<=50K
14660,"[40, 50[", Private,174201,High School,9,Divorced,Nontechnical, Unmarried,*,Male,0,0,40,North America,<=50K
14661,"[40, 50[", Local-gov,36169,Graduate,14,Married-civ-spouse,Technical, Husband,*,Male,0,0,60,North America,>50K
14662,"[50, 60[", Private,144071,High School,7,Married-civ-spouse,Nontechnical, Husband,*,Male,0,0,45,North America,<=50K
14663,"[30, 40[", Self-emp-not-inc,180859,Undergraduate,10,Never-married,Technical, Own-child,*,Male,0,0,8,North America,<=50K
14664,"[50, 60[", Private,221915,Undergraduate,10,Widowed,Technical, Unmarried,*,Female,0,0,50,North America,<=50K
14665,"[40, 50[", Private,26892,Undergraduate,13,Married-civ-spouse,Other, Husband,*,Male,0,0,40,North America,>50K
14666,"[20, 30[", Private,351084,High School,9,Never-married,Other, Not-in-family,*,Female,0,0,40,North America,<=50K
14667,"[30, 40[", Private,97306,Undergraduate,13,Divorced,Technical, Unmarried,*,Female,0,0,25,North America,<=50K
14668,"[30, 40[", Private,185027,Undergraduate,13,Married-civ-spouse,Technical, Husband,*,Male,0,0,40,North America,>50K
14669,"[30, 40[", Private,182539,Undergraduate,10,Never-married,Other, Not-in-family,*,Female,0,0,45,North America,<=50K
14670,"[20, 30[", Private,215395,High School,9,Never-married,Other, Not-in-family,*,Male,0,0,37,North America,<=50K
14671,"[30, 40[", Private,186434,High School,9,Married-civ-spouse,Other, Husband,*,Male,0,0,40,North America,>50K
14674,"[50, 60[", Self-emp-inc,412952,Undergraduate,10,Married-civ-spouse,Technical, Husband,*,Male,0,0,40,North America,<=50K
14675,"[40, 50[", Private,167009,Undergraduate,10,Divorced,Other, Not-in-family,*,Female,0,0,48,North America,<=50K
14676,"[50, 60[", Private,316000,High School,9,Married-civ-spouse,Nontechnical, Husband,*,Male,0,0,40,North America,>50K
14677,"[30, 40[", Self-emp-not-inc,216256,High School,5,Married-civ-spouse,Technical, Husband,*,Male,0,0,50,North America,<=50K
14678,"[40, 50[", Private,341835,High School,9,Never-married,Nontechnical, Not-in-family,*,Female,0,0,45,North America,<=50K
14679,"[30, 40[", Private,169841,High School,9,Divorced,Nontechnical, Not-in-family,*,Female,0,0,25,North America,<=50K
14680,"[20, 30[", Self-emp-not-inc,200681,High School,9,Married-civ-spouse,Nontechnical, Husband,*,Male,0,0,40,North America,<=50K
14681,"[40, 50[", Self-emp-not-inc,456956,High School,9,Married-civ-spouse,Technical, Husband,*,Male,0,0,60,North America,<=50K
14682,"[20, 30[", Federal-gov,276075,Undergraduate,10,Married-civ-spouse,Other, Husband,*,Male,0,0,40,North America,<=50K
14683,"[50, 60[", Federal-gov,96657,Undergraduate,13,Divorced,Technical, Unmarried,*,Female,0,0,40,North America,<=50K
14684,"[20, 30[", Private,374313,High School,9,Married-civ-spouse,Other, Husband,*,Male,0,0,50,North America,>50K
14686,"[30, 40[", Private,53285,High School,9,Married-civ-spouse,Nontechnical, Husband,*,Male,0,0,52,North America,>50K
14687,"[50, 60[", Private,104613,Professional Education,12,Married-civ-spouse,Nontechnical, Husband,*,Male,0,0,50,North America,>50K
14688,"[10, 20[", ?,303317,High School,7,Never-married,Other, Own-child,*,Male,0,0,40,North America,<=50K
14690,"[10, 20[", Private,318822,High School,9,Never-married,Other, Not-in-family,*,Female,0,0,40,North America,<=50K
14691,"[20, 30[", Private,375078,High School,4,Married-civ-spouse,Other, Wife,*,Female,0,0,40,North America,<=50K
14692,"[20, 30[", ?,232799,High School,9,Never-married,Other, Own-child,*,Female,0,0,25,North America,<=50K
14693,"[30, 40[", Private,210851,Undergraduate,10,Married-civ-spouse,Technical, Husband,*,Male,0,0,40,North America,<=50K
14694,"[40, 50[", Self-emp-not-inc,213745,Undergraduate,10,Divorced,Other, Unmarried,*,Female,0,0,45,North America,<=50K
14695,"[50, 60[", Private,204447,Undergraduate,10,Married-civ-spouse,Technical, Husband,*,Male,0,0,45,North America,>50K
14696,"[20, 30[", Private,318934,High School,6,Married-civ-spouse,Nontechnical, Husband,*,Male,0,0,40,North America,<=50K
14697,"[20, 30[", Private,237386,Undergraduate,10,Never-married,Nontechnical, Not-in-family,*,Male,0,0,42,North America,<=50K
14699,"[40, 50[", Private,144778,High School,9,Married-civ-spouse,Nontechnical, Husband,*,Male,0,0,50,North America,>50K
14700,"[30, 40[", Private,117166,Undergraduate,13,Never-married,Nontechnical, Not-in-family,*,Male,0,0,50,North America,<=50K
14701,"[50, 60[", Private,237630,High School,9,Married-civ-spouse,Technical, Husband,*,Male,7298,0,50,North America,>50K
14702,"[40, 50[", Private,171550,High School,9,Married-civ-spouse,Nontechnical, Husband,*,Male,0,0,40,North America,>50K
14703,"[30, 40[", Private,165302,Undergraduate,10,Divorced,Other, Unmarried,*,Female,0,0,40,North America,<=50K
14704,"[30, 40[", State-gov,42186,High School,9,Married-civ-spouse,Other, Wife,*,Female,3464,0,20,North America,<=50K
14707,"[40, 50[", Private,198759,Graduate,16,Married-civ-spouse,Nontechnical, Husband,*,Male,0,0,60,North America,<=50K
14708,"[30, 40[", Private,227886,High School,9,Never-married,Nontechnical, Own-child,*,Female,0,0,35,North America,<=50K
14709,"[30, 40[", Private,391874,High School,9,Married-civ-spouse,Technical, Husband,*,Male,0,0,40,North America,<=50K
14710,"[20, 30[", Self-emp-not-inc,184370,High School,9,Divorced,Other, Not-in-family,*,Female,0,0,40,North America,<=50K
14712,"[40, 50[", Private,194698,Undergraduate,13,Never-married,Technical, Own-child,*,Male,0,0,60,North America,<=50K
14714,"[20, 30[", Private,67218,Undergraduate,13,Married-civ-spouse,Technical, Husband,*,Male,0,0,40,North America,>50K
14715,"[30, 40[", Private,205152,Professional Education,11,Never-married,Nontechnical, Not-in-family,*,Male,0,0,55,North America,>50K
14716,"[20, 30[", Private,434467,Undergraduate,10,Married-civ-spouse,Technical, Husband,*,Male,0,0,42,North America,<=50K
14717,"[60, 70[", ?,110150,High School,9,Married-civ-spouse,Other, Husband,*,Male,0,0,55,North America,>50K
14718,"[50, 60[", ?,123382,High School,9,Separated,Other, Not-in-family,*,Female,0,2001,40,North America,<=50K
14719,"[40, 50[", State-gov,404573,Professional Education,15,Divorced,Technical, Unmarried,*,Female,0,0,40,North America,<=50K
14720,"[10, 20[", Private,99462,High School,7,Never-married,Other, Own-child,*,Female,0,0,20,North America,<=50K
14721,"[60, 70[", Private,170310,Primary School,3,Married-civ-spouse,Other, Husband,*,Male,0,0,40,North America,<=50K
14722,"[30, 40[", Private,199883,High School,8,Divorced,Other, Own-child,*,Male,0,0,40,North America,<=50K
14724,"[30, 40[", Private,393357,High School,5,Married-civ-spouse,Nontechnical, Husband,*,Male,0,0,48,North America,<=50K
14725,"[60, 70[", ?,249043,Undergraduate,13,Married-civ-spouse,Other, Husband,*,Male,10605,0,40,North America,>50K
14726,"[30, 40[", Private,72630,Undergraduate,13,Never-married,Nontechnical, Not-in-family,*,Male,14084,0,50,North America,>50K
14727,"[60, 70[", Private,223133,High School,9,Divorced,Nontechnical, Not-in-family,*,Female,0,0,40,North America,<=50K
14728,"[40, 50[", State-gov,345969,Professional Education,15,Married-civ-spouse,Technical, Husband,*,Male,0,0,50,North America,>50K
14729,"[40, 50[", State-gov,195520,Undergraduate,10,Never-married,Other, Unmarried,*,Female,0,0,49,North America,<=50K
14730,"[30, 40[", Private,257942,High School,9,Never-married,Nontechnical, Not-in-family,*,Male,0,0,40,North America,<=50K
14732,"[40, 50[", Private,137354,Undergraduate,10,Married-civ-spouse,Technical, Husband,*,Male,0,0,40,North America,<=50K
14733,"[40, 50[", Federal-gov,232997,Undergraduate,10,Married-civ-spouse,Other, Husband,*,Male,0,0,65,North America,>50K
14734,"[30, 40[", Private,77266,High School,9,Married-civ-spouse,Technical, Husband,*,Male,0,0,60,North America,<=50K
14735,"[30, 40[", Self-emp-not-inc,164190,Professional Education,15,Never-married,Technical, Own-child,*,Male,0,0,40,North America,<=50K
14736,"[40, 50[", Private,153536,Undergraduate,10,Divorced,Technical, Not-in-family,*,Male,14084,0,44,North America,>50K
14737,"[50, 60[", Local-gov,26832,High School,9,Married-civ-spouse,Technical, Husband,*,Male,0,0,40,North America,>50K
14738,"[30, 40[", Private,188096,Undergraduate,13,Never-married,Technical, Not-in-family,*,Female,0,0,72,North America,>50K
14739,"[40, 50[", Self-emp-inc,369522,Undergraduate,13,Married-civ-spouse,Nontechnical, Wife,*,Female,0,0,25,North America,>50K
14740,"[20, 30[", Private,110998,Undergraduate,10,Never-married,Other, Own-child,*,Female,0,0,30,North America,<=50K
14741,"[30, 40[", Private,205152,High School,9,Married-civ-spouse,Nontechnical, Husband,*,Male,3103,0,40,North America,>50K
14742,"[30, 40[", ?,163890,Undergraduate,10,Never-married,Other, Unmarried,*,Female,0,0,40,North America,<=50K
14743,"[10, 20[", Private,358631,High School,9,Never-married,Other, Not-in-family,*,Male,0,0,25,North America,<=50K
14744,"[50, 60[", Private,185354,Graduate,14,Divorced,Nontechnical, Not-in-family,*,Female,0,0,35,North America,<=50K
14745,"[30, 40[", Private,336061,High School,9,Married-civ-spouse,Nontechnical, Husband,*,Male,0,0,50,North America,<=50K
14746,"[20, 30[", ?,47011,Undergraduate,13,Never-married,Other, Own-child,*,Male,0,0,20,North America,<=50K
14747,"[40, 50[", Private,149949,High School,9,Divorced,Technical, Not-in-family,*,Male,0,1876,40,North America,<=50K
14748,"[30, 40[", Private,59496,Undergraduate,10,Married-civ-spouse,Other, Husband,*,Male,0,0,40,North America,<=50K
14749,"[20, 30[", Private,32950,Undergraduate,13,Never-married,Nontechnical, Not-in-family,*,Male,0,0,40,North America,<=50K
14750,"[40, 50[", Private,109912,Graduate,16,Married-civ-spouse,Nontechnical, Wife,*,Female,15024,0,32,North America,>50K
14751,"[20, 30[", Private,199555,Professional Education,11,Never-married,Nontechnical, Unmarried,*,Male,0,0,5,North America,<=50K
14752,"[20, 30[", Private,91299,Professional Education,11,Never-married,Other, Not-in-family,*,Female,0,0,45,North America,<=50K
14753,"[50, 60[", Private,99359,High School,9,Divorced,Other, Unmarried,*,Female,0,1617,40,North America,<=50K
14754,"[30, 40[", Private,242559,High School,9,Never-married,Other, Not-in-family,*,Female,0,0,38,North America,<=50K
14755,"[20, 30[", Private,286391,Undergraduate,10,Never-married,Other, Own-child,*,Female,2176,0,20,North America,<=50K
14757,"[50, 60[", Federal-gov,22428,Undergraduate,13,Married-civ-spouse,Other, Husband,*,Male,0,0,60,North America,>50K
14758,"[30, 40[", Private,239150,Undergraduate,10,Never-married,Technical, Not-in-family,*,Male,0,0,40,North America,<=50K
14760,"[30, 40[", Private,173542,Undergraduate,13,Married-civ-spouse,Technical, Husband,*,Male,0,0,40,North America,>50K
14761,"[30, 40[", Private,286026,Undergraduate,13,Married-civ-spouse,Other, Husband,*,Male,0,0,40,North America,>50K
14762,"[30, 40[", Private,72887,High School,9,Married-civ-spouse,Technical, Own-child,*,Male,3411,0,40,North America,<=50K
14763,"[40, 50[", Local-gov,163229,High School,9,Married-civ-spouse,Other, Husband,*,Male,0,0,56,North America,<=50K
14764,"[40, 50[", Local-gov,165726,Professional Education,11,Divorced,Nontechnical, Unmarried,*,Female,0,0,40,North America,<=50K
14765,"[40, 50[", Private,70055,High School,7,Married-civ-spouse,Other, Husband,*,Male,0,0,45,North America,<=50K
14766,"[30, 40[", Private,184655,Undergraduate,13,Never-married,Technical, Not-in-family,*,Male,0,0,40,North America,<=50K
14767,"[30, 40[", Private,139906,High School,9,Divorced,Other, Unmarried,*,Female,0,0,81,North America,<=50K
14769,"[20, 30[", Private,146540,High School,7,Never-married,Technical, Not-in-family,*,Male,0,0,50,North America,<=50K
14770,"[50, 60[", Local-gov,132304,Undergraduate,10,Divorced,Other, Not-in-family,*,Female,0,0,40,North America,<=50K
14771,"[20, 30[", Private,190916,High School,9,Never-married,Other, Not-in-family,*,Male,0,0,40,North America,<=50K
14772,"[10, 20[", Never-worked,237272,High School,6,Never-married,Other, Own-child,*,Male,0,0,30,North America,<=50K
14773,"[40, 50[", Private,755858,High School,9,Married-civ-spouse,Technical, Husband,*,Male,0,0,70,North America,>50K
14774,"[50, 60[", Private,127315,Graduate,14,Married-civ-spouse,Technical, Husband,*,Male,0,0,40,North America,>50K
14775,"[40, 50[", State-gov,304302,High School,9,Married-civ-spouse,Other, Husband,*,Male,0,0,40,North America,<=50K
14776,"[30, 40[", Private,184942,High School,7,Married-civ-spouse,Other, Husband,*,Male,0,0,50,North America,<=50K
14777,"[20, 30[", Private,267989,Undergraduate,10,Married-civ-spouse,Technical, Husband,*,Male,0,0,40,North America,<=50K
14778,"[30, 40[", Private,188377,High School,9,Never-married,Technical, Not-in-family,*,Male,0,0,40,North America,<=50K
14779,"[30, 40[", State-gov,221059,Graduate,14,Married-civ-spouse,Technical, Other-relative,*,Female,7688,0,38,North America,>50K
14780,"[20, 30[", Private,340787,High School,9,Married-civ-spouse,Technical, Husband,*,Male,0,0,40,North America,<=50K
14781,"[40, 50[", Private,140782,Graduate,14,Married-civ-spouse,Nontechnical, Wife,*,Female,0,1902,38,North America,>50K
14782,"[50, 60[", Private,169071,High School,9,Divorced,Nontechnical, Unmarried,*,Female,0,0,28,North America,<=50K
14784,"[20, 30[", Private,122922,Undergraduate,13,Never-married,Nontechnical, Not-in-family,*,Female,0,0,40,North America,<=50K
14785,"[10, 20[", Private,151141,High School,7,Never-married,Nontechnical, Own-child,*,Male,0,0,15,North America,<=50K
14786,"[30, 40[", Private,136651,Primary School,3,Married-civ-spouse,Technical, Husband,*,Male,0,0,40,North America,<=50K
14787,"[30, 40[", Private,177285,Professional Education,11,Married-civ-spouse,Other, Wife,*,Female,0,0,48,North America,>50K
14788,"[30, 40[", Local-gov,128016,Undergraduate,13,Never-married,Nontechnical, Own-child,*,Female,0,0,40,North America,<=50K
14789,"[20, 30[", Private,200318,Professional Education,12,Never-married,Other, Not-in-family,*,Female,0,0,20,North America,<=50K
14790,"[30, 40[", Private,250354,High School,6,Never-married,Technical, Other-relative,*,Male,0,0,45,North America,<=50K
14791,"[50, 60[", Private,191069,High School,9,Married-civ-spouse,Nontechnical, Husband,*,Male,0,0,40,North America,>50K
14792,"[30, 40[", Private,27856,High School,9,Never-married,Other, Unmarried,*,Female,0,0,8,North America,<=50K
14793,"[40, 50[", Private,523484,Undergraduate,13,Married-civ-spouse,Nontechnical, Husband,*,Male,0,0,40,North America,>50K
14794,"[30, 40[", Federal-gov,257175,Undergraduate,13,Divorced,Technical, Unmarried,*,Female,0,625,40,North America,<=50K
14795,"[50, 60[", Private,174864,High School,9,Married-civ-spouse,Technical, Husband,*,Male,0,1485,45,North America,>50K
14796,"[40, 50[", Private,196029,Undergraduate,13,Married-civ-spouse,Other, Husband,*,Male,0,0,48,North America,>50K
14797,"[40, 50[", Private,200471,High School,9,Married-civ-spouse,Other, Husband,*,Male,0,0,35,North America,<=50K
14798,"[20, 30[", Private,353195,High School,9,Never-married,Technical, Not-in-family,*,Male,0,0,35,North America,<=50K
14799,"[30, 40[", Private,222868,High School,9,Married-civ-spouse,Other, Husband,*,Male,0,0,40,North America,<=50K
14800,"[50, 60[", Private,221791,Professional Education,12,Married-civ-spouse,Technical, Husband,*,Male,0,0,40,North America,<=50K
14801,"[50, 60[", Private,197114,High School,9,Never-married,Nontechnical, Own-child,*,Male,0,0,28,North America,<=50K
14802,"[40, 50[", Private,160220,Professional Education,11,Married-civ-spouse,Nontechnical, Husband,*,Male,0,0,40,North America,>50K
14804,"[30, 40[", Private,348460,Professional Education,11,Married-civ-spouse,Technical, Husband,*,Male,0,0,50,North America,<=50K
14805,"[20, 30[", Private,112683,Undergraduate,10,Never-married,Nontechnical, Own-child,*,Female,0,0,12,North America,<=50K
14806,"[40, 50[", Private,345831,High School,9,Divorced,Technical, Not-in-family,*,Male,0,0,40,North America,<=50K
14807,"[30, 40[", Private,105370,High School,9,Divorced,Other, Not-in-family,*,Male,0,0,70,North America,<=50K
14808,"[40, 50[", Private,345006,Undergraduate,13,Never-married,Technical, Not-in-family,*,Female,0,0,45,North America,<=50K
14811,"[50, 60[", Private,138022,Undergraduate,10,Married-civ-spouse,Technical, Husband,*,Male,0,0,40,North America,<=50K
14812,"[50, 60[", Self-emp-not-inc,175029,High School,6,Married-civ-spouse,Technical, Husband,*,Male,0,0,35,North America,<=50K
14813,"[10, 20[", Private,189574,High School,9,Never-married,Other, Not-in-family,*,Female,0,0,30,North America,<=50K
14814,"[50, 60[", Self-emp-not-inc,141409,High School,6,Married-civ-spouse,Nontechnical, Husband,*,Male,7688,0,50,North America,>50K
14815,"[30, 40[", Self-emp-not-inc,186035,Professional Education,15,Married-civ-spouse,Nontechnical, Husband,*,Male,0,0,30,North America,>50K
14817,"[20, 30[", Private,105043,Undergraduate,10,Never-married,Other, Unmarried,*,Female,0,0,40,North America,<=50K
14818,"[40, 50[", Private,230684,Undergraduate,13,Married-civ-spouse,Nontechnical, Husband,*,Male,7688,0,50,North America,>50K
14819,"[30, 40[", Private,345705,High School,9,Divorced,Technical, Not-in-family,*,Male,0,1408,38,North America,<=50K
14820,"[30, 40[", Private,248584,Undergraduate,10,Married-civ-spouse,Other, Husband,*,Male,0,0,50,North America,<=50K
14821,"[50, 60[", Private,436861,Graduate,14,Divorced,Technical, Not-in-family,*,Female,14084,0,40,North America,>50K
14822,"[30, 40[", Private,200153,Graduate,14,Married-civ-spouse,Nontechnical, Husband,*,Male,0,0,45,North America,>50K
14823,"[50, 60[", Private,398625,High School,7,Widowed,Technical, Not-in-family,*,Female,0,0,40,North America,<=50K
14824,"[40, 50[", Private,114043,Undergraduate,10,Divorced,Other, Unmarried,*,Female,0,0,40,North America,<=50K
14825,"[20, 30[", Private,169544,Professional Education,11,Never-married,Technical, Not-in-family,*,Male,0,0,40,North America,<=50K
14826,"[50, 60[", Private,343849,Undergraduate,10,Married-civ-spouse,Other, Husband,*,Male,0,0,40,North America,<=50K
14827,"[30, 40[", Private,162572,Undergraduate,13,Married-civ-spouse,Technical, Husband,*,Male,99999,0,40,North America,>50K
14828,"[20, 30[", Private,291578,High School,9,Married-civ-spouse,Nontechnical, Husband,*,Male,0,0,50,North America,<=50K
14829,"[40, 50[", Private,136162,Professional Education,11,Divorced,Nontechnical, Unmarried,*,Female,0,0,40,North America,<=50K
14830,"[60, 70[", Self-emp-inc,376133,High School,9,Married-civ-spouse,Other, Wife,*,Female,15024,0,15,North America,>50K
14831,"[40, 50[", Self-emp-inc,302612,Graduate,14,Married-civ-spouse,Other, Husband,*,Male,0,0,40,North America,<=50K
14832,"[60, 70[", Local-gov,240166,High School,7,Married-civ-spouse,Other, Husband,*,Male,0,0,35,North America,<=50K
14833,"[20, 30[", Private,193152,High School,9,Never-married,Nontechnical, Not-in-family,*,Male,0,1408,40,North America,<=50K
14834,"[40, 50[", Private,248094,High School,9,Married-civ-spouse,Other, Husband,*,Male,0,1740,43,North America,<=50K
14835,"[40, 50[", Private,119281,Professional Education,15,Married-civ-spouse,Technical, Husband,*,Male,0,0,50,North America,>50K
14836,"[70, 80[", Self-emp-not-inc,300404,Undergraduate,10,Married-civ-spouse,Nontechnical, Husband,*,Male,0,0,6,North America,>50K
14837,"[20, 30[", Private,82847,Undergraduate,10,Never-married,Technical, Not-in-family,*,Female,0,0,50,North America,<=50K
14838,"[30, 40[", Self-emp-inc,161153,High School,9,Married-civ-spouse,Other, Husband,*,Male,0,1902,55,North America,>50K
14839,"[40, 50[", Federal-gov,287008,Graduate,14,Married-civ-spouse,Other, Husband,*,Male,0,0,35,North America,>50K
14840,"[20, 30[", Private,654141,High School,9,Never-married,Technical, Not-in-family,*,Male,0,0,32,North America,<=50K
14841,"[30, 40[", Private,252646,Undergraduate,10,Separated,Other, Not-in-family,*,Male,0,0,20,North America,<=50K
14842,"[50, 60[", Private,171924,Undergraduate,13,Married-civ-spouse,Technical, Husband,*,Male,0,0,48,North America,<=50K
14843,"[10, 20[", Private,219742,Undergraduate,10,Never-married,Other, Own-child,*,Female,0,0,15,North America,<=50K
14844,"[50, 60[", State-gov,153788,Undergraduate,10,Married-civ-spouse,Other, Wife,*,Female,0,0,37,North America,<=50K
14845,"[20, 30[", Private,60639,Undergraduate,10,Never-married,Nontechnical, Own-child,*,Female,0,0,28,North America,<=50K
14847,"[50, 60[", Private,165614,Graduate,14,Never-married,Technical, Not-in-family,*,Male,0,0,55,North America,>50K
14848,"[30, 40[", Private,159888,High School,9,Married-civ-spouse,Other, Husband,*,Male,0,0,40,North America,<=50K
14849,"[60, 70[", Private,110586,Undergraduate,10,Widowed,Other, Unmarried,*,Female,0,0,40,North America,<=50K
14850,"[20, 30[", Self-emp-not-inc,143062,High School,9,Never-married,Other, Own-child,*,Male,0,0,30,North America,<=50K
14851,"[10, 20[", Self-emp-inc,413557,High School,5,Never-married,Nontechnical, Own-child,*,Female,0,0,40,North America,<=50K
14852,"[20, 30[", Private,137658,Undergraduate,10,Never-married,Other, Not-in-family,*,Female,0,0,45,North America,<=50K
14853,"[30, 40[", Private,398931,High School,9,Divorced,Technical, Not-in-family,*,Male,0,0,40,North America,<=50K
14854,"[30, 40[", Private,311764,High School,6,Married-civ-spouse,Nontechnical, Wife,*,Female,0,0,35,North America,<=50K
14855,"[50, 60[", Private,98725,Graduate,16,Married-civ-spouse,Technical, Husband,*,Male,0,0,50,North America,>50K
14856,"[30, 40[", Private,140854,Undergraduate,13,Married-civ-spouse,Technical, Husband,*,Male,0,0,40,North America,>50K
14858,"[20, 30[", Federal-gov,352768,High School,9,Divorced,Other, Own-child,*,Female,0,0,40,North America,<=50K
14859,"[40, 50[", ?,27184,High School,9,Widowed,Other, Unmarried,*,Female,0,0,38,North America,<=50K
14861,"[60, 70[", Private,142494,Undergraduate,10,Married-civ-spouse,Nontechnical, Husband,*,Male,15024,0,40,North America,>50K
14862,"[20, 30[", Private,210313,High School,9,Married-civ-spouse,Nontechnical, Husband,*,Male,0,0,50,North America,<=50K
14863,"[30, 40[", Private,194538,Professional Education,11,Married-civ-spouse,Technical, Husband,*,Male,0,0,48,North America,>50K
14864,"[30, 40[", Self-emp-inc,26698,Undergraduate,10,Married-civ-spouse,Nontechnical, Husband,*,Male,0,1485,44,North America,>50K
14865,"[20, 30[", Private,211032,Undergraduate,10,Never-married,Other, Own-child,*,Male,0,0,40,North America,<=50K
14866,"[30, 40[", Self-emp-inc,107909,Undergraduate,13,Married-civ-spouse,Nontechnical, Husband,*,Male,0,0,40,North America,>50K
14867,"[20, 30[", Private,136077,High School,9,Married-civ-spouse,Nontechnical, Husband,*,Male,0,0,60,North America,>50K
14868,"[10, 20[", Private,184737,High School,9,Never-married,Other, Own-child,*,Female,0,1721,40,North America,<=50K
14869,"[20, 30[", Private,214689,Undergraduate,13,Never-married,Nontechnical, Other-relative,*,Male,0,0,25,North America,<=50K
14871,"[40, 50[", Self-emp-not-inc,93793,High School,9,Married-civ-spouse,Technical, Husband,*,Male,0,0,50,North America,>50K
14873,"[40, 50[", Private,284403,Professional Education,12,Married-civ-spouse,Nontechnical, Husband,*,Male,0,0,60,North America,<=50K
14874,"[20, 30[", Private,221977,Undergraduate,10,Married-civ-spouse,Other, Wife,*,Female,0,0,40,North America,>50K
14875,"[20, 30[", Federal-gov,339956,Undergraduate,10,Married-civ-spouse,Other, Husband,*,Male,0,0,40,North America,<=50K
14876,"[20, 30[", Private,161097,High School,9,Married-civ-spouse,Technical, Husband,*,Male,0,0,40,North America,>50K
14878,"[30, 40[", Private,234500,Undergraduate,13,Married-civ-spouse,Other, Wife,*,Female,0,0,40,North America,<=50K
14879,"[50, 60[", Local-gov,97005,High School,4,Married-civ-spouse,Other, Husband,*,Male,0,0,40,North America,<=50K
14880,"[10, 20[", Private,242615,Undergraduate,10,Never-married,Other, Own-child,*,Female,0,0,15,North America,<=50K
14881,"[30, 40[", Private,174938,Undergraduate,13,Divorced,Technical, Unmarried,*,Male,0,0,20,North America,<=50K
14882,"[30, 40[", Private,160120,Undergraduate,13,Married-civ-spouse,Other, Husband,*,Male,0,0,40,Asia,>50K
14883,"[40, 50[", Private,193775,Undergraduate,13,Divorced,Other, Own-child,*,Male,0,0,38,North America,>50K
14884,"[70, 80[", Self-emp-not-inc,59583,High School,4,Married-civ-spouse,Other, Husband,*,Male,0,0,25,North America,<=50K
14885,"[70, 80[", Private,157913,Undergraduate,13,Married-civ-spouse,Other, Husband,*,Male,0,0,17,North America,<=50K
14886,"[20, 30[", Private,308205,Undergraduate,10,Never-married,Nontechnical, Own-child,*,Male,0,0,40,North America,<=50K
14887,"[50, 60[", ?,158506,High School,7,Married-civ-spouse,Other, Husband,*,Male,0,0,16,North America,<=50K
14888,"[30, 40[", Private,201769,High School,7,Never-married,Other, Not-in-family,*,Male,13550,0,40,North America,>50K
14889,"[40, 50[", Private,330470,Undergraduate,10,Married-civ-spouse,Nontechnical, Husband,*,Male,0,0,30,North America,<=50K
14890,"[20, 30[", Private,184078,High School,9,Divorced,Other, Not-in-family,*,Female,0,0,40,North America,<=50K
14892,"[20, 30[", Private,330132,Undergraduate,13,Never-married,Nontechnical, Not-in-family,*,Female,0,0,60,North America,<=50K
14893,"[40, 50[", Private,274720,Primary School,3,Married-civ-spouse,Other, Husband,*,Male,0,0,40,North America,<=50K
14894,"[50, 60[", Private,129673,Undergraduate,13,Divorced,Nontechnical, Not-in-family,*,Female,0,0,50,North America,>50K
14896,"[10, 20[", Private,327127,High School,7,Never-married,Other, Own-child,*,Male,0,0,20,North America,<=50K
14897,"[40, 50[", Private,225892,Undergraduate,10,Married-civ-spouse,Technical, Husband,*,Male,0,0,48,North America,>50K
14898,"[30, 40[", Private,224886,High School,9,Married-civ-spouse,Other, Husband,*,Male,0,0,42,North America,<=50K
14899,"[30, 40[", Local-gov,27763,High School,9,Married-civ-spouse,Other, Husband,*,Male,0,0,40,North America,<=50K
14901,"[20, 30[", Private,107452,Undergraduate,10,Married-civ-spouse,Other, Husband,*,Male,0,0,40,North America,<=50K
14902,"[30, 40[", Private,23871,Professional Education,12,Divorced,Technical, Unmarried,*,Female,0,0,32,North America,<=50K
14903,"[70, 80[", Self-emp-inc,309272,High School,9,Married-civ-spouse,Nontechnical, Husband,*,Male,0,0,40,North America,>50K
14904,"[20, 30[", Private,469864,Undergraduate,13,Never-married,Technical, Not-in-family,*,Male,0,0,40,North America,<=50K
14905,"[50, 60[", Private,286230,High School,7,Divorced,Nontechnical, Own-child,*,Female,0,0,20,North America,<=50K
14906,"[50, 60[", State-gov,186308,Graduate,14,Married-civ-spouse,Technical, Husband,*,Male,0,0,50,North America,<=50K
14907,"[20, 30[", Private,113062,Undergraduate,13,Never-married,Technical, Own-child,*,Female,0,0,40,North America,<=50K
14911,"[60, 70[", ?,188903,High School,4,Married-civ-spouse,Other, Husband,*,Male,2414,0,40,North America,<=50K
14912,"[40, 50[", Private,183786,High School,9,Divorced,Other, Unmarried,*,Female,0,0,35,North America,<=50K
14914,"[30, 40[", Private,287737,Undergraduate,13,Never-married,Nontechnical, Not-in-family,*,Female,0,0,40,North America,<=50K
14915,"[40, 50[", Self-emp-not-inc,99203,Professional Education,11,Married-civ-spouse,Technical, Husband,*,Male,0,0,40,North America,<=50K
14916,"[30, 40[", Private,297449,Undergraduate,13,Married-civ-spouse,Other, Husband,*,Male,7298,0,50,North America,>50K
14917,"[30, 40[", Private,113481,Graduate,16,Married-civ-spouse,Technical, Husband,*,Male,0,0,60,North America,<=50K
14918,"[60, 70[", Private,204042,High School,9,Divorced,Other, Not-in-family,*,Male,0,0,20,North America,<=50K
14920,"[30, 40[", Private,99233,High School,9,Married-civ-spouse,Other, Husband,*,Male,0,0,40,North America,<=50K
14921,"[30, 40[", Self-emp-not-inc,313729,Undergraduate,10,Married-civ-spouse,Other, Husband,*,Male,0,0,50,North America,<=50K
14922,"[40, 50[", Private,99679,High School,9,Married-civ-spouse,Other, Husband,*,Male,0,0,60,North America,>50K
14923,"[10, 20[", Private,169745,High School,4,Never-married,Other, Own-child,*,Female,0,0,40,North America,<=50K
14924,"[40, 50[", Federal-gov,19914,Undergraduate,10,Widowed,Nontechnical, Unmarried,*,Female,0,0,15,North America,<=50K
14925,"[30, 40[", Private,113543,Undergraduate,10,Married-civ-spouse,Other, Husband,*,Male,0,0,40,North America,>50K
14926,"[10, 20[", Private,224241,Undergraduate,10,Never-married,Nontechnical, Own-child,*,Female,0,0,20,North America,<=50K
14927,"[40, 50[", Self-emp-inc,137367,Undergraduate,10,Married-civ-spouse,Nontechnical, Husband,*,Male,0,0,50,Asia,<=50K
14928,"[30, 40[", Private,263908,Undergraduate,13,Married-civ-spouse,Technical, Husband,*,Male,0,0,40,North America,<=50K
14929,"[40, 50[", Private,280798,Undergraduate,10,Married-civ-spouse,Nontechnical, Husband,*,Male,0,0,40,North America,>50K
14930,"[30, 40[", Local-gov,203849,Undergraduate,10,Married-civ-spouse,Other, Husband,*,Male,0,0,40,North America,<=50K
14932,"[40, 50[", Private,197344,Undergraduate,13,Married-civ-spouse,Nontechnical, Husband,*,Male,0,0,65,North America,>50K
14933,"[30, 40[", Private,93225,Undergraduate,13,Never-married,Technical, Not-in-family,*,Male,0,0,35,North America,<=50K
14934,"[30, 40[", Private,187560,Professional Education,11,Married-civ-spouse,Nontechnical, Husband,*,Male,0,0,36,North America,<=50K
14935,"[20, 30[", State-gov,61743,Primary School,3,Never-married,Other, Not-in-family,*,Male,0,0,35,North America,<=50K
14936,"[20, 30[", Private,186648,High School,6,Separated,Technical, Own-child,*,Male,0,0,40,North America,<=50K
14937,"[40, 50[", Private,173321,High School,9,Married-civ-spouse,Other, Wife,*,Female,0,0,32,North America,<=50K
14938,"[50, 60[", State-gov,246820,Graduate,16,Married-civ-spouse,Technical, Husband,*,Male,0,0,50,North America,>50K
14939,"[20, 30[", ?,424034,Undergraduate,10,Never-married,Other, Own-child,*,Male,0,0,15,North America,<=50K
14940,"[50, 60[", Self-emp-not-inc,291755,Undergraduate,10,Married-civ-spouse,Other, Husband,*,Male,0,0,72,North America,<=50K
14941,"[50, 60[", Private,104945,High School,5,Married-civ-spouse,Nontechnical, Husband,*,Male,0,0,60,North America,<=50K
14942,"[50, 60[", Private,85423,High School,9,Married-civ-spouse,Nontechnical, Husband,*,Male,0,0,55,North America,>50K
14943,"[30, 40[", Private,214235,High School,9,Married-civ-spouse,Other, Husband,*,Male,0,0,65,North America,<=50K
14944,"[30, 40[", Self-emp-not-inc,278632,High School,9,Married-civ-spouse,Technical, Husband,*,Male,0,0,40,North America,<=50K
14945,"[20, 30[", ?,27415,High School,7,Never-married,Other, Own-child,*,Male,0,0,40,North America,<=50K
14946,"[30, 40[", Local-gov,143392,Undergraduate,10,Divorced,Other, Not-in-family,*,Female,0,0,35,North America,<=50K
14947,"[20, 30[", Private,277408,Undergraduate,10,Never-married,Other, Unmarried,*,Female,0,0,35,North America,<=50K
14948,"[30, 40[", Self-emp-not-inc,336793,Graduate,14,Married-civ-spouse,Technical, Husband,*,Male,0,0,55,North America,>50K
14949,"[30, 40[", Private,184112,Professional Education,15,Married-civ-spouse,Technical, Wife,*,Female,15024,0,45,North America,>50K
14950,"[50, 60[", Private,74660,High School,6,Married-civ-spouse,Technical, Husband,*,Male,0,0,40,North America,>50K
14951,"[10, 20[", Private,395026,High School,7,Never-married,Other, Own-child,*,Male,0,0,12,North America,<=50K
14952,"[30, 40[", Private,171215,Undergraduate,10,Divorced,Other, Not-in-family,*,Male,0,0,48,North America,<=50K
14953,"[50, 60[", Private,121362,Undergraduate,13,Divorced,Other, Not-in-family,*,Female,0,0,32,North America,<=50K
14954,"[30, 40[", Private,409200,Professional Education,12,Never-married,Other, Not-in-family,*,Male,0,0,40,North America,<=50K
14955,"[60, 70[", Private,268965,High School,8,Widowed,Nontechnical, Unmarried,*,Female,0,0,40,North America,<=50K
14956,"[60, 70[", Private,136262,High School,9,Married-civ-spouse,Nontechnical, Husband,*,Male,0,0,50,North America,>50K
14957,"[20, 30[", Private,141323,Undergraduate,10,Never-married,Other, Own-child,*,Male,0,0,40,North America,<=50K
14958,"[50, 60[", Local-gov,108083,Graduate,14,Married-civ-spouse,Technical, Husband,*,Male,0,0,50,North America,>50K
14959,"[10, 20[", Private,82210,High School,9,Never-married,Nontechnical, Not-in-family,*,Male,0,0,50,North America,<=50K
14960,"[30, 40[", State-gov,400943,Graduate,14,Married-civ-spouse,Technical, Husband,*,Male,0,0,50,North America,>50K
14961,"[30, 40[", Private,308489,Undergraduate,13,Married-civ-spouse,Nontechnical, Husband,*,Male,0,0,50,North America,<=50K
14962,"[30, 40[", Private,187053,High School,9,Divorced,Other, Not-in-family,*,Female,0,0,60,North America,>50K
14963,"[30, 40[", Private,75826,Professional Education,15,Married-civ-spouse,Technical, Wife,*,Female,0,0,40,North America,<=50K
14964,"[20, 30[", Private,413345,Undergraduate,13,Never-married,Other, Not-in-family,*,Female,0,0,60,North America,<=50K
14966,"[20, 30[", Private,223811,High School,9,Never-married,Nontechnical, Not-in-family,*,Male,0,0,40,North America,<=50K
14967,"[10, 20[", Private,159313,High School,9,Never-married,Nontechnical, Not-in-family,*,Male,0,0,40,North America,<=50K
14968,"[40, 50[", Private,250170,High School,9,Married-civ-spouse,Technical, Husband,*,Male,0,0,40,North America,>50K
14969,"[50, 60[", Private,135617,High School,7,Married-civ-spouse,Technical, Husband,*,Male,0,0,40,North America,<=50K
14970,"[30, 40[", Private,187346,High School,9,Never-married,Nontechnical, Own-child,*,Female,0,0,40,North America,<=50K
14971,"[30, 40[", Private,108103,High School,9,Married-civ-spouse,Other, Husband,*,Male,0,0,50,North America,<=50K
14972,"[20, 30[", Private,255476,Primary School,3,Never-married,Other, Other-relative,*,Male,0,0,40,North America,<=50K
14973,"[20, 30[", Private,68577,Professional Education,11,Married-civ-spouse,Other, Husband,*,Male,0,0,40,North America,<=50K
14974,"[30, 40[", Private,155961,High School,9,Never-married,Other, Own-child,*,Female,0,0,35,North America,<=50K
14975,"[20, 30[", State-gov,264102,Undergraduate,10,Never-married,Other, Other-relative,*,Male,0,0,39,North America,<=50K
14976,"[30, 40[", Private,167777,High School,9,Married-civ-spouse,Other, Husband,*,Male,0,0,52,North America,<=50K
14977,"[30, 40[", Private,225399,High School,9,Married-civ-spouse,Technical, Husband,*,Male,7298,0,40,North America,>50K
14978,"[20, 30[", Private,199998,High School,9,Separated,Other, Not-in-family,*,Female,0,0,25,North America,<=50K
14979,"[50, 60[", Private,199856,High School,9,Married-civ-spouse,Nontechnical, Wife,*,Female,0,0,50,North America,<=50K
14981,"[30, 40[", Private,193042,Undergraduate,13,Married-civ-spouse,Nontechnical, Husband,*,Male,0,0,44,North America,<=50K
14982,"[60, 70[", ?,222810,Undergraduate,10,Divorced,Other, Other-relative,*,Female,0,0,35,North America,<=50K
14984,"[20, 30[", Private,208826,Undergraduate,13,Never-married,Other, Not-in-family,*,Female,0,0,40,North America,<=50K
14985,"[50, 60[", Local-gov,120190,Graduate,14,Divorced,Technical, Not-in-family,*,Female,0,0,45,North America,<=50K
14986,"[40, 50[", Self-emp-not-inc,27242,High School,9,Married-civ-spouse,Other, Husband,*,Male,0,0,84,North America,<=50K
14988,"[30, 40[", Private,185041,High School,9,Never-married,Technical, Not-in-family,*,Female,0,1669,45,North America,<=50K
14989,"[20, 30[", Private,309196,Undergraduate,13,Never-married,Other, Not-in-family,*,Female,0,0,40,North America,<=50K
14991,"[30, 40[", Self-emp-inc,336226,High School,9,Married-civ-spouse,Nontechnical, Husband,*,Male,3103,0,60,North America,>50K
14992,"[40, 50[", Private,240698,Undergraduate,13,Married-civ-spouse,Other, Husband,*,Male,0,0,40,North America,>50K
14993,"[30, 40[", Private,411797,Undergraduate,13,Never-married,Technical, Own-child,*,Female,0,0,35,North America,>50K
14994,"[20, 30[", Private,178843,Undergraduate,13,Never-married,Technical, Own-child,*,Female,0,0,15,North America,<=50K
14995,"[40, 50[", Private,136177,Undergraduate,10,Divorced,Other, Unmarried,*,Female,0,0,38,North America,<=50K
14997,"[40, 50[", Private,258049,Graduate,14,Married-civ-spouse,Nontechnical, Husband,*,Male,7688,0,53,North America,>50K
14998,"[30, 40[", Private,164748,High School,9,Married-civ-spouse,Technical, Husband,*,Male,0,0,40,North America,<=50K
14999,"[50, 60[", State-gov,24185,Undergraduate,13,Married-civ-spouse,Nontechnical, Husband,*,Male,0,0,38,North America,>50K
15000,"[30, 40[", Private,167476,Undergraduate,10,Married-civ-spouse,Other, Husband,*,Male,0,0,60,North America,<=50K
15001,"[40, 50[", Private,106900,Graduate,14,Married-civ-spouse,Technical, Husband,*,Male,0,0,44,North America,>50K
15002,"[50, 60[", Private,53497,Professional Education,11,Married-civ-spouse,Technical, Husband,*,Male,0,0,40,North America,<=50K
15003,"[30, 40[", Private,335704,Professional Education,12,Married-civ-spouse,Nontechnical, Husband,*,Male,0,0,60,North America,<=50K
15004,"[30, 40[", Private,211022,Professional Education,11,Divorced,Technical, Not-in-family,*,Male,0,0,40,North America,>50K
15006,"[30, 40[", Self-emp-inc,77146,Undergraduate,13,Married-civ-spouse,Nontechnical, Husband,*,Male,15024,0,45,North America,>50K
15007,"[30, 40[", Private,67433,Undergraduate,13,Never-married,Nontechnical, Not-in-family,*,Female,0,0,40,North America,<=50K
15008,"[20, 30[", Private,458549,Primary School,2,Married-civ-spouse,Other, Husband,*,Male,0,0,96,North America,<=50K
15009,"[20, 30[", Private,190469,Undergraduate,13,Never-married,Technical, Not-in-family,*,Male,0,0,40,North America,<=50K
15010,"[20, 30[", Private,195411,High School,9,Never-married,Nontechnical, Own-child,*,Female,0,0,20,North America,<=50K
15011,"[20, 30[", Private,216889,Undergraduate,10,Never-married,Other, Own-child,*,Male,0,0,40,North America,<=50K
15012,"[70, 80[", ?,336007,Primary School,3,Married-civ-spouse,Other, Husband,*,Male,0,0,20,North America,<=50K
15013,"[20, 30[", Private,167350,High School,9,Never-married,Other, Own-child,*,Male,0,0,50,North America,<=50K
15014,"[20, 30[", Private,241857,Undergraduate,10,Never-married,Other, Not-in-family,*,Female,0,0,35,North America,<=50K
15015,"[40, 50[", Private,125892,Undergraduate,13,Married-civ-spouse,Technical, Husband,*,Male,0,0,40,North America,>50K
15016,"[60, 70[", Private,272209,High School,9,Divorced,Other, Unmarried,*,Female,0,0,99,North America,<=50K
15017,"[40, 50[", Private,175221,High School,9,Married-civ-spouse,Technical, Husband,*,Male,0,0,40,North America,<=50K
15018,"[50, 60[", Private,180195,Undergraduate,13,Married-civ-spouse,Nontechnical, Husband,*,Male,0,0,40,North America,>50K
15019,"[20, 30[", Private,38090,Undergraduate,13,Never-married,Nontechnical, Not-in-family,*,Male,0,0,44,North America,<=50K
15020,"[50, 60[", Private,310085,Primary School,3,Married-civ-spouse,Technical, Husband,*,Male,0,0,40,North America,<=50K
15021,"[40, 50[", Federal-gov,118686,Undergraduate,13,Never-married,Technical, Not-in-family,*,Female,0,0,45,North America,<=50K
15022,"[20, 30[", ?,112963,Undergraduate,10,Married-civ-spouse,Other, Wife,*,Female,0,0,40,North America,<=50K
15024,"[10, 20[", Private,43937,Undergraduate,10,Never-married,Other, Other-relative,*,Female,0,0,20,North America,<=50K
15025,"[30, 40[", Private,210438,High School,7,Never-married,Nontechnical, Not-in-family,*,Male,0,0,40,North America,<=50K
15026,"[20, 30[", Private,176724,High School,7,Married-civ-spouse,Technical, Husband,*,Male,0,0,40,North America,<=50K
15027,"[30, 40[", Self-emp-not-inc,113364,High School,9,Divorced,Technical, Not-in-family,*,Male,0,0,60,North America,<=50K
15028,"[60, 70[", Self-emp-not-inc,73986,High School,4,Married-civ-spouse,Technical, Husband,*,Male,0,0,20,North America,<=50K
15029,"[20, 30[", Local-gov,197932,Undergraduate,10,Never-married,Other, Own-child,*,Female,0,0,16,North America,<=50K
15030,"[30, 40[", Private,193285,High School,9,Never-married,Technical, Own-child,*,Male,0,0,40,North America,<=50K
15031,"[40, 50[", Local-gov,223342,Undergraduate,10,Divorced,Other, Not-in-family,*,Female,0,0,44,North America,<=50K
15032,"[30, 40[", Private,49749,Undergraduate,10,Divorced,Other, Not-in-family,*,Female,0,0,40,North America,>50K
15033,"[10, 20[", ?,211553,Undergraduate,10,Never-married,Other, Own-child,*,Female,0,0,35,North America,<=50K
15034,"[40, 50[", Private,201865,Graduate,16,Married-civ-spouse,Nontechnical, Husband,*,Male,0,0,45,North America,>50K
15035,"[30, 40[", Private,322143,High School,8,Married-civ-spouse,Other, Husband,*,Male,15024,0,70,North America,>50K
15038,"[10, 20[", Private,206599,Undergraduate,10,Never-married,Other, Own-child,*,Female,0,0,16,North America,<=50K
15040,"[20, 30[", State-gov,156848,High School,9,Married-civ-spouse,Other, Own-child,*,Male,0,0,35,North America,<=50K
15041,"[30, 40[", Private,162494,Undergraduate,13,Never-married,Other, Not-in-family,*,Female,0,0,40,North America,<=50K
15042,"[30, 40[", Private,205407,High School,9,Never-married,Other, Unmarried,*,Male,0,0,40,North America,<=50K
15044,"[30, 40[", Federal-gov,930948,Undergraduate,10,Separated,Other, Unmarried,*,Female,6497,0,56,North America,<=50K
15045,"[30, 40[", Private,127895,Undergraduate,10,Never-married,Nontechnical, Unmarried,*,Female,0,0,35,North America,<=50K
15046,"[30, 40[", Private,248754,High School,7,Never-married,Technical, Not-in-family,*,Male,0,0,40,North America,<=50K
15047,"[30, 40[", Private,188096,High School,9,Never-married,Other, Not-in-family,*,Female,0,0,36,North America,<=50K
15048,"[20, 30[", Private,216811,Undergraduate,10,Never-married,Nontechnical, Own-child,*,Female,0,0,40,North America,<=50K
15050,"[30, 40[", Federal-gov,343052,High School,9,Married-civ-spouse,Other, Wife,*,Female,0,0,40,North America,<=50K
15051,"[30, 40[", Private,280966,Undergraduate,10,Married-civ-spouse,Nontechnical, Husband,*,Male,0,0,40,North America,<=50K
15052,"[30, 40[", Private,42044,High School,9,Divorced,Nontechnical, Not-in-family,*,Male,0,0,35,North America,<=50K
15053,"[30, 40[", Private,309513,High School,9,Married-civ-spouse,Technical, Husband,*,Male,0,0,50,North America,<=50K
15054,"[30, 40[", Private,163604,Graduate,14,Never-married,Technical, Not-in-family,*,Female,0,0,20,North America,<=50K
15055,"[50, 60[", Private,224198,High School,9,Divorced,Nontechnical, Not-in-family,*,Female,0,0,48,North America,<=50K
15056,"[50, 60[", Private,338283,Undergraduate,10,Married-civ-spouse,Technical, Husband,*,Male,0,0,40,North America,>50K
15057,"[20, 30[", Private,242375,High School,9,Never-married,Other, Not-in-family,*,Female,0,0,30,North America,<=50K
15058,"[20, 30[", Private,81286,High School,9,Married-civ-spouse,Technical, Husband,*,Male,0,0,45,North America,<=50K
15059,"[20, 30[", Private,243368,Primary School,1,Never-married,Other, Not-in-family,*,Male,0,0,50,North America,<=50K
15060,"[30, 40[", Private,217803,High School,9,Divorced,Nontechnical, Not-in-family,*,Female,0,0,32,North America,<=50K
15061,"[30, 40[", Self-emp-not-inc,323020,Undergraduate,10,Married-civ-spouse,Other, Wife,*,Female,0,0,30,North America,<=50K
15063,"[40, 50[", Private,184579,Undergraduate,10,Married-civ-spouse,Technical, Husband,*,Male,0,0,60,North America,<=50K
15064,"[20, 30[", ?,210781,Undergraduate,10,Never-married,Other, Own-child,*,Female,0,0,10,North America,<=50K
15065,"[20, 30[", Private,142673,Undergraduate,10,Never-married,Other, Not-in-family,*,Female,0,0,45,North America,<=50K
15066,"[20, 30[", Private,131714,High School,6,Divorced,Technical, Not-in-family,*,Female,0,0,25,North America,<=50K
15067,"[50, 60[", Local-gov,74784,Undergraduate,10,Widowed,Other, Not-in-family,*,Female,0,0,40,North America,<=50K
15068,"[30, 40[", Local-gov,181372,Undergraduate,13,Married-civ-spouse,Technical, Wife,*,Female,0,0,33,North America,>50K
15069,"[20, 30[", ?,62507,Undergraduate,10,Never-married,Other, Not-in-family,*,Female,0,0,12,North America,<=50K
15070,"[40, 50[", Private,155664,Undergraduate,13,Married-civ-spouse,Other, Husband,*,Male,0,0,35,North America,>50K
15071,"[30, 40[", Private,174924,High School,9,Separated,Nontechnical, Not-in-family,*,Male,14344,0,40,North America,>50K
15072,"[60, 70[", Private,113440,Undergraduate,13,Married-civ-spouse,Nontechnical, Husband,*,Male,0,0,35,North America,<=50K
15073,"[20, 30[", Private,147227,Undergraduate,13,Never-married,Other, Not-in-family,*,Male,0,0,30,North America,<=50K
15074,"[40, 50[", Federal-gov,207022,Undergraduate,13,Married-civ-spouse,Nontechnical, Husband,*,Male,7688,0,40,North America,>50K
15075,"[50, 60[", Local-gov,123011,Graduate,14,Married-civ-spouse,Technical, Husband,*,Male,0,1977,35,North America,>50K
15076,"[20, 30[", Private,184678,High School,9,Never-married,Nontechnical, Not-in-family,*,Female,0,0,32,North America,<=50K
15077,"[40, 50[", Self-emp-inc,182437,Professional Education,12,Married-civ-spouse,Nontechnical, Husband,*,Male,15024,0,50,North America,>50K
15078,"[30, 40[", Private,98639,Undergraduate,13,Never-married,Technical, Not-in-family,*,Male,0,0,40,North America,<=50K
15079,"[30, 40[", Private,174201,Undergraduate,10,Never-married,Technical, Own-child,*,Male,0,0,40,North America,<=50K
15080,"[50, 60[", Private,123780,High School,9,Married-civ-spouse,Other, Wife,*,Female,0,0,38,North America,<=50K
15081,"[20, 30[", Private,374116,High School,9,Never-married,Technical, Other-relative,*,Female,0,0,40,North America,<=50K
15082,"[30, 40[", Local-gov,212005,Professional Education,11,Married-civ-spouse,Nontechnical, Husband,*,Male,0,0,40,North America,>50K
15083,"[60, 70[", Private,123965,Undergraduate,13,Widowed,Other, Not-in-family,*,Female,0,0,40,North America,<=50K
15084,"[40, 50[", Private,242619,Undergraduate,13,Never-married,Technical, Not-in-family,*,Male,4650,0,40,North America,<=50K
15085,"[60, 70[", Local-gov,138502,Undergraduate,13,Married-civ-spouse,Other, Husband,*,Male,7298,0,48,North America,>50K
15087,"[60, 70[", Private,664366,Undergraduate,13,Married-civ-spouse,Nontechnical, Husband,*,Male,0,0,60,North America,>50K
15088,"[50, 60[", Private,218311,High School,9,Divorced,Nontechnical, Not-in-family,*,Female,0,0,35,North America,<=50K
15089,"[30, 40[", Private,278557,Undergraduate,13,Married-civ-spouse,Nontechnical, Husband,*,Male,0,0,50,North America,>50K
15090,"[40, 50[", Private,314773,Professional Education,11,Married-civ-spouse,Technical, Husband,*,Male,0,0,40,North America,<=50K
15091,"[20, 30[", Private,194861,High School,9,Never-married,Technical, Own-child,*,Male,0,0,40,North America,<=50K
15092,"[10, 20[", Private,400616,Undergraduate,10,Never-married,Other, Own-child,*,Male,0,0,40,North America,<=50K
15093,"[20, 30[", Private,208117,Undergraduate,13,Never-married,Technical, Other-relative,*,Male,0,0,40,North America,<=50K
15094,"[30, 40[", Private,184498,High School,7,Married-civ-spouse,Technical, Husband,*,Male,0,0,40,North America,<=50K
15095,"[50, 60[", Private,117674,High School,9,Married-civ-spouse,Nontechnical, Husband,*,Male,0,0,55,North America,>50K
15096,"[10, 20[", Private,162621,Undergraduate,10,Never-married,Technical, Own-child,*,Male,0,0,14,North America,<=50K
15097,"[20, 30[", Private,368739,Undergraduate,13,Never-married,Other, Not-in-family,*,Female,0,0,40,North America,<=50K
15098,"[60, 70[", Self-emp-not-inc,196994,Undergraduate,13,Married-civ-spouse,Nontechnical, Husband,*,Male,0,0,15,North America,<=50K
15099,"[60, 70[", Self-emp-not-inc,420629,Professional Education,11,Married-civ-spouse,Other, Husband,*,Male,0,0,45,North America,<=50K
15100,"[60, 70[", Self-emp-inc,245491,Undergraduate,13,Divorced,Nontechnical, Not-in-family,*,Male,99999,0,40,North America,>50K
15101,"[50, 60[", Self-emp-not-inc,276456,Professional Education,12,Married-civ-spouse,Nontechnical, Husband,*,Male,3103,0,30,North America,>50K
15102,"[70, 80[", Local-gov,169133,Undergraduate,10,Widowed,Other, Not-in-family,*,Female,0,0,30,North America,<=50K
15103,"[50, 60[", Private,99307,High School,9,Married-civ-spouse,Technical, Husband,*,Male,5013,0,45,North America,<=50K
15104,"[40, 50[", Self-emp-inc,120131,High School,9,Married-civ-spouse,Technical, Husband,*,Male,0,0,50,North America,>50K
15105,"[40, 50[", Self-emp-inc,456236,Undergraduate,10,Divorced,Nontechnical, Own-child,*,Male,0,0,45,North America,>50K
15106,"[50, 60[", Private,107123,High School,4,Married-civ-spouse,Other, Husband,*,Male,0,0,40,North America,<=50K
15107,"[40, 50[", Local-gov,125461,Undergraduate,13,Never-married,Nontechnical, Own-child,*,Male,4650,0,35,North America,<=50K
15108,"[40, 50[", Local-gov,36924,Graduate,14,Married-civ-spouse,Technical, Husband,*,Male,0,0,40,North America,>50K
15109,"[50, 60[", Private,167065,High School,7,Married-civ-spouse,Technical, Husband,*,Male,0,0,40,North America,<=50K
15110,"[20, 30[", Private,53642,Professional Education,11,Married-civ-spouse,Other, Husband,*,Male,0,0,40,North America,<=50K
15111,"[40, 50[", Private,154668,Undergraduate,10,Married-civ-spouse,Technical, Husband,*,Male,0,0,40,North America,<=50K
15112,"[40, 50[", Federal-gov,102238,High School,9,Divorced,Technical, Unmarried,*,Male,0,0,40,North America,<=50K
15113,"[30, 40[", Private,54595,High School,6,Widowed,Other, Not-in-family,*,Female,0,1980,40,North America,<=50K
15114,"[20, 30[", Private,152951,High School,9,Married-civ-spouse,Technical, Husband,*,Male,0,0,40,North America,<=50K
15115,"[30, 40[", Private,257042,Undergraduate,10,Married-civ-spouse,Technical, Husband,*,Male,0,0,50,North America,<=50K
15117,"[40, 50[", Private,149049,Undergraduate,10,Divorced,Nontechnical, Not-in-family,*,Male,14344,0,45,North America,>50K
15118,"[30, 40[", Private,117186,Undergraduate,13,Married-civ-spouse,Nontechnical, Husband,*,Male,0,0,45,North America,<=50K
15119,"[30, 40[", Private,178322,Undergraduate,13,Married-civ-spouse,Nontechnical, Husband,*,Male,0,0,40,North America,>50K
15120,"[30, 40[", State-gov,286911,Undergraduate,10,Married-civ-spouse,Other, Husband,*,Male,0,0,38,North America,<=50K
15121,"[50, 60[", Private,203635,High School,9,Married-civ-spouse,Other, Husband,*,Male,7298,0,60,North America,>50K
15122,"[50, 60[", Self-emp-not-inc,177271,Graduate,16,Married-civ-spouse,Technical, Husband,*,Male,0,0,35,North America,<=50K
15123,"[30, 40[", Private,149427,High School,5,Never-married,Technical, Own-child,*,Male,0,0,45,North America,<=50K
15125,"[40, 50[", Private,274363,Undergraduate,10,Married-civ-spouse,Technical, Husband,*,Male,7298,0,42,North America,>50K
15126,"[20, 30[", Private,241025,Undergraduate,13,Never-married,Other, Own-child,*,Male,0,0,18,North America,<=50K
15127,"[50, 60[", Self-emp-inc,338836,Undergraduate,10,Married-civ-spouse,Nontechnical, Husband,*,Male,0,0,40,North America,>50K
15129,"[20, 30[", Private,95725,Professional Education,11,Never-married,Nontechnical, Not-in-family,*,Male,0,0,45,North America,<=50K
15130,"[40, 50[", ?,178013,High School,6,Married-civ-spouse,Other, Wife,*,Female,0,0,20,North America,<=50K
15131,"[50, 60[", Federal-gov,167410,Undergraduate,13,Divorced,Technical, Not-in-family,*,Male,0,0,40,North America,<=50K
15132,"[30, 40[", Private,158162,Undergraduate,13,Never-married,Nontechnical, Not-in-family,*,Female,13550,0,50,North America,>50K
15133,"[40, 50[", Private,241935,High School,7,Married-civ-spouse,Other, Husband,*,Male,7688,0,40,North America,>50K
15134,"[20, 30[", Federal-gov,406955,High School,9,Never-married,Other, Other-relative,*,Female,0,0,40,North America,<=50K
15135,"[40, 50[", Private,341762,High School,9,Married-civ-spouse,Technical, Husband,*,Male,0,0,40,North America,<=50K
15137,"[30, 40[", Private,38848,High School,9,Married-civ-spouse,Other, Husband,*,Male,0,0,40,North America,<=50K
15138,"[40, 50[", Private,54744,High School,9,Married-civ-spouse,Technical, Husband,*,Male,0,0,40,North America,<=50K
15139,"[20, 30[", Private,332194,Undergraduate,10,Never-married,Other, Own-child,*,Male,0,0,40,North America,<=50K
15140,"[30, 40[", Self-emp-not-inc,154950,Undergraduate,10,Married-civ-spouse,Technical, Husband,*,Male,0,0,30,North America,<=50K
15141,"[30, 40[", Self-emp-not-inc,196342,Graduate,16,Never-married,Technical, Not-in-family,*,Male,0,0,45,North America,>50K
15142,"[30, 40[", Private,201292,High School,9,Married-civ-spouse,Other, Husband,*,Male,0,0,40,North America,<=50K
15144,"[20, 30[", Private,250066,Professional Education,11,Never-married,Other, Not-in-family,*,Female,0,0,40,North America,<=50K
15145,"[30, 40[", Private,318886,High School,9,Married-civ-spouse,Other, Husband,*,Male,0,0,40,North America,<=50K
15146,"[50, 60[", Local-gov,124076,Undergraduate,13,Married-civ-spouse,Technical, Wife,*,Female,0,0,40,North America,>50K
15147,"[30, 40[", State-gov,242122,High School,9,Separated,Other, Unmarried,*,Female,0,0,40,North America,<=50K
15148,"[10, 20[", Private,34019,High School,7,Never-married,Other, Own-child,*,Male,0,0,20,North America,<=50K
15149,"[30, 40[", Local-gov,230754,Graduate,14,Never-married,Technical, Own-child,*,Female,0,0,40,North America,<=50K
15150,"[20, 30[", Private,213842,Undergraduate,10,Married-civ-spouse,Technical, Husband,*,Male,0,0,40,North America,<=50K
15151,"[20, 30[", Federal-gov,196386,Professional Education,12,Married-civ-spouse,Other, Husband,*,Male,4064,0,40,North America,<=50K
15152,"[30, 40[", Self-emp-not-inc,62165,Undergraduate,13,Married-civ-spouse,Nontechnical, Husband,*,Male,0,0,40,Unknown,<=50K
15153,"[30, 40[", Private,134737,Undergraduate,13,Never-married,Nontechnical, Own-child,*,Male,0,0,40,North America,>50K
15154,"[30, 40[", Private,515629,High School,9,Separated,Nontechnical, Not-in-family,*,Female,0,0,40,North America,<=50K
15155,"[40, 50[", Federal-gov,119199,Undergraduate,10,Divorced,Other, Unmarried,*,Female,0,0,40,North America,<=50K
15156,"[40, 50[", Private,90222,Undergraduate,10,Never-married,Nontechnical, Not-in-family,*,Female,0,0,40,North America,<=50K
15157,"[20, 30[", Private,28443,Professional Education,11,Never-married,Other, Not-in-family,*,Female,0,0,40,North America,<=50K
15159,"[50, 60[", Private,315804,High School,9,Divorced,Technical, Not-in-family,*,Male,0,0,40,North America,<=50K
15160,"[50, 60[", Private,135840,Undergraduate,13,Married-civ-spouse,Technical, Husband,*,Male,0,0,55,North America,>50K
15161,"[30, 40[", Private,81232,Undergraduate,13,Married-civ-spouse,Nontechnical, Husband,*,Male,0,0,40,Unknown,>50K
15162,"[40, 50[", Private,118001,High School,4,Separated,Other, Not-in-family,*,Male,0,0,40,North America,<=50K
15163,"[20, 30[", Private,207875,Undergraduate,10,Never-married,Other, Own-child,*,Male,0,0,20,North America,<=50K
15164,"[30, 40[", Private,164898,High School,9,Married-civ-spouse,Technical, Husband,*,Male,0,0,40,North America,<=50K
15165,"[50, 60[", Local-gov,170066,High School,9,Married-civ-spouse,Other, Husband,*,Male,0,0,25,North America,>50K
15166,"[40, 50[", Private,111994,High School,9,Married-civ-spouse,Other, Husband,*,Male,0,0,34,North America,<=50K
15167,"[40, 50[", Private,166636,High School,9,Divorced,Other, Other-relative,*,Female,0,0,35,North America,<=50K
15168,"[20, 30[", State-gov,61737,Undergraduate,13,Never-married,Technical, Not-in-family,*,Male,0,0,40,North America,<=50K
15169,"[30, 40[", Self-emp-not-inc,241885,High School,6,Divorced,Technical, Not-in-family,*,Male,0,0,40,North America,<=50K
15170,"[20, 30[", Private,234190,Undergraduate,10,Never-married,Nontechnical, Not-in-family,*,Male,0,0,35,North America,<=50K
15172,"[20, 30[", Private,114158,Undergraduate,13,Married-civ-spouse,Technical, Wife,*,Female,0,1977,24,North America,>50K
15173,"[20, 30[", Private,222442,High School,9,Married-civ-spouse,Nontechnical, Husband,*,Male,0,0,51,North America,<=50K
15174,"[20, 30[", Private,157612,Undergraduate,13,Never-married,Technical, Not-in-family,*,Female,0,0,55,North America,<=50K
15175,"[20, 30[", Private,199903,Undergraduate,13,Never-married,Other, Not-in-family,*,Female,0,0,20,North America,<=50K
15176,"[70, 80[", ?,292627,Primary School,2,Married-civ-spouse,Other, Husband,*,Male,0,0,40,North America,<=50K
15177,"[40, 50[", Self-emp-not-inc,156687,High School,9,Married-civ-spouse,Other, Husband,*,Male,0,0,42,Asia,<=50K
15178,"[20, 30[", Private,369522,High School,9,Never-married,Technical, Own-child,*,Male,0,0,45,North America,<=50K
15179,"[60, 70[", Private,226297,Undergraduate,13,Married-civ-spouse,Nontechnical, Husband,*,Male,0,0,40,North America,<=50K
15180,"[20, 30[", Private,356017,High School,7,Never-married,Other, Not-in-family,*,Male,0,0,99,North America,<=50K
15181,"[20, 30[", Private,189257,High School,5,Never-married,Nontechnical, Own-child,*,Female,0,0,24,North America,<=50K
15182,"[20, 30[", Private,157541,Undergraduate,10,Never-married,Technical, Own-child,*,Male,0,0,40,North America,<=50K
15184,"[30, 40[", State-gov,272944,High School,9,Divorced,Other, Not-in-family,*,Male,0,0,40,North America,<=50K
15185,"[30, 40[", Private,113667,High School,9,Never-married,Nontechnical, Unmarried,*,Female,0,0,25,North America,<=50K
15186,"[40, 50[", Private,222011,Graduate,14,Never-married,Technical, Not-in-family,*,Female,0,0,45,North America,>50K
15187,"[40, 50[", Private,191196,Undergraduate,10,Married-civ-spouse,Nontechnical, Husband,*,Male,0,0,55,North America,>50K
15188,"[30, 40[", Private,169104,Graduate,14,Married-civ-spouse,Nontechnical, Husband,*,Male,0,0,60,North America,>50K
15189,"[10, 20[", Private,146679,Undergraduate,10,Never-married,Nontechnical, Own-child,*,Male,0,0,30,North America,<=50K
15190,"[50, 60[", Private,226985,Professional Education,12,Married-civ-spouse,Other, Husband,*,Male,0,0,50,North America,<=50K
15192,"[30, 40[", ?,159303,Undergraduate,13,Married-civ-spouse,Other, Wife,*,Female,0,0,4,North America,<=50K
15193,"[20, 30[", Private,200109,High School,9,Married-civ-spouse,Other, Wife,*,Female,4508,0,40,North America,<=50K
15194,"[10, 20[", State-gov,109445,High School,9,Never-married,Other, Own-child,*,Male,0,0,25,North America,<=50K
15195,"[60, 70[", Private,99491,Undergraduate,10,Widowed,Other, Not-in-family,*,Female,0,0,20,North America,<=50K
15196,"[30, 40[", Private,172571,Professional Education,11,Divorced,Other, Not-in-family,*,Male,0,0,50,North America,<=50K
15198,"[30, 40[", Private,207113,High School,6,Divorced,Technical, Unmarried,*,Male,0,0,40,North America,<=50K
15199,"[40, 50[", Federal-gov,192712,Undergraduate,10,Married-civ-spouse,Technical, Wife,*,Female,0,0,40,North America,>50K
15200,"[30, 40[", Private,154297,High School,6,Never-married,Technical, Unmarried,*,Female,0,0,40,North America,<=50K
15201,"[60, 70[", Private,238913,Undergraduate,10,Married-civ-spouse,Technical, Husband,*,Male,2829,0,24,North America,<=50K
15202,"[30, 40[", Private,110402,Professional Education,11,Married-civ-spouse,Technical, Husband,*,Male,0,0,40,North America,<=50K
15203,"[20, 30[", Private,207213,High School,9,Never-married,Nontechnical, Own-child,*,Male,0,0,40,North America,<=50K
15205,"[20, 30[", Private,34112,Professional Education,11,Never-married,Other, Not-in-family,*,Male,0,0,40,North America,<=50K
15206,"[20, 30[", Private,119156,Undergraduate,10,Never-married,Technical, Own-child,*,Male,0,0,20,North America,<=50K
15207,"[10, 20[", Private,249787,High School,9,Never-married,Other, Other-relative,*,Male,0,0,40,North America,<=50K
15208,"[20, 30[", Private,153516,Undergraduate,10,Never-married,Other, Own-child,*,Male,0,0,30,North America,<=50K
15209,"[20, 30[", State-gov,260754,Undergraduate,13,Never-married,Other, Not-in-family,*,Male,0,0,40,North America,<=50K
15211,"[30, 40[", Private,33983,Professional Education,11,Never-married,Other, Not-in-family,*,Male,0,0,42,North America,>50K
15212,"[20, 30[", Private,306601,Undergraduate,13,Never-married,Technical, Not-in-family,*,Male,0,0,40,North America,<=50K
15213,"[20, 30[", Private,270075,Undergraduate,13,Married-civ-spouse,Other, Wife,*,Female,0,0,50,North America,<=50K
15214,"[20, 30[", Private,109430,High School,9,Never-married,Other, Not-in-family,*,Female,0,0,40,North America,<=50K
15215,"[20, 30[", Private,187115,Undergraduate,13,Never-married,Technical, Own-child,*,Female,0,0,20,North America,<=50K
15216,"[20, 30[", Self-emp-not-inc,463667,High School,9,Never-married,Other, Not-in-family,*,Male,0,0,8,North America,<=50K
15217,"[20, 30[", Private,52262,High School,9,Never-married,Technical, Not-in-family,*,Male,0,0,40,North America,<=50K
15218,"[30, 40[", Private,144064,High School,9,Married-civ-spouse,Nontechnical, Husband,*,Male,0,0,62,North America,<=50K
15220,"[60, 70[", ?,232719,Graduate,14,Married-civ-spouse,Other, Husband,*,Male,0,0,50,North America,<=50K
15221,"[30, 40[", Private,268620,Undergraduate,10,Married-civ-spouse,Nontechnical, Wife,*,Female,0,0,33,North America,<=50K
15222,"[40, 50[", Private,81132,High School,9,Married-civ-spouse,Other, Husband,*,Male,0,0,40,Asia,<=50K
15223,"[30, 40[", Private,323069,Professional Education,12,Divorced,Nontechnical, Unmarried,*,Female,0,880,45,North America,<=50K
15224,"[30, 40[", Private,242984,High School,9,Never-married,Other, Not-in-family,*,Male,0,0,48,North America,<=50K
15225,"[60, 70[", Self-emp-inc,172684,Undergraduate,13,Married-civ-spouse,Nontechnical, Husband,*,Male,0,0,44,North America,>50K
15226,"[40, 50[", Private,103932,Professional Education,11,Divorced,Technical, Unmarried,*,Female,0,0,40,North America,<=50K
15227,"[20, 30[", State-gov,431637,Professional Education,15,Never-married,Technical, Not-in-family,*,Male,0,0,70,North America,<=50K
15228,"[40, 50[", Private,188942,Undergraduate,10,Married-civ-spouse,Nontechnical, Wife,*,Female,0,0,40,North America,<=50K
15229,"[50, 60[", Federal-gov,170354,Undergraduate,10,Married-civ-spouse,Other, Husband,*,Male,0,0,40,North America,>50K
15230,"[50, 60[", Private,28518,High School,9,Married-civ-spouse,Nontechnical, Husband,*,Male,0,0,50,North America,>50K
15231,"[30, 40[", State-gov,193380,Undergraduate,13,Never-married,Technical, Other-relative,*,Male,0,0,35,North America,<=50K
15232,"[50, 60[", Private,175942,High School,9,Married-civ-spouse,Other, Husband,*,Male,0,0,45,North America,>50K
15233,"[40, 50[", Self-emp-not-inc,53956,High School,9,Divorced,Nontechnical, Unmarried,*,Male,0,0,55,North America,<=50K
15234,"[20, 30[", Private,120773,High School,9,Never-married,Other, Not-in-family,*,Female,0,0,40,North America,<=50K
15235,"[20, 30[", Private,96219,Undergraduate,13,Married-civ-spouse,Other, Wife,*,Female,0,0,15,North America,<=50K
15236,"[20, 30[", Private,104164,High School,9,Never-married,Nontechnical, Own-child,*,Male,0,0,40,North America,<=50K
15237,"[20, 30[", Private,190429,Undergraduate,10,Never-married,Nontechnical, Not-in-family,*,Female,0,0,20,North America,<=50K
15238,"[70, 80[", ?,243030,Undergraduate,13,Married-civ-spouse,Other, Husband,*,Male,0,0,30,North America,<=50K
15239,"[40, 50[", Self-emp-not-inc,228660,Undergraduate,10,Married-civ-spouse,Technical, Husband,*,Male,0,1977,40,North America,>50K
15240,"[40, 50[", Private,368757,Undergraduate,10,Married-civ-spouse,Technical, Husband,*,Male,0,0,40,North America,<=50K
15241,"[40, 50[", Private,220563,High School,8,Divorced,Technical, Not-in-family,*,Male,0,0,40,North America,<=50K
15242,"[30, 40[", Private,233571,Professional Education,11,Married-civ-spouse,Technical, Wife,*,Female,0,0,37,North America,>50K
15243,"[30, 40[", Private,187847,High School,9,Divorced,Technical, Own-child,*,Male,0,0,50,North America,<=50K
15244,"[40, 50[", Private,84298,Undergraduate,10,Married-civ-spouse,Nontechnical, Husband,*,Male,7688,0,40,North America,>50K
15245,"[40, 50[", Self-emp-not-inc,254303,Undergraduate,10,Divorced,Other, Not-in-family,*,Male,0,0,45,North America,<=50K
15247,"[50, 60[", Private,189183,High School,9,Married-civ-spouse,Other, Husband,*,Male,0,0,40,North America,<=50K
15248,"[30, 40[", Private,206951,Undergraduate,13,Married-civ-spouse,Technical, Husband,*,Male,0,0,40,North America,>50K
15249,"[40, 50[", Private,282882,High School,9,Never-married,Nontechnical, Unmarried,*,Female,0,0,40,North America,<=50K
15250,"[50, 60[", Private,377061,Undergraduate,13,Married-civ-spouse,Other, Husband,*,Male,0,0,40,North America,>50K
15251,"[50, 60[", Private,209906,Primary School,2,Married-civ-spouse,Other, Husband,*,Male,0,0,35,North America,<=50K
15252,"[50, 60[", Local-gov,176059,Graduate,14,Divorced,Technical, Unmarried,*,Female,0,0,50,North America,<=50K
15254,"[20, 30[", Private,347292,High School,9,Never-married,Technical, Not-in-family,*,Male,0,0,40,North America,<=50K
15255,"[30, 40[", Private,277314,High School,9,Separated,Technical, Not-in-family,*,Male,0,0,40,North America,<=50K
15256,"[70, 80[", ?,29887,High School,9,Widowed,Other, Not-in-family,*,Female,0,0,10,North America,<=50K
15258,"[40, 50[", Private,209460,Undergraduate,10,Married-civ-spouse,Technical, Husband,*,Male,0,1485,47,North America,<=50K
15261,"[30, 40[", Private,271767,Undergraduate,13,Never-married,Nontechnical, Not-in-family,*,Male,0,0,48,North America,>50K
15262,"[40, 50[", Federal-gov,20956,Undergraduate,13,Married-civ-spouse,Technical, Husband,*,Male,0,1740,40,North America,<=50K
15263,"[40, 50[", Private,39986,High School,5,Married-civ-spouse,Technical, Husband,*,Male,0,0,40,North America,<=50K
15265,"[50, 60[", Private,126991,High School,9,Divorced,Other, Unmarried,*,Female,0,0,20,North America,<=50K
15266,"[10, 20[", ?,234648,High School,7,Never-married,Other, Own-child,*,Male,0,0,15,North America,<=50K
15267,"[30, 40[", Private,207676,Undergraduate,10,Never-married,Nontechnical, Own-child,*,Male,0,0,40,North America,<=50K
15268,"[20, 30[", State-gov,413345,Undergraduate,10,Married-civ-spouse,Technical, Wife,*,Female,0,0,50,North America,<=50K
15269,"[60, 70[", Private,122033,High School,9,Widowed,Other, Not-in-family,*,Female,0,0,38,North America,<=50K
15270,"[50, 60[", Private,169611,High School,9,Married-civ-spouse,Other, Wife,*,Female,0,0,40,North America,<=50K
15271,"[50, 60[", Private,90363,Undergraduate,10,Married-civ-spouse,Other, Husband,*,Male,15024,0,40,North America,>50K
15272,"[20, 30[", Private,372636,High School,9,Never-married,Nontechnical, Own-child,*,Male,0,0,40,North America,<=50K
15273,"[30, 40[", Private,340917,Undergraduate,13,Married-civ-spouse,Technical, Husband,*,Male,0,0,40,North America,<=50K
15274,"[20, 30[", Private,34273,Professional Education,11,Never-married,Technical, Not-in-family,*,Female,0,1876,36,North America,<=50K
15275,"[20, 30[", Private,161027,Undergraduate,13,Married-civ-spouse,Technical, Husband,*,Male,5178,0,40,North America,>50K
15276,"[30, 40[", Private,99844,High School,9,Never-married,Technical, Not-in-family,*,Male,0,0,45,North America,<=50K
15277,"[30, 40[", Private,207685,High School,9,Never-married,Other, Unmarried,*,Female,0,0,34,North America,<=50K
15278,"[40, 50[", Private,74680,Undergraduate,10,Married-civ-spouse,Technical, Husband,*,Male,5178,0,50,North America,>50K
15279,"[50, 60[", Self-emp-inc,334273,Graduate,16,Married-civ-spouse,Technical, Husband,*,Male,99999,0,65,North America,>50K
15280,"[30, 40[", Private,36069,Professional Education,12,Married-civ-spouse,Nontechnical, Husband,*,Male,0,0,40,North America,<=50K
15281,"[20, 30[", Private,100563,High School,9,Never-married,Other, Own-child,*,Male,0,0,40,North America,<=50K
15282,"[30, 40[", Private,174308,High School,7,Divorced,Other, Not-in-family,*,Male,0,0,40,North America,<=50K
15283,"[50, 60[", Self-emp-not-inc,109413,Undergraduate,13,Married-civ-spouse,Other, Husband,*,Male,0,0,50,North America,<=50K
15285,"[50, 60[", Private,271710,Undergraduate,10,Never-married,Other, Not-in-family,*,Male,0,0,45,North America,<=50K
15287,"[20, 30[", Private,103277,Professional Education,12,Never-married,Other, Own-child,*,Female,0,0,20,North America,<=50K
15288,"[40, 50[", Private,318947,High School,9,Divorced,Technical, Not-in-family,*,Female,0,0,40,North America,<=50K
15289,"[30, 40[", Private,187167,Professional Education,12,Married-civ-spouse,Nontechnical, Wife,*,Female,0,0,40,North America,<=50K
15290,"[30, 40[", Private,204742,Undergraduate,13,Married-civ-spouse,Technical, Husband,*,Male,0,0,40,North America,>50K
15291,"[40, 50[", Private,282062,High School,4,Married-civ-spouse,Technical, Husband,*,Male,0,0,40,North America,<=50K
15292,"[20, 30[", ?,283510,High School,9,Never-married,Other, Unmarried,*,Male,0,0,45,North America,<=50K
15294,"[30, 40[", Private,202729,High School,9,Married-civ-spouse,Other, Husband,*,Male,0,0,50,North America,<=50K
15295,"[30, 40[", Private,205950,High School,9,Never-married,Other, Own-child,*,Male,0,0,40,North America,<=50K
15296,"[50, 60[", Self-emp-not-inc,392286,Professional Education,12,Married-civ-spouse,Nontechnical, Husband,*,Male,0,0,50,North America,>50K
15297,"[40, 50[", Self-emp-not-inc,119207,High School,9,Never-married,Nontechnical, Not-in-family,*,Male,0,0,48,North America,<=50K
15298,"[40, 50[", Private,195554,High School,9,Married-civ-spouse,Other, Husband,*,Male,0,0,44,North America,<=50K
15299,"[30, 40[", Private,173005,High School,9,Married-civ-spouse,Other, Husband,*,Male,0,0,44,North America,<=50K
15300,"[50, 60[", Private,192862,High School,9,Divorced,Nontechnical, Unmarried,*,Female,0,0,45,North America,<=50K
15301,"[30, 40[", Private,164712,Undergraduate,10,Never-married,Other, Unmarried,*,Male,0,0,40,North America,<=50K
15302,"[20, 30[", Private,195808,Undergraduate,10,Never-married,Technical, Own-child,*,Male,0,0,40,North America,<=50K
15303,"[20, 30[", Private,199444,High School,9,Never-married,Other, Own-child,*,Female,0,0,44,North America,<=50K
15304,"[20, 30[", Private,126346,High School,5,Never-married,Other, Unmarried,*,Female,0,0,30,North America,<=50K
15305,"[50, 60[", Private,177675,High School,9,Divorced,Other, Unmarried,*,Female,0,0,42,North America,<=50K
15306,"[20, 30[", Private,50341,Graduate,14,Never-married,Nontechnical, Not-in-family,*,Female,0,0,20,North America,<=50K
15307,"[30, 40[", Private,237943,High School,9,Divorced,Technical, Unmarried,*,Male,0,1726,40,North America,<=50K
15308,"[20, 30[", Private,126945,Undergraduate,10,Never-married,Technical, Not-in-family,*,Male,0,0,25,North America,<=50K
15309,"[60, 70[", ?,92061,High School,9,Widowed,Other, Other-relative,*,Female,0,0,8,North America,<=50K
15311,"[40, 50[", Private,267252,Undergraduate,10,Married-civ-spouse,Technical, Husband,*,Male,0,1902,40,North America,>50K
15312,"[30, 40[", Private,174704,High School,7,Never-married,Other, Not-in-family,*,Male,0,0,40,North America,<=50K
15313,"[50, 60[", Private,124771,High School,9,Married-civ-spouse,Technical, Husband,*,Male,0,0,40,North America,<=50K
15314,"[10, 20[", Private,200603,High School,9,Never-married,Other, Other-relative,*,Female,0,0,30,North America,<=50K
15315,"[60, 70[", State-gov,165827,Graduate,16,Married-civ-spouse,Technical, Husband,*,Male,7688,0,60,North America,>50K
15316,"[20, 30[", Private,301199,Undergraduate,10,Never-married,Technical, Own-child,*,Female,0,0,40,North America,<=50K
15317,"[50, 60[", Private,215790,Undergraduate,10,Widowed,Other, Other-relative,*,Female,0,0,22,North America,<=50K
15318,"[30, 40[", Private,87556,Undergraduate,13,Married-civ-spouse,Nontechnical, Husband,*,Male,7688,0,55,North America,>50K
15319,"[20, 30[", Private,111467,Undergraduate,10,Never-married,Nontechnical, Not-in-family,*,Male,0,0,40,North America,<=50K
15320,"[50, 60[", Private,82646,Graduate,16,Divorced,Nontechnical, Not-in-family,*,Female,0,0,55,North America,>50K
15321,"[20, 30[", Private,162282,High School,9,Never-married,Technical, Not-in-family,*,Male,0,0,40,North America,<=50K
15322,"[30, 40[", Federal-gov,239074,Professional Education,12,Married-civ-spouse,Other, Husband,*,Male,0,0,40,North America,<=50K
15323,"[20, 30[", Private,214925,Graduate,14,Never-married,Nontechnical, Not-in-family,*,Male,0,0,60,North America,<=50K
15324,"[20, 30[", Private,194247,Undergraduate,10,Never-married,Nontechnical, Not-in-family,*,Male,0,0,40,North America,<=50K
15325,"[40, 50[", Private,211531,Undergraduate,10,Married-civ-spouse,Nontechnical, Husband,*,Male,0,0,50,North America,<=50K
15326,"[30, 40[", Local-gov,223267,Graduate,14,Married-civ-spouse,Technical, Husband,*,Male,0,0,48,North America,<=50K
15327,"[20, 30[", Private,201635,Undergraduate,13,Never-married,Nontechnical, Not-in-family,*,Female,0,0,50,North America,<=50K
15328,"[40, 50[", Self-emp-not-inc,188738,High School,9,Divorced,Technical, Unmarried,*,Male,0,0,27,North America,<=50K
15329,"[10, 20[", Private,133055,High School,9,Never-married,Other, Own-child,*,Female,0,0,30,North America,<=50K
15330,"[50, 60[", Private,61761,Undergraduate,10,Married-civ-spouse,Technical, Husband,*,Male,0,1672,45,North America,<=50K
15332,"[20, 30[", Private,109814,Undergraduate,13,Never-married,Nontechnical, Own-child,*,Male,0,0,40,North America,<=50K
15333,"[10, 20[", Private,225294,High School,9,Never-married,Other, Own-child,*,Female,0,0,40,North America,<=50K
15334,"[30, 40[", Self-emp-not-inc,97277,Professional Education,15,Married-civ-spouse,Technical, Husband,*,Male,0,0,65,North America,>50K
15335,"[50, 60[", Private,146711,Undergraduate,13,Married-civ-spouse,Technical, Husband,*,Male,0,0,50,North America,>50K
15336,"[20, 30[", Private,286452,High School,6,Never-married,Technical, Unmarried,*,Female,0,0,40,North America,<=50K
15337,"[30, 40[", Private,20308,High School,9,Never-married,Other, Own-child,*,Male,0,0,40,North America,<=50K
15338,"[40, 50[", Private,224203,Undergraduate,10,Widowed,Nontechnical, Unmarried,*,Female,0,0,40,North America,<=50K
15339,"[40, 50[", Private,225978,Undergraduate,13,Never-married,Technical, Not-in-family,*,Male,0,0,40,North America,<=50K
15340,"[20, 30[", Private,237720,Undergraduate,13,Never-married,Technical, Not-in-family,*,Male,0,0,38,North America,<=50K
15341,"[30, 40[", Private,156743,Graduate,14,Married-civ-spouse,Nontechnical, Husband,*,Male,0,0,76,North America,>50K
15343,"[40, 50[", Private,144351,Graduate,14,Married-civ-spouse,Technical, Husband,*,Male,0,0,40,North America,>50K
15344,"[10, 20[", Private,375515,High School,7,Never-married,Nontechnical, Own-child,*,Female,0,0,20,North America,<=50K
15345,"[50, 60[", Self-emp-not-inc,103529,Graduate,14,Married-civ-spouse,Technical, Husband,*,Male,0,0,38,North America,>50K
15346,"[20, 30[", Private,199472,Professional Education,11,Never-married,Other, Not-in-family,*,Female,0,0,38,North America,<=50K
15347,"[30, 40[", Private,348152,Graduate,14,Married-civ-spouse,Nontechnical, Husband,*,Male,0,0,40,North America,>50K
15348,"[20, 30[", Private,221166,High School,5,Never-married,Other, Own-child,*,Male,0,0,40,North America,<=50K
15349,"[40, 50[", Federal-gov,341762,Undergraduate,13,Married-civ-spouse,Technical, Husband,*,Male,7688,0,45,North America,>50K
15350,"[10, 20[", ?,634226,High School,6,Never-married,Other, Own-child,*,Female,0,0,17,North America,<=50K
15351,"[40, 50[", State-gov,159449,High School,9,Never-married,Technical, Unmarried,*,Male,0,0,40,North America,<=50K
15354,"[20, 30[", Federal-gov,340217,High School,9,Never-married,Other, Own-child,*,Female,0,0,40,North America,<=50K
15355,"[40, 50[", Private,155106,Undergraduate,10,Never-married,Technical, Not-in-family,*,Male,0,0,45,North America,<=50K
15357,"[20, 30[", Private,122756,High School,7,Separated,Technical, Not-in-family,*,Male,0,0,35,North America,<=50K
15358,"[20, 30[", Private,293828,High School,9,Never-married,Other, Not-in-family,*,Female,0,0,40,North America,<=50K
15359,"[40, 50[", Private,299291,High School,9,Married-civ-spouse,Other, Husband,*,Male,0,0,44,North America,<=50K
15360,"[40, 50[", Federal-gov,483261,Undergraduate,10,Never-married,Other, Not-in-family,*,Male,0,0,40,North America,<=50K
15361,"[20, 30[", Private,122038,High School,9,Married-civ-spouse,Technical, Husband,*,Male,0,0,48,North America,<=50K
15363,"[30, 40[", Private,106541,Primary School,3,Married-civ-spouse,Other, Other-relative,*,Male,0,0,40,North America,<=50K
15364,"[20, 30[", Private,126945,Professional Education,11,Married-civ-spouse,Technical, Husband,*,Male,0,0,40,North America,<=50K
15366,"[30, 40[", Private,377850,High School,9,Married-civ-spouse,Technical, Husband,*,Male,0,0,65,North America,<=50K
15367,"[20, 30[", Private,193586,Undergraduate,10,Never-married,Technical, Not-in-family,*,Female,0,0,18,North America,<=50K
15368,"[20, 30[", Self-emp-not-inc,315417,Professional Education,15,Never-married,Technical, Not-in-family,*,Male,2176,0,40,North America,<=50K
15369,"[40, 50[", Self-emp-inc,57233,High School,9,Married-civ-spouse,Nontechnical, Husband,*,Male,0,0,60,North America,>50K
15370,"[30, 40[", Private,195253,High School,9,Married-civ-spouse,Technical, Husband,*,Male,0,0,40,North America,>50K
15371,"[50, 60[", Local-gov,172991,High School,9,Married-civ-spouse,Other, Husband,*,Male,0,0,40,North America,<=50K
15372,"[50, 60[", Local-gov,223215,Undergraduate,10,Married-civ-spouse,Other, Husband,*,Male,0,0,42,North America,<=50K
15373,"[10, 20[", Private,95799,High School,7,Never-married,Nontechnical, Own-child,*,Female,0,0,18,North America,<=50K
15374,"[20, 30[", Self-emp-not-inc,213385,Undergraduate,10,Never-married,Technical, Own-child,*,Male,0,0,80,North America,<=50K
15375,"[40, 50[", Local-gov,202467,High School,9,Married-civ-spouse,Other, Husband,*,Male,0,0,40,North America,>50K
15376,"[50, 60[", Self-emp-not-inc,145574,High School,9,Divorced,Nontechnical, Not-in-family,*,Male,34095,0,60,North America,<=50K
15377,"[30, 40[", Private,147548,High School,9,Married-civ-spouse,Technical, Husband,*,Male,0,0,40,North America,<=50K
15378,"[60, 70[", Private,105216,Undergraduate,10,Widowed,Technical, Not-in-family,*,Female,0,0,16,North America,<=50K
15379,"[20, 30[", Private,77760,High School,9,Never-married,Other, Unmarried,*,Male,0,0,40,North America,<=50K
15380,"[30, 40[", Private,167990,High School,5,Married-civ-spouse,Technical, Husband,*,Male,0,0,40,North America,<=50K
15381,"[40, 50[", Private,167005,High School,9,Married-civ-spouse,Other, Husband,*,Male,0,0,48,North America,>50K
15382,"[50, 60[", Private,108435,Graduate,14,Married-civ-spouse,Technical, Husband,*,Male,0,0,47,North America,>50K
15384,"[40, 50[", Local-gov,304973,High School,9,Married-civ-spouse,Other, Husband,*,Male,0,0,78,North America,>50K
15385,"[30, 40[", Private,42596,High School,9,Married-civ-spouse,Technical, Husband,*,Male,0,0,48,North America,<=50K
15386,"[40, 50[", Private,220641,Undergraduate,10,Divorced,Nontechnical, Unmarried,*,Female,0,0,40,North America,<=50K
15388,"[30, 40[", Private,188888,Undergraduate,13,Never-married,Nontechnical, Not-in-family,*,Male,0,0,40,North America,>50K
15389,"[50, 60[", Local-gov,168790,High School,9,Married-civ-spouse,Other, Husband,*,Male,0,0,44,North America,<=50K
15390,"[50, 60[", Private,98361,Undergraduate,10,Married-civ-spouse,Technical, Husband,*,Male,0,0,40,North America,>50K
15391,"[20, 30[", Private,401762,High School,9,Never-married,Other, Not-in-family,*,Female,0,0,55,North America,<=50K
15393,"[20, 30[", Private,203715,High School,9,Never-married,Other, Own-child,*,Male,0,0,40,North America,<=50K
15394,"[40, 50[", Private,144351,Undergraduate,13,Married-civ-spouse,Nontechnical, Husband,*,Male,0,0,45,North America,>50K
15395,"[30, 40[", Private,420749,High School,9,Married-civ-spouse,Technical, Husband,*,Male,0,0,30,Europe,<=50K
15396,"[50, 60[", Private,106151,High School,7,Divorced,Other, Own-child,*,Male,0,0,40,North America,<=50K
15397,"[40, 50[", Private,362482,Professional Education,11,Married-civ-spouse,Nontechnical, Husband,*,Male,0,0,50,North America,<=50K
15398,"[20, 30[", State-gov,38151,Undergraduate,10,Never-married,Other, Own-child,*,Male,0,0,12,North America,<=50K
15399,"[20, 30[", Private,42706,Undergraduate,10,Never-married,Other, Not-in-family,*,Male,0,0,72,North America,<=50K
15400,"[40, 50[", Private,126199,Undergraduate,10,Divorced,Other, Unmarried,*,Male,1831,0,50,North America,<=50K
15401,"[20, 30[", Private,165510,High School,9,Divorced,Technical, Unmarried,*,Male,0,0,40,North America,<=50K
15402,"[30, 40[", Local-gov,216068,High School,9,Separated,Other, Unmarried,*,Female,0,0,38,North America,<=50K
15403,"[20, 30[", Private,215624,Undergraduate,10,Never-married,Technical, Unmarried,*,Male,0,0,40,Asia,<=50K
15404,"[40, 50[", Private,239708,High School,9,Divorced,Technical, Not-in-family,*,Male,0,0,50,North America,<=50K
15405,"[40, 50[", Local-gov,199378,High School,9,Married-civ-spouse,Other, Husband,*,Male,0,0,40,North America,<=50K
15406,"[30, 40[", Private,230420,High School,9,Never-married,Technical, Not-in-family,*,Male,0,0,45,North America,<=50K
15407,"[20, 30[", Private,395022,Professional Education,11,Divorced,Technical, Unmarried,*,Female,0,0,40,North America,<=50K
15408,"[50, 60[", Private,338620,Graduate,14,Married-civ-spouse,Nontechnical, Husband,*,Male,15024,0,60,North America,>50K
15409,"[60, 70[", Private,210142,Professional Education,11,Married-civ-spouse,Nontechnical, Husband,*,Male,0,0,50,North America,>50K
15410,"[30, 40[", Private,446358,Undergraduate,10,Married-civ-spouse,Technical, Husband,*,Male,0,0,40,North America,<=50K
15411,"[40, 50[", Local-gov,352614,Professional Education,12,Married-civ-spouse,Other, Husband,*,Male,0,0,40,North America,>50K
15412,"[30, 40[", Private,293528,Professional Education,11,Never-married,Technical, Not-in-family,*,Female,0,0,3,North America,<=50K
15413,"[40, 50[", State-gov,55395,High School,9,Never-married,Technical, Not-in-family,*,Male,0,0,40,North America,<=50K
15414,"[10, 20[", ?,128538,High School,9,Never-married,Other, Own-child,*,Female,0,0,20,North America,<=50K
15415,"[40, 50[", Private,428405,Undergraduate,13,Married-civ-spouse,Nontechnical, Husband,*,Male,0,0,40,North America,>50K
15416,"[30, 40[", Private,126838,High School,9,Never-married,Technical, Not-in-family,*,Male,0,0,40,North America,<=50K
15417,"[50, 60[", Self-emp-not-inc,136836,Professional Education,12,Divorced,Other, Unmarried,*,Female,0,0,30,North America,<=50K
15418,"[40, 50[", Private,105838,Undergraduate,13,Married-civ-spouse,Nontechnical, Husband,*,Male,0,0,45,North America,>50K
15419,"[20, 30[", Private,139903,Undergraduate,13,Never-married,Technical, Unmarried,*,Female,0,0,40,North America,<=50K
15420,"[50, 60[", Self-emp-inc,106103,Undergraduate,10,Married-civ-spouse,Technical, Husband,*,Male,0,0,60,North America,>50K
15421,"[30, 40[", Private,186824,Professional Education,11,Married-civ-spouse,Nontechnical, Husband,*,Male,0,0,40,North America,<=50K
15422,"[40, 50[", Private,350387,High School,9,Separated,Technical, Not-in-family,*,Male,0,0,15,North America,<=50K
15423,"[10, 20[", Private,142912,High School,6,Never-married,Other, Own-child,*,Male,0,0,40,North America,<=50K
15425,"[30, 40[", Self-emp-inc,114937,Undergraduate,13,Married-civ-spouse,Nontechnical, Husband,*,Male,0,0,55,North America,>50K
15427,"[30, 40[", Private,147258,Undergraduate,10,Never-married,Technical, Not-in-family,*,Male,0,1974,40,North America,<=50K
15428,"[20, 30[", Private,451996,High School,9,Never-married,Nontechnical, Own-child,*,Male,0,0,40,North America,<=50K
15429,"[30, 40[", Private,149833,High School,9,Married-civ-spouse,Nontechnical, Wife,*,Female,0,0,40,North America,<=50K
15430,"[20, 30[", Private,211968,Undergraduate,10,Never-married,Nontechnical, Not-in-family,*,Female,0,0,24,North America,<=50K
15431,"[30, 40[", Private,287908,Undergraduate,10,Married-civ-spouse,Other, Husband,*,Male,0,0,50,North America,>50K
15432,"[30, 40[", Private,166549,Undergraduate,10,Married-civ-spouse,Other, Husband,*,Male,0,0,40,North America,<=50K
15433,"[30, 40[", Private,25216,Undergraduate,13,Divorced,Nontechnical, Unmarried,*,Female,0,0,40,North America,<=50K
15435,"[40, 50[", Private,162034,Undergraduate,13,Married-civ-spouse,Nontechnical, Husband,*,Male,0,0,60,North America,>50K
15436,"[30, 40[", Private,186932,Graduate,16,Married-civ-spouse,Technical, Husband,*,Male,5178,0,75,North America,>50K
15437,"[30, 40[", Private,82938,High School,9,Married-civ-spouse,Other, Husband,*,Male,0,0,50,North America,<=50K
15438,"[20, 30[", Private,122048,High School,9,Never-married,Technical, Other-relative,*,Female,0,0,40,North America,<=50K
15439,"[30, 40[", Private,118710,Professional Education,11,Divorced,Other, Not-in-family,*,Male,0,0,40,North America,<=50K
15440,"[50, 60[", Private,243226,High School,6,Divorced,Technical, Not-in-family,*,Female,0,0,40,North America,<=50K
15441,"[60, 70[", Self-emp-not-inc,268514,Undergraduate,13,Divorced,Technical, Not-in-family,*,Male,0,0,40,North America,<=50K
15442,"[20, 30[", Private,365289,High School,9,Divorced,Technical, Not-in-family,*,Male,0,0,40,North America,<=50K
15445,"[20, 30[", Private,283757,Undergraduate,13,Never-married,Other, Own-child,*,Male,0,0,39,North America,<=50K
15446,"[40, 50[", Federal-gov,206553,Professional Education,11,Divorced,Technical, Not-in-family,*,Male,0,0,40,North America,<=50K
15447,"[30, 40[", Private,113364,High School,9,Married-civ-spouse,Technical, Husband,*,Male,0,0,40,North America,>50K
15448,"[20, 30[", Private,328949,Professional Education,15,Married-civ-spouse,Technical, Husband,*,Male,0,0,60,North America,<=50K
15449,"[10, 20[", Private,83930,High School,9,Never-married,Other, Own-child,*,Female,0,0,20,North America,<=50K
15450,"[30, 40[", Self-emp-not-inc,325355,Undergraduate,13,Married-civ-spouse,Nontechnical, Wife,*,Female,0,1902,40,North America,>50K
15451,"[20, 30[", Private,131852,High School,9,Never-married,Other, Not-in-family,*,Female,0,0,40,North America,<=50K
15452,"[60, 70[", Private,119506,High School,9,Divorced,Other, Not-in-family,*,Female,0,0,15,North America,<=50K
15453,"[40, 50[", State-gov,100818,High School,9,Married-civ-spouse,Other, Wife,*,Female,0,0,40,North America,>50K
15454,"[30, 40[", Private,162302,Undergraduate,10,Never-married,Other, Not-in-family,*,Female,0,0,35,North America,<=50K
15455,"[40, 50[", Private,182211,High School,9,Married-civ-spouse,Technical, Husband,*,Male,0,0,44,North America,>50K
15456,"[10, 20[", Self-emp-not-inc,194205,Undergraduate,10,Never-married,Other, Own-child,*,Female,0,0,40,North America,<=50K
15457,"[20, 30[", Private,141040,High School,9,Never-married,Nontechnical, Own-child,*,Female,0,0,35,North America,<=50K
15458,"[50, 60[", Private,346033,High School,5,Divorced,Other, Not-in-family,*,Male,0,0,40,North America,<=50K
15459,"[20, 30[", Private,177125,Undergraduate,10,Never-married,Other, Not-in-family,*,Male,0,0,50,North America,<=50K
15460,"[30, 40[", Private,241174,Undergraduate,13,Married-civ-spouse,Technical, Husband,*,Male,0,0,99,North America,>50K
15461,"[50, 60[", Local-gov,130532,Undergraduate,13,Widowed,Technical, Not-in-family,*,Female,0,0,35,North America,<=50K
15462,"[30, 40[", Private,168496,Professional Education,12,Married-civ-spouse,Nontechnical, Husband,*,Male,0,0,50,North America,>50K
15463,"[30, 40[", Private,362787,High School,9,Never-married,Technical, Unmarried,*,Female,0,0,40,North America,<=50K
15464,"[20, 30[", ?,244771,High School,7,Separated,Other, Unmarried,*,Female,0,0,40,North America,<=50K
15465,"[30, 40[", Federal-gov,48123,Undergraduate,10,Divorced,Nontechnical, Not-in-family,*,Female,0,0,40,North America,<=50K
15467,"[30, 40[", Private,207201,Undergraduate,13,Never-married,Technical, Not-in-family,*,Male,0,0,45,North America,>50K
15468,"[20, 30[", Private,37933,High School,8,Married-spouse-absent,Other, Not-in-family,*,Female,0,0,40,North America,<=50K
15469,"[50, 60[", Private,33323,High School,9,Married-civ-spouse,Technical, Husband,*,Male,0,0,40,North America,<=50K
15470,"[40, 50[", Private,175943,Professional Education,11,Married-civ-spouse,Nontechnical, Wife,*,Female,7298,0,35,North America,>50K
15471,"[60, 70[", ?,306178,High School,6,Divorced,Other, Not-in-family,*,Male,2050,0,40,North America,<=50K
15473,"[20, 30[", Private,113511,High School,7,Never-married,Other, Own-child,*,Male,0,0,40,North America,<=50K
15474,"[20, 30[", Private,333677,High School,9,Never-married,Technical, Own-child,*,Male,0,0,36,North America,<=50K
15475,"[40, 50[", Private,236021,High School,9,Married-civ-spouse,Technical, Husband,*,Male,0,0,40,Unknown,>50K
15476,"[20, 30[", ?,371089,High School,9,Never-married,Other, Own-child,*,Female,0,0,40,North America,<=50K
15477,"[60, 70[", Private,115023,Undergraduate,10,Married-civ-spouse,Technical, Husband,*,Male,0,0,50,North America,>50K
15478,"[20, 30[", State-gov,133586,Undergraduate,13,Married-civ-spouse,Nontechnical, Wife,*,Female,0,0,40,North America,<=50K
15479,"[50, 60[", Private,91137,High School,5,Never-married,Other, Unmarried,*,Female,0,0,40,North America,<=50K
15480,"[20, 30[", Private,105598,High School,9,Never-married,Other, Not-in-family,*,Male,0,0,40,North America,<=50K
15481,"[40, 50[", Private,352812,Undergraduate,10,Married-civ-spouse,Nontechnical, Wife,*,Female,0,1902,40,North America,>50K
15482,"[30, 40[", Private,204829,High School,9,Divorced,Technical, Not-in-family,*,Male,0,0,40,North America,<=50K
15483,"[30, 40[", Private,247733,High School,9,Divorced,Other, Unmarried,*,Female,0,0,16,North America,<=50K
15484,"[30, 40[", ?,370585,High School,9,Married-civ-spouse,Other, Husband,*,Male,0,0,40,North America,<=50K
15485,"[50, 60[", Self-emp-not-inc,103257,Professional Education,15,Married-civ-spouse,Technical, Husband,*,Male,0,0,40,North America,<=50K
15486,"[50, 60[", Private,178915,High School,9,Never-married,Nontechnical, Unmarried,*,Female,0,0,40,North America,<=50K
15487,"[40, 50[", Private,54260,Undergraduate,13,Married-civ-spouse,Technical, Husband,*,Male,0,0,40,North America,>50K
15488,"[40, 50[", Private,55395,Undergraduate,10,Married-civ-spouse,Technical, Husband,*,Male,0,0,40,North America,<=50K
15489,"[40, 50[", Private,233511,Undergraduate,13,Married-civ-spouse,Nontechnical, Husband,*,Male,0,1977,60,North America,>50K
15490,"[40, 50[", Private,318331,High School,9,Divorced,Technical, Not-in-family,*,Male,0,0,40,North America,<=50K
15491,"[10, 20[", Private,195985,High School,9,Never-married,Other, Not-in-family,*,Female,0,0,40,North America,<=50K
15492,"[40, 50[", Self-emp-not-inc,38876,High School,9,Married-civ-spouse,Other, Husband,*,Male,0,0,40,North America,<=50K
15493,"[60, 70[", Self-emp-inc,81413,High School,9,Married-civ-spouse,Other, Husband,*,Male,0,0,40,North America,<=50K
15494,"[50, 60[", Private,172618,Professional Education,15,Married-civ-spouse,Technical, Husband,*,Male,0,0,45,North America,>50K
15495,"[30, 40[", Private,174717,Undergraduate,13,Married-civ-spouse,Technical, Husband,*,Male,7688,0,40,North America,>50K
15497,"[60, 70[", Private,423297,Graduate,16,Married-civ-spouse,Technical, Husband,*,Male,0,0,40,North America,>50K
15498,"[50, 60[", Local-gov,88856,High School,4,Never-married,Other, Unmarried,*,Female,0,0,40,North America,<=50K
15500,"[30, 40[", Federal-gov,39207,High School,9,Never-married,Other, Not-in-family,*,Male,0,0,40,North America,<=50K
15501,"[30, 40[", Private,340018,High School,6,Never-married,Other, Unmarried,*,Female,0,0,38,North America,<=50K
15502,"[20, 30[", State-gov,30796,Undergraduate,10,Never-married,Other, Own-child,*,Female,0,0,10,North America,<=50K
15503,"[50, 60[", Private,155403,High School,9,Married-civ-spouse,Other, Wife,*,Female,0,0,40,North America,<=50K
15504,"[20, 30[", Private,238092,Undergraduate,13,Never-married,Technical, Own-child,*,Male,0,0,40,North America,<=50K
15505,"[30, 40[", Private,225605,High School,9,Married-civ-spouse,Other, Husband,*,Male,0,0,24,North America,<=50K
15506,"[30, 40[", Private,289148,Undergraduate,10,Divorced,Other, Unmarried,*,Female,0,0,40,North America,<=50K
15507,"[40, 50[", Private,339863,High School,9,Married-civ-spouse,Nontechnical, Husband,*,Male,0,0,45,North America,>50K
15508,"[20, 30[", Private,178778,Undergraduate,13,Never-married,Nontechnical, Not-in-family,*,Male,0,0,80,North America,>50K
15509,"[20, 30[", Private,568490,High School,9,Married-civ-spouse,Technical, Husband,*,Male,0,0,40,North America,<=50K
15510,"[20, 30[", State-gov,129345,Undergraduate,10,Never-married,Other, Not-in-family,*,Male,0,0,40,North America,<=50K
15511,"[10, 20[", Private,447882,Undergraduate,10,Never-married,Other, Not-in-family,*,Female,0,0,20,North America,<=50K
15512,"[20, 30[", Private,314165,Undergraduate,10,Never-married,Nontechnical, Own-child,*,Male,0,0,20,North America,<=50K
15513,"[30, 40[", Federal-gov,382859,High School,9,Married-civ-spouse,Technical, Husband,*,Male,0,0,40,North America,>50K
15514,"[50, 60[", State-gov,82504,Undergraduate,10,Married-civ-spouse,Nontechnical, Husband,*,Male,0,0,40,North America,<=50K
15515,"[40, 50[", Private,149700,Undergraduate,13,Married-civ-spouse,Technical, Husband,*,Male,15024,0,40,North America,>50K
15516,"[60, 70[", Private,209844,Undergraduate,10,Divorced,Other, Unmarried,*,Female,0,0,30,North America,<=50K
15517,"[40, 50[", Private,62546,Undergraduate,13,Married-civ-spouse,Nontechnical, Husband,*,Male,0,0,40,North America,>50K
15518,"[20, 30[", Private,228686,High School,7,Married-civ-spouse,Other, Husband,*,Male,0,0,40,North America,<=50K
15519,"[20, 30[", Private,326587,Undergraduate,10,Never-married,Nontechnical, Not-in-family,*,Male,0,0,40,North America,<=50K
15520,"[20, 30[", Private,202091,High School,9,Never-married,Nontechnical, Own-child,*,Female,0,0,40,North America,<=50K
15521,"[50, 60[", Self-emp-not-inc,310774,Undergraduate,13,Married-civ-spouse,Nontechnical, Husband,*,Male,0,0,40,North America,<=50K
15522,"[20, 30[", Private,450246,High School,9,Never-married,Technical, Own-child,*,Male,0,0,40,North America,<=50K
15523,"[20, 30[", ?,84375,High School,9,Married-civ-spouse,Other, Wife,*,Female,0,0,45,North America,<=50K
15524,"[40, 50[", Private,142444,Undergraduate,10,Divorced,Nontechnical, Unmarried,*,Female,0,0,55,North America,>50K
15525,"[20, 30[", Private,82246,Undergraduate,13,Never-married,Nontechnical, Not-in-family,*,Male,0,1876,38,North America,<=50K
15526,"[20, 30[", Private,192766,High School,9,Married-civ-spouse,Nontechnical, Husband,*,Male,0,0,40,North America,<=50K
15527,"[10, 20[", Private,53109,High School,7,Never-married,Other, Own-child,*,Male,0,0,20,North America,<=50K
15529,"[40, 50[", Self-emp-not-inc,298130,High School,9,Married-civ-spouse,Nontechnical, Husband,*,Male,0,0,25,North America,<=50K
15530,"[20, 30[", Private,135645,Undergraduate,13,Never-married,Nontechnical, Not-in-family,*,Male,0,0,40,North America,<=50K
15531,"[40, 50[", Private,265275,Undergraduate,10,Never-married,Other, Own-child,*,Male,0,0,40,North America,<=50K
15532,"[50, 60[", ?,410114,High School,9,Married-civ-spouse,Other, Husband,*,Male,0,0,40,North America,<=50K
15533,"[20, 30[", Without-pay,232719,High School,9,Never-married,Technical, Own-child,*,Male,0,0,40,North America,<=50K
15534,"[20, 30[", Private,167716,High School,9,Divorced,Other, Unmarried,*,Female,0,0,99,North America,<=50K
15535,"[60, 70[", Private,107627,Undergraduate,10,Married-civ-spouse,Technical, Husband,*,Male,0,0,15,North America,<=50K
15536,"[20, 30[", Private,129674,Undergraduate,10,Never-married,Nontechnical, Not-in-family,*,Male,0,0,48,North America,<=50K
15537,"[20, 30[", Self-emp-inc,114053,Undergraduate,10,Never-married,Nontechnical, Not-in-family,*,Male,0,0,30,North America,<=50K
15538,"[40, 50[", Private,202560,High School,9,Married-civ-spouse,Nontechnical, Wife,*,Female,0,0,40,North America,>50K
15539,"[30, 40[", Private,219902,High School,9,Separated,Other, Unmarried,*,Female,0,0,48,North America,<=50K
15540,"[50, 60[", Self-emp-not-inc,192654,High School,6,Never-married,Technical, Not-in-family,*,Male,0,0,25,North America,<=50K
15541,"[40, 50[", Self-emp-inc,238966,Undergraduate,10,Divorced,Nontechnical, Not-in-family,*,Male,0,0,40,North America,<=50K
15542,"[10, 20[", ?,112942,High School,6,Never-married,Other, Own-child,*,Male,0,0,40,North America,<=50K
15543,"[50, 60[", Private,153484,Undergraduate,13,Married-civ-spouse,Technical, Husband,*,Male,15024,0,50,North America,>50K
15544,"[20, 30[", Private,161874,Undergraduate,10,Never-married,Nontechnical, Own-child,*,Male,0,0,40,North America,<=50K
15545,"[50, 60[", Private,260106,High School,9,Widowed,Nontechnical, Not-in-family,*,Female,0,0,30,North America,<=50K
15546,"[50, 60[", Self-emp-inc,240374,Graduate,14,Married-civ-spouse,Nontechnical, Husband,*,Male,0,0,40,North America,>50K
15547,"[30, 40[", ?,251612,Primary School,3,Never-married,Other, Unmarried,*,Female,0,0,45,North America,<=50K
15549,"[50, 60[", Private,176134,High School,9,Married-civ-spouse,Technical, Husband,*,Male,0,0,48,North America,<=50K
15550,"[30, 40[", Private,186959,Undergraduate,13,Married-civ-spouse,Technical, Husband,*,Male,0,0,50,North America,<=50K
15551,"[40, 50[", Private,456236,Graduate,14,Married-civ-spouse,Nontechnical, Husband,*,Male,0,0,50,North America,>50K
15552,"[30, 40[", Private,98948,Undergraduate,13,Married-civ-spouse,Other, Wife,*,Female,0,0,32,North America,<=50K
15553,"[40, 50[", Private,166662,Professional Education,15,Married-civ-spouse,Nontechnical, Husband,*,Male,0,0,50,North America,>50K
15554,"[20, 30[", Private,448626,Undergraduate,10,Never-married,Nontechnical, Own-child,*,Male,0,0,40,North America,<=50K
15555,"[30, 40[", Private,167482,High School,9,Married-civ-spouse,Other, Husband,*,Male,0,0,60,North America,>50K
15556,"[40, 50[", Private,189792,Graduate,14,Married-civ-spouse,Nontechnical, Husband,*,Male,0,0,40,North America,>50K
15557,"[30, 40[", Private,399052,High School,5,Married-civ-spouse,Other, Wife,*,Female,0,0,42,North America,<=50K
15558,"[40, 50[", Private,104196,Undergraduate,13,Married-civ-spouse,Technical, Husband,*,Male,0,1887,40,North America,>50K
15559,"[40, 50[", Self-emp-not-inc,152752,Primary School,3,Married-civ-spouse,Other, Husband,*,Male,0,0,20,North America,<=50K
15560,"[50, 60[", Private,268545,High School,9,Married-civ-spouse,Technical, Husband,*,Male,0,0,40,North America,<=50K
15561,"[50, 60[", Self-emp-inc,148532,Undergraduate,13,Married-civ-spouse,Nontechnical, Husband,*,Male,0,0,60,North America,>50K
15562,"[30, 40[", Local-gov,281784,Undergraduate,13,Never-married,Technical, Not-in-family,*,Male,0,1564,52,North America,>50K
15563,"[20, 30[", Private,225724,Undergraduate,13,Never-married,Other, Own-child,*,Female,0,0,20,North America,<=50K
15564,"[30, 40[", Private,200192,Undergraduate,10,Never-married,Other, Not-in-family,*,Female,0,0,40,North America,<=50K
15565,"[40, 50[", Self-emp-inc,170850,High School,9,Married-civ-spouse,Nontechnical, Husband,*,Male,0,0,50,North America,>50K
15566,"[20, 30[", Federal-gov,224858,Undergraduate,10,Married-civ-spouse,Other, Husband,*,Male,0,0,60,North America,<=50K
15567,"[60, 70[", State-gov,159908,High School,7,Widowed,Other, Unmarried,*,Female,0,0,32,North America,>50K
15568,"[30, 40[", Private,115488,High School,9,Married-civ-spouse,Other, Husband,*,Male,0,0,40,North America,<=50K
15570,"[40, 50[", Private,195755,High School,9,Separated,Technical, Unmarried,*,Male,0,0,40,North America,<=50K
15571,"[50, 60[", Federal-gov,186272,Undergraduate,10,Married-civ-spouse,Nontechnical, Husband,*,Male,0,0,40,North America,<=50K
15572,"[30, 40[", Private,181388,High School,9,Divorced,Other, Not-in-family,*,Female,0,0,40,North America,<=50K
15573,"[30, 40[", Private,177181,High School,4,Married-civ-spouse,Other, Husband,*,Male,0,0,40,North America,<=50K
15574,"[70, 80[", Private,91488,Primary School,2,Married-civ-spouse,Other, Husband,*,Male,0,0,20,North America,<=50K
15575,"[40, 50[", Private,230961,Undergraduate,10,Married-civ-spouse,Nontechnical, Husband,*,Male,0,0,40,North America,<=50K
15576,"[70, 80[", Self-emp-not-inc,309955,Professional Education,15,Married-civ-spouse,Technical, Husband,*,Male,0,2174,50,North America,>50K
15577,"[40, 50[", Local-gov,63042,Undergraduate,13,Married-civ-spouse,Technical, Wife,*,Female,0,0,40,North America,>50K
15578,"[30, 40[", Private,29814,High School,7,Married-civ-spouse,Technical, Husband,*,Male,0,0,40,North America,<=50K
15579,"[60, 70[", ?,116230,Undergraduate,13,Married-civ-spouse,Other, Husband,*,Male,0,0,40,North America,>50K
15581,"[20, 30[", Private,191088,Undergraduate,13,Married-civ-spouse,Nontechnical, Wife,*,Female,0,0,40,North America,>50K
15582,"[10, 20[", Private,63814,Undergraduate,10,Never-married,Other, Not-in-family,*,Female,0,0,18,North America,<=50K
15585,"[50, 60[", Federal-gov,299831,Undergraduate,10,Divorced,Other, Unmarried,*,Female,0,880,40,North America,<=50K
15586,"[40, 50[", Private,162741,Professional Education,12,Married-civ-spouse,Technical, Wife,*,Female,15024,0,40,North America,>50K
15587,"[40, 50[", Private,204990,High School,9,Never-married,Technical, Unmarried,*,Female,0,0,33,North America,<=50K
15588,"[60, 70[", Self-emp-inc,171315,High School,9,Divorced,Technical, Not-in-family,*,Male,0,0,40,North America,<=50K
15589,"[30, 40[", Private,296462,Graduate,14,Never-married,Technical, Not-in-family,*,Male,0,0,30,North America,<=50K
15590,"[30, 40[", Private,103860,Undergraduate,13,Married-civ-spouse,Nontechnical, Husband,*,Male,0,0,50,North America,>50K
15591,"[40, 50[", Local-gov,159816,Graduate,14,Married-civ-spouse,Technical, Wife,*,Female,0,1977,35,North America,>50K
15592,"[50, 60[", Private,96586,Undergraduate,10,Married-civ-spouse,Technical, Husband,*,Male,0,0,40,North America,>50K
15595,"[40, 50[", Self-emp-not-inc,379883,Graduate,14,Married-civ-spouse,Nontechnical, Husband,*,Male,0,0,40,North America,>50K
15596,"[60, 70[", ?,123464,High School,9,Married-civ-spouse,Other, Husband,*,Male,0,0,45,North America,<=50K
15597,"[30, 40[", Private,294121,Professional Education,12,Divorced,Technical, Not-in-family,*,Female,0,0,50,North America,<=50K
15598,"[60, 70[", ?,179981,High School,9,Married-civ-spouse,Other, Husband,*,Male,0,0,4,North America,<=50K
15599,"[30, 40[", Private,234387,High School,9,Divorced,Nontechnical, Unmarried,*,Female,0,0,40,North America,<=50K
15600,"[50, 60[", Self-emp-not-inc,154537,Undergraduate,13,Divorced,Other, Not-in-family,*,Female,0,0,20,North America,<=50K
15601,"[30, 40[", Private,125856,Professional Education,12,Married-civ-spouse,Nontechnical, Husband,*,Male,0,0,60,North America,>50K
15602,"[30, 40[", Private,156015,Undergraduate,13,Never-married,Technical, Not-in-family,*,Male,0,0,40,North America,<=50K
15603,"[40, 50[", Private,116632,Undergraduate,13,Divorced,Nontechnical, Own-child,*,Male,0,0,80,North America,<=50K
15604,"[50, 60[", Private,124963,Undergraduate,13,Married-civ-spouse,Nontechnical, Husband,*,Male,99999,0,55,North America,>50K
15605,"[30, 40[", Self-emp-not-inc,115215,High School,6,Separated,Technical, Not-in-family,*,Male,0,0,40,North America,<=50K
15606,"[30, 40[", Private,254905,High School,9,Married-civ-spouse,Technical, Husband,*,Male,0,0,40,North America,<=50K
15607,"[20, 30[", Private,195532,High School,9,Never-married,Other, Unmarried,*,Female,0,0,40,North America,<=50K
15608,"[20, 30[", Private,190067,Undergraduate,13,Never-married,Technical, Own-child,*,Female,0,1564,40,North America,>50K
15610,"[30, 40[", Private,203674,Professional Education,12,Divorced,Technical, Unmarried,*,Female,0,880,36,North America,<=50K
15611,"[20, 30[", Private,322585,High School,9,Never-married,Nontechnical, Not-in-family,*,Male,0,0,45,North America,<=50K
15612,"[50, 60[", Private,246262,Undergraduate,10,Married-civ-spouse,Technical, Husband,*,Male,0,0,40,North America,>50K
15614,"[40, 50[", Private,139268,Undergraduate,10,Never-married,Technical, Own-child,*,Male,0,0,40,North America,<=50K
15615,"[30, 40[", Private,188540,Undergraduate,13,Never-married,Nontechnical, Not-in-family,*,Male,0,0,40,North America,<=50K
15616,"[30, 40[", ?,251167,High School,9,Married-civ-spouse,Other, Wife,*,Female,0,0,30,North America,<=50K
15617,"[40, 50[", Private,94809,Undergraduate,10,Divorced,Other, Unmarried,*,Female,0,0,30,North America,<=50K
15618,"[30, 40[", Local-gov,265038,Professional Education,15,Married-civ-spouse,Technical, Husband,*,Male,0,0,60,North America,>50K
15619,"[40, 50[", Private,182566,Undergraduate,13,Married-civ-spouse,Nontechnical, Husband,*,Male,0,0,40,North America,>50K
15620,"[40, 50[", Private,220109,Undergraduate,10,Married-civ-spouse,Other, Husband,*,Male,0,1672,44,North America,<=50K
15621,"[40, 50[", Private,208470,High School,9,Married-civ-spouse,Nontechnical, Husband,*,Male,0,0,40,North America,>50K
15622,"[50, 60[", Private,28683,High School,9,Married-civ-spouse,Nontechnical, Husband,*,Male,3464,0,40,North America,<=50K
15623,"[30, 40[", Private,233571,Undergraduate,10,Divorced,Nontechnical, Not-in-family,*,Female,0,0,4,North America,<=50K
15624,"[20, 30[", Private,24562,Undergraduate,13,Divorced,Other, Unmarried,*,Female,0,0,40,North America,<=50K
15625,"[60, 70[", Local-gov,36364,High School,9,Married-civ-spouse,Technical, Husband,*,Male,0,2267,40,North America,<=50K
15627,"[60, 70[", Private,167098,Undergraduate,13,Married-civ-spouse,Nontechnical, Husband,*,Male,0,0,40,North America,>50K
15628,"[20, 30[", Private,271579,High School,6,Never-married,Technical, Not-in-family,*,Male,0,0,40,North America,<=50K
15629,"[20, 30[", Private,191355,Undergraduate,13,Married-civ-spouse,Nontechnical, Husband,*,Male,0,0,45,North America,>50K
15630,"[20, 30[", Private,31659,Undergraduate,13,Married-civ-spouse,Technical, Husband,*,Male,0,1887,60,North America,>50K
15631,"[40, 50[", State-gov,83411,High School,9,Married-civ-spouse,Nontechnical, Husband,*,Male,0,0,40,North America,>50K
15632,"[60, 70[", Private,40856,Professional Education,11,Married-civ-spouse,Technical, Husband,*,Male,0,0,46,North America,>50K
15633,"[50, 60[", Private,115605,Graduate,14,Married-civ-spouse,Technical, Husband,*,Male,0,0,50,North America,>50K
15634,"[20, 30[", Private,132326,Undergraduate,10,Married-civ-spouse,Technical, Husband,*,Male,0,0,40,North America,<=50K
15635,"[40, 50[", Private,220213,High School,9,Widowed,Technical, Not-in-family,*,Female,0,0,40,North America,<=50K
15636,"[50, 60[", Private,172511,Undergraduate,10,Married-civ-spouse,Technical, Husband,*,Male,0,0,40,North America,>50K
15637,"[40, 50[", Private,156745,Undergraduate,10,Married-civ-spouse,Technical, Husband,*,Male,0,0,40,North America,<=50K
15638,"[30, 40[", Private,218916,Professional Education,15,Divorced,Nontechnical, Not-in-family,*,Male,0,0,50,North America,<=50K
15639,"[20, 30[", Private,306114,Undergraduate,10,Never-married,Other, Own-child,*,Male,0,0,20,North America,<=50K
15640,"[20, 30[", Private,196675,High School,9,Married-civ-spouse,Nontechnical, Husband,*,Male,0,0,70,North America,<=50K
15641,"[50, 60[", Self-emp-not-inc,73411,Professional Education,15,Married-civ-spouse,Other, Husband,*,Male,0,0,30,North America,<=50K
15642,"[30, 40[", Private,184659,High School,9,Married-civ-spouse,Technical, Husband,*,Male,0,0,40,North America,>50K
15643,"[70, 80[", ?,75890,Undergraduate,10,Widowed,Other, Unmarried,*,Female,0,0,4,North America,<=50K
15645,"[30, 40[", Private,172498,Undergraduate,10,Divorced,Nontechnical, Own-child,*,Male,0,0,40,North America,<=50K
15646,"[30, 40[", Private,131588,High School,9,Never-married,Technical, Not-in-family,*,Female,0,0,45,North America,<=50K
15647,"[40, 50[", Private,124520,Professional Education,11,Divorced,Technical, Unmarried,*,Male,0,0,50,North America,>50K
15648,"[20, 30[", Self-emp-not-inc,93806,Undergraduate,10,Married-civ-spouse,Nontechnical, Husband,*,Male,0,0,55,North America,<=50K
15650,"[60, 70[", Self-emp-not-inc,198554,Undergraduate,10,Divorced,Other, Not-in-family,*,Female,0,0,20,North America,<=50K
15651,"[40, 50[", Private,26502,Undergraduate,13,Married-civ-spouse,Technical, Husband,*,Male,0,0,72,North America,>50K
15652,"[50, 60[", Private,225267,High School,9,Married-civ-spouse,Technical, Husband,*,Male,0,0,40,North America,<=50K
15653,"[30, 40[", Private,150042,High School,9,Never-married,Other, Own-child,*,Female,0,0,40,North America,<=50K
15654,"[50, 60[", Private,211319,Undergraduate,13,Married-civ-spouse,Nontechnical, Husband,*,Male,7298,0,50,North America,>50K
15655,"[30, 40[", Private,208358,Professional Education,11,Married-civ-spouse,Nontechnical, Husband,*,Male,0,0,40,North America,<=50K
15656,"[20, 30[", Private,58115,Undergraduate,13,Married-civ-spouse,Nontechnical, Husband,*,Male,0,0,41,North America,<=50K
15657,"[20, 30[", Private,219267,High School,9,Never-married,Other, Unmarried,*,Female,0,0,28,North America,<=50K
15658,"[30, 40[", Federal-gov,129573,Undergraduate,10,Married-civ-spouse,Other, Husband,*,Male,0,0,50,North America,<=50K
15659,"[20, 30[", Local-gov,27834,Undergraduate,13,Never-married,Other, Not-in-family,*,Male,0,0,40,North America,<=50K
15660,"[50, 60[", Self-emp-inc,415037,Undergraduate,10,Divorced,Nontechnical, Not-in-family,*,Male,0,0,65,North America,>50K
15661,"[50, 60[", Private,191529,Undergraduate,13,Divorced,Other, Not-in-family,*,Male,0,0,40,North America,<=50K
15663,"[30, 40[", Federal-gov,137059,Undergraduate,10,Never-married,Other, Not-in-family,*,Female,0,0,10,North America,<=50K
15664,"[40, 50[", Federal-gov,102308,Professional Education,15,Married-civ-spouse,Technical, Husband,*,Male,15024,0,50,North America,>50K
15665,"[30, 40[", Private,164309,High School,9,Never-married,Nontechnical, Not-in-family,*,Female,0,0,35,North America,<=50K
15667,"[60, 70[", Private,141085,High School,9,Widowed,Other, Not-in-family,*,Female,0,0,8,North America,<=50K
15669,"[30, 40[", Private,467579,Undergraduate,13,Married-civ-spouse,Nontechnical, Husband,*,Male,0,1887,40,North America,>50K
15670,"[30, 40[", Private,145139,Undergraduate,13,Married-civ-spouse,Technical, Husband,*,Male,0,0,40,North America,>50K
15671,"[30, 40[", Private,231141,High School,9,Married-civ-spouse,Technical, Husband,*,Male,2829,0,40,North America,<=50K
15673,"[20, 30[", Private,242207,Undergraduate,13,Never-married,Technical, Own-child,*,Female,0,0,40,North America,<=50K
15674,"[30, 40[", ?,102541,Professional Education,11,Married-civ-spouse,Other, Wife,*,Female,0,0,40,North America,<=50K
15675,"[30, 40[", Private,135416,Undergraduate,10,Divorced,Other, Own-child,*,Female,0,0,40,North America,<=50K
15676,"[20, 30[", Private,267284,High School,9,Never-married,Nontechnical, Other-relative,*,Male,0,0,40,North America,<=50K
15677,"[40, 50[", Private,130812,High School,9,Married-civ-spouse,Nontechnical, Wife,*,Female,0,0,40,North America,<=50K
15679,"[40, 50[", Local-gov,188823,Graduate,14,Married-civ-spouse,Technical, Husband,*,Male,0,0,50,North America,>50K
15680,"[20, 30[", Private,200593,Undergraduate,10,Never-married,Nontechnical, Own-child,*,Male,0,0,40,North America,<=50K
15682,"[20, 30[", Private,50411,High School,9,Never-married,Other, Not-in-family,*,Male,0,0,40,North America,<=50K
15683,"[40, 50[", Local-gov,101689,Undergraduate,10,Divorced,Other, Unmarried,*,Female,0,0,40,North America,<=50K
15685,"[20, 30[", ?,107801,Undergraduate,10,Never-married,Other, Own-child,*,Female,0,0,6,North America,<=50K
15686,"[50, 60[", Private,176969,High School,9,Married-civ-spouse,Technical, Husband,*,Male,0,0,48,North America,<=50K
15688,"[40, 50[", Self-emp-not-inc,368561,Professional Education,12,Divorced,Technical, Not-in-family,*,Male,0,0,40,North America,<=50K
15689,"[40, 50[", Private,26915,Professional Education,11,Married-civ-spouse,Nontechnical, Husband,*,Male,0,0,45,North America,>50K
15690,"[50, 60[", Private,157974,High School,9,Never-married,Other, Not-in-family,*,Male,0,0,48,North America,<=50K
15691,"[40, 50[", Private,109832,Graduate,14,Married-civ-spouse,Technical, Husband,*,Male,0,1902,40,North America,>50K
15692,"[30, 40[", Self-emp-inc,116358,Undergraduate,13,Married-civ-spouse,Nontechnical, Husband,*,Male,7688,0,40,Unknown,>50K
15693,"[60, 70[", Self-emp-not-inc,195881,High School,9,Married-civ-spouse,Other, Husband,*,Male,2414,0,40,North America,<=50K
15694,"[30, 40[", Private,183000,Undergraduate,10,Never-married,Other, Not-in-family,*,Male,0,0,24,North America,<=50K
15695,"[20, 30[", Without-pay,302347,High School,9,Never-married,Nontechnical, Own-child,*,Male,4416,0,40,North America,<=50K
15696,"[10, 20[", ?,151463,High School,7,Never-married,Other, Other-relative,*,Male,0,0,7,North America,<=50K
15697,"[20, 30[", Private,217200,High School,9,Never-married,Technical, Not-in-family,*,Male,0,0,50,North America,<=50K
15698,"[30, 40[", Private,31740,Graduate,14,Married-civ-spouse,Technical, Husband,*,Male,0,0,40,Asia,<=50K
15699,"[50, 60[", Private,35520,High School,9,Divorced,Technical, Not-in-family,*,Male,0,0,42,North America,<=50K
15700,"[30, 40[", Private,369843,High School,9,Married-civ-spouse,Other, Husband,*,Male,0,0,50,North America,<=50K
15701,"[30, 40[", Private,199227,Undergraduate,10,Married-civ-spouse,Nontechnical, Husband,*,Male,0,0,55,North America,<=50K
15702,"[10, 20[", Private,144711,High School,9,Never-married,Nontechnical, Not-in-family,*,Female,0,1721,40,North America,<=50K
15704,"[20, 30[", Private,254781,Undergraduate,13,Never-married,Nontechnical, Not-in-family,*,Female,0,0,40,North America,<=50K
15705,"[20, 30[", Self-emp-not-inc,70657,Undergraduate,10,Never-married,Technical, Not-in-family,*,Male,0,0,35,North America,<=50K
15706,"[50, 60[", Self-emp-not-inc,50791,Graduate,14,Divorced,Nontechnical, Not-in-family,*,Male,0,1876,60,North America,<=50K
15707,"[30, 40[", Self-emp-not-inc,222162,High School,9,Married-civ-spouse,Technical, Husband,*,Male,0,0,40,North America,<=50K
15708,"[40, 50[", Self-emp-inc,94606,Graduate,16,Married-civ-spouse,Technical, Husband,*,Male,0,0,60,North America,>50K
15709,"[40, 50[", Self-emp-not-inc,104196,High School,9,Married-civ-spouse,Nontechnical, Husband,*,Male,0,0,84,North America,<=50K
15710,"[30, 40[", Self-emp-not-inc,455995,High School,7,Never-married,Technical, Not-in-family,*,Male,0,0,45,North America,>50K
15711,"[20, 30[", Private,166210,High School,9,Divorced,Technical, Not-in-family,*,Male,0,0,50,North America,<=50K
15712,"[20, 30[", Private,198986,Undergraduate,13,Never-married,Other, Not-in-family,*,Male,0,0,40,North America,>50K
15713,"[30, 40[", Self-emp-inc,292465,Undergraduate,13,Never-married,Nontechnical, Not-in-family,*,Male,0,0,40,North America,<=50K
15714,"[30, 40[", Private,99388,Professional Education,12,Married-civ-spouse,Other, Husband,*,Male,0,0,40,North America,<=50K
15715,"[30, 40[", Private,698363,High School,9,Married-civ-spouse,Technical, Husband,*,Male,0,0,40,North America,<=50K
15716,"[40, 50[", Private,154940,Undergraduate,10,Divorced,Nontechnical, Unmarried,*,Female,0,0,40,North America,<=50K
15718,"[60, 70[", Private,162825,High School,9,Married-civ-spouse,Nontechnical, Husband,*,Male,0,0,40,North America,>50K
15719,"[50, 60[", Self-emp-not-inc,271795,High School,9,Married-civ-spouse,Other, Husband,*,Male,0,0,40,North America,<=50K
15721,"[40, 50[", Private,87583,High School,9,Married-civ-spouse,Technical, Wife,*,Female,0,0,14,North America,<=50K
15722,"[50, 60[", Private,248619,High School,9,Married-civ-spouse,Technical, Husband,*,Male,0,0,40,North America,<=50K
15723,"[30, 40[", Private,130200,High School,9,Divorced,Technical, Unmarried,*,Male,0,0,40,North America,<=50K
15724,"[40, 50[", Private,178922,High School,9,Never-married,Nontechnical, Not-in-family,*,Female,0,0,20,North America,<=50K
15725,"[20, 30[", Private,51985,High School,9,Never-married,Other, Not-in-family,*,Male,0,0,38,North America,<=50K
15726,"[30, 40[", Private,125933,Professional Education,12,Married-civ-spouse,Nontechnical, Husband,*,Male,7688,0,50,North America,>50K
15727,"[30, 40[", State-gov,104280,Graduate,16,Married-civ-spouse,Technical, Husband,*,Male,0,0,55,North America,>50K
15728,"[20, 30[", Private,617860,Undergraduate,10,Never-married,Nontechnical, Own-child,*,Male,0,0,40,North America,<=50K
15729,"[20, 30[", Private,122112,Undergraduate,13,Married-civ-spouse,Nontechnical, Wife,*,Female,0,0,50,North America,<=50K
15730,"[40, 50[", Local-gov,181758,Graduate,14,Never-married,Technical, Not-in-family,*,Female,0,0,40,North America,<=50K
15731,"[40, 50[", Self-emp-inc,223671,High School,9,Married-civ-spouse,Nontechnical, Husband,*,Male,0,1887,55,North America,>50K
15732,"[30, 40[", Self-emp-not-inc,140117,Undergraduate,10,Never-married,Other, Not-in-family,*,Female,0,0,20,North America,<=50K
15733,"[20, 30[", Private,107458,Undergraduate,13,Never-married,Technical, Not-in-family,*,Male,0,0,40,North America,<=50K
15735,"[40, 50[", Federal-gov,306440,High School,9,Divorced,Technical, Not-in-family,*,Male,0,0,40,North America,<=50K
15737,"[20, 30[", Self-emp-inc,201186,High School,9,Married-civ-spouse,Nontechnical, Husband,*,Male,99999,0,40,North America,>50K
15738,"[30, 40[", Private,37210,Undergraduate,13,Married-civ-spouse,Nontechnical, Husband,*,Male,0,0,45,North America,>50K
15739,"[40, 50[", Private,196084,Graduate,14,Married-civ-spouse,Technical, Husband,*,Male,0,0,55,North America,<=50K
15740,"[40, 50[", Local-gov,166181,High School,9,Divorced,Other, Own-child,*,Female,0,0,40,North America,<=50K
15741,"[50, 60[", Federal-gov,291096,Professional Education,12,Married-civ-spouse,Other, Husband,*,Male,7298,0,40,North America,>50K
15742,"[20, 30[", Private,232841,High School,9,Never-married,Other, Not-in-family,*,Male,0,0,35,North America,<=50K
15743,"[10, 20[", ?,131982,Undergraduate,10,Never-married,Other, Own-child,*,Male,0,0,40,North America,<=50K
15744,"[40, 50[", Private,408788,Professional Education,11,Married-civ-spouse,Technical, Husband,*,Male,0,0,40,North America,>50K
15745,"[50, 60[", Self-emp-inc,42924,Graduate,16,Divorced,Nontechnical, Not-in-family,*,Male,14084,0,50,North America,>50K
15746,"[30, 40[", Private,181091,Undergraduate,13,Married-civ-spouse,Nontechnical, Husband,*,Male,0,0,40,North America,>50K
15747,"[30, 40[", Private,200246,Professional Education,11,Never-married,Technical, Not-in-family,*,Male,0,0,40,North America,<=50K
15748,"[50, 60[", Private,282023,High School,9,Married-civ-spouse,Other, Husband,*,Male,0,0,40,North America,<=50K
15749,"[40, 50[", Federal-gov,128990,Undergraduate,13,Married-civ-spouse,Technical, Husband,*,Male,0,0,40,North America,>50K
15750,"[30, 40[", Private,106838,High School,9,Married-civ-spouse,Other, Husband,*,Male,0,0,40,North America,<=50K
15751,"[10, 20[", Private,144750,Undergraduate,10,Never-married,Other, Own-child,*,Male,0,0,18,North America,<=50K
15752,"[30, 40[", Private,108140,Professional Education,11,Married-civ-spouse,Technical, Husband,*,Male,0,0,40,North America,<=50K
15753,"[30, 40[", Private,103323,High School,9,Married-civ-spouse,Nontechnical, Husband,*,Male,0,0,40,North America,<=50K
15754,"[40, 50[", Private,268022,High School,9,Married-civ-spouse,Other, Husband,*,Male,0,0,55,North America,>50K
15755,"[50, 60[", Private,197114,High School,7,Married-civ-spouse,Technical, Husband,*,Male,0,0,40,North America,<=50K
15756,"[20, 30[", Private,191628,High School,9,Never-married,Other, Not-in-family,*,Male,2174,0,40,North America,<=50K
15757,"[50, 60[", Local-gov,176118,Graduate,14,Divorced,Technical, Not-in-family,*,Male,0,0,40,North America,>50K
15758,"[20, 30[", Private,42401,Undergraduate,13,Never-married,Nontechnical, Not-in-family,*,Male,0,0,47,North America,<=50K
15759,"[40, 50[", Private,322385,Professional Education,11,Married-civ-spouse,Technical, Husband,*,Male,2407,0,40,North America,<=50K
15760,"[50, 60[", State-gov,123011,Graduate,14,Married-civ-spouse,Nontechnical, Husband,*,Male,0,0,60,North America,>50K
15761,"[30, 40[", Private,210945,High School,9,Married-civ-spouse,Nontechnical, Husband,*,Male,0,0,50,North America,<=50K
15763,"[20, 30[", Private,248990,High School,9,Married-civ-spouse,Technical, Husband,*,Male,0,0,40,North America,<=50K
15764,"[30, 40[", Private,132705,High School,5,Separated,Other, Not-in-family,*,Male,0,0,48,North America,<=50K
15765,"[20, 30[", Private,94892,Undergraduate,10,Married-civ-spouse,Technical, Husband,*,Male,0,0,40,North America,<=50K
15766,"[40, 50[", Private,141858,High School,7,Married-civ-spouse,Nontechnical, Husband,*,Male,0,0,40,North America,<=50K
15767,"[30, 40[", Private,81232,Undergraduate,13,Married-civ-spouse,Nontechnical, Husband,*,Male,15024,0,50,North America,>50K
15769,"[40, 50[", Local-gov,191776,Graduate,14,Divorced,Technical, Not-in-family,*,Female,0,0,40,North America,<=50K
15770,"[40, 50[", Private,128354,High School,9,Divorced,Nontechnical, Not-in-family,*,Female,0,0,40,North America,<=50K
15771,"[20, 30[", Private,37088,High School,5,Never-married,Other, Own-child,*,Male,0,0,30,North America,<=50K
15772,"[20, 30[", Private,414812,High School,4,Never-married,Technical, Own-child,*,Male,0,0,40,North America,<=50K
15773,"[60, 70[", ?,156799,High School,9,Widowed,Other, Not-in-family,*,Female,0,0,4,North America,<=50K
15774,"[30, 40[", Private,33983,Undergraduate,10,Married-civ-spouse,Other, Husband,*,Male,15024,0,40,North America,>50K
15775,"[50, 60[", Self-emp-not-inc,194995,Undergraduate,13,Married-civ-spouse,Nontechnical, Husband,*,Male,15024,0,55,North America,>50K
15777,"[40, 50[", Private,155664,High School,9,Married-civ-spouse,Technical, Husband,*,Male,7688,0,70,North America,>50K
15778,"[20, 30[", ?,182386,High School,7,Divorced,Other, Unmarried,*,Female,0,0,35,North America,<=50K
15779,"[50, 60[", State-gov,281074,High School,9,Divorced,Nontechnical, Not-in-family,*,Male,0,1092,40,North America,<=50K
15780,"[30, 40[", Local-gov,248346,Professional Education,12,Married-civ-spouse,Technical, Husband,*,Male,0,0,50,North America,<=50K
15781,"[30, 40[", Private,167482,High School,6,Never-married,Technical, Own-child,*,Male,0,0,35,North America,<=50K
15782,"[10, 20[", ?,171088,Undergraduate,10,Never-married,Other, Own-child,*,Female,0,0,40,North America,<=50K
15784,"[20, 30[", Private,122166,Undergraduate,10,Never-married,Other, Not-in-family,*,Female,0,0,40,North America,<=50K
15785,"[40, 50[", Private,370119,Professional Education,15,Married-civ-spouse,Technical, Husband,*,Male,0,0,50,North America,>50K
15786,"[30, 40[", Self-emp-not-inc,138940,High School,9,Married-civ-spouse,Other, Husband,*,Male,0,0,70,North America,<=50K
15787,"[40, 50[", Private,174575,High School,9,Married-civ-spouse,Other, Husband,*,Male,0,1887,45,North America,>50K
15788,"[60, 70[", Private,101132,High School,4,Married-civ-spouse,Technical, Husband,*,Male,1797,0,40,North America,<=50K
15790,"[40, 50[", Self-emp-not-inc,248776,Graduate,14,Never-married,Nontechnical, Not-in-family,*,Male,0,0,25,North America,<=50K
15791,"[30, 40[", Private,314007,Professional Education,11,Married-civ-spouse,Technical, Husband,*,Male,0,0,40,North America,<=50K
15792,"[30, 40[", Self-emp-not-inc,213226,Undergraduate,13,Married-civ-spouse,Nontechnical, Husband,*,Male,0,1485,35,Unknown,<=50K
15793,"[30, 40[", Private,76845,High School,9,Never-married,Other, Own-child,*,Male,0,0,35,North America,<=50K
15794,"[20, 30[", Private,148320,Undergraduate,10,Married-civ-spouse,Other, Husband,*,Male,0,0,40,North America,<=50K
15795,"[50, 60[", Self-emp-not-inc,54261,High School,9,Married-civ-spouse,Other, Husband,*,Male,0,0,84,North America,<=50K
15796,"[20, 30[", Private,223352,High School,9,Never-married,Other, Not-in-family,*,Female,1055,0,30,North America,<=50K
15797,"[20, 30[", Private,211013,High School,5,Never-married,Other, Own-child,*,Female,0,0,50,North America,<=50K
15798,"[40, 50[", Private,209833,High School,9,Never-married,Technical, Not-in-family,*,Male,0,0,40,North America,<=50K
15799,"[10, 20[", Private,356272,Undergraduate,10,Never-married,Other, Not-in-family,*,Female,0,0,25,North America,<=50K
15800,"[30, 40[", Private,143538,High School,9,Never-married,Technical, Not-in-family,*,Female,0,0,40,North America,<=50K
15801,"[30, 40[", Private,242960,Professional Education,11,Married-civ-spouse,Technical, Husband,*,Male,0,0,50,North America,<=50K
15802,"[40, 50[", Local-gov,263871,Undergraduate,10,Divorced,Nontechnical, Not-in-family,*,Male,0,0,50,North America,<=50K
15803,"[20, 30[", Private,151105,Professional Education,12,Never-married,Nontechnical, Own-child,*,Female,0,0,25,North America,<=50K
15805,"[40, 50[", Local-gov,46537,High School,9,Divorced,Other, Not-in-family,*,Female,594,0,10,North America,<=50K
15806,"[40, 50[", Self-emp-inc,84324,Professional Education,12,Married-civ-spouse,Technical, Husband,*,Male,0,0,50,North America,>50K
15807,"[20, 30[", Private,224716,High School,9,Never-married,Technical, Own-child,*,Male,0,0,40,North America,<=50K
15808,"[30, 40[", Private,186269,High School,9,Divorced,Other, Own-child,*,Male,0,0,40,North America,<=50K
15809,"[50, 60[", Self-emp-not-inc,143731,High School,9,Married-civ-spouse,Nontechnical, Husband,*,Male,0,0,72,North America,>50K
15810,"[30, 40[", Private,236391,High School,9,Married-civ-spouse,Technical, Husband,*,Male,0,0,45,North America,<=50K
15811,"[20, 30[", Private,54560,High School,9,Never-married,Other, Own-child,*,Male,0,0,40,North America,<=50K
15812,"[30, 40[", Private,266325,Undergraduate,13,Married-civ-spouse,Technical, Wife,*,Female,0,0,32,North America,>50K
15813,"[30, 40[", Federal-gov,42900,Professional Education,15,Married-civ-spouse,Technical, Husband,*,Male,15024,0,50,North America,>50K
15814,"[40, 50[", State-gov,183710,High School,9,Divorced,Other, Not-in-family,*,Male,0,0,48,North America,<=50K
15815,"[20, 30[", Private,278254,High School,9,Married-civ-spouse,Technical, Husband,*,Male,0,0,45,North America,<=50K
15816,"[30, 40[", Private,119992,Professional Education,12,Married-civ-spouse,Technical, Husband,*,Male,0,0,45,North America,<=50K
15817,"[50, 60[", Private,284329,Undergraduate,10,Married-civ-spouse,Technical, Husband,*,Male,0,0,45,North America,>50K
15818,"[50, 60[", Private,368727,Undergraduate,10,Divorced,Technical, Not-in-family,*,Male,0,0,40,North America,<=50K
15819,"[20, 30[", Private,353696,High School,9,Never-married,Other, Own-child,*,Male,0,0,40,North America,<=50K
15820,"[20, 30[", Private,31387,Undergraduate,13,Married-civ-spouse,Other, Own-child,*,Female,2885,0,25,North America,<=50K
15821,"[20, 30[", Private,110931,High School,9,Married-civ-spouse,Other, Husband,*,Male,0,0,40,North America,<=50K
15822,"[20, 30[", Private,169532,Professional Education,12,Never-married,Other, Own-child,*,Female,0,0,15,North America,<=50K
15823,"[20, 30[", Private,285522,Undergraduate,10,Never-married,Technical, Not-in-family,*,Male,0,0,40,North America,<=50K
15824,"[40, 50[", Private,198774,Undergraduate,13,Divorced,Nontechnical, Other-relative,*,Female,0,0,35,North America,<=50K
15825,"[30, 40[", Private,123291,High School,8,Married-civ-spouse,Technical, Husband,*,Male,0,0,40,North America,<=50K
15826,"[60, 70[", Private,146110,Undergraduate,10,Widowed,Other, Unmarried,*,Female,0,0,24,North America,<=50K
15827,"[30, 40[", Self-emp-not-inc,29814,High School,9,Never-married,Other, Unmarried,*,Male,0,0,50,North America,<=50K
15829,"[40, 50[", Private,92649,High School,9,Married-civ-spouse,Technical, Wife,*,Female,0,0,40,North America,>50K
15830,"[50, 60[", Private,290688,High School,9,Married-civ-spouse,Technical, Husband,*,Male,0,0,52,North America,>50K
15831,"[40, 50[", Private,427382,Graduate,14,Never-married,Technical, Not-in-family,*,Male,0,0,50,North America,>50K
15832,"[60, 70[", State-gov,234854,Graduate,16,Married-civ-spouse,Technical, Husband,*,Male,0,1902,40,North America,>50K
15833,"[20, 30[", Private,276568,Undergraduate,10,Never-married,Nontechnical, Own-child,*,Female,0,0,40,North America,<=50K
15834,"[20, 30[", Private,250038,Graduate,14,Married-civ-spouse,Technical, Not-in-family,*,Male,0,0,40,North America,<=50K
15835,"[20, 30[", Private,150861,High School,9,Never-married,Other, Not-in-family,*,Female,0,0,40,North America,<=50K
15838,"[20, 30[", Private,94401,High School,9,Never-married,Nontechnical, Unmarried,*,Female,0,0,40,North America,<=50K
15840,"[20, 30[", Private,205440,High School,6,Married-civ-spouse,Technical, Husband,*,Male,0,0,40,North America,<=50K
15841,"[20, 30[", Private,198996,High School,9,Never-married,Other, Not-in-family,*,Female,0,0,40,North America,<=50K
15842,"[10, 20[", Private,294253,High School,9,Never-married,Other, Own-child,*,Female,0,0,27,North America,<=50K
15843,"[20, 30[", Private,256628,High School,4,Married-civ-spouse,Other, Husband,*,Male,0,0,32,North America,<=50K
15844,"[50, 60[", Self-emp-not-inc,223131,High School,9,Divorced,Nontechnical, Not-in-family,*,Male,0,0,60,North America,<=50K
15845,"[40, 50[", Private,207301,High School,9,Never-married,Other, Not-in-family,*,Female,0,0,37,North America,<=50K
15846,"[60, 70[", ?,270460,High School,4,Divorced,Other, Not-in-family,*,Male,0,0,40,North America,<=50K
15847,"[40, 50[", Local-gov,125457,Graduate,14,Married-civ-spouse,Technical, Husband,*,Male,0,0,38,North America,>50K
15848,"[30, 40[", Local-gov,212856,High School,7,Never-married,Other, Unmarried,*,Female,0,0,23,North America,<=50K
15850,"[10, 20[", Private,73338,High School,7,Never-married,Nontechnical, Own-child,*,Male,0,0,20,North America,<=50K
15851,"[20, 30[", Private,68037,Undergraduate,10,Never-married,Nontechnical, Not-in-family,*,Male,0,0,45,North America,<=50K
15852,"[30, 40[", Private,185027,Undergraduate,10,Married-civ-spouse,Nontechnical, Husband,*,Male,0,0,40,North America,>50K
15853,"[50, 60[", Private,107123,High School,9,Divorced,Other, Not-in-family,*,Male,0,0,40,North America,<=50K
15854,"[20, 30[", Private,109482,Undergraduate,10,Never-married,Technical, Own-child,*,Male,0,0,98,North America,<=50K
15855,"[30, 40[", Private,174543,Professional Education,12,Never-married,Technical, Own-child,*,Female,0,0,40,North America,<=50K
15856,"[40, 50[", Self-emp-not-inc,208407,Undergraduate,13,Married-civ-spouse,Technical, Husband,*,Male,0,2002,30,North America,<=50K
15857,"[60, 70[", Self-emp-not-inc,211584,Undergraduate,10,Married-civ-spouse,Nontechnical, Husband,*,Male,0,0,40,North America,>50K
15858,"[30, 40[", Private,108540,High School,9,Married-civ-spouse,Nontechnical, Husband,*,Male,0,0,40,North America,<=50K
15859,"[20, 30[", Private,202416,Undergraduate,13,Never-married,Other, Own-child,*,Female,0,0,40,North America,<=50K
15860,"[60, 70[", ?,160155,High School,4,Married-civ-spouse,Other, Husband,*,Male,6418,0,40,North America,>50K
15861,"[20, 30[", Private,176178,High School,9,Never-married,Nontechnical, Own-child,*,Female,0,0,35,North America,<=50K
15862,"[20, 30[", Private,265148,High School,9,Never-married,Nontechnical, Other-relative,*,Male,0,0,38,North America,<=50K
15864,"[30, 40[", Self-emp-not-inc,303692,High School,9,Married-civ-spouse,Nontechnical, Husband,*,Male,0,0,75,North America,<=50K
15865,"[20, 30[", Private,135845,Undergraduate,10,Never-married,Other, Own-child,*,Female,0,0,40,North America,<=50K
15866,"[20, 30[", State-gov,199915,High School,9,Never-married,Other, Own-child,*,Female,0,0,21,North America,<=50K
15867,"[40, 50[", State-gov,150533,Undergraduate,13,Married-civ-spouse,Technical, Other-relative,*,Male,0,0,40,North America,<=50K
15868,"[20, 30[", Federal-gov,85482,High School,9,Never-married,Other, Not-in-family,*,Male,0,0,40,North America,<=50K
15869,"[50, 60[", Self-emp-not-inc,24473,Professional Education,11,Married-civ-spouse,Technical, Husband,*,Male,0,0,40,North America,>50K
15870,"[30, 40[", Private,272944,Professional Education,11,Married-civ-spouse,Nontechnical, Husband,*,Male,0,0,60,North America,>50K
15871,"[40, 50[", ?,82077,Undergraduate,10,Divorced,Other, Unmarried,*,Female,0,0,40,North America,<=50K
15872,"[40, 50[", State-gov,194895,Undergraduate,13,Divorced,Technical, Not-in-family,*,Male,0,0,40,North America,<=50K
15873,"[50, 60[", Private,314153,High School,9,Married-civ-spouse,Technical, Husband,*,Male,0,0,40,North America,>50K
15874,"[30, 40[", Private,176253,Undergraduate,10,Divorced,Nontechnical, Not-in-family,*,Male,0,0,40,North America,<=50K
15875,"[50, 60[", Private,113959,High School,9,Married-civ-spouse,Other, Husband,*,Male,0,0,45,North America,>50K
15876,"[40, 50[", State-gov,167581,Undergraduate,13,Never-married,Other, Other-relative,*,Female,0,0,40,North America,<=50K
15877,"[30, 40[", Private,79586,Undergraduate,13,Married-civ-spouse,Nontechnical, Husband,*,Male,0,0,40,Asia,<=50K
15878,"[40, 50[", Private,166662,Professional Education,15,Married-civ-spouse,Technical, Husband,*,Male,15024,0,45,North America,>50K
15879,"[40, 50[", Private,72896,High School,9,Married-civ-spouse,Other, Husband,*,Male,0,0,40,North America,<=50K
15880,"[50, 60[", Private,345730,Undergraduate,13,Married-civ-spouse,Technical, Husband,*,Male,0,0,45,North America,>50K
15881,"[30, 40[", Private,302473,High School,9,Never-married,Other, Own-child,*,Female,0,0,40,North America,<=50K
15883,"[20, 30[", Private,243921,High School,9,Never-married,Other, Own-child,*,Male,0,0,40,North America,<=50K
15885,"[40, 50[", Private,158924,High School,9,Married-civ-spouse,Technical, Wife,*,Female,0,0,40,North America,<=50K
15886,"[20, 30[", Self-emp-not-inc,32921,Undergraduate,10,Never-married,Other, Own-child,*,Male,0,0,20,North America,<=50K
15887,"[30, 40[", Private,252897,Professional Education,12,Never-married,Other, Not-in-family,*,Female,14344,0,40,North America,>50K
15888,"[40, 50[", Private,155657,High School,7,Never-married,Nontechnical, Other-relative,*,Female,0,0,40,North America,<=50K
15889,"[40, 50[", Federal-gov,155106,Undergraduate,13,Married-civ-spouse,Nontechnical, Husband,*,Male,0,0,53,North America,<=50K
15890,"[60, 70[", Private,82775,Undergraduate,10,Married-civ-spouse,Nontechnical, Husband,*,Male,0,0,55,North America,<=50K
15891,"[70, 80[", Private,26248,High School,4,Married-civ-spouse,Nontechnical, Husband,*,Male,0,0,30,North America,>50K
15893,"[60, 70[", Federal-gov,125155,High School,9,Married-civ-spouse,Other, Husband,*,Male,0,0,38,North America,<=50K
15894,"[20, 30[", Private,218039,High School,9,Married-civ-spouse,Technical, Husband,*,Male,0,0,40,North America,<=50K
15895,"[40, 50[", Private,53524,Undergraduate,10,Married-civ-spouse,Technical, Husband,*,Male,0,0,40,North America,<=50K
15896,"[10, 20[", Private,259352,High School,9,Never-married,Nontechnical, Not-in-family,*,Male,0,0,45,North America,<=50K
15897,"[30, 40[", Private,296453,High School,9,Never-married,Technical, Not-in-family,*,Male,0,0,35,North America,<=50K
15898,"[10, 20[", Private,278915,High School,8,Never-married,Nontechnical, Own-child,*,Female,0,0,52,North America,<=50K
15899,"[20, 30[", Private,565313,Undergraduate,10,Never-married,Other, Own-child,*,Male,2202,0,80,North America,<=50K
15900,"[20, 30[", Federal-gov,274103,Undergraduate,13,Never-married,Technical, Own-child,*,Male,0,0,10,North America,<=50K
15901,"[10, 20[", Private,271118,High School,9,Never-married,Other, Own-child,*,Female,0,0,28,North America,<=50K
15903,"[20, 30[", Local-gov,138597,High School,9,Never-married,Other, Unmarried,*,Female,0,0,25,North America,<=50K
15904,"[40, 50[", Local-gov,180985,High School,6,Married-civ-spouse,Nontechnical, Husband,*,Male,99999,0,40,North America,>50K
15905,"[60, 70[", Self-emp-not-inc,159939,High School,9,Married-civ-spouse,Other, Husband,*,Male,0,0,35,North America,<=50K
15906,"[60, 70[", Private,110920,High School,6,Married-civ-spouse,Nontechnical, Husband,*,Male,0,0,40,North America,<=50K
15907,"[30, 40[", Private,34862,Undergraduate,13,Divorced,Nontechnical, Not-in-family,*,Male,0,1564,60,North America,>50K
15908,"[20, 30[", Local-gov,163205,High School,9,Never-married,Other, Own-child,*,Female,0,0,53,North America,<=50K
15909,"[50, 60[", Private,110003,Graduate,14,Married-civ-spouse,Technical, Husband,*,Male,0,0,40,North America,>50K
15910,"[30, 40[", Private,229051,Undergraduate,10,Married-civ-spouse,Technical, Husband,*,Male,0,0,40,North America,<=50K
15911,"[20, 30[", ?,144898,Undergraduate,10,Never-married,Other, Unmarried,*,Male,0,0,40,North America,<=50K
15912,"[20, 30[", Private,211596,High School,9,Divorced,Technical, Not-in-family,*,Male,0,0,40,North America,<=50K
15913,"[30, 40[", Private,48458,High School,9,Never-married,Nontechnical, Own-child,*,Female,0,1669,45,North America,<=50K
15915,"[20, 30[", Self-emp-not-inc,136450,Professional Education,12,Married-civ-spouse,Other, Wife,*,Female,0,0,35,North America,>50K
15916,"[20, 30[", Private,193586,Undergraduate,10,Never-married,Other, Own-child,*,Female,0,0,25,North America,<=50K
15917,"[20, 30[", Private,91189,Undergraduate,10,Married-civ-spouse,Technical, Husband,*,Male,0,0,40,North America,<=50K
15918,"[50, 60[", Private,227832,Undergraduate,10,Married-civ-spouse,Other, Husband,*,Male,0,0,40,North America,<=50K
15919,"[20, 30[", Private,271936,Undergraduate,10,Never-married,Nontechnical, Not-in-family,*,Female,0,0,35,North America,<=50K
15920,"[30, 40[", Private,61343,Undergraduate,13,Married-civ-spouse,Nontechnical, Husband,*,Male,0,0,40,North America,>50K
15921,"[30, 40[", Private,157778,Undergraduate,10,Married-civ-spouse,Technical, Husband,*,Male,0,0,25,North America,>50K
15922,"[20, 30[", Private,201680,High School,8,Married-civ-spouse,Technical, Husband,*,Male,0,0,40,North America,<=50K
15923,"[40, 50[", Private,228320,Undergraduate,10,Married-civ-spouse,Technical, Husband,*,Male,0,0,50,North America,>50K
15924,"[70, 80[", Private,33404,High School,6,Widowed,Other, Not-in-family,*,Female,0,0,20,North America,<=50K
15925,"[20, 30[", Private,103205,High School,9,Married-civ-spouse,Technical, Husband,*,Male,0,0,40,North America,<=50K
15926,"[30, 40[", Private,279029,Undergraduate,13,Never-married,Technical, Not-in-family,*,Male,0,0,40,North America,<=50K
15927,"[50, 60[", Private,213092,High School,9,Divorced,Other, Not-in-family,*,Female,0,0,40,North America,<=50K
15929,"[30, 40[", Private,119124,Undergraduate,13,Never-married,Technical, Own-child,*,Male,0,0,40,North America,<=50K
15930,"[60, 70[", Private,31924,Undergraduate,10,Widowed,Other, Not-in-family,*,Female,0,0,15,North America,<=50K
15933,"[60, 70[", Private,185001,High School,6,Widowed,Nontechnical, Not-in-family,*,Female,0,0,20,North America,<=50K
15934,"[30, 40[", Self-emp-not-inc,34102,High School,9,Never-married,Other, Not-in-family,*,Female,0,0,35,North America,<=50K
15935,"[30, 40[", Private,115214,High School,9,Never-married,Technical, Unmarried,*,Male,6497,0,65,North America,<=50K
15936,"[20, 30[", Private,289484,Undergraduate,10,Never-married,Other, Own-child,*,Female,0,0,40,North America,<=50K
15937,"[30, 40[", State-gov,287908,High School,9,Never-married,Other, Own-child,*,Male,0,0,42,North America,<=50K
15938,"[50, 60[", Self-emp-not-inc,158284,High School,9,Married-civ-spouse,Nontechnical, Husband,*,Male,0,0,70,North America,<=50K
15941,"[50, 60[", Private,244605,Professional Education,11,Married-civ-spouse,Nontechnical, Husband,*,Male,3908,0,40,North America,<=50K
15942,"[30, 40[", Private,150601,High School,6,Separated,Other, Unmarried,*,Male,0,3770,40,North America,<=50K
15943,"[20, 30[", Private,199143,High School,9,Married-civ-spouse,Nontechnical, Husband,*,Male,0,0,50,North America,<=50K
15944,"[60, 70[", Private,131681,Undergraduate,13,Married-civ-spouse,Nontechnical, Husband,*,Male,0,0,50,North America,>50K
15945,"[20, 30[", Private,346406,High School,9,Married-civ-spouse,Technical, Husband,*,Male,0,1672,50,North America,<=50K
15946,"[30, 40[", Federal-gov,391122,High School,9,Never-married,Other, Own-child,*,Female,0,0,30,North America,<=50K
15947,"[20, 30[", Local-gov,280344,Undergraduate,10,Married-civ-spouse,Other, Husband,*,Male,0,0,40,North America,<=50K
15949,"[40, 50[", Private,277488,High School,4,Married-civ-spouse,Other, Husband,*,Male,0,0,36,North America,<=50K
15950,"[60, 70[", Self-emp-not-inc,181561,Undergraduate,10,Divorced,Nontechnical, Not-in-family,*,Male,0,0,50,North America,<=50K
15951,"[30, 40[", Private,158545,High School,9,Married-civ-spouse,Other, Wife,*,Female,0,0,27,North America,<=50K
15952,"[20, 30[", Private,313573,Undergraduate,13,Never-married,Nontechnical, Own-child,*,Female,0,0,25,North America,<=50K
15954,"[40, 50[", Private,268183,Professional Education,15,Married-civ-spouse,Technical, Husband,*,Male,0,0,45,North America,>50K
15955,"[50, 60[", Private,392286,High School,9,Married-civ-spouse,Other, Husband,*,Male,0,0,40,North America,>50K
15956,"[50, 60[", Private,233312,Undergraduate,10,Married-civ-spouse,Technical, Husband,*,Male,0,0,40,North America,>50K
15957,"[20, 30[", Private,520231,Undergraduate,10,Never-married,Technical, Not-in-family,*,Female,0,0,45,North America,<=50K
15958,"[20, 30[", Self-emp-not-inc,186831,Undergraduate,10,Never-married,Nontechnical, Not-in-family,*,Male,0,0,45,North America,<=50K
15959,"[60, 70[", Self-emp-not-inc,141085,High School,9,Divorced,Technical, Not-in-family,*,Female,0,0,20,North America,<=50K
15960,"[60, 70[", ?,198019,High School,9,Widowed,Other, Not-in-family,*,Female,0,0,35,North America,<=50K
15961,"[40, 50[", Local-gov,198660,Undergraduate,13,Married-civ-spouse,Technical, Husband,*,Male,0,0,40,North America,>50K
15962,"[20, 30[", Private,409230,High School,9,Never-married,Technical, Not-in-family,*,Male,0,0,40,North America,<=50K
15963,"[30, 40[", Private,376025,High School,4,Married-civ-spouse,Other, Husband,*,Male,0,0,40,North America,<=50K
15964,"[50, 60[", Private,80167,Undergraduate,13,Divorced,Technical, Unmarried,*,Female,0,0,40,North America,<=50K
15965,"[30, 40[", Private,99357,Graduate,14,Divorced,Technical, Own-child,*,Female,1506,0,40,North America,<=50K
15968,"[30, 40[", Private,275223,Undergraduate,10,Married-civ-spouse,Nontechnical, Husband,*,Male,7298,0,40,North America,>50K
15969,"[10, 20[", Private,117595,High School,9,Never-married,Other, Own-child,*,Male,0,0,24,North America,<=50K
15970,"[30, 40[", Private,207668,High School,9,Married-civ-spouse,Technical, Husband,*,Male,0,0,50,North America,<=50K
15971,"[60, 70[", Self-emp-not-inc,179981,Undergraduate,10,Married-civ-spouse,Nontechnical, Husband,*,Male,0,0,60,North America,>50K
15972,"[10, 20[", Private,192583,Undergraduate,10,Never-married,Nontechnical, Not-in-family,*,Female,0,0,30,North America,<=50K
15973,"[30, 40[", Private,66304,Undergraduate,10,Married-civ-spouse,Other, Husband,*,Male,0,0,45,North America,<=50K
15974,"[40, 50[", Private,200671,Undergraduate,13,Divorced,Other, Own-child,*,Male,6497,0,40,North America,<=50K
15975,"[50, 60[", Private,32365,Undergraduate,10,Never-married,Other, Not-in-family,*,Male,0,0,40,North America,<=50K
15976,"[40, 50[", Private,28497,High School,9,Married-civ-spouse,Technical, Husband,*,Male,0,0,40,North America,<=50K
15977,"[40, 50[", Private,222978,High School,9,Divorced,Nontechnical, Not-in-family,*,Female,0,1504,40,North America,<=50K
15978,"[20, 30[", Private,160261,Undergraduate,10,Never-married,Nontechnical, Own-child,*,Male,0,0,40,Asia,<=50K
15979,"[40, 50[", Private,120724,High School,8,Married-civ-spouse,Nontechnical, Husband,*,Male,0,0,50,North America,<=50K
15980,"[20, 30[", Private,91733,Undergraduate,10,Never-married,Nontechnical, Own-child,*,Female,0,0,8,North America,<=50K
15981,"[70, 80[", Self-emp-not-inc,146929,High School,9,Married-civ-spouse,Nontechnical, Husband,*,Male,0,0,55,North America,<=50K
15982,"[40, 50[", Private,205706,High School,9,Never-married,Nontechnical, Not-in-family,*,Female,0,0,40,North America,<=50K
15983,"[20, 30[", Private,181666,Undergraduate,10,Married-civ-spouse,Technical, Wife,*,Female,0,0,40,North America,<=50K
15984,"[50, 60[", Local-gov,279452,High School,9,Married-civ-spouse,Other, Husband,*,Male,0,0,40,North America,<=50K
15985,"[30, 40[", Private,207568,High School,9,Married-civ-spouse,Nontechnical, Husband,*,Male,0,0,48,North America,>50K
15986,"[30, 40[", Private,22494,Undergraduate,10,Divorced,Other, Not-in-family,*,Female,7443,0,40,North America,<=50K
15987,"[10, 20[", Private,210026,High School,6,Never-married,Other, Other-relative,*,Female,0,0,40,North America,<=50K
15989,"[20, 30[", Private,109869,Undergraduate,10,Never-married,Other, Own-child,*,Male,0,0,40,North America,<=50K
15990,"[10, 20[", Self-emp-not-inc,285263,High School,5,Never-married,Technical, Not-in-family,*,Male,0,0,35,North America,<=50K
15991,"[20, 30[", Private,192588,High School,9,Married-civ-spouse,Technical, Husband,*,Male,0,0,40,North America,<=50K
15993,"[40, 50[", Local-gov,31339,High School,9,Married-civ-spouse,Technical, Husband,*,Male,0,0,40,North America,<=50K
15994,"[50, 60[", Private,305147,Undergraduate,13,Married-civ-spouse,Technical, Husband,*,Male,0,0,40,North America,<=50K
15995,"[60, 70[", Private,188914,High School,9,Widowed,Technical, Other-relative,*,Female,0,0,40,North America,<=50K
15996,"[50, 60[", Self-emp-not-inc,141165,High School,9,Married-civ-spouse,Other, Husband,*,Male,0,0,50,North America,<=50K
15997,"[60, 70[", Self-emp-inc,136218,High School,9,Widowed,Other, Unmarried,*,Female,0,0,15,North America,<=50K
15998,"[40, 50[", Federal-gov,371382,Undergraduate,10,Married-civ-spouse,Nontechnical, Husband,*,Male,0,0,40,North America,>50K
15999,"[20, 30[", ?,199177,High School,9,Never-married,Other, Not-in-family,*,Female,0,0,40,North America,<=50K
16000,"[20, 30[", Private,221366,Undergraduate,10,Married-civ-spouse,Technical, Husband,*,Male,3103,0,50,North America,>50K
16001,"[20, 30[", Private,403671,Undergraduate,13,Never-married,Technical, Not-in-family,*,Male,0,0,40,North America,<=50K
16002,"[50, 60[", Private,193871,Undergraduate,13,Divorced,Nontechnical, Unmarried,*,Female,0,0,40,North America,<=50K
16003,"[40, 50[", Private,306183,Undergraduate,10,Divorced,Other, Own-child,*,Female,0,0,44,North America,<=50K
16004,"[60, 70[", ?,159938,High School,9,Divorced,Other, Not-in-family,*,Male,8614,0,40,North America,>50K
16005,"[50, 60[", Private,124194,High School,9,Widowed,Other, Unmarried,*,Female,0,0,40,North America,<=50K
16006,"[20, 30[", Private,69847,Undergraduate,13,Never-married,Other, Own-child,*,Female,0,0,30,North America,<=50K
16007,"[20, 30[", State-gov,169323,Graduate,14,Never-married,Technical, Not-in-family,*,Female,0,0,40,North America,<=50K
16008,"[30, 40[", State-gov,172327,Undergraduate,13,Separated,Nontechnical, Not-in-family,*,Male,0,0,42,North America,<=50K
16009,"[40, 50[", Private,118889,High School,9,Married-civ-spouse,Nontechnical, Husband,*,Male,2885,0,15,North America,<=50K
16011,"[30, 40[", Private,186420,High School,9,Divorced,Other, Not-in-family,*,Female,0,0,40,North America,<=50K
16012,"[40, 50[", Private,192779,Undergraduate,13,Never-married,Nontechnical, Not-in-family,*,Male,0,0,45,North America,>50K
16013,"[40, 50[", Private,105616,Undergraduate,10,Widowed,Other, Unmarried,*,Female,0,0,48,North America,<=50K
16014,"[20, 30[", Private,141113,High School,4,Married-civ-spouse,Nontechnical, Husband,*,Male,2580,0,40,North America,<=50K
16015,"[50, 60[", Private,160275,High School,9,Divorced,Technical, Not-in-family,*,Male,0,0,40,North America,<=50K
16018,"[50, 60[", Private,314592,High School,9,Married-civ-spouse,Technical, Husband,*,Male,0,0,40,North America,>50K
16019,"[40, 50[", ?,254630,Professional Education,11,Divorced,Other, Not-in-family,*,Male,0,0,80,North America,<=50K
16020,"[60, 70[", Private,159522,High School,4,Divorced,Technical, Unmarried,*,Female,2964,0,40,North America,<=50K
16021,"[20, 30[", Private,112130,High School,9,Never-married,Other, Not-in-family,*,Female,0,0,40,North America,<=50K
16022,"[40, 50[", Private,192835,High School,9,Married-civ-spouse,Other, Husband,*,Male,3942,0,40,North America,<=50K
16023,"[30, 40[", Private,206280,High School,9,Never-married,Other, Not-in-family,*,Male,0,0,40,North America,<=50K
16025,"[30, 40[", Self-emp-not-inc,93206,Undergraduate,13,Married-civ-spouse,Nontechnical, Husband,*,Male,0,1902,65,North America,>50K
16026,"[40, 50[", Private,206066,High School,9,Married-civ-spouse,Technical, Husband,*,Male,0,0,50,North America,<=50K
16027,"[40, 50[", Self-emp-not-inc,309895,Undergraduate,10,Divorced,Nontechnical, Own-child,*,Female,0,0,40,North America,<=50K
16029,"[20, 30[", State-gov,287420,Undergraduate,13,Never-married,Technical, Not-in-family,*,Female,0,0,60,North America,<=50K
16030,"[20, 30[", Private,163595,High School,9,Never-married,Technical, Own-child,*,Male,0,0,40,North America,<=50K
16031,"[30, 40[", Private,170092,High School,9,Married-spouse-absent,Other, Unmarried,*,Female,0,0,20,North America,<=50K
16032,"[30, 40[", Private,287031,Undergraduate,10,Married-civ-spouse,Technical, Husband,*,Male,5178,0,75,North America,>50K
16033,"[40, 50[", Private,59474,High School,9,Divorced,Technical, Not-in-family,*,Male,0,0,40,North America,<=50K
16034,"[30, 40[", Private,99151,High School,9,Married-civ-spouse,Other, Wife,*,Female,0,0,40,North America,>50K
16035,"[30, 40[", Private,206888,High School,9,Never-married,Nontechnical, Not-in-family,*,Female,0,0,50,North America,<=50K
16037,"[20, 30[", Private,173736,High School,9,Married-civ-spouse,Technical, Husband,*,Male,0,0,40,North America,<=50K
16039,"[40, 50[", Local-gov,311080,Undergraduate,10,Married-civ-spouse,Other, Husband,*,Male,0,0,40,North America,>50K
16040,"[20, 30[", Self-emp-not-inc,389857,High School,9,Never-married,Technical, Not-in-family,*,Male,0,0,50,North America,>50K
16041,"[20, 30[", Private,297152,Undergraduate,10,Never-married,Other, Own-child,*,Female,0,0,25,North America,<=50K
16042,"[20, 30[", Federal-gov,130534,Undergraduate,13,Never-married,Nontechnical, Not-in-family,*,Male,0,0,40,North America,<=50K
16043,"[20, 30[", Private,137301,Professional Education,12,Never-married,Technical, Own-child,*,Female,0,0,40,North America,<=50K
16044,"[50, 60[", Private,316235,High School,9,Divorced,Nontechnical, Other-relative,*,Female,0,0,32,North America,<=50K
16045,"[20, 30[", Self-emp-inc,32922,Professional Education,11,Never-married,Nontechnical, Not-in-family,*,Male,0,0,60,North America,<=50K
16046,"[50, 60[", Private,118303,High School,9,Widowed,Nontechnical, Not-in-family,*,Female,0,0,35,North America,>50K
16047,"[10, 20[", Private,188241,High School,7,Never-married,Other, Own-child,*,Male,0,0,16,North America,<=50K
16048,"[50, 60[", Private,236731,High School,4,Married-civ-spouse,Other, Husband,*,Male,0,0,40,North America,<=50K
16049,"[30, 40[", Private,209397,High School,9,Divorced,Other, Unmarried,*,Female,0,0,40,North America,<=50K
16050,"[50, 60[", Self-emp-inc,290640,Undergraduate,10,Married-civ-spouse,Nontechnical, Husband,*,Male,0,0,50,North America,>50K
16052,"[50, 60[", Private,175246,High School,9,Married-civ-spouse,Other, Husband,*,Male,0,0,50,North America,>50K
16053,"[50, 60[", Private,159724,Graduate,14,Married-civ-spouse,Nontechnical, Husband,*,Male,7298,0,55,North America,>50K
16054,"[40, 50[", State-gov,160369,High School,9,Never-married,Other, Not-in-family,*,Male,0,0,40,North America,>50K
16055,"[30, 40[", Private,461337,Undergraduate,10,Married-civ-spouse,Other, Wife,*,Female,0,0,40,North America,<=50K
16056,"[30, 40[", Private,187311,Undergraduate,10,Never-married,Other, Not-in-family,*,Female,0,0,60,North America,<=50K
16057,"[30, 40[", Private,29312,Undergraduate,10,Never-married,Nontechnical, Own-child,*,Male,0,0,40,North America,<=50K
16058,"[30, 40[", Self-emp-not-inc,197365,High School,9,Married-civ-spouse,Technical, Husband,*,Male,0,0,50,North America,<=50K
16060,"[50, 60[", Local-gov,135439,Undergraduate,13,Widowed,Technical, Not-in-family,*,Female,0,0,48,North America,<=50K
16061,"[30, 40[", Private,340917,High School,9,Never-married,Technical, Not-in-family,*,Male,0,0,40,North America,<=50K
16062,"[20, 30[", Private,155057,Undergraduate,10,Married-civ-spouse,Technical, Husband,*,Male,0,0,50,North America,>50K
16063,"[60, 70[", ?,200749,High School,9,Married-civ-spouse,Other, Husband,*,Male,0,0,25,North America,<=50K
16064,"[40, 50[", Private,323627,Undergraduate,13,Never-married,Nontechnical, Not-in-family,*,Female,0,0,5,North America,<=50K
16065,"[20, 30[", ?,154921,Primary School,3,Never-married,Other, Not-in-family,*,Male,0,0,50,North America,<=50K
16066,"[30, 40[", Private,131425,Undergraduate,13,Married-civ-spouse,Technical, Husband,*,Male,0,0,50,North America,<=50K
16069,"[40, 50[", Private,124924,High School,9,Married-civ-spouse,Nontechnical, Husband,*,Male,0,0,40,North America,<=50K
16070,"[20, 30[", Private,253003,High School,9,Never-married,Nontechnical, Not-in-family,*,Male,0,0,16,North America,<=50K
16071,"[50, 60[", State-gov,250976,High School,9,Married-civ-spouse,Technical, Husband,*,Male,0,0,40,North America,<=50K
16072,"[40, 50[", Private,104196,Undergraduate,10,Divorced,Other, Not-in-family,*,Male,0,0,60,North America,<=50K
16073,"[30, 40[", Self-emp-not-inc,250182,High School,7,Married-civ-spouse,Other, Husband,*,Male,0,0,60,North America,<=50K
16074,"[40, 50[", Private,188331,Undergraduate,10,Divorced,Nontechnical, Unmarried,*,Female,0,0,42,North America,<=50K
16075,"[40, 50[", Private,187322,Undergraduate,13,Divorced,Other, Not-in-family,*,Male,0,0,40,North America,<=50K
16077,"[30, 40[", Private,40955,Undergraduate,13,Never-married,Technical, Not-in-family,*,Male,0,0,30,North America,<=50K
16078,"[30, 40[", Private,107125,Undergraduate,13,Married-civ-spouse,Technical, Husband,*,Male,0,0,16,North America,>50K
16080,"[20, 30[", Private,133937,Undergraduate,10,Never-married,Nontechnical, Not-in-family,*,Male,0,0,45,North America,<=50K
16081,"[40, 50[", State-gov,293485,Undergraduate,10,Married-civ-spouse,Other, Wife,*,Female,3103,0,40,North America,>50K
16082,"[20, 30[", ?,203260,Undergraduate,13,Never-married,Other, Not-in-family,*,Male,0,0,8,North America,<=50K
16083,"[30, 40[", Self-emp-not-inc,143368,Graduate,16,Married-civ-spouse,Technical, Husband,*,Male,0,0,60,North America,<=50K
16084,"[10, 20[", Private,51789,Undergraduate,10,Never-married,Other, Own-child,*,Male,0,0,8,North America,<=50K
16085,"[20, 30[", State-gov,211049,High School,4,Never-married,Technical, Unmarried,*,Female,0,0,20,North America,<=50K
16086,"[50, 60[", Private,81794,High School,8,Married-civ-spouse,Other, Wife,*,Female,0,0,40,North America,<=50K
16087,"[40, 50[", Private,139193,High School,9,Divorced,Technical, Not-in-family,*,Male,0,1980,48,North America,<=50K
16088,"[50, 60[", Private,150999,Undergraduate,10,Divorced,Technical, Not-in-family,*,Male,0,0,60,North America,<=50K
16089,"[20, 30[", Private,332657,Undergraduate,10,Never-married,Technical, Not-in-family,*,Female,0,0,40,North America,<=50K
16090,"[40, 50[", Private,240043,High School,6,Married-spouse-absent,Other, Unmarried,*,Female,0,0,30,North America,<=50K
16092,"[50, 60[", State-gov,223400,Undergraduate,13,Married-civ-spouse,Technical, Wife,*,Female,0,0,20,North America,>50K
16093,"[50, 60[", Local-gov,102442,Undergraduate,13,Married-civ-spouse,Technical, Wife,*,Female,0,0,45,North America,>50K
16094,"[30, 40[", Private,236599,Undergraduate,13,Married-civ-spouse,Nontechnical, Husband,*,Male,0,0,45,North America,>50K
16095,"[30, 40[", Private,283237,High School,9,Never-married,Technical, Own-child,*,Male,0,0,40,North America,<=50K
16096,"[10, 20[", Private,150106,High School,6,Never-married,Nontechnical, Own-child,*,Female,0,0,20,North America,<=50K
16097,"[40, 50[", Private,102076,Undergraduate,10,Divorced,Technical, Unmarried,*,Female,0,0,32,North America,<=50K
16098,"[40, 50[", Private,374764,Undergraduate,10,Divorced,Nontechnical, Not-in-family,*,Male,0,0,40,North America,<=50K
16099,"[30, 40[", Private,32528,High School,9,Married-civ-spouse,Nontechnical, Husband,*,Male,0,0,45,North America,<=50K
16100,"[20, 30[", Federal-gov,50053,Undergraduate,13,Never-married,Technical, Not-in-family,*,Male,0,0,45,North America,<=50K
16101,"[50, 60[", Private,212864,High School,9,Divorced,Nontechnical, Not-in-family,*,Male,0,0,40,North America,<=50K
16102,"[30, 40[", Private,30673,Undergraduate,10,Divorced,Nontechnical, Not-in-family,*,Male,0,0,50,North America,>50K
16104,"[20, 30[", Private,419554,High School,9,Married-civ-spouse,Nontechnical, Husband,*,Male,0,0,54,North America,<=50K
16105,"[30, 40[", State-gov,177216,Undergraduate,13,Never-married,Technical, Not-in-family,*,Female,0,0,40,North America,<=50K
16106,"[40, 50[", Private,118158,Professional Education,12,Married-civ-spouse,Other, Husband,*,Male,0,0,44,North America,<=50K
16109,"[40, 50[", Private,111895,Undergraduate,13,Married-civ-spouse,Technical, Husband,*,Male,0,0,50,North America,>50K
16110,"[10, 20[", Private,193290,Undergraduate,10,Never-married,Other, Own-child,*,Male,0,1721,20,North America,<=50K
16111,"[20, 30[", Federal-gov,287988,Undergraduate,13,Never-married,Other, Not-in-family,*,Male,0,0,40,North America,<=50K
16112,"[50, 60[", Private,147653,Undergraduate,10,Married-civ-spouse,Other, Wife,*,Female,0,0,32,North America,<=50K
16113,"[50, 60[", Private,117674,Graduate,14,Married-civ-spouse,Technical, Husband,*,Male,0,0,40,North America,>50K
16114,"[60, 70[", Private,187458,High School,4,Married-civ-spouse,Technical, Husband,*,Male,0,0,40,North America,<=50K
16115,"[20, 30[", Private,410351,Undergraduate,10,Married-civ-spouse,Other, Husband,*,Male,0,0,40,North America,<=50K
16116,"[40, 50[", Private,207578,High School,9,Married-civ-spouse,Other, Husband,*,Male,0,0,40,North America,>50K
16117,"[60, 70[", ?,55621,Undergraduate,10,Married-civ-spouse,Other, Husband,*,Male,0,0,35,North America,>50K
16118,"[20, 30[", State-gov,271243,Undergraduate,10,Divorced,Other, Unmarried,*,Male,0,0,40,North America,<=50K
16119,"[30, 40[", Private,188798,Undergraduate,10,Divorced,Other, Own-child,*,Female,0,0,20,North America,<=50K
16120,"[60, 70[", Local-gov,168656,Undergraduate,13,Divorced,Technical, Not-in-family,*,Male,0,0,35,North America,<=50K
16121,"[30, 40[", Private,460408,High School,9,Never-married,Nontechnical, Not-in-family,*,Male,3325,0,50,North America,<=50K
16122,"[30, 40[", Private,241885,High School,9,Married-civ-spouse,Other, Husband,*,Male,0,0,45,North America,<=50K
16123,"[20, 30[", ?,133061,High School,5,Never-married,Other, Own-child,*,Male,0,0,40,North America,<=50K
16124,"[50, 60[", Private,194097,High School,9,Married-civ-spouse,Other, Husband,*,Male,0,0,40,North America,<=50K
16125,"[20, 30[", Private,219137,High School,6,Never-married,Other, Own-child,*,Male,0,0,25,North America,<=50K
16126,"[50, 60[", Private,31621,High School,9,Married-civ-spouse,Technical, Husband,*,Male,0,0,40,North America,>50K
16127,"[40, 50[", Private,207685,High School,9,Married-civ-spouse,Technical, Husband,*,Male,0,0,40,North America,<=50K
16128,"[20, 30[", Private,57052,High School,9,Married-civ-spouse,Technical, Husband,*,Male,2885,0,40,North America,<=50K
16129,"[10, 20[", Private,109854,High School,9,Never-married,Other, Own-child,*,Female,0,0,40,North America,<=50K
16130,"[20, 30[", ?,369678,High School,9,Never-married,Other, Not-in-family,*,Male,0,0,43,North America,<=50K
16131,"[10, 20[", Private,53611,High School,8,Never-married,Other, Own-child,*,Female,0,0,6,North America,<=50K
16132,"[40, 50[", Private,344916,Professional Education,12,Divorced,Other, Not-in-family,*,Male,0,0,40,North America,<=50K
16133,"[20, 30[", Local-gov,198813,Undergraduate,13,Never-married,Other, Other-relative,*,Female,0,0,40,North America,<=50K
16135,"[20, 30[", Private,188073,High School,9,Never-married,Technical, Own-child,*,Female,0,0,40,North America,<=50K
16136,"[60, 70[", ?,159077,High School,7,Married-civ-spouse,Other, Husband,*,Male,0,0,48,North America,<=50K
16137,"[40, 50[", Private,174829,Professional Education,12,Married-civ-spouse,Technical, Husband,*,Male,0,0,40,North America,<=50K
16138,"[50, 60[", Private,142791,High School,4,Widowed,Nontechnical, Other-relative,*,Female,0,1602,3,North America,<=50K
16139,"[50, 60[", Self-emp-not-inc,43221,Undergraduate,10,Married-civ-spouse,Other, Husband,*,Male,0,2415,40,North America,>50K
16141,"[30, 40[", Local-gov,222654,Undergraduate,10,Married-civ-spouse,Nontechnical, Husband,*,Male,0,0,66,Unknown,<=50K
16143,"[40, 50[", Federal-gov,112388,Graduate,14,Never-married,Technical, Not-in-family,*,Male,0,0,40,North America,<=50K
16144,"[20, 30[", Private,209641,High School,9,Never-married,Other, Not-in-family,*,Male,0,0,32,North America,<=50K
16146,"[10, 20[", ?,134974,Undergraduate,10,Never-married,Other, Own-child,*,Female,0,0,20,North America,<=50K
16147,"[40, 50[", Private,152742,Professional Education,11,Divorced,Technical, Not-in-family,*,Female,3325,0,40,North America,<=50K
16148,"[20, 30[", Self-emp-inc,153291,High School,9,Never-married,Other, Own-child,*,Female,0,0,35,North America,<=50K
16149,"[40, 50[", Private,353432,High School,6,Divorced,Technical, Not-in-family,*,Female,0,0,35,North America,<=50K
16150,"[20, 30[", Private,96635,Undergraduate,10,Never-married,Technical, Own-child,*,Male,0,0,30,North America,<=50K
16151,"[40, 50[", ?,202560,High School,9,Married-civ-spouse,Other, Wife,*,Female,0,0,40,North America,>50K
16152,"[30, 40[", Private,150057,Graduate,14,Never-married,Nontechnical, Not-in-family,*,Male,0,0,50,North America,>50K
16153,"[30, 40[", Private,114844,Undergraduate,13,Never-married,Nontechnical, Not-in-family,*,Male,0,1876,50,North America,<=50K
16154,"[40, 50[", Private,132847,High School,9,Never-married,Nontechnical, Not-in-family,*,Female,0,0,40,North America,<=50K
16155,"[20, 30[", ?,41356,Undergraduate,10,Never-married,Other, Own-child,*,Female,0,0,35,North America,<=50K
16156,"[50, 60[", Self-emp-not-inc,93705,Undergraduate,10,Divorced,Nontechnical, Not-in-family,*,Female,0,0,40,North America,<=50K
16157,"[30, 40[", Private,309350,High School,9,Married-civ-spouse,Other, Husband,*,Male,0,0,40,North America,<=50K
16158,"[30, 40[", Private,123084,High School,7,Married-civ-spouse,Technical, Own-child,*,Female,0,0,40,North America,<=50K
16159,"[50, 60[", Private,174662,High School,9,Married-civ-spouse,Other, Husband,*,Male,0,0,32,North America,<=50K
16160,"[60, 70[", Federal-gov,177295,High School,9,Widowed,Other, Unmarried,*,Female,0,0,40,North America,<=50K
16161,"[30, 40[", Private,211880,Undergraduate,13,Married-civ-spouse,Nontechnical, Husband,*,Male,0,0,40,North America,<=50K
16162,"[30, 40[", Self-emp-not-inc,454915,High School,5,Married-civ-spouse,Technical, Husband,*,Male,0,0,40,North America,<=50K
16163,"[30, 40[", Private,232475,High School,9,Separated,Technical, Not-in-family,*,Male,0,0,40,North America,<=50K
16164,"[50, 60[", Self-emp-inc,244605,Undergraduate,10,Married-civ-spouse,Nontechnical, Husband,*,Male,0,0,50,North America,>50K
16165,"[50, 60[", Private,150876,High School,9,Married-civ-spouse,Nontechnical, Husband,*,Male,0,1887,55,North America,>50K
16166,"[50, 60[", Private,257337,High School,9,Married-civ-spouse,Other, Husband,*,Male,0,0,50,North America,<=50K
16167,"[40, 50[", Private,329144,High School,9,Married-civ-spouse,Nontechnical, Husband,*,Male,4386,0,45,North America,>50K
16168,"[30, 40[", Private,116960,Undergraduate,13,Never-married,Technical, Not-in-family,*,Male,0,0,45,North America,>50K
16169,"[50, 60[", Private,267663,High School,4,Married-civ-spouse,Other, Husband,*,Male,0,0,40,North America,<=50K
16170,"[30, 40[", Private,47871,Undergraduate,13,Divorced,Nontechnical, Unmarried,*,Female,0,0,50,North America,>50K
16172,"[40, 50[", Private,175625,High School,9,Separated,Other, Unmarried,*,Female,0,0,38,North America,<=50K
16173,"[10, 20[", ?,129586,Undergraduate,10,Never-married,Other, Own-child,*,Male,0,0,40,North America,<=50K
16174,"[40, 50[", Private,190179,Undergraduate,13,Married-civ-spouse,Technical, Husband,*,Male,99999,0,40,North America,>50K
16175,"[40, 50[", Private,168071,Professional Education,11,Divorced,Technical, Not-in-family,*,Male,3325,0,40,North America,<=50K
16176,"[30, 40[", Self-emp-not-inc,202027,Professional Education,15,Married-civ-spouse,Technical, Husband,*,Male,0,1977,50,North America,>50K
16177,"[30, 40[", Private,202662,Graduate,14,Married-civ-spouse,Technical, Husband,*,Male,0,0,40,North America,>50K
16178,"[50, 60[", Private,101436,High School,9,Divorced,Other, Other-relative,*,Female,0,0,35,North America,<=50K
16179,"[10, 20[", ?,119234,Undergraduate,10,Never-married,Other, Other-relative,*,Female,0,0,15,North America,<=50K
16180,"[30, 40[", Private,360743,Undergraduate,10,Married-civ-spouse,Nontechnical, Husband,*,Male,0,0,40,North America,>50K
16181,"[60, 70[", Local-gov,93272,High School,9,Married-civ-spouse,Other, Husband,*,Male,0,0,40,North America,<=50K
16182,"[50, 60[", Private,145574,High School,9,Married-civ-spouse,Technical, Husband,*,Male,0,0,40,North America,>50K
16183,"[50, 60[", Private,101722,High School,4,Married-civ-spouse,Nontechnical, Husband,*,Male,3908,0,47,North America,<=50K
16184,"[30, 40[", Private,135785,Undergraduate,13,Never-married,Technical, Not-in-family,*,Female,0,0,36,North America,<=50K
16185,"[20, 30[", ?,218415,Undergraduate,10,Never-married,Other, Own-child,*,Female,0,0,10,North America,<=50K
16186,"[10, 20[", Private,127709,High School,9,Never-married,Other, Own-child,*,Male,0,0,30,North America,<=50K
16187,"[30, 40[", Federal-gov,448337,High School,9,Never-married,Nontechnical, Unmarried,*,Female,0,0,40,North America,<=50K
16188,"[50, 60[", Private,310320,Undergraduate,13,Married-civ-spouse,Nontechnical, Husband,*,Male,0,0,40,North America,>50K
16189,"[30, 40[", Private,251521,High School,7,Never-married,Other, Not-in-family,*,Female,0,0,35,North America,<=50K
16190,"[30, 40[", Private,255503,Undergraduate,13,Never-married,Nontechnical, Not-in-family,*,Male,0,0,40,North America,>50K
16191,"[30, 40[", Private,116608,High School,9,Never-married,Other, Not-in-family,*,Female,4865,0,40,North America,<=50K
16192,"[20, 30[", Private,71009,Undergraduate,13,Never-married,Technical, Not-in-family,*,Female,0,0,40,Asia,<=50K
16193,"[20, 30[", Private,174975,Professional Education,11,Never-married,Technical, Own-child,*,Female,0,0,36,North America,<=50K
16195,"[10, 20[", Private,204018,High School,7,Never-married,Nontechnical, Unmarried,*,Male,0,0,15,North America,<=50K
16196,"[50, 60[", ?,366563,Undergraduate,10,Divorced,Other, Not-in-family,*,Female,0,0,40,North America,<=50K
16197,"[60, 70[", Private,121846,High School,4,Widowed,Other, Unmarried,*,Female,0,0,20,North America,<=50K
16198,"[70, 80[", Private,278139,High School,9,Married-civ-spouse,Nontechnical, Husband,*,Male,3432,0,40,North America,<=50K
16199,"[30, 40[", Private,114691,High School,9,Never-married,Other, Own-child,*,Male,0,0,40,North America,<=50K
16201,"[50, 60[", Private,94432,High School,9,Married-civ-spouse,Technical, Husband,*,Male,0,0,40,North America,<=50K
16203,"[40, 50[", Private,101684,High School,9,Married-civ-spouse,Technical, Husband,*,Male,0,0,40,North America,<=50K
16204,"[40, 50[", Private,352834,Undergraduate,13,Married-civ-spouse,Technical, Husband,*,Male,7688,0,55,North America,>50K
16205,"[30, 40[", Private,99146,Undergraduate,10,Married-civ-spouse,Technical, Husband,*,Male,0,1887,40,North America,>50K
16206,"[30, 40[", Private,231413,Undergraduate,10,Married-civ-spouse,Technical, Husband,*,Male,0,0,40,North America,>50K
16207,"[20, 30[", Private,158846,High School,9,Married-civ-spouse,Technical, Husband,*,Male,0,0,45,North America,<=50K
16208,"[40, 50[", Local-gov,190786,Undergraduate,13,Divorced,Technical, Not-in-family,*,Male,0,0,20,North America,<=50K
16209,"[20, 30[", Private,306513,Undergraduate,10,Married-civ-spouse,Other, Husband,*,Male,0,0,45,North America,<=50K
16210,"[60, 70[", Private,152148,High School,5,Married-civ-spouse,Other, Husband,*,Male,0,0,40,North America,<=50K
16211,"[20, 30[", Private,309580,Graduate,14,Never-married,Technical, Not-in-family,*,Male,0,0,40,North America,<=50K
16212,"[20, 30[", ?,130832,Undergraduate,13,Never-married,Other, Unmarried,*,Female,0,0,10,North America,<=50K
16213,"[20, 30[", Private,194897,High School,9,Never-married,Nontechnical, Own-child,*,Male,6849,0,40,North America,<=50K
16214,"[30, 40[", Private,130078,Undergraduate,13,Never-married,Nontechnical, Not-in-family,*,Female,0,0,45,North America,<=50K
16215,"[40, 50[", Private,39986,High School,9,Never-married,Nontechnical, Not-in-family,*,Male,0,0,40,North America,<=50K
16216,"[20, 30[", Private,379198,High School,9,Never-married,Other, Other-relative,*,Male,0,0,40,North America,<=50K
16217,"[50, 60[", Private,189762,Undergraduate,10,Married-civ-spouse,Nontechnical, Wife,*,Female,0,0,15,North America,>50K
16218,"[10, 20[", Private,178147,Undergraduate,10,Never-married,Nontechnical, Own-child,*,Male,0,0,10,North America,<=50K
16219,"[30, 40[", Private,332379,High School,9,Never-married,Technical, Not-in-family,*,Male,0,0,40,North America,<=50K
16220,"[30, 40[", Private,175759,Undergraduate,13,Married-civ-spouse,Nontechnical, Husband,*,Male,7298,0,50,North America,>50K
16221,"[20, 30[", ?,262062,Undergraduate,10,Never-married,Other, Own-child,*,Female,0,0,40,North America,<=50K
16222,"[40, 50[", Private,275446,High School,9,Never-married,Nontechnical, Own-child,*,Male,0,0,40,North America,<=50K
16223,"[30, 40[", Self-emp-not-inc,278522,High School,7,Never-married,Other, Own-child,*,Male,0,0,40,North America,<=50K
16224,"[20, 30[", Self-emp-not-inc,54683,Undergraduate,10,Never-married,Technical, Not-in-family,*,Male,0,1590,40,North America,<=50K
16225,"[50, 60[", Private,136107,High School,5,Married-civ-spouse,Technical, Husband,*,Male,0,0,40,North America,>50K
16226,"[10, 20[", Private,205894,High School,7,Never-married,Nontechnical, Own-child,*,Male,0,0,15,North America,<=50K
16227,"[50, 60[", Private,210736,High School,9,Married-civ-spouse,Technical, Husband,*,Male,0,0,40,North America,>50K
16228,"[30, 40[", Private,166634,High School,9,Married-civ-spouse,Technical, Husband,*,Male,0,0,40,North America,<=50K
16229,"[50, 60[", Private,185283,Graduate,14,Never-married,Technical, Not-in-family,*,Male,0,0,40,North America,<=50K
16231,"[40, 50[", Private,199058,Undergraduate,13,Married-civ-spouse,Nontechnical, Husband,*,Male,0,0,48,Unknown,<=50K
16232,"[10, 20[", Private,145005,Undergraduate,10,Never-married,Other, Own-child,*,Male,0,0,20,North America,<=50K
16233,"[30, 40[", Self-emp-not-inc,184655,High School,9,Never-married,Technical, Not-in-family,*,Male,0,0,35,North America,<=50K
16234,"[50, 60[", Private,358554,High School,9,Married-civ-spouse,Technical, Husband,*,Male,0,0,40,North America,>50K
16235,"[50, 60[", Private,307423,High School,5,Never-married,Other, Not-in-family,*,Male,0,0,50,North America,<=50K
16236,"[20, 30[", Private,472070,Professional Education,11,Never-married,Technical, Not-in-family,*,Male,0,0,40,North America,<=50K
16237,"[40, 50[", Federal-gov,115562,High School,9,Married-civ-spouse,Technical, Husband,*,Male,0,0,40,North America,<=50K
16238,"[50, 60[", Private,32446,Undergraduate,10,Married-civ-spouse,Technical, Husband,*,Male,0,0,40,North America,>50K
16239,"[40, 50[", Self-emp-not-inc,33121,Undergraduate,10,Married-civ-spouse,Other, Husband,*,Male,0,0,72,North America,<=50K
16240,"[30, 40[", Private,183345,Professional Education,11,Never-married,Technical, Not-in-family,*,Male,0,0,45,North America,<=50K
16242,"[40, 50[", Self-emp-not-inc,97883,High School,9,Separated,Other, Other-relative,*,Female,0,0,25,North America,<=50K
16243,"[50, 60[", Self-emp-not-inc,31732,Undergraduate,13,Married-civ-spouse,Nontechnical, Husband,*,Male,0,0,50,North America,<=50K
16244,"[20, 30[", Private,206250,High School,9,Married-civ-spouse,Technical, Husband,*,Male,0,0,45,North America,<=50K
16245,"[30, 40[", Private,103323,Professional Education,12,Married-civ-spouse,Nontechnical, Husband,*,Male,0,0,40,North America,<=50K
16246,"[30, 40[", Self-emp-inc,135436,Professional Education,15,Married-civ-spouse,Technical, Husband,*,Male,0,0,50,North America,>50K
16247,"[30, 40[", Private,376455,Professional Education,11,Divorced,Technical, Not-in-family,*,Male,0,0,38,North America,<=50K
16248,"[50, 60[", Private,160703,High School,9,Married-civ-spouse,Other, Husband,*,Male,0,0,48,North America,<=50K
16249,"[30, 40[", Private,131699,High School,9,Divorced,Other, Not-in-family,*,Male,0,0,40,North America,<=50K
16250,"[20, 30[", Private,243842,High School,5,Never-married,Technical, Own-child,*,Male,0,0,40,North America,<=50K
16251,"[50, 60[", Self-emp-not-inc,349910,Professional Education,12,Married-civ-spouse,Nontechnical, Husband,*,Male,0,0,60,North America,<=50K
16253,"[30, 40[", Private,184306,High School,9,Divorced,Nontechnical, Unmarried,*,Male,0,0,30,North America,<=50K
16254,"[40, 50[", Private,224202,Undergraduate,10,Married-civ-spouse,Nontechnical, Husband,*,Male,0,0,50,North America,<=50K
16255,"[60, 70[", Private,151540,High School,7,Widowed,Technical, Unmarried,*,Female,0,0,16,North America,<=50K
16257,"[10, 20[", Private,279968,High School,9,Never-married,Other, Not-in-family,*,Female,0,0,42,North America,<=50K
16259,"[40, 50[", Self-emp-not-inc,130126,Undergraduate,13,Married-civ-spouse,Technical, Husband,*,Male,0,0,40,North America,>50K
16261,"[50, 60[", Private,161662,Undergraduate,13,Married-civ-spouse,Nontechnical, Husband,*,Male,0,0,42,North America,>50K
16262,"[20, 30[", Local-gov,201664,Undergraduate,10,Never-married,Other, Own-child,*,Male,0,0,40,North America,<=50K
16263,"[40, 50[", Private,137142,High School,9,Married-civ-spouse,Nontechnical, Husband,*,Male,0,0,60,North America,<=50K
16264,"[40, 50[", Self-emp-inc,122206,Professional Education,12,Married-civ-spouse,Nontechnical, Husband,*,Male,0,0,50,North America,>50K
16267,"[30, 40[", Federal-gov,185053,Undergraduate,13,Never-married,Technical, Own-child,*,Female,0,0,40,North America,<=50K
16268,"[30, 40[", Self-emp-not-inc,408427,Professional Education,15,Married-civ-spouse,Technical, Husband,*,Male,0,0,60,North America,>50K
16269,"[50, 60[", Self-emp-not-inc,198581,Professional Education,15,Married-civ-spouse,Technical, Husband,*,Male,0,0,50,North America,>50K
16270,"[60, 70[", Private,199198,High School,4,Widowed,Other, Not-in-family,*,Female,0,0,21,North America,<=50K
16271,"[30, 40[", Private,184306,Professional Education,11,Never-married,Other, Own-child,*,Male,0,1980,60,North America,<=50K
16272,"[60, 70[", Private,172740,Undergraduate,10,Married-civ-spouse,Technical, Husband,*,Male,0,0,40,North America,<=50K
16273,"[40, 50[", Private,205153,Professional Education,11,Married-civ-spouse,Nontechnical, Husband,*,Male,0,0,40,North America,<=50K
16274,"[40, 50[", Private,164964,High School,9,Married-civ-spouse,Technical, Husband,*,Male,0,0,40,North America,<=50K
16275,"[40, 50[", Private,162606,High School,9,Divorced,Nontechnical, Not-in-family,*,Female,0,0,35,North America,<=50K
16276,"[20, 30[", Private,179627,High School,9,Married-civ-spouse,Technical, Husband,*,Male,0,0,40,North America,<=50K
16278,"[20, 30[", Private,36440,Undergraduate,13,Never-married,Nontechnical, Not-in-family,*,Female,0,0,40,North America,<=50K
16279,"[20, 30[", Private,57512,Professional Education,11,Never-married,Technical, Own-child,*,Male,0,0,48,North America,<=50K
16280,"[20, 30[", Private,187981,High School,9,Never-married,Nontechnical, Own-child,*,Male,0,0,40,North America,<=50K
16281,"[50, 60[", Private,393768,Professional Education,11,Married-civ-spouse,Nontechnical, Husband,*,Male,0,0,40,North America,<=50K
16282,"[30, 40[", Private,108726,High School,9,Married-civ-spouse,Nontechnical, Husband,*,Male,0,0,40,North America,>50K
16283,"[30, 40[", Private,180551,High School,9,Married-civ-spouse,Other, Wife,*,Female,0,0,40,North America,>50K
16284,"[50, 60[", Self-emp-not-inc,176240,Professional Education,12,Married-civ-spouse,Nontechnical, Husband,*,Male,0,0,40,North America,>50K
16285,"[50, 60[", Private,70720,High School,8,Married-civ-spouse,Technical, Husband,*,Male,0,0,40,North America,>50K
16286,"[30, 40[", Private,35890,Professional Education,12,Married-civ-spouse,Technical, Husband,*,Male,0,0,40,North America,<=50K
16287,"[50, 60[", Private,283676,Undergraduate,10,Married-civ-spouse,Technical, Husband,*,Male,0,0,40,North America,>50K
16288,"[30, 40[", Local-gov,105540,Undergraduate,13,Married-civ-spouse,Technical, Husband,*,Male,0,2051,40,North America,<=50K
16289,"[40, 50[", Private,408717,High School,9,Divorced,Nontechnical, Not-in-family,*,Male,3674,0,50,North America,<=50K
16290,"[20, 30[", Private,57916,High School,9,Never-married,Other, Own-child,*,Male,0,0,40,North America,<=50K
16291,"[30, 40[", Private,177974,Undergraduate,10,Married-civ-spouse,Technical, Husband,*,Male,0,0,70,North America,<=50K
16293,"[10, 20[", Private,115839,High School,8,Never-married,Other, Not-in-family,*,Female,0,0,30,North America,<=50K
16294,"[30, 40[", ?,205256,High School,9,Married-civ-spouse,Other, Husband,*,Male,2885,0,80,North America,<=50K
16295,"[30, 40[", Private,117802,High School,9,Married-civ-spouse,Technical, Husband,*,Male,0,0,65,North America,>50K
16296,"[10, 20[", Private,211355,High School,9,Never-married,Other, Own-child,*,Male,0,0,12,North America,<=50K
16297,"[40, 50[", Private,173243,High School,9,Married-civ-spouse,Technical, Husband,*,Male,0,0,40,North America,<=50K
16298,"[10, 20[", Private,343200,Undergraduate,10,Never-married,Nontechnical, Own-child,*,Female,0,0,25,North America,<=50K
16299,"[20, 30[", Private,401690,Undergraduate,10,Never-married,Nontechnical, Own-child,*,Female,0,0,20,North America,<=50K
16300,"[30, 40[", Private,196123,High School,9,Married-civ-spouse,Technical, Husband,*,Male,0,0,50,North America,<=50K
16303,"[30, 40[", Private,55176,Undergraduate,10,Married-civ-spouse,Technical, Husband,*,Male,0,0,40,North America,>50K
16304,"[30, 40[", Private,153976,High School,9,Married-civ-spouse,Technical, Husband,*,Male,0,0,40,North America,<=50K
16306,"[20, 30[", Private,169117,High School,9,Married-civ-spouse,Other, Wife,*,Female,0,1887,40,North America,>50K
16307,"[30, 40[", Private,156550,High School,9,Married-civ-spouse,Technical, Husband,*,Male,0,0,60,North America,<=50K
16308,"[20, 30[", Private,109609,Undergraduate,10,Never-married,Other, Not-in-family,*,Male,0,0,25,North America,<=50K
16309,"[30, 40[", Private,26698,High School,9,Married-civ-spouse,Technical, Husband,*,Male,0,0,40,North America,<=50K
16310,"[50, 60[", Private,236497,Undergraduate,13,Married-civ-spouse,Nontechnical, Husband,*,Male,0,0,48,North America,>50K
16311,"[30, 40[", State-gov,306309,Graduate,14,Never-married,Technical, Not-in-family,*,Male,0,0,50,North America,<=50K
16312,"[10, 20[", Private,242773,High School,7,Never-married,Other, Own-child,*,Female,0,0,20,North America,<=50K
16313,"[20, 30[", Private,124680,Undergraduate,13,Never-married,Nontechnical, Not-in-family,*,Female,6849,0,60,North America,<=50K
16314,"[50, 60[", Local-gov,43909,High School,9,Divorced,Other, Unmarried,*,Female,0,0,40,North America,<=50K
16315,"[30, 40[", Private,112820,High School,9,Separated,Nontechnical, Not-in-family,*,Male,2463,0,40,North America,<=50K
16316,"[20, 30[", Private,148300,Undergraduate,13,Never-married,Technical, Own-child,*,Female,0,0,15,North America,<=50K
16317,"[10, 20[", Private,133449,High School,5,Never-married,Other, Own-child,*,Male,0,0,26,North America,<=50K
16318,"[20, 30[", Private,263670,High School,9,Never-married,Other, Own-child,*,Male,0,0,80,North America,<=50K
16319,"[20, 30[", Private,276494,High School,9,Never-married,Nontechnical, Not-in-family,*,Male,0,0,40,North America,<=50K
16320,"[40, 50[", Private,190115,Undergraduate,10,Married-civ-spouse,Nontechnical, Husband,*,Male,0,1887,40,North America,>50K
16321,"[50, 60[", Private,317479,High School,9,Divorced,Technical, Not-in-family,*,Female,0,0,40,North America,<=50K
16322,"[30, 40[", Private,151248,Undergraduate,10,Divorced,Nontechnical, Other-relative,*,Female,0,0,35,North America,<=50K
16324,"[60, 70[", Private,160062,High School,9,Married-civ-spouse,Other, Husband,*,Male,0,0,40,North America,<=50K
16325,"[30, 40[", Private,299635,Professional Education,11,Married-civ-spouse,Technical, Husband,*,Male,0,0,45,North America,<=50K
16327,"[50, 60[", Private,33304,High School,9,Married-civ-spouse,Technical, Husband,*,Male,0,0,40,North America,<=50K
16329,"[20, 30[", Private,243878,Undergraduate,10,Never-married,Technical, Own-child,*,Male,0,0,40,North America,<=50K
16330,"[30, 40[", Local-gov,181721,Undergraduate,13,Married-civ-spouse,Nontechnical, Husband,*,Male,0,0,40,North America,<=50K
16331,"[40, 50[", Federal-gov,201435,Professional Education,11,Married-civ-spouse,Technical, Husband,*,Male,0,0,40,North America,>50K
16332,"[20, 30[", Private,334032,Professional Education,11,Never-married,Nontechnical, Not-in-family,*,Male,0,0,50,North America,<=50K
16333,"[50, 60[", Private,220019,Graduate,14,Married-civ-spouse,Technical, Wife,*,Female,0,0,40,North America,<=50K
16334,"[50, 60[", Private,71772,Graduate,16,Divorced,Technical, Not-in-family,*,Male,0,0,50,North America,<=50K
16335,"[40, 50[", Self-emp-not-inc,27661,Undergraduate,13,Married-civ-spouse,Nontechnical, Husband,*,Male,0,0,45,North America,<=50K
16336,"[40, 50[", Private,191411,Graduate,14,Married-civ-spouse,Technical, Husband,*,Male,0,0,45,Asia,<=50K
16337,"[30, 40[", Private,123945,High School,9,Married-civ-spouse,Other, Wife,*,Female,0,0,40,North America,>50K
16338,"[30, 40[", Self-emp-not-inc,37778,High School,9,Never-married,Other, Not-in-family,*,Male,0,0,60,North America,<=50K
16339,"[30, 40[", State-gov,171216,Undergraduate,13,Never-married,Technical, Own-child,*,Male,0,0,50,North America,<=50K
16340,"[40, 50[", Private,93955,Undergraduate,10,Married-civ-spouse,Technical, Wife,*,Female,0,0,40,North America,<=50K
16341,"[60, 70[", Private,163809,Undergraduate,10,Widowed,Nontechnical, Not-in-family,*,Female,0,0,20,North America,<=50K
16342,"[50, 60[", Private,346754,Undergraduate,10,Married-civ-spouse,Nontechnical, Wife,*,Female,0,0,40,North America,>50K
16343,"[40, 50[", Private,188436,Professional Education,11,Divorced,Technical, Not-in-family,*,Male,0,0,48,North America,<=50K
16344,"[20, 30[", Private,72443,Undergraduate,10,Never-married,Nontechnical, Not-in-family,*,Male,0,1669,60,North America,<=50K
16345,"[60, 70[", Private,186350,High School,9,Widowed,Nontechnical, Not-in-family,*,Female,0,0,10,North America,>50K
16346,"[20, 30[", ?,214238,High School,4,Never-married,Other, Unmarried,*,Female,0,0,40,North America,<=50K
16347,"[40, 50[", State-gov,394860,Undergraduate,13,Married-civ-spouse,Technical, Husband,*,Male,0,0,38,North America,<=50K
16348,"[50, 60[", Private,262642,High School,9,Never-married,Other, Other-relative,*,Female,0,0,40,North America,<=50K
16349,"[30, 40[", Private,125550,High School,9,Divorced,Other, Not-in-family,*,Female,0,0,35,North America,<=50K
16350,"[60, 70[", Private,192504,Graduate,14,Married-civ-spouse,Nontechnical, Husband,*,Male,0,0,40,North America,<=50K
16351,"[20, 30[", Private,131310,Professional Education,12,Never-married,Nontechnical, Own-child,*,Female,0,0,40,North America,<=50K
16352,"[50, 60[", Private,249322,Undergraduate,13,Married-civ-spouse,Nontechnical, Husband,*,Male,7688,0,50,North America,>50K
16353,"[30, 40[", Private,172755,High School,9,Never-married,Technical, Not-in-family,*,Male,0,0,40,North America,<=50K
16354,"[30, 40[", Private,209993,High School,7,Separated,Other, Unmarried,*,Female,0,0,8,North America,<=50K
16355,"[30, 40[", Private,166961,Undergraduate,13,Never-married,Technical, Own-child,*,Female,0,0,37,North America,<=50K
16356,"[30, 40[", Private,315291,High School,9,Never-married,Other, Unmarried,*,Female,0,0,40,North America,<=50K
16357,"[30, 40[", Private,284703,Graduate,14,Never-married,Technical, Not-in-family,*,Male,0,0,40,North America,<=50K
16358,"[50, 60[", Private,166565,High School,9,Married-civ-spouse,Technical, Husband,*,Male,0,0,50,North America,<=50K
16359,"[30, 40[", Self-emp-not-inc,173854,High School,9,Married-civ-spouse,Technical, Husband,*,Male,0,0,60,North America,<=50K
16360,"[20, 30[", Private,189219,Undergraduate,13,Never-married,Nontechnical, Own-child,*,Female,0,0,40,North America,<=50K
16361,"[20, 30[", Private,210781,Undergraduate,13,Never-married,Other, Not-in-family,*,Female,0,0,40,Europe,<=50K
16362,"[50, 60[", Local-gov,171328,High School,9,Separated,Other, Other-relative,*,Female,0,2339,40,North America,<=50K
16363,"[40, 50[", Private,199832,Undergraduate,13,Married-civ-spouse,Other, Husband,*,Male,0,0,15,North America,<=50K
16365,"[60, 70[", Private,122246,High School,8,Married-civ-spouse,Other, Wife,*,Female,0,0,40,North America,<=50K
16366,"[40, 50[", Private,190767,Professional Education,11,Divorced,Technical, Unmarried,*,Female,0,0,40,North America,<=50K
16368,"[50, 60[", Private,124963,High School,9,Divorced,Nontechnical, Not-in-family,*,Male,0,0,40,North America,<=50K
16369,"[30, 40[", Self-emp-not-inc,167476,High School,7,Divorced,Nontechnical, Not-in-family,*,Male,0,0,7,North America,<=50K
16370,"[30, 40[", Local-gov,246104,Graduate,14,Married-civ-spouse,Technical, Husband,*,Male,0,0,40,North America,<=50K
16371,"[40, 50[", Private,171615,Undergraduate,10,Married-civ-spouse,Other, Husband,*,Male,0,0,48,North America,<=50K
16372,"[60, 70[", Private,264095,Undergraduate,10,Married-civ-spouse,Nontechnical, Husband,*,Male,9386,0,24,North America,>50K
16374,"[30, 40[", Private,146154,High School,9,Married-civ-spouse,Nontechnical, Wife,*,Female,0,0,40,North America,<=50K
16375,"[40, 50[", Private,198196,High School,9,Married-civ-spouse,Other, Husband,*,Male,0,0,40,North America,<=50K
16376,"[30, 40[", Private,79712,Undergraduate,13,Married-civ-spouse,Technical, Husband,*,Male,0,0,40,North America,<=50K
16377,"[50, 60[", Self-emp-not-inc,154785,Undergraduate,13,Divorced,Nontechnical, Not-in-family,*,Male,0,0,50,North America,<=50K
16378,"[30, 40[", Private,182423,High School,9,Divorced,Other, Unmarried,*,Male,0,0,40,North America,<=50K
16379,"[20, 30[", ?,347292,High School,9,Never-married,Other, Own-child,*,Male,0,0,32,North America,<=50K
16380,"[30, 40[", Private,118584,Undergraduate,13,Never-married,Nontechnical, Not-in-family,*,Female,0,0,40,North America,<=50K
16382,"[10, 20[", ?,148769,High School,9,Never-married,Other, Own-child,*,Male,0,0,40,North America,<=50K
16383,"[40, 50[", Private,197418,Undergraduate,10,Divorced,Other, Not-in-family,*,Female,0,0,48,North America,<=50K
16384,"[20, 30[", Private,253190,High School,9,Never-married,Other, Own-child,*,Male,0,0,40,North America,<=50K
16385,"[20, 30[", Private,192273,Undergraduate,13,Married-civ-spouse,Technical, Husband,*,Male,0,0,40,North America,<=50K
16386,"[30, 40[", Private,129573,High School,9,Married-civ-spouse,Technical, Husband,*,Male,0,0,41,North America,<=50K
16387,"[10, 20[", Private,173807,High School,7,Never-married,Technical, Own-child,*,Female,0,0,15,North America,<=50K
16388,"[30, 40[", Private,217893,High School,9,Divorced,Nontechnical, Not-in-family,*,Female,0,0,30,North America,<=50K
16389,"[30, 40[", Private,102938,Undergraduate,13,Married-civ-spouse,Technical, Husband,*,Male,0,0,40,North America,<=50K
16390,"[40, 50[", Local-gov,407495,Professional Education,12,Married-civ-spouse,Other, Husband,*,Male,0,0,56,North America,>50K
16393,"[30, 40[", Private,270968,Undergraduate,13,Divorced,Nontechnical, Not-in-family,*,Female,0,0,50,North America,>50K
16394,"[30, 40[", Local-gov,272166,Undergraduate,13,Separated,Technical, Not-in-family,*,Male,0,0,30,North America,<=50K
16395,"[20, 30[", Private,199915,Undergraduate,13,Never-married,Other, Own-child,*,Female,0,0,35,North America,<=50K
16396,"[20, 30[", Private,305781,High School,9,Never-married,Nontechnical, Unmarried,*,Male,0,0,45,North America,<=50K
16397,"[40, 50[", Private,107682,High School,9,Divorced,Other, Unmarried,*,Female,0,0,48,North America,<=50K
16398,"[20, 30[", Private,188507,High School,4,Never-married,Technical, Other-relative,*,Female,0,0,40,North America,<=50K
16399,"[10, 20[", ?,28311,High School,7,Never-married,Other, Own-child,*,Female,0,0,35,North America,<=50K
16401,"[10, 20[", Private,177839,High School,9,Never-married,Other, Own-child,*,Female,0,0,15,North America,<=50K
16402,"[20, 30[", Private,77665,High School,9,Never-married,Technical, Not-in-family,*,Male,0,0,42,North America,<=50K
16403,"[50, 60[", Private,127728,Undergraduate,13,Married-civ-spouse,Nontechnical, Husband,*,Male,15024,0,50,North America,>50K
16405,"[30, 40[", Private,106742,High School,9,Married-civ-spouse,Other, Husband,*,Male,0,0,40,North America,<=50K
16406,"[20, 30[", Self-emp-not-inc,192838,Professional Education,11,Married-civ-spouse,Technical, Husband,*,Male,0,0,45,North America,<=50K
16407,"[40, 50[", Private,79531,Undergraduate,13,Married-civ-spouse,Nontechnical, Husband,*,Male,0,0,75,North America,>50K
16408,"[20, 30[", State-gov,337766,Undergraduate,10,Never-married,Technical, Own-child,*,Male,0,0,20,North America,<=50K
16409,"[40, 50[", Self-emp-not-inc,33234,Undergraduate,13,Married-civ-spouse,Nontechnical, Husband,*,Male,0,0,40,North America,>50K
16410,"[10, 20[", ?,34088,High School,8,Never-married,Other, Own-child,*,Female,0,0,25,North America,<=50K
16411,"[50, 60[", Private,176904,High School,6,Married-civ-spouse,Other, Husband,*,Male,0,0,50,North America,<=50K
16412,"[40, 50[", Private,172148,Undergraduate,10,Married-civ-spouse,Other, Husband,*,Male,0,0,40,North America,<=50K
16413,"[40, 50[", Private,199058,High School,9,Married-civ-spouse,Other, Husband,*,Male,0,0,38,North America,<=50K
16414,"[30, 40[", Private,48093,High School,9,Married-civ-spouse,Nontechnical, Husband,*,Male,0,0,40,North America,<=50K
16415,"[50, 60[", Private,143664,Undergraduate,13,Never-married,Nontechnical, Not-in-family,*,Male,0,0,40,North America,<=50K
16416,"[40, 50[", Private,168337,High School,9,Married-civ-spouse,Technical, Husband,*,Male,0,0,48,North America,>50K
16418,"[30, 40[", Private,230329,Undergraduate,13,Married-civ-spouse,Nontechnical, Husband,*,Male,0,0,40,North America,>50K
16419,"[40, 50[", Private,376072,High School,9,Married-civ-spouse,Other, Husband,*,Male,0,0,30,North America,<=50K
16420,"[30, 40[", Private,430175,High School,9,Divorced,Technical, Other-relative,*,Female,0,0,50,North America,<=50K
16421,"[40, 50[", Federal-gov,240628,Professional Education,12,Divorced,Nontechnical, Not-in-family,*,Female,2354,0,40,North America,<=50K
16422,"[50, 60[", Self-emp-inc,158294,Professional Education,15,Married-civ-spouse,Technical, Husband,*,Male,99999,0,80,North America,>50K
16423,"[50, 60[", Private,28735,High School,9,Divorced,Other, Unmarried,*,Female,0,0,45,North America,<=50K
16424,"[30, 40[", Private,167482,High School,9,Never-married,Technical, Own-child,*,Male,0,0,40,North America,<=50K
16425,"[50, 60[", Private,113203,High School,9,Divorced,Other, Not-in-family,*,Female,0,0,40,North America,<=50K
16426,"[50, 60[", Private,103948,High School,7,Married-civ-spouse,Other, Husband,*,Male,0,0,40,North America,<=50K
16427,"[30, 40[", Self-emp-not-inc,310525,High School,8,Never-married,Technical, Not-in-family,*,Male,0,0,32,North America,<=50K
16428,"[30, 40[", Private,105138,Undergraduate,13,Married-civ-spouse,Technical, Husband,*,Male,0,0,40,North America,>50K
16429,"[40, 50[", Private,153489,High School,9,Never-married,Other, Unmarried,*,Male,0,0,40,North America,<=50K
16430,"[50, 60[", State-gov,254949,High School,9,Married-civ-spouse,Nontechnical, Husband,*,Male,0,0,40,North America,>50K
16431,"[30, 40[", Private,118149,Undergraduate,10,Never-married,Nontechnical, Not-in-family,*,Female,0,0,40,North America,<=50K
16432,"[10, 20[", Private,267965,High School,7,Never-married,Nontechnical, Not-in-family,*,Female,0,0,15,North America,<=50K
16433,"[40, 50[", Private,50646,High School,9,Married-civ-spouse,Technical, Husband,*,Male,0,0,70,North America,<=50K
16434,"[30, 40[", Private,147700,High School,9,Married-civ-spouse,Technical, Husband,*,Male,0,0,40,North America,<=50K
16435,"[10, 20[", Private,446771,Undergraduate,10,Never-married,Other, Own-child,*,Male,0,0,25,North America,<=50K
16436,"[40, 50[", Private,168262,Undergraduate,13,Never-married,Other, Own-child,*,Male,0,0,40,North America,<=50K
16437,"[50, 60[", Private,117058,High School,9,Divorced,Other, Unmarried,*,Female,0,0,40,North America,<=50K
16440,"[40, 50[", Private,268234,High School,6,Married-civ-spouse,Nontechnical, Husband,*,Male,0,0,40,North America,<=50K
16441,"[20, 30[", Private,485117,Professional Education,12,Never-married,Technical, Not-in-family,*,Male,0,0,40,North America,<=50K
16443,"[30, 40[", State-gov,210830,Graduate,14,Never-married,Technical, Own-child,*,Female,0,0,30,North America,<=50K
16444,"[20, 30[", Private,196420,High School,9,Never-married,Nontechnical, Not-in-family,*,Female,0,0,45,North America,<=50K
16445,"[50, 60[", Private,172165,High School,6,Divorced,Other, Other-relative,*,Female,0,0,25,North America,<=50K
16446,"[50, 60[", Self-emp-not-inc,186565,Undergraduate,13,Married-civ-spouse,Nontechnical, Husband,*,Male,0,0,50,North America,<=50K
16447,"[20, 30[", Private,119359,Undergraduate,13,Never-married,Nontechnical, Own-child,*,Female,0,0,40,North America,<=50K
16448,"[40, 50[", Self-emp-not-inc,109684,Graduate,14,Divorced,Nontechnical, Unmarried,*,Female,0,0,40,North America,<=50K
16449,"[30, 40[", Private,169589,Professional Education,11,Married-civ-spouse,Nontechnical, Husband,*,Male,0,0,40,North America,>50K
16450,"[40, 50[", Private,125421,High School,9,Divorced,Other, Unmarried,*,Female,0,0,38,North America,<=50K
16451,"[30, 40[", Private,500002,Primary School,2,Married-civ-spouse,Other, Husband,*,Male,0,0,45,North America,<=50K
16452,"[30, 40[", Private,224141,High School,9,Married-civ-spouse,Other, Husband,*,Male,0,0,40,North America,<=50K
16453,"[50, 60[", Private,113290,High School,9,Married-civ-spouse,Nontechnical, Wife,*,Female,0,0,15,North America,<=50K
16454,"[60, 70[", ?,123992,High School,9,Married-civ-spouse,Other, Husband,*,Male,0,0,40,North America,<=50K
16455,"[20, 30[", Private,58098,Undergraduate,10,Never-married,Other, Not-in-family,*,Female,0,1974,40,North America,<=50K
16456,"[40, 50[", ?,37672,High School,9,Divorced,Other, Not-in-family,*,Female,0,0,15,North America,<=50K
16457,"[50, 60[", Private,198145,Undergraduate,13,Married-civ-spouse,Technical, Husband,*,Male,7298,0,40,North America,>50K
16459,"[20, 30[", Private,199419,High School,9,Married-civ-spouse,Nontechnical, Wife,*,Female,0,0,40,North America,<=50K
16460,"[40, 50[", Private,145441,Undergraduate,13,Married-civ-spouse,Nontechnical, Husband,*,Male,0,0,38,North America,>50K
16461,"[50, 60[", Private,238438,Undergraduate,10,Married-civ-spouse,Technical, Husband,*,Male,0,0,42,North America,<=50K
16462,"[40, 50[", State-gov,212954,Graduate,14,Married-civ-spouse,Technical, Husband,*,Male,15024,0,40,North America,>50K
16463,"[20, 30[", Private,56582,High School,7,Never-married,Other, Own-child,*,Male,0,0,50,North America,<=50K
16464,"[60, 70[", Local-gov,176931,High School,4,Widowed,Other, Not-in-family,*,Female,0,0,20,North America,<=50K
16465,"[30, 40[", Self-emp-not-inc,188571,High School,7,Married-civ-spouse,Other, Husband,*,Male,0,0,40,North America,<=50K
16466,"[50, 60[", Federal-gov,312500,Professional Education,11,Divorced,Other, Not-in-family,*,Female,0,0,40,North America,<=50K
16467,"[20, 30[", Private,278404,Undergraduate,13,Never-married,Technical, Not-in-family,*,Male,0,0,40,North America,<=50K
16468,"[20, 30[", Self-emp-not-inc,114225,Undergraduate,10,Never-married,Nontechnical, Not-in-family,*,Male,0,0,60,North America,>50K
16469,"[10, 20[", Private,184016,High School,7,Never-married,Nontechnical, Own-child,*,Female,0,0,20,North America,<=50K
16470,"[40, 50[", Local-gov,183009,High School,9,Married-civ-spouse,Other, Husband,*,Male,0,0,40,North America,>50K
16471,"[50, 60[", Private,205759,Graduate,16,Never-married,Technical, Not-in-family,*,Male,0,0,50,North America,<=50K
16472,"[20, 30[", Private,462294,Professional Education,12,Never-married,Other, Own-child,*,Male,0,0,44,North America,<=50K
16473,"[40, 50[", Private,102085,High School,9,Divorced,Other, Own-child,*,Female,0,0,15,North America,<=50K
16474,"[50, 60[", Self-emp-not-inc,83311,Professional Education,15,Married-civ-spouse,Technical, Husband,*,Male,0,0,30,North America,>50K
16475,"[30, 40[", Private,248694,High School,9,Never-married,Technical, Not-in-family,*,Male,0,0,60,North America,<=50K
16476,"[50, 60[", Local-gov,190747,High School,5,Married-civ-spouse,Other, Husband,*,Male,0,0,40,North America,<=50K
16477,"[50, 60[", Private,162988,High School,6,Divorced,Other, Unmarried,*,Female,0,0,25,North America,<=50K
16478,"[30, 40[", Self-emp-not-inc,156890,High School,4,Married-civ-spouse,Technical, Husband,*,Male,0,0,40,North America,<=50K
16479,"[20, 30[", Private,310380,Undergraduate,10,Married-spouse-absent,Other, Own-child,*,Female,0,0,45,North America,<=50K
16480,"[30, 40[", Private,172186,Undergraduate,10,Never-married,Technical, Own-child,*,Male,0,0,40,North America,<=50K
16481,"[20, 30[", Private,311497,Undergraduate,13,Never-married,Nontechnical, Not-in-family,*,Female,0,0,40,North America,<=50K
16482,"[40, 50[", Self-emp-inc,443508,Graduate,16,Married-civ-spouse,Technical, Husband,*,Male,0,0,45,North America,>50K
16483,"[30, 40[", Private,152156,High School,9,Married-civ-spouse,Technical, Husband,*,Male,0,0,45,North America,<=50K
16484,"[40, 50[", Private,155890,Undergraduate,13,Married-civ-spouse,Other, Husband,*,Male,0,0,40,North America,>50K
16485,"[30, 40[", State-gov,312528,Undergraduate,13,Married-civ-spouse,Nontechnical, Husband,*,Male,0,0,37,North America,<=50K
16486,"[50, 60[", Private,282744,Undergraduate,13,Married-civ-spouse,Other, Husband,*,Male,0,0,40,North America,<=50K
16487,"[20, 30[", Private,205145,High School,9,Married-civ-spouse,Technical, Husband,*,Male,0,0,40,North America,<=50K
16489,"[20, 30[", Private,401451,Undergraduate,10,Married-civ-spouse,Other, Husband,*,Male,0,0,48,North America,>50K
16490,"[70, 80[", ?,173427,High School,9,Married-civ-spouse,Other, Husband,*,Male,0,0,40,North America,<=50K
16491,"[20, 30[", Private,189027,Undergraduate,13,Never-married,Nontechnical, Own-child,*,Male,0,0,40,North America,<=50K
16492,"[50, 60[", Self-emp-not-inc,35551,Undergraduate,13,Married-civ-spouse,Nontechnical, Husband,*,Male,0,0,70,North America,>50K
16493,"[20, 30[", Private,42706,Undergraduate,10,Never-married,Technical, Not-in-family,*,Male,0,0,45,North America,<=50K
16495,"[20, 30[", Private,53245,High School,5,Separated,Other, Not-in-family,*,Male,0,0,40,North America,<=50K
16496,"[50, 60[", Private,221672,Graduate,14,Married-civ-spouse,Nontechnical, Husband,*,Male,15024,0,50,North America,>50K
16498,"[50, 60[", Private,222107,Undergraduate,10,Divorced,Nontechnical, Unmarried,*,Female,0,0,50,North America,<=50K
16499,"[60, 70[", Private,277588,High School,9,Married-civ-spouse,Nontechnical, Husband,*,Male,0,0,10,North America,<=50K
16501,"[40, 50[", Federal-gov,391744,High School,9,Never-married,Other, Unmarried,*,Female,0,0,40,North America,<=50K
16502,"[30, 40[", Private,418020,Graduate,16,Married-civ-spouse,Technical, Husband,*,Male,0,0,50,North America,>50K
16503,"[20, 30[", State-gov,39236,Undergraduate,10,Never-married,Technical, Not-in-family,*,Female,0,0,8,North America,<=50K
16504,"[30, 40[", Private,86808,Undergraduate,13,Never-married,Technical, Other-relative,*,Female,0,0,40,North America,<=50K
16505,"[40, 50[", Private,147640,Primary School,3,Married-civ-spouse,Other, Husband,*,Male,0,1902,40,North America,<=50K
16506,"[20, 30[", Private,184756,Undergraduate,10,Never-married,Other, Own-child,*,Female,0,0,16,North America,<=50K
16507,"[40, 50[", Private,191256,High School,9,Married-civ-spouse,Technical, Husband,*,Male,0,0,40,North America,<=50K
16508,"[50, 60[", State-gov,105943,High School,9,Married-civ-spouse,Other, Wife,*,Female,3908,0,40,North America,<=50K
16509,"[40, 50[", Private,101272,High School,9,Divorced,Other, Not-in-family,*,Female,0,0,32,North America,<=50K
16510,"[30, 40[", State-gov,175023,High School,9,Married-civ-spouse,Other, Husband,*,Male,0,0,37,North America,<=50K
16511,"[20, 30[", Self-emp-not-inc,357612,High School,9,Married-civ-spouse,Technical, Husband,*,Male,0,0,60,North America,<=50K
16512,"[20, 30[", Private,82777,High School,9,Married-civ-spouse,Nontechnical, Husband,*,Male,0,0,30,North America,<=50K
16514,"[50, 60[", Private,179534,High School,7,Widowed,Nontechnical, Unmarried,*,Female,0,0,40,North America,<=50K
16515,"[20, 30[", ?,33339,Undergraduate,10,Never-married,Other, Own-child,*,Male,0,0,20,North America,<=50K
16516,"[40, 50[", Private,148549,Undergraduate,10,Divorced,Technical, Not-in-family,*,Male,27828,0,56,North America,>50K
16517,"[30, 40[", Private,198069,High School,9,Never-married,Other, Own-child,*,Male,0,0,24,North America,<=50K
16518,"[40, 50[", Private,236586,High School,9,Married-civ-spouse,Other, Husband,*,Male,0,0,40,North America,>50K
16519,"[20, 30[", Local-gov,167261,Undergraduate,13,Never-married,Technical, Not-in-family,*,Female,0,0,40,North America,<=50K
16520,"[60, 70[", Private,160942,Graduate,14,Married-civ-spouse,Nontechnical, Husband,*,Male,3103,0,50,North America,<=50K
16521,"[40, 50[", Private,107584,Graduate,14,Married-civ-spouse,Other, Husband,*,Male,3908,0,50,North America,<=50K
16522,"[20, 30[", Local-gov,251854,Undergraduate,10,Never-married,Other, Unmarried,*,Female,0,0,40,North America,<=50K
16523,"[70, 80[", ?,163140,High School,9,Married-civ-spouse,Other, Husband,*,Male,0,0,40,North America,>50K
16524,"[50, 60[", Private,302579,High School,9,Divorced,Other, Other-relative,*,Female,0,0,30,North America,<=50K
16525,"[40, 50[", Self-emp-inc,64632,Graduate,16,Married-civ-spouse,Technical, Husband,*,Male,0,0,60,North America,<=50K
16526,"[20, 30[", Private,83141,Undergraduate,13,Never-married,Nontechnical, Not-in-family,*,Male,0,0,40,North America,<=50K
16527,"[40, 50[", Self-emp-inc,326048,Undergraduate,10,Married-civ-spouse,Nontechnical, Husband,*,Male,0,0,40,North America,>50K
16528,"[30, 40[", Private,83471,High School,9,Widowed,Other, Unmarried,*,Female,0,0,20,North America,<=50K
16529,"[20, 30[", Private,170070,High School,8,Never-married,Other, Not-in-family,*,Female,0,0,38,North America,<=50K
16530,"[20, 30[", Private,207875,High School,4,Married-civ-spouse,Nontechnical, Husband,*,Male,0,0,40,North America,<=50K
16531,"[40, 50[", Private,119722,Undergraduate,10,Married-civ-spouse,Nontechnical, Husband,*,Male,0,0,8,North America,<=50K
16532,"[10, 20[", Private,335665,High School,7,Never-married,Other, Other-relative,*,Female,0,0,24,North America,<=50K
16533,"[20, 30[", Private,212522,High School,9,Never-married,Technical, Other-relative,*,Male,0,0,40,North America,<=50K
16534,"[10, 20[", Private,42069,High School,9,Never-married,Other, Own-child,*,Male,2176,0,45,North America,<=50K
16535,"[20, 30[", ?,131777,Undergraduate,13,Married-civ-spouse,Other, Husband,*,Male,0,2002,40,North America,<=50K
16536,"[30, 40[", Private,236396,High School,9,Never-married,Other, Own-child,*,Male,0,0,35,North America,<=50K
16537,"[40, 50[", Private,159911,High School,9,Divorced,Other, Unmarried,*,Female,0,0,40,North America,<=50K
16538,"[20, 30[", Private,133833,Undergraduate,10,Never-married,Other, Own-child,*,Female,0,0,40,North America,<=50K
16539,"[30, 40[", Private,226947,Undergraduate,13,Married-civ-spouse,Technical, Husband,*,Male,0,0,40,North America,>50K
16540,"[30, 40[", Private,174201,High School,9,Never-married,Nontechnical, Own-child,*,Male,0,0,40,North America,<=50K
16541,"[30, 40[", Self-emp-not-inc,49707,High School,9,Married-civ-spouse,Nontechnical, Husband,*,Male,0,0,70,North America,<=50K
16542,"[30, 40[", Private,201988,Graduate,14,Married-civ-spouse,Technical, Husband,*,Male,0,0,45,North America,<=50K
16543,"[60, 70[", Self-emp-not-inc,162347,Professional Education,15,Married-civ-spouse,Technical, Husband,*,Male,0,0,15,North America,>50K
16544,"[30, 40[", Private,182833,Undergraduate,10,Never-married,Nontechnical, Own-child,*,Female,0,0,40,North America,<=50K
16545,"[20, 30[", Private,383603,Undergraduate,10,Never-married,Other, Own-child,*,Female,0,0,40,North America,<=50K
16546,"[30, 40[", Private,70466,Professional Education,11,Divorced,Technical, Not-in-family,*,Male,0,0,40,North America,<=50K
16547,"[40, 50[", Private,184846,High School,9,Widowed,Technical, Unmarried,*,Female,0,0,60,North America,<=50K
16548,"[20, 30[", Private,176756,Undergraduate,13,Never-married,Technical, Own-child,*,Male,0,0,40,North America,<=50K
16549,"[30, 40[", Private,112512,High School,9,Widowed,Other, Own-child,*,Female,0,0,40,North America,<=50K
16550,"[20, 30[", Private,137296,Professional Education,12,Never-married,Other, Not-in-family,*,Female,0,0,40,North America,<=50K
16551,"[20, 30[", Private,37821,Undergraduate,10,Divorced,Nontechnical, Unmarried,*,Female,0,0,45,North America,<=50K
16552,"[20, 30[", Private,295108,High School,9,Never-married,Nontechnical, Unmarried,*,Female,0,0,25,North America,<=50K
16553,"[40, 50[", Private,408717,High School,9,Married-civ-spouse,Technical, Husband,*,Male,0,0,40,North America,>50K
16554,"[30, 40[", Private,255635,High School,5,Married-civ-spouse,Technical, Husband,*,Male,0,0,40,North America,<=50K
16555,"[40, 50[", Self-emp-not-inc,177783,High School,4,Never-married,Other, Not-in-family,*,Male,0,0,50,North America,<=50K
16556,"[60, 70[", Self-emp-not-inc,179400,High School,9,Married-civ-spouse,Technical, Husband,*,Male,2290,0,20,North America,<=50K
16557,"[30, 40[", Private,240283,Undergraduate,13,Married-civ-spouse,Other, Wife,*,Female,0,0,40,North America,>50K
16558,"[30, 40[", Private,410034,Professional Education,12,Married-civ-spouse,Technical, Husband,*,Male,0,0,45,North America,<=50K
16559,"[30, 40[", Private,180667,Undergraduate,10,Married-civ-spouse,Technical, Husband,*,Male,0,0,40,North America,<=50K
16560,"[20, 30[", Private,196332,High School,9,Never-married,Other, Own-child,*,Female,0,0,40,North America,<=50K
16561,"[30, 40[", Local-gov,159187,Undergraduate,13,Never-married,Technical, Not-in-family,*,Male,0,0,35,North America,<=50K
16563,"[10, 20[", Private,178147,High School,9,Never-married,Nontechnical, Own-child,*,Male,0,0,35,North America,<=50K
16564,"[30, 40[", Private,272669,Undergraduate,10,Never-married,Technical, Not-in-family,*,Male,0,0,40,North America,<=50K
16565,"[30, 40[", Private,347491,Professional Education,11,Never-married,Technical, Not-in-family,*,Male,0,0,40,North America,<=50K
16566,"[20, 30[", ?,146399,Undergraduate,13,Never-married,Other, Not-in-family,*,Male,0,0,55,North America,<=50K
16567,"[30, 40[", Private,75167,High School,9,Married-civ-spouse,Other, Husband,*,Male,0,0,55,North America,<=50K
16568,"[20, 30[", Private,133373,High School,9,Separated,Technical, Not-in-family,*,Male,0,0,40,North America,<=50K
16569,"[60, 70[", Local-gov,84737,High School,9,Married-civ-spouse,Other, Husband,*,Male,0,0,35,North America,>50K
16570,"[10, 20[", Private,96483,High School,9,Never-married,Other, Own-child,*,Female,0,0,20,North America,<=50K
16571,"[50, 60[", Private,368005,High School,7,Married-civ-spouse,Technical, Husband,*,Male,0,0,40,North America,<=50K
16572,"[40, 50[", State-gov,36032,High School,9,Divorced,Other, Unmarried,*,Female,0,0,40,North America,<=50K
16573,"[30, 40[", Private,174215,Graduate,16,Never-married,Technical, Not-in-family,*,Female,0,0,15,North America,<=50K
16575,"[20, 30[", Private,242912,High School,9,Never-married,Other, Unmarried,*,Female,0,0,35,North America,<=50K
16576,"[40, 50[", Self-emp-inc,86701,Undergraduate,10,Married-civ-spouse,Technical, Husband,*,Male,0,0,56,North America,>50K
16577,"[30, 40[", Private,166549,High School,8,Married-civ-spouse,Technical, Husband,*,Male,0,0,40,North America,<=50K
16578,"[40, 50[", Local-gov,121622,Graduate,14,Never-married,Technical, Unmarried,*,Female,0,1380,40,North America,<=50K
16579,"[10, 20[", Private,201613,High School,8,Never-married,Nontechnical, Own-child,*,Female,0,0,20,North America,<=50K
16580,"[30, 40[", Private,29874,Undergraduate,10,Married-civ-spouse,Nontechnical, Husband,*,Male,0,0,40,North America,<=50K
16581,"[20, 30[", Private,168138,High School,9,Never-married,Nontechnical, Own-child,*,Male,0,0,40,North America,<=50K
16582,"[20, 30[", Private,162404,Undergraduate,13,Never-married,Technical, Not-in-family,*,Male,0,0,60,North America,<=50K
16583,"[20, 30[", ?,162160,Undergraduate,10,Never-married,Other, Own-child,*,Male,0,0,40,Asia,<=50K
16584,"[20, 30[", Private,139116,Undergraduate,10,Never-married,Other, Own-child,*,Female,0,0,50,North America,<=50K
16585,"[40, 50[", Private,192381,Undergraduate,13,Married-civ-spouse,Technical, Husband,*,Male,0,1848,40,North America,>50K
16586,"[30, 40[", Private,370585,High School,9,Separated,Technical, Not-in-family,*,Male,0,0,40,North America,<=50K
16587,"[40, 50[", State-gov,151038,Undergraduate,13,Divorced,Technical, Not-in-family,*,Male,0,0,40,North America,<=50K
16588,"[70, 80[", Self-emp-not-inc,36311,Undergraduate,13,Married-civ-spouse,Technical, Husband,*,Male,20051,0,35,North America,>50K
16589,"[30, 40[", Private,271933,Graduate,14,Never-married,Nontechnical, Unmarried,*,Female,0,0,50,North America,<=50K
16590,"[30, 40[", Private,182401,Professional Education,12,Divorced,Other, Not-in-family,*,Male,0,0,40,North America,<=50K
16591,"[60, 70[", Private,234743,Undergraduate,10,Married-civ-spouse,Nontechnical, Husband,*,Male,0,0,50,North America,<=50K
16592,"[40, 50[", Private,182140,High School,9,Separated,Other, Unmarried,*,Male,0,0,40,North America,<=50K
16593,"[60, 70[", Self-emp-not-inc,215591,High School,9,Married-civ-spouse,Nontechnical, Husband,*,Male,0,1887,40,North America,>50K
16594,"[50, 60[", Self-emp-not-inc,96459,High School,4,Married-civ-spouse,Technical, Husband,*,Male,0,0,40,North America,<=50K
16596,"[40, 50[", Private,188081,High School,9,Married-civ-spouse,Technical, Husband,*,Male,0,0,40,North America,>50K
16597,"[30, 40[", State-gov,121245,Undergraduate,13,Married-civ-spouse,Technical, Husband,*,Male,0,0,60,North America,>50K
16598,"[10, 20[", Private,127273,High School,7,Never-married,Other, Other-relative,*,Male,0,0,20,North America,<=50K
16599,"[20, 30[", Private,114345,High School,5,Never-married,Technical, Unmarried,*,Male,914,0,40,North America,<=50K
16600,"[20, 30[", Private,341227,Undergraduate,10,Never-married,Other, Not-in-family,*,Male,0,0,20,North America,<=50K
16601,"[40, 50[", Local-gov,166893,Undergraduate,13,Married-civ-spouse,Other, Husband,*,Male,0,0,40,North America,>50K
16602,"[60, 70[", ?,65730,High School,9,Married-civ-spouse,Other, Husband,*,Male,0,0,25,North America,<=50K
16603,"[30, 40[", Private,145231,Professional Education,12,Divorced,Other, Own-child,*,Female,0,1762,40,North America,<=50K
16604,"[70, 80[", Self-emp-not-inc,102510,High School,4,Married-civ-spouse,Other, Husband,*,Male,6418,0,99,North America,>50K
16605,"[40, 50[", Self-emp-not-inc,285335,High School,4,Married-civ-spouse,Technical, Husband,*,Male,0,0,10,North America,<=50K
16606,"[20, 30[", Private,177087,High School,7,Never-married,Other, Unmarried,*,Male,0,0,35,North America,<=50K
16607,"[40, 50[", Private,240504,Undergraduate,13,Married-civ-spouse,Nontechnical, Husband,*,Male,0,0,45,North America,>50K
16608,"[30, 40[", Private,218490,Undergraduate,13,Married-civ-spouse,Nontechnical, Husband,*,Male,0,1977,40,North America,>50K
16609,"[20, 30[", Private,384651,Undergraduate,10,Married-civ-spouse,Nontechnical, Husband,*,Male,0,0,40,North America,<=50K
16610,"[50, 60[", Private,189551,High School,9,Divorced,Technical, Own-child,*,Male,0,0,40,North America,<=50K
16611,"[50, 60[", Private,194791,High School,9,Married-civ-spouse,Other, Husband,*,Male,0,0,45,North America,<=50K
16612,"[20, 30[", Private,194630,Undergraduate,13,Never-married,Technical, Not-in-family,*,Male,0,0,35,North America,<=50K
16613,"[50, 60[", Private,177647,Undergraduate,13,Divorced,Nontechnical, Unmarried,*,Male,0,0,40,North America,<=50K
16614,"[40, 50[", Self-emp-not-inc,51620,Graduate,16,Married-civ-spouse,Technical, Husband,*,Male,0,0,60,North America,<=50K
16615,"[30, 40[", Private,251421,High School,9,Married-civ-spouse,Technical, Husband,*,Male,0,0,40,North America,<=50K
16616,"[30, 40[", Self-emp-not-inc,180477,High School,9,Married-civ-spouse,Technical, Husband,*,Male,0,0,47,North America,<=50K
16617,"[40, 50[", State-gov,391736,Professional Education,11,Married-civ-spouse,Technical, Husband,*,Male,0,0,40,North America,<=50K
16618,"[20, 30[", State-gov,170091,Undergraduate,10,Never-married,Technical, Own-child,*,Female,0,0,6,North America,<=50K
16620,"[30, 40[", Private,276153,Undergraduate,13,Never-married,Technical, Not-in-family,*,Female,4650,0,40,North America,<=50K
16621,"[50, 60[", Federal-gov,105788,Undergraduate,13,Divorced,Nontechnical, Unmarried,*,Female,0,0,50,North America,>50K
16622,"[40, 50[", Local-gov,248476,Undergraduate,10,Divorced,Other, Not-in-family,*,Male,0,0,65,North America,>50K
16624,"[30, 40[", Private,120201,High School,9,Divorced,Other, Own-child,*,Female,0,0,65,North America,<=50K
16625,"[50, 60[", Private,114678,High School,9,Never-married,Technical, Not-in-family,*,Male,0,0,60,North America,<=50K
16626,"[30, 40[", Private,167440,Undergraduate,10,Married-civ-spouse,Technical, Husband,*,Male,0,0,44,North America,<=50K
16627,"[30, 40[", Self-emp-not-inc,265266,Professional Education,15,Married-civ-spouse,Technical, Husband,*,Male,0,0,40,North America,>50K
16628,"[30, 40[", Private,212235,Undergraduate,10,Never-married,Nontechnical, Not-in-family,*,Male,0,0,45,North America,<=50K
16629,"[40, 50[", Private,44671,Undergraduate,13,Married-civ-spouse,Other, Husband,*,Male,0,0,40,North America,<=50K
16630,"[40, 50[", State-gov,87282,Undergraduate,13,Never-married,Technical, Not-in-family,*,Female,0,0,38,North America,<=50K
16631,"[20, 30[", Private,112754,Undergraduate,13,Married-civ-spouse,Nontechnical, Husband,*,Male,0,1485,60,North America,>50K
16632,"[20, 30[", Self-emp-not-inc,322238,High School,9,Never-married,Other, Not-in-family,*,Male,0,0,40,North America,<=50K
16633,"[30, 40[", Private,65382,Undergraduate,10,Married-civ-spouse,Nontechnical, Husband,*,Male,0,0,40,North America,<=50K
16634,"[60, 70[", Self-emp-not-inc,115176,High School,9,Married-civ-spouse,Other, Husband,*,Male,0,0,65,North America,<=50K
16636,"[40, 50[", Private,409902,High School,9,Never-married,Nontechnical, Unmarried,*,Female,0,0,25,North America,<=50K
16637,"[60, 70[", Local-gov,204062,Graduate,14,Married-civ-spouse,Technical, Husband,*,Male,0,0,48,North America,>50K
16638,"[30, 40[", Private,283305,Undergraduate,13,Never-married,Nontechnical, Not-in-family,*,Female,0,0,40,North America,<=50K
16639,"[30, 40[", Private,435638,Undergraduate,10,Never-married,Technical, Not-in-family,*,Male,0,0,40,North America,<=50K
16640,"[30, 40[", Self-emp-inc,114733,Professional Education,12,Married-civ-spouse,Other, Wife,*,Female,0,0,36,North America,<=50K
16641,"[20, 30[", Private,162343,Undergraduate,10,Never-married,Other, Other-relative,*,Male,0,0,22,North America,<=50K
16643,"[40, 50[", Private,79531,Professional Education,11,Married-civ-spouse,Technical, Husband,*,Male,0,0,40,North America,>50K
16644,"[40, 50[", State-gov,395078,High School,9,Divorced,Other, Not-in-family,*,Female,0,0,40,North America,<=50K
16645,"[40, 50[", Local-gov,159641,Undergraduate,13,Divorced,Nontechnical, Unmarried,*,Female,0,625,40,North America,<=50K
16646,"[20, 30[", Private,159567,High School,9,Never-married,Technical, Not-in-family,*,Male,0,0,50,North America,<=50K
16649,"[30, 40[", Local-gov,132879,Undergraduate,13,Married-civ-spouse,Technical, Husband,*,Male,0,1887,40,North America,>50K
16650,"[20, 30[", Private,190290,Undergraduate,13,Never-married,Technical, Own-child,*,Male,0,0,40,North America,<=50K
16651,"[50, 60[", Private,102828,High School,9,Married-civ-spouse,Technical, Husband,*,Male,0,0,49,North America,<=50K
16652,"[30, 40[", Private,128493,High School,9,Divorced,Other, Not-in-family,*,Female,0,0,25,North America,<=50K
16654,"[20, 30[", Private,283757,Undergraduate,10,Never-married,Nontechnical, Own-child,*,Male,0,0,40,North America,<=50K
16655,"[30, 40[", Local-gov,169104,Undergraduate,13,Married-civ-spouse,Other, Husband,*,Male,0,0,40,Asia,>50K
16656,"[50, 60[", Private,171409,Undergraduate,10,Married-civ-spouse,Other, Husband,*,Male,0,0,40,North America,>50K
16657,"[30, 40[", Self-emp-not-inc,319165,Graduate,16,Married-civ-spouse,Technical, Husband,*,Male,0,0,50,North America,>50K
16658,"[20, 30[", Private,203182,Undergraduate,13,Never-married,Nontechnical, Unmarried,*,Female,0,0,30,North America,<=50K
16659,"[20, 30[", ?,211968,Undergraduate,10,Never-married,Other, Own-child,*,Female,0,0,45,North America,<=50K
16660,"[20, 30[", Private,215384,Undergraduate,13,Never-married,Nontechnical, Not-in-family,*,Male,0,1974,55,North America,<=50K
16661,"[20, 30[", Private,166666,Undergraduate,10,Never-married,Other, Not-in-family,*,Female,0,0,35,North America,<=50K
16662,"[40, 50[", Private,156566,Undergraduate,10,Married-civ-spouse,Technical, Husband,*,Male,0,0,40,North America,>50K
16663,"[30, 40[", Private,140564,Undergraduate,13,Married-civ-spouse,Nontechnical, Husband,*,Male,0,0,40,North America,>50K
16664,"[20, 30[", Local-gov,322208,Undergraduate,10,Never-married,Other, Own-child,*,Male,0,0,40,North America,<=50K
16665,"[60, 70[", Private,420277,Undergraduate,10,Married-civ-spouse,Other, Husband,*,Male,0,0,40,North America,<=50K
16666,"[30, 40[", Private,123430,High School,7,Married-civ-spouse,Other, Husband,*,Male,0,0,65,North America,<=50K
16667,"[40, 50[", Self-emp-inc,151584,Professional Education,15,Married-civ-spouse,Technical, Husband,*,Male,0,0,35,North America,>50K
16668,"[30, 40[", Self-emp-not-inc,348960,Professional Education,12,Married-civ-spouse,Other, Husband,*,Male,0,0,50,North America,>50K
16669,"[40, 50[", Private,168232,High School,9,Married-civ-spouse,Other, Husband,*,Male,0,1887,45,North America,>50K
16670,"[40, 50[", Self-emp-inc,201699,Professional Education,12,Married-civ-spouse,Nontechnical, Husband,*,Male,0,0,50,North America,>50K
16671,"[30, 40[", Private,511517,High School,9,Married-civ-spouse,Technical, Husband,*,Male,0,0,40,North America,<=50K
16672,"[40, 50[", Private,118001,High School,6,Married-civ-spouse,Technical, Husband,*,Male,0,0,40,North America,<=50K
16673,"[30, 40[", Private,193961,Undergraduate,10,Married-civ-spouse,Technical, Husband,*,Male,0,0,40,Asia,>50K
16674,"[20, 30[", Private,32732,Undergraduate,10,Never-married,Nontechnical, Not-in-family,*,Male,0,0,40,North America,<=50K
16675,"[40, 50[", Private,223548,High School,9,Married-civ-spouse,Other, Husband,*,Male,0,0,40,North America,<=50K
16676,"[30, 40[", Private,389932,High School,9,Divorced,Other, Not-in-family,*,Male,0,0,55,North America,<=50K
16677,"[20, 30[", Private,102345,Undergraduate,10,Never-married,Technical, Not-in-family,*,Male,0,0,52,North America,<=50K
16679,"[20, 30[", ?,34321,Undergraduate,10,Never-married,Other, Own-child,*,Female,0,0,30,North America,<=50K
16680,"[20, 30[", State-gov,39478,Undergraduate,10,Never-married,Nontechnical, Own-child,*,Male,0,0,54,North America,<=50K
16681,"[30, 40[", Self-emp-not-inc,276221,High School,6,Married-civ-spouse,Other, Husband,*,Male,0,0,40,North America,<=50K
16682,"[70, 80[", Self-emp-inc,385242,Undergraduate,13,Married-civ-spouse,Nontechnical, Husband,*,Male,9386,0,45,North America,>50K
16683,"[40, 50[", Private,235646,High School,9,Married-civ-spouse,Technical, Husband,*,Male,0,0,40,North America,>50K
16684,"[40, 50[", Private,123306,Professional Education,11,Married-civ-spouse,Technical, Husband,*,Male,0,0,40,North America,>50K
16685,"[50, 60[", Private,38573,Undergraduate,10,Married-civ-spouse,Nontechnical, Husband,*,Male,0,0,40,North America,>50K
16686,"[20, 30[", Private,216889,High School,9,Never-married,Nontechnical, Not-in-family,*,Male,0,0,40,North America,<=50K
16687,"[20, 30[", Private,386705,Undergraduate,10,Never-married,Other, Own-child,*,Male,0,0,24,North America,<=50K
16688,"[40, 50[", Self-emp-not-inc,249585,Undergraduate,10,Married-civ-spouse,Technical, Husband,*,Male,0,0,30,North America,<=50K
16689,"[30, 40[", Local-gov,47276,Undergraduate,13,Married-civ-spouse,Other, Husband,*,Male,0,0,38,North America,>50K
16690,"[40, 50[", Self-emp-not-inc,162758,Undergraduate,10,Married-civ-spouse,Nontechnical, Husband,*,Male,0,0,56,North America,>50K
16691,"[40, 50[", Local-gov,146497,High School,9,Divorced,Technical, Not-in-family,*,Female,0,0,40,North America,<=50K
16692,"[20, 30[", Private,190765,High School,9,Divorced,Technical, Not-in-family,*,Male,0,0,44,North America,<=50K
16693,"[20, 30[", Private,186314,High School,9,Married-civ-spouse,Other, Husband,*,Male,0,0,40,North America,<=50K
16694,"[50, 60[", Private,213615,High School,9,Married-civ-spouse,Technical, Husband,*,Male,0,0,40,North America,>50K
16695,"[30, 40[", Private,162322,Professional Education,11,Never-married,Technical, Own-child,*,Female,0,0,40,North America,<=50K
16696,"[40, 50[", State-gov,115932,Graduate,14,Married-civ-spouse,Nontechnical, Husband,*,Male,0,0,40,North America,<=50K
16697,"[60, 70[", Self-emp-not-inc,392694,Undergraduate,10,Divorced,Nontechnical, Not-in-family,*,Male,0,0,50,North America,>50K
16698,"[30, 40[", State-gov,143517,Undergraduate,13,Never-married,Nontechnical, Own-child,*,Male,0,0,40,North America,<=50K
16700,"[50, 60[", Private,254285,Graduate,14,Married-civ-spouse,Technical, Husband,*,Male,0,0,40,North America,>50K
16701,"[30, 40[", Private,238311,High School,9,Married-civ-spouse,Technical, Husband,*,Male,0,0,36,North America,>50K
16702,"[40, 50[", Private,281647,Graduate,14,Married-civ-spouse,Nontechnical, Husband,*,Male,0,0,45,North America,>50K
16703,"[30, 40[", Private,75167,Undergraduate,10,Married-civ-spouse,Technical, Husband,*,Male,0,0,40,North America,>50K
16706,"[40, 50[", Private,145762,Undergraduate,13,Married-civ-spouse,Nontechnical, Husband,*,Male,0,0,40,North America,<=50K
16707,"[20, 30[", Local-gov,142443,Undergraduate,13,Married-civ-spouse,Technical, Husband,*,Male,0,0,60,North America,<=50K
16708,"[40, 50[", Private,99361,Professional Education,15,Married-civ-spouse,Technical, Husband,*,Male,0,0,45,North America,<=50K
16709,"[30, 40[", Private,105138,High School,9,Divorced,Other, Not-in-family,*,Male,0,0,50,North America,<=50K
16710,"[20, 30[", Private,183171,High School,7,Never-married,Other, Own-child,*,Male,1055,0,32,North America,<=50K
16711,"[10, 20[", Private,151866,Undergraduate,10,Never-married,Nontechnical, Not-in-family,*,Female,0,0,20,North America,<=50K
16712,"[60, 70[", Private,297261,Undergraduate,10,Widowed,Nontechnical, Not-in-family,*,Female,0,0,15,North America,<=50K
16713,"[40, 50[", Private,148998,High School,9,Divorced,Other, Unmarried,*,Female,0,0,40,North America,<=50K
16714,"[40, 50[", Private,143046,High School,9,Never-married,Other, Own-child,*,Female,0,0,40,North America,<=50K
16715,"[40, 50[", Private,183850,High School,9,Divorced,Nontechnical, Not-in-family,*,Male,0,0,50,North America,<=50K
16716,"[50, 60[", Self-emp-not-inc,248841,Graduate,14,Married-civ-spouse,Technical, Husband,*,Male,0,1977,40,North America,>50K
16717,"[30, 40[", Private,198452,Undergraduate,13,Never-married,Other, Own-child,*,Female,0,0,40,North America,<=50K
16718,"[20, 30[", Private,161092,Undergraduate,10,Never-married,Nontechnical, Own-child,*,Male,0,0,40,North America,<=50K
16719,"[30, 40[", Private,112497,Graduate,14,Married-civ-spouse,Nontechnical, Husband,*,Male,0,0,40,North America,>50K
16720,"[50, 60[", Self-emp-not-inc,155963,Undergraduate,10,Married-civ-spouse,Technical, Husband,*,Male,0,0,55,North America,<=50K
16721,"[20, 30[", Private,147560,Undergraduate,10,Married-civ-spouse,Nontechnical, Husband,*,Male,0,1902,55,North America,>50K
16722,"[20, 30[", Private,376393,Professional Education,11,Never-married,Nontechnical, Not-in-family,*,Female,0,0,40,North America,<=50K
16723,"[20, 30[", State-gov,151790,Undergraduate,10,Never-married,Other, Own-child,*,Female,0,0,30,North America,<=50K
16724,"[20, 30[", Private,438139,High School,9,Never-married,Nontechnical, Not-in-family,*,Male,0,0,50,North America,<=50K
16725,"[20, 30[", ?,163911,Undergraduate,10,Never-married,Other, Own-child,*,Female,0,0,40,North America,<=50K
16726,"[30, 40[", Private,214896,High School,9,Divorced,Other, Not-in-family,*,Female,0,0,45,North America,<=50K
16727,"[30, 40[", Private,102821,Undergraduate,10,Married-civ-spouse,Technical, Not-in-family,*,Male,0,0,40,North America,<=50K
16728,"[40, 50[", Self-emp-not-inc,90021,High School,9,Married-civ-spouse,Technical, Husband,*,Male,0,0,30,North America,<=50K
16729,"[40, 50[", Private,77085,Undergraduate,13,Married-civ-spouse,Technical, Husband,*,Male,0,0,40,Asia,>50K
16730,"[40, 50[", Private,158555,High School,6,Married-civ-spouse,Nontechnical, Husband,*,Male,0,0,40,North America,<=50K
16731,"[30, 40[", ?,28160,High School,9,Divorced,Other, Not-in-family,*,Female,0,0,40,North America,<=50K
16732,"[30, 40[", Private,462255,Undergraduate,13,Divorced,Nontechnical, Not-in-family,*,Female,0,0,40,North America,<=50K
16733,"[30, 40[", Private,144949,High School,9,Never-married,Nontechnical, Not-in-family,*,Male,0,0,40,North America,<=50K
16734,"[20, 30[", Private,116207,High School,5,Married-civ-spouse,Technical, Husband,*,Male,0,0,32,North America,<=50K
16735,"[10, 20[", Private,187308,High School,6,Never-married,Other, Own-child,*,Female,0,0,15,North America,<=50K
16736,"[40, 50[", Local-gov,189890,High School,9,Never-married,Other, Unmarried,*,Female,0,0,40,North America,<=50K
16737,"[40, 50[", Private,185267,Undergraduate,13,Married-civ-spouse,Technical, Husband,*,Male,0,0,40,North America,<=50K
16738,"[10, 20[", Private,63434,Undergraduate,10,Never-married,Technical, Not-in-family,*,Female,0,0,35,North America,<=50K
16739,"[40, 50[", Private,1366120,Professional Education,11,Divorced,Other, Not-in-family,*,Female,0,0,8,North America,<=50K
16740,"[40, 50[", Self-emp-inc,495061,Graduate,16,Married-civ-spouse,Technical, Husband,*,Male,99999,0,70,North America,>50K
16741,"[30, 40[", Local-gov,134886,High School,9,Married-civ-spouse,Other, Wife,*,Female,0,1740,35,North America,<=50K
16742,"[30, 40[", Private,129707,Undergraduate,13,Never-married,Other, Not-in-family,*,Male,0,0,60,North America,>50K
16743,"[10, 20[", ?,181337,High School,6,Never-married,Other, Own-child,*,Female,0,0,20,North America,<=50K
16744,"[50, 60[", Private,74784,Undergraduate,13,Divorced,Nontechnical, Not-in-family,*,Female,0,0,60,North America,<=50K
16745,"[30, 40[", Private,44392,High School,9,Divorced,Nontechnical, Own-child,*,Male,0,0,20,North America,<=50K
16746,"[20, 30[", Private,406641,Undergraduate,10,Never-married,Nontechnical, Other-relative,*,Female,0,0,18,North America,<=50K
16748,"[30, 40[", ?,139770,Undergraduate,10,Divorced,Other, Own-child,*,Female,0,0,32,North America,<=50K
16749,"[20, 30[", Private,180212,High School,9,Never-married,Other, Unmarried,*,Female,0,0,40,North America,<=50K
16750,"[30, 40[", ?,338212,Undergraduate,10,Married-civ-spouse,Other, Wife,*,Female,0,0,20,North America,<=50K
16752,"[40, 50[", Private,384236,Graduate,14,Married-civ-spouse,Technical, Husband,*,Male,7688,0,40,North America,>50K
16753,"[20, 30[", Private,168470,High School,9,Never-married,Other, Own-child,*,Male,0,0,40,North America,<=50K
16754,"[20, 30[", Local-gov,80485,Undergraduate,13,Never-married,Technical, Not-in-family,*,Female,0,0,38,North America,<=50K
16755,"[30, 40[", ?,181705,High School,9,Married-civ-spouse,Other, Husband,*,Male,0,0,24,North America,<=50K
16756,"[20, 30[", Private,216867,High School,6,Never-married,Other, Other-relative,*,Male,0,0,30,North America,<=50K
16757,"[40, 50[", Federal-gov,214541,Undergraduate,10,Married-civ-spouse,Nontechnical, Husband,*,Male,0,0,40,North America,>50K
16758,"[30, 40[", Private,383239,High School,6,Married-civ-spouse,Technical, Husband,*,Male,3103,0,40,North America,>50K
16759,"[20, 30[", Private,70034,Undergraduate,13,Married-civ-spouse,Nontechnical, Husband,*,Male,0,0,45,North America,>50K
16760,"[10, 20[", ?,266287,Undergraduate,10,Never-married,Other, Own-child,*,Female,0,0,25,North America,<=50K
16761,"[40, 50[", Private,128485,Professional Education,11,Married-civ-spouse,Technical, Husband,*,Male,0,0,40,North America,<=50K
16762,>=80, ?,89015,High School,9,Married-civ-spouse,Other, Husband,*,Male,0,0,18,North America,<=50K
16763,"[50, 60[", Private,106740,High School,9,Married-civ-spouse,Nontechnical, Husband,*,Male,0,0,40,North America,>50K
16764,"[50, 60[", Private,167527,High School,7,Widowed,Other, Unmarried,*,Female,0,0,40,North America,<=50K
16765,"[30, 40[", Private,19302,Undergraduate,13,Married-civ-spouse,Technical, Husband,*,Male,0,0,40,North America,>50K
16766,"[30, 40[", Private,210150,High School,9,Divorced,Other, Unmarried,*,Female,0,0,40,North America,<=50K
16767,"[30, 40[", Private,179824,High School,9,Never-married,Technical, Unmarried,*,Female,0,0,36,North America,<=50K
16768,"[20, 30[", Private,420351,High School,9,Never-married,Other, Own-child,*,Male,0,0,40,North America,<=50K
16769,"[20, 30[", State-gov,215443,Undergraduate,10,Never-married,Other, Not-in-family,*,Male,0,0,15,North America,<=50K
16770,"[20, 30[", Private,116044,High School,7,Separated,Technical, Other-relative,*,Male,2907,0,50,North America,<=50K
16771,"[30, 40[", Private,215306,Professional Education,11,Never-married,Other, Not-in-family,*,Male,0,0,40,North America,<=50K
16772,"[30, 40[", Private,108069,Undergraduate,10,Never-married,Technical, Unmarried,*,Female,0,0,40,North America,<=50K
16773,"[40, 50[", Private,260046,High School,9,Divorced,Other, Not-in-family,*,Male,0,0,40,North America,<=50K
16774,"[30, 40[", Private,31053,High School,9,Divorced,Nontechnical, Unmarried,*,Female,0,0,40,North America,<=50K
16775,"[10, 20[", Private,362302,High School,8,Never-married,Other, Own-child,*,Male,0,0,15,North America,<=50K
16776,"[50, 60[", Private,87205,High School,9,Widowed,Other, Not-in-family,*,Female,0,0,15,North America,<=50K
16777,"[40, 50[", Private,191703,High School,9,Never-married,Other, Own-child,*,Female,0,0,40,North America,<=50K
16779,"[20, 30[", Local-gov,185575,Undergraduate,13,Never-married,Technical, Own-child,*,Female,0,0,40,North America,<=50K
16780,"[30, 40[", Private,177858,Undergraduate,10,Never-married,Nontechnical, Not-in-family,*,Male,2174,0,40,North America,<=50K
16781,"[30, 40[", Self-emp-not-inc,73585,High School,7,Married-civ-spouse,Technical, Husband,*,Male,0,0,50,North America,<=50K
16782,"[40, 50[", Private,301802,Undergraduate,13,Married-civ-spouse,Other, Husband,*,Male,0,0,50,North America,>50K
16783,"[30, 40[", Self-emp-inc,108467,Undergraduate,13,Never-married,Nontechnical, Not-in-family,*,Male,0,0,55,North America,<=50K
16784,"[40, 50[", Private,431245,High School,4,Married-civ-spouse,Technical, Husband,*,Male,0,0,40,North America,<=50K
16785,"[40, 50[", Private,157217,Professional Education,12,Married-civ-spouse,Technical, Husband,*,Male,0,0,40,North America,>50K
16786,"[20, 30[", Private,204935,High School,9,Never-married,Technical, Own-child,*,Male,0,0,40,North America,<=50K
16787,"[10, 20[", Private,277112,High School,7,Never-married,Nontechnical, Own-child,*,Male,0,0,30,North America,<=50K
16788,"[60, 70[", Self-emp-inc,59145,Graduate,16,Married-civ-spouse,Nontechnical, Husband,*,Male,0,1902,60,North America,>50K
16789,"[30, 40[", Local-gov,159773,Undergraduate,13,Married-civ-spouse,Other, Husband,*,Male,0,0,45,North America,>50K
16790,"[50, 60[", Private,118793,Undergraduate,13,Married-civ-spouse,Technical, Husband,*,Male,0,0,70,North America,>50K
16791,"[20, 30[", State-gov,152457,High School,9,Never-married,Other, Not-in-family,*,Male,0,0,40,North America,<=50K
16792,"[30, 40[", Private,187901,Undergraduate,10,Never-married,Nontechnical, Not-in-family,*,Female,0,1504,40,North America,<=50K
16793,"[50, 60[", Private,266529,High School,7,Married-civ-spouse,Technical, Husband,*,Male,0,0,40,North America,<=50K
16794,"[10, 20[", ?,256179,Undergraduate,10,Never-married,Other, Own-child,*,Male,594,0,10,North America,<=50K
16796,"[40, 50[", Private,83444,Professional Education,11,Married-civ-spouse,Nontechnical, Husband,*,Male,0,0,43,North America,>50K
16797,"[30, 40[", Self-emp-inc,30529,Undergraduate,13,Married-civ-spouse,Nontechnical, Husband,*,Male,0,2415,50,North America,>50K
16798,"[50, 60[", ?,146325,High School,9,Married-civ-spouse,Other, Husband,*,Male,0,0,28,North America,<=50K
16799,"[20, 30[", Private,198825,High School,9,Never-married,Nontechnical, Not-in-family,*,Female,0,0,38,North America,<=50K
16800,"[60, 70[", Private,71489,Graduate,14,Married-civ-spouse,Technical, Husband,*,Male,0,0,25,North America,<=50K
16801,"[50, 60[", Private,111218,High School,9,Married-civ-spouse,Other, Husband,*,Male,0,0,60,North America,<=50K
16802,"[20, 30[", ?,221626,Undergraduate,13,Married-civ-spouse,Other, Wife,*,Female,0,0,40,North America,<=50K
16803,"[30, 40[", Local-gov,203482,Graduate,14,Married-civ-spouse,Technical, Husband,*,Male,7298,0,40,North America,>50K
16804,"[40, 50[", Self-emp-not-inc,352196,High School,9,Separated,Other, Not-in-family,*,Female,0,0,22,North America,<=50K
16805,"[40, 50[", Federal-gov,355918,High School,9,Married-civ-spouse,Technical, Husband,*,Male,0,0,40,North America,>50K
16806,"[40, 50[", Private,168262,High School,9,Married-civ-spouse,Technical, Husband,*,Male,0,1887,40,North America,>50K
16807,"[20, 30[", Private,182615,Undergraduate,10,Never-married,Other, Own-child,*,Male,0,0,40,North America,<=50K
16808,"[20, 30[", Private,211482,Undergraduate,13,Never-married,Technical, Not-in-family,*,Male,0,0,50,North America,>50K
16809,"[30, 40[", Private,386370,Undergraduate,10,Married-civ-spouse,Technical, Husband,*,Male,0,0,50,North America,<=50K
16810,"[30, 40[", ?,85077,Undergraduate,13,Married-civ-spouse,Other, Wife,*,Female,0,1902,20,North America,>50K
16811,"[40, 50[", Local-gov,180010,Undergraduate,13,Married-civ-spouse,Technical, Wife,*,Female,0,0,40,North America,>50K
16812,"[40, 50[", Without-pay,142210,High School,9,Married-civ-spouse,Technical, Wife,*,Female,0,0,25,North America,<=50K
16814,"[40, 50[", Private,237731,Professional Education,11,Married-civ-spouse,Other, Husband,*,Male,0,0,40,North America,<=50K
16815,"[20, 30[", Private,343506,High School,9,Never-married,Other, Own-child,*,Female,0,0,40,North America,<=50K
16817,"[60, 70[", ?,206560,High School,9,Widowed,Other, Not-in-family,*,Female,0,0,35,North America,<=50K
16818,"[50, 60[", State-gov,153451,High School,9,Married-civ-spouse,Technical, Wife,*,Female,0,1887,40,North America,>50K
16819,"[30, 40[", Private,301862,High School,9,Married-civ-spouse,Technical, Husband,*,Male,0,0,40,North America,<=50K
16820,"[20, 30[", Private,33429,Undergraduate,10,Divorced,Other, Unmarried,*,Female,0,0,40,North America,<=50K
16821,"[30, 40[", Private,169583,High School,9,Never-married,Nontechnical, Own-child,*,Female,0,0,40,North America,<=50K
16823,"[40, 50[", Self-emp-not-inc,383384,High School,9,Married-civ-spouse,Technical, Husband,*,Male,0,0,40,North America,>50K
16824,"[20, 30[", Private,240809,Undergraduate,10,Never-married,Other, Not-in-family,*,Female,0,0,56,North America,<=50K
16825,"[30, 40[", Private,203763,High School,9,Divorced,Other, Not-in-family,*,Female,0,0,40,North America,<=50K
16826,"[20, 30[", Private,218785,High School,9,Married-civ-spouse,Nontechnical, Wife,*,Female,0,0,40,North America,<=50K
16827,"[20, 30[", ?,381741,Professional Education,12,Never-married,Other, Own-child,*,Male,0,1721,20,North America,<=50K
16828,"[10, 20[", Private,244602,High School,8,Never-married,Other, Own-child,*,Male,0,0,15,North America,<=50K
16829,"[40, 50[", State-gov,175696,Undergraduate,13,Married-civ-spouse,Nontechnical, Husband,*,Male,0,0,40,North America,>50K
16830,"[20, 30[", Private,101027,High School,9,Married-civ-spouse,Nontechnical, Husband,*,Male,0,0,48,North America,<=50K
16831,"[30, 40[", Private,99270,High School,9,Never-married,Other, Other-relative,*,Female,0,0,40,North America,<=50K
16832,"[40, 50[", Private,224393,Undergraduate,13,Married-civ-spouse,Nontechnical, Husband,*,Male,0,0,55,North America,>50K
16833,"[40, 50[", Private,192381,High School,9,Married-civ-spouse,Technical, Husband,*,Male,0,0,40,North America,>50K
16834,"[20, 30[", Private,131686,Undergraduate,13,Never-married,Technical, Not-in-family,*,Female,0,0,40,North America,<=50K
16836,"[40, 50[", Private,277533,Undergraduate,10,Married-civ-spouse,Technical, Husband,*,Male,0,0,40,North America,<=50K
16837,"[40, 50[", Private,72880,Graduate,14,Never-married,Technical, Not-in-family,*,Female,0,0,40,North America,<=50K
16839,"[40, 50[", Private,209057,Undergraduate,10,Divorced,Technical, Not-in-family,*,Male,0,0,40,North America,<=50K
16840,"[10, 20[", Private,108909,High School,9,Never-married,Nontechnical, Own-child,*,Female,0,0,20,North America,<=50K
16841,"[40, 50[", Private,74949,Undergraduate,10,Divorced,Technical, Not-in-family,*,Male,0,0,40,North America,<=50K
16842,"[30, 40[", Private,235639,High School,6,Married-civ-spouse,Technical, Husband,*,Male,0,0,40,North America,<=50K
16844,"[50, 60[", Private,122412,Undergraduate,13,Never-married,Technical, Not-in-family,*,Female,0,0,40,North America,<=50K
16845,"[20, 30[", Private,434894,High School,9,Married-civ-spouse,Nontechnical, Husband,*,Male,0,0,40,North America,<=50K
16846,"[30, 40[", Private,379959,High School,9,Divorced,Other, Not-in-family,*,Female,0,0,40,North America,<=50K
16847,"[30, 40[", Private,95885,High School,7,Never-married,Technical, Not-in-family,*,Male,13550,0,60,North America,>50K
16849,"[40, 50[", Private,32627,Graduate,14,Married-civ-spouse,Technical, Husband,*,Male,0,0,60,North America,<=50K
16850,"[20, 30[", Private,65171,Undergraduate,10,Married-civ-spouse,Other, Husband,*,Male,0,0,40,North America,<=50K
16851,"[30, 40[", Private,193380,High School,9,Never-married,Other, Own-child,*,Male,0,0,40,North America,<=50K
16852,"[40, 50[", Private,184823,Undergraduate,10,Never-married,Other, Own-child,*,Female,0,0,40,North America,<=50K
16853,"[30, 40[", Private,81259,Undergraduate,13,Never-married,Other, Not-in-family,*,Female,0,0,43,North America,<=50K
16854,"[30, 40[", Private,301369,High School,8,Never-married,Technical, Unmarried,*,Female,0,0,40,North America,<=50K
16855,"[20, 30[", Private,190968,High School,9,Never-married,Technical, Own-child,*,Male,0,0,40,North America,<=50K
16857,"[30, 40[", Private,330715,High School,9,Separated,Other, Not-in-family,*,Male,0,0,40,North America,<=50K
16858,"[20, 30[", Local-gov,77698,Undergraduate,10,Never-married,Other, Unmarried,*,Female,0,0,40,North America,<=50K
16859,"[30, 40[", Private,139770,High School,9,Never-married,Other, Own-child,*,Female,6849,0,40,North America,<=50K
16860,"[20, 30[", Private,109053,High School,9,Never-married,Other, Other-relative,*,Male,0,0,25,North America,<=50K
16861,"[60, 70[", Private,312653,Undergraduate,10,Married-civ-spouse,Nontechnical, Husband,*,Male,0,0,25,North America,<=50K
16863,"[30, 40[", Private,331831,Undergraduate,13,Married-civ-spouse,Nontechnical, Husband,*,Male,0,0,40,North America,<=50K
16864,"[40, 50[", Private,54202,Undergraduate,13,Never-married,Nontechnical, Not-in-family,*,Male,10520,0,50,North America,>50K
16865,"[50, 60[", Private,163948,Professional Education,11,Married-civ-spouse,Technical, Husband,*,Male,0,0,40,North America,>50K
16866,"[40, 50[", Private,36228,High School,9,Divorced,Other, Not-in-family,*,Male,0,0,44,North America,<=50K
16867,"[40, 50[", Private,160167,Professional Education,11,Married-civ-spouse,Other, Husband,*,Male,0,0,40,North America,<=50K
16868,"[50, 60[", Private,178356,Professional Education,12,Married-civ-spouse,Nontechnical, Husband,*,Male,2407,0,99,North America,<=50K
16869,"[40, 50[", Private,104196,Undergraduate,10,Married-civ-spouse,Other, Husband,*,Male,0,0,40,North America,<=50K
16870,"[50, 60[", Private,288353,Undergraduate,13,Married-civ-spouse,Nontechnical, Husband,*,Male,0,0,40,North America,>50K
16871,"[30, 40[", Private,187693,High School,9,Never-married,Technical, Own-child,*,Male,0,0,40,North America,<=50K
16872,"[30, 40[", Private,114988,High School,9,Never-married,Other, Not-in-family,*,Female,0,0,40,North America,<=50K
16873,"[30, 40[", Local-gov,117392,Graduate,14,Never-married,Technical, Not-in-family,*,Female,0,0,40,North America,<=50K
16874,"[40, 50[", Private,121124,Undergraduate,10,Married-civ-spouse,Other, Husband,*,Male,0,0,40,North America,>50K
16875,"[50, 60[", Private,195638,High School,9,Divorced,Other, Not-in-family,*,Female,0,0,40,North America,<=50K
16876,"[30, 40[", Private,245053,Undergraduate,10,Divorced,Nontechnical, Own-child,*,Male,0,1504,40,North America,<=50K
16877,"[40, 50[", State-gov,216734,Professional Education,15,Divorced,Nontechnical, Not-in-family,*,Female,0,0,40,North America,<=50K
16878,"[30, 40[", ?,197827,Undergraduate,10,Married-civ-spouse,Other, Husband,*,Male,0,0,40,North America,<=50K
16879,"[40, 50[", Private,49156,High School,9,Married-civ-spouse,Technical, Husband,*,Male,0,0,40,North America,<=50K
16880,"[20, 30[", Private,126133,Undergraduate,10,Never-married,Other, Own-child,*,Female,0,0,40,North America,<=50K
16881,"[20, 30[", Private,304463,Undergraduate,10,Married-civ-spouse,Technical, Husband,*,Male,0,0,65,North America,<=50K
16882,"[30, 40[", Private,214288,High School,9,Never-married,Technical, Own-child,*,Male,0,0,40,North America,<=50K
16883,"[20, 30[", Private,274969,High School,9,Never-married,Technical, Unmarried,*,Female,0,0,42,North America,<=50K
16884,"[20, 30[", Private,189072,Undergraduate,13,Never-married,Technical, Not-in-family,*,Female,0,0,45,North America,<=50K
16885,"[40, 50[", Private,128047,Undergraduate,10,Separated,Nontechnical, Not-in-family,*,Male,0,0,42,North America,<=50K
16886,"[20, 30[", Private,210338,Undergraduate,10,Never-married,Other, Own-child,*,Female,0,0,15,North America,<=50K
16887,"[60, 70[", Private,122442,High School,8,Married-civ-spouse,Technical, Husband,*,Male,0,0,40,North America,<=50K
16888,"[40, 50[", Self-emp-not-inc,167081,Graduate,14,Married-civ-spouse,Nontechnical, Husband,*,Male,3103,0,50,North America,<=50K
16889,"[30, 40[", Private,251421,Professional Education,12,Divorced,Technical, Not-in-family,*,Male,0,0,50,North America,<=50K
16890,"[20, 30[", Federal-gov,219519,Undergraduate,10,Never-married,Other, Own-child,*,Female,0,0,40,North America,<=50K
16891,"[30, 40[", Private,33355,Undergraduate,10,Never-married,Other, Own-child,*,Male,0,0,45,North America,<=50K
16892,"[20, 30[", Private,441210,High School,9,Never-married,Technical, Own-child,*,Male,0,0,40,North America,<=50K
16893,"[50, 60[", Local-gov,178356,High School,5,Married-civ-spouse,Other, Husband,*,Male,0,0,40,North America,<=50K
16894,"[50, 60[", Self-emp-not-inc,231196,Undergraduate,13,Divorced,Nontechnical, Not-in-family,*,Male,0,0,50,North America,<=50K
16895,"[50, 60[", State-gov,40925,Undergraduate,13,Married-civ-spouse,Nontechnical, Husband,*,Male,0,0,40,North America,<=50K
16897,"[40, 50[", Private,219266,High School,9,Married-civ-spouse,Nontechnical, Husband,*,Male,7688,0,50,North America,>50K
16898,"[20, 30[", Private,114967,Undergraduate,13,Never-married,Nontechnical, Own-child,*,Male,0,0,40,North America,<=50K
16899,"[20, 30[", Private,344492,High School,9,Separated,Nontechnical, Own-child,*,Female,0,0,26,North America,<=50K
16900,"[20, 30[", Private,369387,High School,7,Married-civ-spouse,Technical, Husband,*,Male,0,0,35,North America,<=50K
16902,"[50, 60[", Private,137428,High School,9,Divorced,Other, Not-in-family,*,Male,0,0,45,North America,<=50K
16903,"[40, 50[", Federal-gov,121012,Undergraduate,13,Married-civ-spouse,Other, Husband,*,Male,7298,0,48,North America,>50K
16904,"[40, 50[", Private,139290,High School,6,Separated,Technical, Own-child,*,Female,0,0,48,North America,<=50K
16905,"[60, 70[", Private,199193,High School,9,Married-civ-spouse,Nontechnical, Husband,*,Male,0,0,25,North America,<=50K
16906,"[30, 40[", Private,286689,Professional Education,12,Married-civ-spouse,Technical, Husband,*,Male,0,0,42,North America,>50K
16907,"[20, 30[", ?,123727,Undergraduate,10,Never-married,Other, Not-in-family,*,Female,0,0,28,North America,<=50K
16908,"[50, 60[", Federal-gov,208640,Undergraduate,13,Married-civ-spouse,Nontechnical, Husband,*,Male,0,0,40,North America,>50K
16909,"[30, 40[", Self-emp-not-inc,120130,Graduate,14,Married-civ-spouse,Nontechnical, Husband,*,Male,0,0,60,North America,>50K
16910,"[20, 30[", Self-emp-inc,241431,Graduate,16,Married-civ-spouse,Technical, Husband,*,Male,0,0,35,North America,>50K
16911,"[20, 30[", Private,120450,High School,9,Never-married,Other, Not-in-family,*,Male,0,0,40,North America,<=50K
16912,"[20, 30[", Private,152240,Undergraduate,10,Never-married,Technical, Own-child,*,Male,0,0,40,North America,<=50K
16913,"[50, 60[", Private,200960,Undergraduate,10,Married-civ-spouse,Nontechnical, Husband,*,Male,0,0,50,North America,<=50K
16914,"[30, 40[", Federal-gov,314310,Undergraduate,13,Married-civ-spouse,Technical, Husband,*,Male,0,0,40,North America,>50K
16915,"[30, 40[", Local-gov,44566,Undergraduate,13,Married-civ-spouse,Technical, Husband,*,Male,0,0,80,North America,<=50K
16916,"[50, 60[", Private,21792,High School,9,Widowed,Other, Not-in-family,*,Female,0,0,10,North America,<=50K
16917,"[30, 40[", Private,182074,High School,9,Never-married,Nontechnical, Own-child,*,Male,0,0,40,North America,<=50K
16919,"[40, 50[", Private,240628,Undergraduate,13,Married-civ-spouse,Nontechnical, Wife,*,Female,0,0,40,North America,>50K
16920,"[30, 40[", Private,318641,Undergraduate,13,Married-civ-spouse,Nontechnical, Husband,*,Male,0,0,45,North America,>50K
16921,"[20, 30[", Self-emp-not-inc,140863,High School,5,Married-civ-spouse,Technical, Husband,*,Male,0,0,40,North America,<=50K
16922,"[30, 40[", Private,129150,Undergraduate,13,Married-civ-spouse,Technical, Husband,*,Male,0,0,50,North America,>50K
16925,"[40, 50[", Private,244945,Undergraduate,10,Married-civ-spouse,Nontechnical, Husband,*,Male,0,0,40,North America,<=50K
16926,"[50, 60[", Private,138514,Undergraduate,10,Divorced,Other, Unmarried,*,Female,0,0,40,North America,<=50K
16927,"[10, 20[", Private,92008,High School,9,Never-married,Nontechnical, Other-relative,*,Female,0,0,28,North America,<=50K
16928,"[20, 30[", Private,207415,Undergraduate,13,Never-married,Nontechnical, Own-child,*,Female,0,0,15,North America,<=50K
16929,"[20, 30[", Private,188626,High School,9,Married-civ-spouse,Technical, Husband,*,Male,0,0,48,North America,<=50K
16930,"[30, 40[", Private,257250,Undergraduate,10,Married-civ-spouse,Other, Husband,*,Male,7298,0,60,North America,>50K
16931,"[20, 30[", Private,133696,Undergraduate,10,Married-civ-spouse,Technical, Husband,*,Male,0,0,88,North America,<=50K
16932,"[20, 30[", Private,195919,High School,6,Never-married,Nontechnical, Not-in-family,*,Male,0,0,40,North America,<=50K
16933,"[40, 50[", Private,119266,High School,9,Married-civ-spouse,Other, Husband,*,Male,0,0,40,North America,<=50K
16934,"[40, 50[", Self-emp-not-inc,140474,Professional Education,12,Divorced,Technical, Own-child,*,Male,0,0,35,North America,<=50K
16935,"[20, 30[", Private,69739,High School,6,Never-married,Technical, Own-child,*,Male,0,0,40,North America,<=50K
16936,"[40, 50[", Private,293176,Undergraduate,13,Married-civ-spouse,Nontechnical, Husband,*,Male,0,0,40,North America,>50K
16937,"[20, 30[", Private,217961,Undergraduate,10,Never-married,Nontechnical, Own-child,*,Male,0,0,15,North America,<=50K
16938,"[40, 50[", Local-gov,163725,Undergraduate,13,Married-civ-spouse,Technical, Husband,*,Male,7688,0,40,North America,>50K
16939,"[20, 30[", Private,419394,Undergraduate,10,Never-married,Nontechnical, Own-child,*,Male,0,0,9,North America,<=50K
16940,"[10, 20[", Private,220836,High School,7,Never-married,Other, Not-in-family,*,Female,0,0,20,North America,<=50K
16941,"[30, 40[", Private,334291,Undergraduate,13,Never-married,Nontechnical, Not-in-family,*,Male,0,0,50,North America,<=50K
16942,"[50, 60[", Private,298601,High School,5,Married-civ-spouse,Technical, Husband,*,Male,3781,0,40,North America,<=50K
16943,"[30, 40[", Private,200360,Undergraduate,10,Never-married,Technical, Not-in-family,*,Male,0,0,40,North America,<=50K
16944,"[30, 40[", Private,203482,Professional Education,12,Married-civ-spouse,Technical, Husband,*,Male,0,0,40,North America,>50K
16945,"[20, 30[", Private,99126,Professional Education,11,Married-civ-spouse,Technical, Wife,*,Female,7688,0,40,North America,>50K
16946,"[60, 70[", Private,109190,Undergraduate,13,Married-civ-spouse,Nontechnical, Husband,*,Male,15024,0,40,North America,>50K
16947,"[30, 40[", Private,34848,Undergraduate,10,Married-civ-spouse,Other, Husband,*,Male,4064,0,40,North America,<=50K
16948,"[20, 30[", Private,29732,Undergraduate,13,Never-married,Technical, Not-in-family,*,Female,4865,0,36,North America,<=50K
16949,"[20, 30[", Private,87867,High School,9,Never-married,Nontechnical, Own-child,*,Male,0,0,35,North America,<=50K
16950,"[50, 60[", Private,123515,High School,9,Divorced,Other, Not-in-family,*,Female,0,0,40,North America,<=50K
16951,"[40, 50[", Private,175935,High School,9,Married-civ-spouse,Technical, Husband,*,Male,0,0,40,North America,<=50K
16952,"[20, 30[", Private,229456,High School,9,Never-married,Other, Own-child,*,Female,0,0,38,North America,<=50K
16953,"[40, 50[", Private,184105,Professional Education,12,Married-civ-spouse,Nontechnical, Husband,*,Male,4386,0,40,North America,>50K
16954,"[40, 50[", Local-gov,99554,Undergraduate,10,Married-civ-spouse,Other, Husband,*,Male,0,0,40,North America,<=50K
16955,"[20, 30[", Private,190227,High School,9,Never-married,Other, Unmarried,*,Male,0,0,40,North America,<=50K
16956,"[20, 30[", Private,29020,Professional Education,12,Divorced,Other, Not-in-family,*,Female,0,0,45,North America,<=50K
16958,"[40, 50[", Private,193995,Undergraduate,10,Divorced,Technical, Not-in-family,*,Male,0,0,38,North America,<=50K
16959,"[20, 30[", Private,105059,High School,5,Married-civ-spouse,Technical, Husband,*,Male,0,0,20,North America,<=50K
16960,"[60, 70[", Private,71751,Undergraduate,10,Married-civ-spouse,Nontechnical, Husband,*,Male,0,1977,98,North America,>50K
16961,"[20, 30[", Private,176683,Undergraduate,13,Married-civ-spouse,Nontechnical, Husband,*,Male,5178,0,50,North America,>50K
16962,"[30, 40[", Private,342709,Graduate,14,Married-civ-spouse,Nontechnical, Husband,*,Male,0,0,40,North America,<=50K
16963,"[50, 60[", Private,53838,Undergraduate,13,Married-civ-spouse,Nontechnical, Husband,*,Male,0,0,40,North America,<=50K
16964,"[40, 50[", Local-gov,209482,Graduate,14,Married-civ-spouse,Technical, Wife,*,Female,0,0,45,North America,>50K
16965,"[40, 50[", Private,214242,Undergraduate,10,Married-civ-spouse,Other, Husband,*,Male,0,0,50,North America,>50K
16966,"[40, 50[", ?,34458,High School,4,Married-civ-spouse,Other, Husband,*,Male,0,0,10,North America,<=50K
16968,"[40, 50[", Private,149949,High School,4,Married-civ-spouse,Other, Husband,*,Male,0,0,40,North America,<=50K
16969,"[40, 50[", Private,189762,Professional Education,12,Never-married,Technical, Not-in-family,*,Male,0,0,56,North America,<=50K
16970,"[40, 50[", Private,79874,Undergraduate,13,Married-civ-spouse,Nontechnical, Husband,*,Male,0,0,53,North America,>50K
16971,"[60, 70[", Self-emp-not-inc,104576,Undergraduate,13,Married-civ-spouse,Nontechnical, Husband,*,Male,0,0,8,North America,>50K
16972,"[30, 40[", State-gov,355700,High School,9,Separated,Other, Unmarried,*,Female,0,0,20,North America,<=50K
16973,"[20, 30[", Private,213625,Professional Education,12,Married-civ-spouse,Nontechnical, Husband,*,Male,0,0,40,North America,<=50K
16974,"[20, 30[", Private,204984,High School,9,Married-civ-spouse,Technical, Husband,*,Male,0,0,40,North America,>50K
16976,"[20, 30[", Private,217169,Undergraduate,13,Never-married,Other, Own-child,*,Female,0,0,40,North America,<=50K
16977,"[40, 50[", Private,184883,High School,5,Married-civ-spouse,Technical, Wife,*,Female,0,0,40,North America,<=50K
16978,"[40, 50[", ?,136419,High School,6,Married-civ-spouse,Other, Husband,*,Male,0,0,40,North America,<=50K
16979,"[50, 60[", Private,57758,Graduate,14,Married-civ-spouse,Nontechnical, Husband,*,Male,0,0,68,North America,>50K
16980,"[50, 60[", Self-emp-not-inc,30908,High School,4,Married-civ-spouse,Other, Husband,*,Male,0,0,60,North America,<=50K
16982,"[50, 60[", Private,160703,High School,8,Married-civ-spouse,Technical, Husband,*,Male,0,0,45,North America,<=50K
16983,"[30, 40[", Private,142675,High School,9,Never-married,Technical, Not-in-family,*,Male,0,0,40,North America,<=50K
16986,"[30, 40[", Private,376979,High School,5,Never-married,Technical, Not-in-family,*,Male,0,0,40,North America,<=50K
16987,"[40, 50[", Private,175935,Undergraduate,13,Divorced,Nontechnical, Not-in-family,*,Male,14084,0,40,North America,>50K
16988,"[20, 30[", Private,277530,High School,9,Never-married,Nontechnical, Own-child,*,Female,0,0,40,North America,<=50K
16989,"[50, 60[", Private,104501,Graduate,14,Married-civ-spouse,Technical, Husband,*,Male,0,0,40,North America,>50K
16991,"[30, 40[", Local-gov,593246,Undergraduate,13,Married-civ-spouse,Technical, Wife,*,Female,0,0,50,North America,>50K
16993,"[60, 70[", Private,192596,High School,9,Widowed,Other, Not-in-family,*,Female,0,0,30,North America,<=50K
16994,"[10, 20[", Private,142457,High School,7,Never-married,Other, Own-child,*,Male,0,0,20,North America,<=50K
16995,"[30, 40[", Private,136028,Professional Education,11,Married-civ-spouse,Other, Husband,*,Male,0,0,40,North America,<=50K
16996,"[30, 40[", Private,216145,Undergraduate,10,Never-married,Technical, Not-in-family,*,Male,4650,0,45,North America,<=50K
16997,"[20, 30[", Private,157894,Undergraduate,10,Never-married,Other, Own-child,*,Male,0,0,20,North America,<=50K
16998,"[30, 40[", Self-emp-not-inc,164593,Graduate,16,Never-married,Technical, Not-in-family,*,Male,4787,0,40,North America,>50K
17000,"[40, 50[", Private,145711,Graduate,14,Married-civ-spouse,Technical, Husband,*,Male,0,1902,50,North America,>50K
17001,"[40, 50[", Private,358199,Undergraduate,10,Married-civ-spouse,Nontechnical, Husband,*,Male,3103,0,40,North America,>50K
17002,"[40, 50[", Private,219591,Undergraduate,13,Married-civ-spouse,Other, Husband,*,Male,0,0,55,North America,>50K
17003,"[50, 60[", Local-gov,205005,Undergraduate,13,Married-civ-spouse,Technical, Wife,*,Female,0,0,60,North America,>50K
17004,"[50, 60[", Private,221936,High School,9,Married-civ-spouse,Nontechnical, Husband,*,Male,0,0,40,North America,<=50K
17005,"[50, 60[", Private,120914,High School,6,Never-married,Other, Own-child,*,Male,0,0,40,North America,<=50K
17006,"[70, 80[", Self-emp-inc,155761,Undergraduate,10,Married-civ-spouse,Nontechnical, Husband,*,Male,0,0,8,North America,<=50K
17007,"[20, 30[", Private,195914,Undergraduate,10,Never-married,Nontechnical, Own-child,*,Female,3418,0,30,North America,<=50K
17008,"[30, 40[", Local-gov,236687,Undergraduate,10,Never-married,Technical, Own-child,*,Male,0,0,40,North America,<=50K
17009,"[20, 30[", Private,318036,High School,9,Never-married,Other, Not-in-family,*,Male,0,0,40,North America,<=50K
17010,"[20, 30[", Private,53306,High School,9,Never-married,Technical, Not-in-family,*,Male,0,0,30,North America,<=50K
17011,"[20, 30[", Private,174645,High School,9,Never-married,Other, Own-child,*,Female,0,0,40,North America,<=50K
17012,"[10, 20[", Private,321817,High School,7,Never-married,Other, Own-child,*,Female,0,0,40,North America,<=50K
17013,"[40, 50[", Private,206948,Undergraduate,13,Married-civ-spouse,Nontechnical, Husband,*,Male,0,0,40,North America,>50K
17014,"[40, 50[", Federal-gov,402975,Undergraduate,10,Married-civ-spouse,Nontechnical, Husband,*,Male,0,0,40,North America,<=50K
17016,"[40, 50[", Private,367049,Graduate,14,Never-married,Nontechnical, Not-in-family,*,Female,4650,0,40,North America,<=50K
17017,"[30, 40[", Private,143486,Undergraduate,13,Married-civ-spouse,Nontechnical, Husband,*,Male,0,0,40,North America,>50K
17018,"[40, 50[", Self-emp-inc,27187,Graduate,14,Married-civ-spouse,Other, Husband,*,Male,0,0,60,North America,>50K
17019,"[20, 30[", Private,187717,Undergraduate,13,Never-married,Other, Own-child,*,Female,0,0,40,North America,<=50K
17020,"[20, 30[", Private,378104,High School,9,Never-married,Nontechnical, Own-child,*,Male,0,0,40,North America,<=50K
17022,"[40, 50[", Private,252518,Professional Education,15,Married-civ-spouse,Nontechnical, Husband,*,Male,15024,0,40,North America,>50K
17023,"[20, 30[", Private,326334,Undergraduate,13,Never-married,Technical, Own-child,*,Male,0,0,20,North America,<=50K
17024,"[40, 50[", Private,279914,Undergraduate,10,Married-civ-spouse,Other, Husband,*,Male,0,0,45,North America,>50K
17026,"[30, 40[", Private,207853,High School,9,Divorced,Technical, Own-child,*,Male,0,0,40,North America,<=50K
17028,"[40, 50[", Private,112181,Professional Education,11,Married-civ-spouse,Technical, Wife,*,Female,0,1902,32,North America,>50K
17029,"[30, 40[", State-gov,259705,Undergraduate,10,Separated,Nontechnical, Own-child,*,Female,0,0,40,North America,<=50K
17030,"[20, 30[", ?,117789,Undergraduate,10,Never-married,Other, Own-child,*,Female,0,0,40,North America,<=50K
17031,"[20, 30[", Private,449432,High School,8,Married-civ-spouse,Technical, Husband,*,Male,0,0,40,North America,<=50K
17032,"[30, 40[", Federal-gov,89083,Professional Education,11,Married-civ-spouse,Technical, Husband,*,Male,0,0,40,North America,<=50K
17033,"[40, 50[", Private,59612,Undergraduate,10,Married-civ-spouse,Nontechnical, Husband,*,Male,0,0,44,North America,<=50K
17034,"[20, 30[", Private,129980,High School,5,Never-married,Other, Own-child,*,Male,0,0,40,North America,<=50K
17036,"[30, 40[", Private,342709,High School,9,Married-civ-spouse,Technical, Husband,*,Male,0,0,40,North America,<=50K
17037,"[30, 40[", Private,126675,High School,9,Never-married,Technical, Not-in-family,*,Male,0,0,40,North America,<=50K
17038,"[30, 40[", Private,141118,Professional Education,11,Never-married,Other, Not-in-family,*,Female,0,0,40,North America,<=50K
17039,"[20, 30[", ?,273701,Undergraduate,10,Never-married,Other, Other-relative,*,Male,34095,0,10,North America,<=50K
17040,"[40, 50[", Private,173243,High School,9,Married-civ-spouse,Technical, Husband,*,Male,0,0,40,North America,<=50K
17041,"[20, 30[", Local-gov,161092,High School,9,Never-married,Other, Own-child,*,Male,0,0,40,North America,<=50K
17042,"[30, 40[", Private,209691,Undergraduate,13,Married-civ-spouse,Nontechnical, Husband,*,Male,0,0,42,North America,>50K
17043,"[30, 40[", Private,89508,Undergraduate,10,Divorced,Technical, Not-in-family,*,Male,0,0,50,North America,<=50K
17045,"[60, 70[", State-gov,136939,Undergraduate,10,Married-civ-spouse,Other, Husband,*,Male,0,0,40,North America,<=50K
17046,"[50, 60[", Local-gov,264436,Undergraduate,10,Divorced,Nontechnical, Not-in-family,*,Female,0,0,40,North America,<=50K
17047,"[50, 60[", Private,199572,High School,7,Married-civ-spouse,Technical, Husband,*,Male,0,0,40,North America,<=50K
17049,"[50, 60[", Private,215990,High School,9,Married-civ-spouse,Technical, Husband,*,Male,0,0,40,North America,>50K
17050,"[50, 60[", Self-emp-not-inc,179594,High School,9,Married-civ-spouse,Nontechnical, Husband,*,Male,0,0,48,North America,<=50K
17051,"[60, 70[", Self-emp-inc,139391,Undergraduate,10,Married-civ-spouse,Nontechnical, Husband,*,Male,0,1902,35,North America,>50K
17052,"[40, 50[", Private,187370,Graduate,14,Divorced,Nontechnical, Unmarried,*,Male,7430,0,70,North America,>50K
17053,"[30, 40[", Private,473133,Graduate,14,Married-civ-spouse,Technical, Husband,*,Male,5178,0,40,North America,>50K
17055,"[20, 30[", Private,182308,Undergraduate,10,Married-civ-spouse,Technical, Husband,*,Male,0,0,40,North America,<=50K
17056,"[50, 60[", Self-emp-not-inc,51662,High School,7,Married-civ-spouse,Other, Wife,*,Female,0,0,40,North America,<=50K
17057,"[40, 50[", Private,289468,High School,7,Widowed,Other, Unmarried,*,Female,0,0,40,North America,<=50K
17058,"[20, 30[", Private,201954,Professional Education,12,Never-married,Nontechnical, Not-in-family,*,Male,0,0,65,North America,>50K
17059,"[40, 50[", Self-emp-not-inc,26781,Undergraduate,10,Married-civ-spouse,Nontechnical, Husband,*,Male,0,0,40,North America,<=50K
17060,"[50, 60[", Private,100960,High School,5,Married-civ-spouse,Nontechnical, Husband,*,Male,0,0,40,North America,<=50K
17061,"[30, 40[", Private,203761,Professional Education,11,Never-married,Technical, Not-in-family,*,Female,2354,0,40,North America,<=50K
17062,"[20, 30[", Private,213811,Undergraduate,13,Never-married,Nontechnical, Own-child,*,Female,0,0,40,North America,<=50K
17063,"[40, 50[", Private,124672,High School,9,Married-civ-spouse,Technical, Husband,*,Male,0,0,40,North America,>50K
17064,"[10, 20[", Private,219300,Undergraduate,10,Never-married,Nontechnical, Own-child,*,Female,0,0,25,North America,<=50K
17065,"[20, 30[", Private,270436,High School,9,Never-married,Other, Own-child,*,Male,0,0,40,North America,<=50K
17066,"[20, 30[", Private,212619,High School,9,Married-civ-spouse,Technical, Husband,*,Male,0,0,50,North America,<=50K
17067,"[20, 30[", Private,193586,High School,9,Married-civ-spouse,Other, Wife,*,Female,3908,0,40,North America,<=50K
17068,"[40, 50[", Private,84136,High School,9,Married-civ-spouse,Technical, Husband,*,Male,0,0,25,North America,<=50K
17069,"[50, 60[", Federal-gov,264834,Undergraduate,13,Never-married,Technical, Not-in-family,*,Female,0,0,40,North America,<=50K
17070,"[30, 40[", State-gov,98995,Professional Education,11,Never-married,Technical, Not-in-family,*,Female,0,0,40,North America,<=50K
17071,"[20, 30[", Private,278254,High School,9,Married-civ-spouse,Technical, Husband,*,Male,0,0,40,North America,<=50K
17072,"[20, 30[", Private,167987,High School,9,Never-married,Other, Own-child,*,Female,0,0,40,North America,<=50K
17074,"[10, 20[", Private,176467,High School,5,Never-married,Other, Not-in-family,*,Male,0,0,20,North America,<=50K
17075,"[50, 60[", Self-emp-not-inc,85902,High School,6,Widowed,Other, Other-relative,*,Female,0,0,40,North America,<=50K
17076,"[30, 40[", Private,223433,High School,9,Married-civ-spouse,Nontechnical, Husband,*,Male,0,0,40,North America,>50K
17077,"[50, 60[", Self-emp-inc,108435,Undergraduate,13,Married-civ-spouse,Nontechnical, Husband,*,Male,0,0,50,North America,>50K
17078,"[20, 30[", Private,172496,Undergraduate,13,Never-married,Nontechnical, Not-in-family,*,Male,0,0,30,North America,<=50K
17079,"[30, 40[", Private,241998,High School,9,Married-civ-spouse,Technical, Husband,*,Male,0,0,40,North America,>50K
17080,"[40, 50[", Private,245948,High School,9,Never-married,Technical, Not-in-family,*,Female,2174,0,40,North America,<=50K
17081,"[20, 30[", Private,187513,Professional Education,11,Never-married,Technical, Own-child,*,Male,0,0,40,North America,<=50K
17083,"[20, 30[", Private,218215,Professional Education,11,Never-married,Other, Own-child,*,Female,0,0,20,North America,<=50K
17084,"[50, 60[", Private,158948,High School,4,Married-civ-spouse,Technical, Husband,*,Male,3411,0,40,North America,<=50K
17085,"[30, 40[", Private,94413,High School,9,Married-civ-spouse,Other, Husband,*,Male,0,0,40,North America,>50K
17086,"[40, 50[", Private,183598,High School,9,Divorced,Other, Not-in-family,*,Female,0,0,40,North America,<=50K
17087,"[30, 40[", Private,192664,High School,7,Never-married,Technical, Own-child,*,Male,0,0,40,North America,<=50K
17088,"[30, 40[", Private,392812,Undergraduate,13,Married-civ-spouse,Nontechnical, Husband,*,Male,0,0,45,North America,>50K
17089,"[20, 30[", Private,155818,High School,9,Never-married,Other, Own-child,*,Female,0,0,20,North America,<=50K
17090,"[30, 40[", Private,195000,High School,9,Married-civ-spouse,Technical, Husband,*,Male,0,0,40,North America,<=50K
17091,"[20, 30[", Private,308205,Primary School,3,Never-married,Other, Other-relative,*,Male,0,0,40,North America,<=50K
17092,"[50, 60[", Private,104879,High School,9,Married-civ-spouse,Technical, Husband,*,Male,0,0,40,North America,>50K
17093,"[30, 40[", Private,152307,High School,9,Married-civ-spouse,Technical, Husband,*,Male,0,0,40,North America,<=50K
17094,"[20, 30[", Private,145964,Undergraduate,13,Never-married,Nontechnical, Own-child,*,Male,0,0,40,North America,<=50K
17095,"[40, 50[", Private,97419,High School,9,Married-civ-spouse,Other, Wife,*,Female,0,0,40,North America,<=50K
17096,"[20, 30[", ?,12285,Undergraduate,10,Never-married,Other, Not-in-family,*,Female,0,0,20,North America,<=50K
17097,"[30, 40[", Private,263150,High School,9,Divorced,Technical, Unmarried,*,Female,0,0,20,North America,<=50K
17098,"[40, 50[", ?,189885,High School,9,Widowed,Other, Not-in-family,*,Female,0,0,40,North America,<=50K
17099,"[20, 30[", Private,151888,Undergraduate,10,Never-married,Nontechnical, Own-child,*,Male,0,0,40,North America,<=50K
17100,"[40, 50[", Private,254167,High School,6,Separated,Other, Own-child,*,Male,0,0,35,North America,<=50K
17101,"[40, 50[", Local-gov,331482,Professional Education,12,Divorced,Technical, Own-child,*,Male,0,0,40,North America,<=50K
17102,"[60, 70[", Local-gov,177189,Undergraduate,13,Married-civ-spouse,Technical, Husband,*,Male,0,0,42,North America,<=50K
17103,"[30, 40[", Private,186886,High School,9,Divorced,Nontechnical, Unmarried,*,Female,0,0,55,North America,<=50K
17104,"[20, 30[", Private,33221,Undergraduate,10,Never-married,Other, Own-child,*,Female,0,0,25,North America,<=50K
17105,"[20, 30[", Private,188171,High School,6,Never-married,Other, Own-child,*,Male,0,0,60,North America,<=50K
17106,"[20, 30[", Private,209770,High School,9,Never-married,Other, Own-child,*,Female,0,0,40,North America,<=50K
17108,"[60, 70[", Local-gov,180869,Undergraduate,10,Widowed,Other, Not-in-family,*,Female,0,0,35,North America,<=50K
17109,"[20, 30[", Private,190350,High School,9,Never-married,Other, Unmarried,*,Female,0,0,40,North America,<=50K
17112,"[40, 50[", Private,198774,Graduate,14,Divorced,Nontechnical, Unmarried,*,Female,0,323,45,North America,<=50K
17113,"[60, 70[", Private,134906,High School,9,Widowed,Nontechnical, Not-in-family,*,Female,0,0,32,North America,<=50K
17114,"[40, 50[", Private,174515,High School,9,Widowed,Technical, Unmarried,*,Female,0,0,40,North America,<=50K
17115,"[50, 60[", Private,259363,Undergraduate,10,Married-civ-spouse,Nontechnical, Husband,*,Male,0,0,60,North America,>50K
17116,"[40, 50[", Self-emp-not-inc,201742,Undergraduate,13,Married-civ-spouse,Nontechnical, Husband,*,Male,0,2415,50,North America,>50K
17117,"[30, 40[", Private,209609,High School,9,Married-civ-spouse,Other, Husband,*,Male,0,0,60,North America,<=50K
17118,"[20, 30[", Private,185127,Undergraduate,10,Never-married,Nontechnical, Not-in-family,*,Male,0,0,40,North America,<=50K
17119,"[40, 50[", Private,462838,High School,9,Divorced,Nontechnical, Not-in-family,*,Female,0,0,48,North America,<=50K
17120,"[30, 40[", Private,176967,Undergraduate,10,Married-civ-spouse,Technical, Husband,*,Male,0,0,50,North America,>50K
17121,"[50, 60[", Private,284129,Undergraduate,10,Married-civ-spouse,Other, Husband,*,Male,0,0,45,North America,>50K
17122,"[30, 40[", Federal-gov,37546,Professional Education,15,Married-civ-spouse,Technical, Wife,*,Female,0,0,40,North America,>50K
17123,"[40, 50[", Private,116666,High School,9,Divorced,Nontechnical, Not-in-family,*,Female,0,0,40,North America,<=50K
17124,"[40, 50[", Private,120724,Graduate,14,Married-civ-spouse,Nontechnical, Husband,*,Male,4386,0,40,North America,<=50K
17125,"[20, 30[", Private,314240,Professional Education,12,Never-married,Nontechnical, Not-in-family,*,Male,3325,0,40,North America,<=50K
17126,"[40, 50[", Private,423222,Graduate,14,Married-civ-spouse,Nontechnical, Husband,*,Male,0,0,50,North America,>50K
17127,"[50, 60[", Private,201127,High School,9,Divorced,Nontechnical, Not-in-family,*,Male,0,0,45,North America,<=50K
17128,"[20, 30[", Private,202239,High School,9,Married-civ-spouse,Nontechnical, Husband,*,Male,0,0,40,North America,<=50K
17129,"[30, 40[", Private,209629,High School,9,Married-civ-spouse,Technical, Husband,*,Male,0,0,40,North America,<=50K
17130,"[50, 60[", Private,165922,Undergraduate,13,Married-civ-spouse,Technical, Husband,*,Male,15024,0,40,North America,>50K
17131,"[20, 30[", Private,133520,Undergraduate,10,Never-married,Nontechnical, Own-child,*,Female,0,0,15,North America,<=50K
17133,"[30, 40[", Private,176410,High School,9,Never-married,Other, Own-child,*,Female,0,0,38,North America,<=50K
17134,"[30, 40[", Federal-gov,103214,Graduate,16,Never-married,Technical, Not-in-family,*,Female,0,0,60,North America,>50K
17136,"[50, 60[", Private,226735,Undergraduate,10,Married-civ-spouse,Other, Husband,*,Male,0,0,70,North America,>50K
17137,"[40, 50[", Self-emp-inc,151089,High School,9,Married-civ-spouse,Nontechnical, Husband,*,Male,0,0,50,North America,<=50K
17138,"[20, 30[", Private,244312,High School,5,Never-married,Technical, Own-child,*,Male,0,0,30,North America,<=50K
17139,"[30, 40[", Private,209317,High School,5,Never-married,Other, Not-in-family,*,Male,0,0,45,North America,<=50K
17140,"[40, 50[", Private,99096,Undergraduate,10,Divorced,Other, Not-in-family,*,Female,0,1590,38,North America,<=50K
17141,"[20, 30[", Private,374116,High School,9,Never-married,Other, Own-child,*,Female,0,0,36,North America,<=50K
17143,"[40, 50[", Self-emp-not-inc,326083,Professional Education,11,Married-civ-spouse,Technical, Husband,*,Male,0,0,40,North America,<=50K
17145,"[30, 40[", Private,350783,High School,9,Never-married,Technical, Not-in-family,*,Female,0,0,38,North America,<=50K
17146,"[60, 70[", Local-gov,140849,High School,9,Widowed,Other, Not-in-family,*,Female,0,0,25,North America,<=50K
17147,"[40, 50[", Private,175943,Undergraduate,13,Married-civ-spouse,Technical, Wife,*,Female,0,0,20,North America,<=50K
17148,"[40, 50[", Local-gov,125933,Undergraduate,10,Divorced,Other, Unmarried,*,Female,0,0,40,North America,<=50K
17149,"[40, 50[", Private,225124,High School,9,Divorced,Other, Own-child,*,Female,0,0,40,North America,<=50K
17150,"[30, 40[", Private,272090,Undergraduate,13,Divorced,Technical, Unmarried,*,Female,0,0,45,North America,<=50K
17151,"[40, 50[", Private,40666,High School,7,Married-civ-spouse,Nontechnical, Husband,*,Male,0,0,60,North America,<=50K
17152,"[10, 20[", Private,35245,High School,9,Never-married,Other, Own-child,*,Male,0,0,40,North America,<=50K
17153,"[30, 40[", Private,167482,Undergraduate,13,Married-civ-spouse,Other, Husband,*,Male,0,0,40,North America,>50K
17154,"[40, 50[", Private,204662,Graduate,14,Married-civ-spouse,Nontechnical, Husband,*,Male,0,0,45,North America,>50K
17155,"[30, 40[", Private,291147,Undergraduate,10,Married-civ-spouse,Nontechnical, Husband,*,Male,0,0,50,North America,<=50K
17156,"[40, 50[", Private,179869,High School,9,Married-civ-spouse,Technical, Husband,*,Male,0,0,40,North America,>50K
17157,"[50, 60[", Self-emp-not-inc,205100,High School,9,Married-civ-spouse,Nontechnical, Wife,*,Female,0,0,40,North America,<=50K
17158,"[20, 30[", Private,352139,Undergraduate,10,Divorced,Other, Own-child,*,Female,0,0,29,North America,<=50K
17159,"[30, 40[", Private,111268,Undergraduate,13,Never-married,Other, Own-child,*,Female,0,0,40,North America,<=50K
17160,"[30, 40[", Private,247111,High School,9,Married-civ-spouse,Technical, Husband,*,Male,0,0,40,North America,>50K
17161,"[10, 20[", Private,271446,Undergraduate,10,Never-married,Other, Own-child,*,Female,0,0,25,North America,<=50K
17162,"[20, 30[", Local-gov,132412,Undergraduate,13,Never-married,Nontechnical, Own-child,*,Male,0,0,40,North America,<=50K
17163,"[50, 60[", Self-emp-inc,74712,High School,9,Married-civ-spouse,Nontechnical, Husband,*,Male,0,0,40,North America,>50K
17164,"[20, 30[", Private,94662,Professional Education,11,Never-married,Technical, Not-in-family,*,Male,0,0,44,North America,<=50K
17165,"[40, 50[", Self-emp-inc,33126,Undergraduate,10,Married-civ-spouse,Nontechnical, Husband,*,Male,0,0,80,North America,<=50K
17166,"[40, 50[", Private,133584,High School,9,Divorced,Technical, Not-in-family,*,Male,0,0,40,North America,<=50K
17167,"[40, 50[", Local-gov,103759,Undergraduate,10,Married-civ-spouse,Other, Husband,*,Male,3942,0,40,North America,<=50K
17168,"[60, 70[", ?,64448,High School,9,Married-civ-spouse,Other, Husband,*,Male,0,0,40,North America,<=50K
17170,"[40, 50[", Private,179666,Undergraduate,13,Never-married,Nontechnical, Not-in-family,*,Male,0,0,30,North America,<=50K
17171,"[10, 20[", Private,99219,High School,7,Never-married,Nontechnical, Own-child,*,Female,0,0,15,North America,<=50K
17174,"[40, 50[", Private,150011,Undergraduate,13,Divorced,Technical, Unmarried,*,Female,0,0,40,North America,<=50K
17175,"[20, 30[", Private,231231,Undergraduate,10,Never-married,Nontechnical, Not-in-family,*,Male,0,0,30,North America,<=50K
17177,"[20, 30[", Private,277342,Undergraduate,10,Never-married,Other, Unmarried,*,Male,0,0,40,North America,<=50K
17178,"[20, 30[", Private,140001,Undergraduate,13,Never-married,Other, Not-in-family,*,Male,0,0,40,North America,<=50K
17179,"[40, 50[", Private,99651,Graduate,14,Married-civ-spouse,Nontechnical, Husband,*,Male,5178,0,40,North America,>50K
17180,"[40, 50[", Private,223319,Undergraduate,10,Divorced,Nontechnical, Own-child,*,Male,0,0,45,North America,<=50K
17181,"[50, 60[", Private,235307,Undergraduate,13,Married-civ-spouse,Technical, Husband,*,Male,0,0,40,North America,>50K
17182,"[50, 60[", Private,206343,High School,9,Separated,Technical, Not-in-family,*,Male,2174,0,40,North America,<=50K
17183,"[50, 60[", Local-gov,156003,High School,9,Divorced,Other, Not-in-family,*,Male,0,0,40,North America,<=50K
17184,"[20, 30[", Private,529223,Undergraduate,13,Never-married,Nontechnical, Own-child,*,Male,0,0,10,North America,<=50K
17185,"[20, 30[", Private,202871,Professional Education,11,Married-civ-spouse,Other, Husband,*,Male,0,0,44,North America,<=50K
17186,"[30, 40[", Private,58337,Undergraduate,10,Divorced,Nontechnical, Not-in-family,*,Female,0,0,40,North America,>50K
17187,"[50, 60[", Federal-gov,298643,High School,9,Divorced,Other, Unmarried,*,Female,0,0,40,North America,<=50K
17188,"[60, 70[", Private,191188,High School,6,Widowed,Other, Unmarried,*,Male,0,0,20,North America,<=50K
17189,"[30, 40[", Private,96287,Graduate,14,Never-married,Technical, Not-in-family,*,Female,0,0,45,North America,<=50K
17190,"[20, 30[", Private,104443,Undergraduate,10,Never-married,Other, Own-child,*,Female,0,0,40,North America,<=50K
17191,"[30, 40[", Private,323054,High School,6,Divorced,Other, Not-in-family,*,Male,0,0,40,North America,<=50K
17192,"[10, 20[", Private,95917,High School,9,Never-married,Other, Own-child,*,Male,0,0,25,North America,<=50K
17194,"[20, 30[", Private,49296,High School,9,Never-married,Nontechnical, Other-relative,*,Male,0,0,40,North America,<=50K
17195,"[20, 30[", Private,50953,Undergraduate,10,Never-married,Other, Own-child,*,Female,0,0,10,North America,<=50K
17196,"[50, 60[", Private,124507,Undergraduate,13,Married-civ-spouse,Nontechnical, Husband,*,Male,0,0,55,North America,>50K
17197,"[50, 60[", Private,239523,High School,9,Married-civ-spouse,Nontechnical, Husband,*,Male,0,0,45,North America,>50K
17198,"[50, 60[", Self-emp-not-inc,309124,High School,9,Married-civ-spouse,Other, Husband,*,Male,0,0,40,North America,>50K
17200,"[50, 60[", Private,105010,Undergraduate,13,Married-civ-spouse,Other, Husband,*,Male,0,0,45,North America,>50K
17202,"[20, 30[", Private,178478,Undergraduate,13,Never-married,Technical, Own-child,*,Female,0,0,40,North America,<=50K
17203,"[30, 40[", Private,23871,High School,9,Divorced,Other, Unmarried,*,Female,0,0,30,North America,<=50K
17204,"[20, 30[", Private,362309,Undergraduate,10,Never-married,Other, Own-child,*,Male,0,0,35,North America,<=50K
17205,"[20, 30[", Private,257781,Undergraduate,10,Never-married,Technical, Own-child,*,Male,0,1719,30,North America,<=50K
17206,"[40, 50[", Private,175669,High School,7,Married-civ-spouse,Technical, Wife,*,Female,5178,0,36,North America,>50K
17207,"[50, 60[", Private,297906,Undergraduate,10,Married-civ-spouse,Nontechnical, Husband,*,Male,0,0,50,North America,>50K
17208,"[40, 50[", Private,230684,High School,9,Married-civ-spouse,Other, Husband,*,Male,0,0,45,North America,<=50K
17209,"[50, 60[", ?,123011,High School,9,Married-civ-spouse,Other, Husband,*,Male,0,0,40,North America,>50K
17210,"[40, 50[", Private,170866,Undergraduate,13,Married-civ-spouse,Nontechnical, Husband,*,Male,0,0,50,North America,>50K
17211,"[50, 60[", Local-gov,182543,Undergraduate,10,Widowed,Other, Unmarried,*,Female,0,0,40,North America,<=50K
17212,"[60, 70[", Self-emp-not-inc,236470,High School,4,Married-civ-spouse,Other, Husband,*,Male,0,0,40,North America,<=50K
17213,"[50, 60[", Private,33725,Graduate,14,Divorced,Technical, Not-in-family,*,Male,0,0,20,North America,<=50K
17214,"[20, 30[", Private,188941,Undergraduate,10,Married-civ-spouse,Technical, Husband,*,Male,3908,0,40,North America,<=50K
17215,"[40, 50[", Private,206878,High School,9,Never-married,Other, Unmarried,*,Female,0,0,60,North America,<=50K
17216,"[30, 40[", Local-gov,173806,Professional Education,12,Married-civ-spouse,Nontechnical, Husband,*,Male,0,0,40,North America,<=50K
17217,"[20, 30[", Private,190709,Undergraduate,10,Married-civ-spouse,Other, Husband,*,Male,0,0,65,North America,<=50K
17219,"[20, 30[", Private,25265,High School,9,Never-married,Technical, Own-child,*,Male,0,0,40,North America,<=50K
17220,"[30, 40[", Private,100669,Undergraduate,10,Married-civ-spouse,Technical, Own-child,*,Male,0,0,40,North America,<=50K
17221,"[20, 30[", Self-emp-inc,114158,Undergraduate,13,Never-married,Nontechnical, Own-child,*,Female,0,0,40,North America,<=50K
17222,"[50, 60[", Private,228057,High School,9,Married-civ-spouse,Other, Husband,*,Male,0,0,40,North America,<=50K
17223,"[20, 30[", Private,54012,High School,9,Never-married,Nontechnical, Own-child,*,Male,0,0,40,North America,<=50K
17224,"[40, 50[", Federal-gov,219967,Undergraduate,13,Married-civ-spouse,Nontechnical, Husband,*,Male,0,0,40,North America,>50K
17225,"[40, 50[", Private,239865,High School,7,Married-civ-spouse,Other, Husband,*,Male,0,0,40,North America,<=50K
17226,"[30, 40[", State-gov,119421,Undergraduate,13,Married-civ-spouse,Nontechnical, Wife,*,Female,0,0,35,North America,>50K
17227,"[50, 60[", Self-emp-not-inc,220187,Undergraduate,10,Married-civ-spouse,Other, Husband,*,Male,0,0,45,North America,>50K
17228,"[40, 50[", Local-gov,33068,Graduate,14,Divorced,Technical, Not-in-family,*,Male,0,1974,40,North America,<=50K
17229,"[40, 50[", Self-emp-not-inc,277783,Undergraduate,10,Divorced,Technical, Not-in-family,*,Male,0,2001,50,North America,<=50K
17230,"[40, 50[", Private,175515,High School,9,Married-civ-spouse,Technical, Husband,*,Male,0,0,40,North America,<=50K
17231,"[50, 60[", Local-gov,271795,High School,4,Married-civ-spouse,Technical, Husband,*,Male,0,0,40,North America,<=50K
17232,"[40, 50[", Private,70055,Undergraduate,10,Married-civ-spouse,Other, Husband,*,Male,0,0,40,North America,<=50K
17233,"[20, 30[", Private,352806,High School,9,Divorced,Other, Not-in-family,*,Female,0,0,40,North America,<=50K
17234,"[50, 60[", Private,266189,High School,9,Divorced,Other, Unmarried,*,Female,0,0,42,North America,<=50K
17235,"[40, 50[", Private,102945,High School,4,Widowed,Technical, Not-in-family,*,Female,0,0,40,North America,<=50K
17236,"[20, 30[", Private,173851,Undergraduate,10,Married-civ-spouse,Nontechnical, Husband,*,Male,0,0,40,North America,<=50K
17237,"[50, 60[", Private,144092,High School,9,Married-civ-spouse,Technical, Husband,*,Male,0,0,40,North America,<=50K
17238,"[50, 60[", Private,198681,Undergraduate,10,Married-civ-spouse,Other, Husband,*,Male,0,0,70,North America,>50K
17239,"[30, 40[", Private,351810,Undergraduate,13,Never-married,Technical, Not-in-family,*,Female,0,0,45,North America,<=50K
17240,"[50, 60[", Private,180142,Graduate,14,Married-civ-spouse,Technical, Husband,*,Male,0,0,45,North America,<=50K
17241,"[30, 40[", Self-emp-inc,175360,High School,9,Married-civ-spouse,Technical, Husband,*,Male,0,0,40,North America,>50K
17242,"[30, 40[", Self-emp-inc,224498,High School,9,Divorced,Other, Unmarried,*,Female,0,0,40,North America,<=50K
17243,"[30, 40[", Self-emp-inc,154641,High School,9,Divorced,Technical, Unmarried,*,Male,0,0,60,North America,<=50K
17244,"[50, 60[", Local-gov,152540,Undergraduate,10,Divorced,Technical, Unmarried,*,Male,0,0,42,North America,<=50K
17245,"[50, 60[", Private,217663,High School,9,Married-civ-spouse,Nontechnical, Husband,*,Male,0,0,45,North America,>50K
17246,"[20, 30[", Local-gov,138575,High School,9,Never-married,Other, Unmarried,*,Male,0,0,56,North America,<=50K
17247,"[10, 20[", ?,32477,Undergraduate,10,Never-married,Other, Own-child,*,Male,0,0,25,North America,<=50K
17248,"[60, 70[", Private,101104,High School,9,Married-civ-spouse,Nontechnical, Husband,*,Male,9386,0,10,North America,>50K
17249,"[30, 40[", Private,44677,Undergraduate,13,Never-married,Other, Not-in-family,*,Male,0,0,40,North America,<=50K
17250,"[20, 30[", Private,456618,High School,4,Never-married,Technical, Unmarried,*,Male,0,0,40,North America,<=50K
17251,"[30, 40[", Private,227282,Undergraduate,10,Never-married,Technical, Not-in-family,*,Male,0,0,40,North America,<=50K
17252,"[40, 50[", Private,27624,Professional Education,11,Never-married,Other, Not-in-family,*,Female,0,0,55,North America,<=50K
17253,"[20, 30[", Private,281403,High School,9,Never-married,Other, Own-child,*,Male,0,0,98,North America,<=50K
17256,"[20, 30[", Private,299810,High School,9,Never-married,Nontechnical, Not-in-family,*,Female,0,0,50,North America,<=50K
17258,"[20, 30[", Private,237044,High School,9,Never-married,Other, Own-child,*,Male,0,0,12,North America,<=50K
17260,"[60, 70[", State-gov,269512,Undergraduate,13,Divorced,Technical, Not-in-family,*,Male,0,0,40,North America,<=50K
17261,"[20, 30[", Private,44767,Undergraduate,13,Never-married,Nontechnical, Own-child,*,Male,0,0,50,North America,>50K
17262,"[20, 30[", Private,67218,High School,4,Married-civ-spouse,Nontechnical, Other-relative,*,Male,0,0,40,North America,<=50K
17263,"[30, 40[", Private,176992,Undergraduate,10,Married-civ-spouse,Technical, Husband,*,Male,0,0,40,North America,<=50K
17264,"[30, 40[", Self-emp-not-inc,43712,High School,7,Married-civ-spouse,Nontechnical, Husband,*,Male,0,1887,45,North America,>50K
17265,"[40, 50[", Private,379919,Professional Education,12,Married-civ-spouse,Other, Husband,*,Male,0,0,60,North America,>50K
17266,"[30, 40[", Private,104509,Professional Education,11,Never-married,Technical, Not-in-family,*,Female,1639,0,20,North America,<=50K
17268,"[30, 40[", Private,179666,High School,8,Married-civ-spouse,Technical, Husband,*,Male,0,0,40,North America,<=50K
17270,"[20, 30[", Private,197387,High School,9,Never-married,Other, Own-child,*,Male,0,0,40,North America,<=50K
17271,"[20, 30[", Local-gov,220656,Undergraduate,13,Married-civ-spouse,Nontechnical, Husband,*,Male,0,0,40,North America,>50K
17272,"[30, 40[", Private,181091,Undergraduate,10,Married-civ-spouse,Technical, Husband,*,Male,0,0,40,North America,<=50K
17273,"[50, 60[", Federal-gov,135028,High School,9,Separated,Other, Other-relative,*,Female,0,0,35,North America,<=50K
17275,"[50, 60[", Private,106498,High School,6,Widowed,Other, Not-in-family,*,Female,0,0,35,North America,<=50K
17276,"[20, 30[", Private,203003,High School,6,Married-civ-spouse,Technical, Husband,*,Male,0,0,40,North America,<=50K
17277,"[30, 40[", Self-emp-not-inc,223789,Graduate,14,Married-civ-spouse,Technical, Husband,*,Male,0,0,45,North America,>50K
17278,"[20, 30[", Private,184026,Undergraduate,10,Never-married,Technical, Not-in-family,*,Male,0,0,50,North America,<=50K
17279,"[30, 40[", ?,335427,Undergraduate,13,Married-civ-spouse,Other, Wife,*,Female,0,0,20,North America,>50K
17280,"[40, 50[", Private,65866,Undergraduate,10,Divorced,Technical, Unmarried,*,Female,0,213,40,North America,<=50K
17281,"[30, 40[", Private,372692,High School,9,Married-civ-spouse,Technical, Husband,*,Male,0,0,40,North America,<=50K
17282,"[20, 30[", Private,45607,Undergraduate,10,Never-married,Other, Own-child,*,Female,0,0,40,North America,<=50K
17283,"[50, 60[", State-gov,303176,Undergraduate,10,Married-civ-spouse,Nontechnical, Husband,*,Male,0,2179,40,North America,<=50K
17284,"[20, 30[", Private,138190,High School,9,Never-married,Nontechnical, Unmarried,*,Female,0,1138,40,North America,<=50K
17285,"[20, 30[", Self-emp-not-inc,212895,Undergraduate,10,Divorced,Technical, Not-in-family,*,Male,0,0,48,North America,<=50K
17286,"[50, 60[", Self-emp-inc,31359,Graduate,14,Married-civ-spouse,Nontechnical, Husband,*,Male,15024,0,80,North America,>50K
17287,"[50, 60[", Private,147989,High School,9,Married-civ-spouse,Other, Husband,*,Male,0,0,40,North America,>50K
17288,"[40, 50[", Private,145290,High School,9,Married-civ-spouse,Technical, Husband,*,Male,0,0,45,North America,<=50K
17289,"[40, 50[", Private,262684,High School,9,Divorced,Other, Not-in-family,*,Female,0,1504,45,North America,<=50K
17290,"[30, 40[", Private,132601,High School,9,Never-married,Other, Own-child,*,Male,0,0,40,North America,<=50K
17291,"[40, 50[", Self-emp-not-inc,30759,High School,9,Married-civ-spouse,Technical, Husband,*,Male,0,0,35,North America,<=50K
17292,"[10, 20[", Private,319889,High School,9,Never-married,Other, Own-child,*,Male,0,0,25,North America,<=50K
17293,"[60, 70[", Private,29431,High School,9,Married-civ-spouse,Nontechnical, Husband,*,Male,0,0,50,North America,<=50K
17294,"[40, 50[", Private,111483,High School,9,Married-civ-spouse,Technical, Husband,*,Male,0,0,45,North America,<=50K
17295,"[20, 30[", Private,184756,Undergraduate,10,Never-married,Nontechnical, Own-child,*,Female,0,0,30,North America,<=50K
17296,"[30, 40[", Private,651396,High School,9,Never-married,Nontechnical, Own-child,*,Female,0,1594,30,North America,<=50K
17297,"[30, 40[", Private,187560,Undergraduate,13,Never-married,Nontechnical, Not-in-family,*,Male,0,0,40,North America,<=50K
17298,"[30, 40[", Self-emp-not-inc,84848,High School,9,Separated,Other, Not-in-family,*,Female,0,0,16,North America,<=50K
17300,"[40, 50[", State-gov,88913,Professional Education,12,Divorced,Technical, Unmarried,*,Female,0,0,36,North America,<=50K
17301,"[10, 20[", Private,73190,Undergraduate,10,Never-married,Nontechnical, Own-child,*,Male,0,0,20,North America,<=50K
17302,"[60, 70[", Private,132529,High School,9,Married-civ-spouse,Other, Husband,*,Male,0,0,40,North America,<=50K
17303,"[20, 30[", Private,214542,High School,7,Never-married,Other, Own-child,*,Male,0,0,40,North America,<=50K
17304,"[20, 30[", Private,217006,High School,7,Married-civ-spouse,Technical, Husband,*,Male,0,0,40,North America,<=50K
17305,"[50, 60[", Private,169785,Undergraduate,10,Never-married,Nontechnical, Not-in-family,*,Female,0,0,50,North America,<=50K
17307,"[30, 40[", Private,239171,High School,9,Married-civ-spouse,Technical, Husband,*,Male,0,0,40,North America,>50K
17308,"[50, 60[", Self-emp-not-inc,53566,Graduate,16,Divorced,Nontechnical, Not-in-family,*,Female,0,0,30,North America,<=50K
17309,"[20, 30[", Private,117109,Undergraduate,10,Never-married,Other, Other-relative,*,Female,0,0,24,North America,<=50K
17310,"[30, 40[", Private,398019,High School,4,Never-married,Other, Not-in-family,*,Female,0,0,15,North America,<=50K
17311,"[10, 20[", Private,114008,High School,9,Never-married,Other, Own-child,*,Male,0,0,35,North America,<=50K
17312,"[20, 30[", Private,204653,Undergraduate,10,Never-married,Technical, Own-child,*,Male,0,0,40,North America,<=50K
17313,"[30, 40[", Local-gov,254935,Undergraduate,10,Married-civ-spouse,Other, Husband,*,Male,0,0,45,North America,<=50K
17314,"[70, 80[", ?,84755,Undergraduate,10,Widowed,Other, Unmarried,*,Female,0,0,40,North America,<=50K
17315,"[50, 60[", Local-gov,198145,Graduate,14,Married-civ-spouse,Other, Husband,*,Male,0,0,14,North America,>50K
17316,"[50, 60[", Private,174020,Graduate,14,Divorced,Technical, Unmarried,*,Female,0,1876,38,North America,<=50K
17317,"[10, 20[", Private,451951,High School,9,Never-married,Nontechnical, Not-in-family,*,Female,0,0,40,North America,<=50K
17318,"[50, 60[", Local-gov,172175,Professional Education,15,Married-civ-spouse,Technical, Husband,*,Male,0,0,40,North America,>50K
17319,"[20, 30[", Private,209472,Undergraduate,13,Never-married,Nontechnical, Not-in-family,*,Male,0,0,50,North America,<=50K
17320,"[40, 50[", Private,336707,Professional Education,11,Separated,Technical, Not-in-family,*,Female,0,0,60,North America,<=50K
17321,"[20, 30[", ?,431861,High School,6,Separated,Other, Not-in-family,*,Male,0,0,40,North America,<=50K
17322,"[40, 50[", Self-emp-inc,156728,High School,9,Married-civ-spouse,Nontechnical, Husband,*,Male,0,0,55,North America,<=50K
17323,"[30, 40[", Federal-gov,290321,Professional Education,11,Married-civ-spouse,Technical, Husband,*,Male,0,0,50,North America,<=50K
17324,"[40, 50[", State-gov,206577,Undergraduate,10,Divorced,Other, Own-child,*,Male,0,0,40,North America,<=50K
17325,"[20, 30[", Self-emp-not-inc,149324,Undergraduate,10,Married-civ-spouse,Technical, Husband,*,Male,0,0,7,North America,<=50K
17326,"[30, 40[", ?,49593,Undergraduate,10,Married-civ-spouse,Other, Wife,*,Female,0,0,30,North America,<=50K
17327,"[50, 60[", Private,98975,Undergraduate,13,Married-civ-spouse,Nontechnical, Husband,*,Male,15024,0,40,North America,>50K
17328,"[20, 30[", Private,181659,High School,7,Never-married,Other, Own-child,*,Male,0,0,50,North America,<=50K
17329,"[30, 40[", Private,174789,High School,9,Married-civ-spouse,Nontechnical, Husband,*,Male,0,0,40,North America,<=50K
17330,"[40, 50[", Private,102308,Graduate,14,Married-civ-spouse,Nontechnical, Husband,*,Male,99999,0,50,North America,>50K
17331,"[30, 40[", Private,184801,Undergraduate,13,Married-civ-spouse,Technical, Husband,*,Male,0,0,40,North America,>50K
17332,"[30, 40[", Private,176014,High School,9,Married-civ-spouse,Nontechnical, Husband,*,Male,0,0,50,North America,<=50K
17333,"[50, 60[", Private,256861,High School,9,Married-civ-spouse,Nontechnical, Husband,*,Male,0,0,80,North America,<=50K
17334,"[30, 40[", Private,239397,High School,6,Married-civ-spouse,Technical, Husband,*,Male,0,0,40,North America,<=50K
17335,"[20, 30[", Private,233777,High School,9,Married-civ-spouse,Technical, Husband,*,Male,0,0,40,North America,>50K
17336,"[50, 60[", Private,236520,Professional Education,11,Married-civ-spouse,Technical, Husband,*,Male,0,0,40,North America,>50K
17337,"[40, 50[", Private,70754,Undergraduate,13,Married-civ-spouse,Technical, Husband,*,Male,0,0,40,North America,>50K
17338,"[30, 40[", Private,245378,High School,9,Married-civ-spouse,Nontechnical, Husband,*,Male,0,0,60,North America,<=50K
17339,"[20, 30[", Private,176729,Undergraduate,13,Never-married,Technical, Not-in-family,*,Male,0,0,45,North America,>50K
17340,"[30, 40[", Private,154120,High School,9,Married-civ-spouse,Other, Husband,*,Male,7298,0,40,North America,>50K
17341,"[40, 50[", Private,88913,Undergraduate,10,Never-married,Nontechnical, Own-child,*,Female,1055,0,40,North America,<=50K
17343,"[30, 40[", Private,436361,High School,9,Divorced,Other, Not-in-family,*,Female,0,0,75,North America,<=50K
17346,"[70, 80[", Self-emp-not-inc,143833,Undergraduate,10,Married-civ-spouse,Nontechnical, Husband,*,Male,0,2246,40,North America,>50K
17347,"[40, 50[", ?,167381,High School,9,Widowed,Other, Unmarried,*,Female,0,0,25,North America,<=50K
17348,"[40, 50[", Private,215468,Undergraduate,13,Separated,Technical, Unmarried,*,Female,0,0,7,North America,<=50K
17349,"[30, 40[", Private,200700,Undergraduate,10,Never-married,Nontechnical, Not-in-family,*,Male,0,0,50,North America,<=50K
17350,"[30, 40[", Local-gov,191777,High School,9,Never-married,Other, Own-child,*,Female,0,0,40,North America,<=50K
17351,"[40, 50[", Federal-gov,195437,Professional Education,12,Married-civ-spouse,Other, Husband,*,Male,0,0,60,North America,>50K
17352,"[20, 30[", Private,149396,High School,9,Never-married,Other, Own-child,*,Female,0,0,40,North America,<=50K
17353,"[20, 30[", Private,104746,Undergraduate,10,Married-civ-spouse,Nontechnical, Husband,*,Male,0,0,16,North America,<=50K
17354,"[10, 20[", Private,108147,Undergraduate,10,Never-married,Other, Own-child,*,Female,0,0,15,North America,<=50K
17355,"[20, 30[", Private,238859,Professional Education,11,Never-married,Technical, Not-in-family,*,Male,0,0,40,North America,<=50K
17356,"[40, 50[", State-gov,23157,High School,9,Never-married,Other, Not-in-family,*,Male,0,0,60,North America,<=50K
17357,"[30, 40[", Private,497788,High School,9,Married-civ-spouse,Technical, Husband,*,Male,0,0,50,North America,<=50K
17358,"[40, 50[", Private,141558,Graduate,14,Married-civ-spouse,Technical, Husband,*,Male,0,0,60,North America,<=50K
17359,"[30, 40[", Federal-gov,117963,Undergraduate,13,Never-married,Other, Own-child,*,Male,0,0,38,North America,<=50K
17360,"[30, 40[", Private,232356,Undergraduate,13,Married-civ-spouse,Nontechnical, Husband,*,Male,0,0,40,North America,>50K
17361,"[20, 30[", Private,157941,Undergraduate,13,Never-married,Technical, Not-in-family,*,Male,0,0,40,North America,<=50K
17362,"[30, 40[", Private,103642,High School,7,Married-civ-spouse,Technical, Husband,*,Male,0,0,40,North America,<=50K
17363,"[20, 30[", Private,169727,High School,9,Married-civ-spouse,Technical, Husband,*,Male,0,0,40,North America,<=50K
17364,"[40, 50[", Private,274731,Undergraduate,13,Married-civ-spouse,Technical, Husband,*,Male,0,0,40,North America,>50K
17365,"[30, 40[", Private,161572,High School,9,Married-civ-spouse,Other, Wife,*,Female,0,0,45,North America,<=50K
17366,"[30, 40[", Private,48779,Undergraduate,10,Married-civ-spouse,Other, Husband,*,Male,0,0,40,North America,>50K
17367,"[40, 50[", Private,141511,Graduate,14,Married-civ-spouse,Nontechnical, Husband,*,Male,0,0,40,North America,>50K
17368,"[50, 60[", Private,314153,Undergraduate,13,Married-civ-spouse,Nontechnical, Husband,*,Male,0,1887,55,North America,>50K
17369,"[30, 40[", Private,168334,High School,9,Married-civ-spouse,Nontechnical, Wife,*,Female,0,0,30,North America,<=50K
17371,"[30, 40[", Self-emp-not-inc,312055,High School,9,Married-civ-spouse,Nontechnical, Husband,*,Male,0,0,70,North America,<=50K
17372,"[30, 40[", Private,207937,Undergraduate,10,Never-married,Technical, Not-in-family,*,Male,0,0,40,North America,<=50K
17373,"[20, 30[", Private,232653,Undergraduate,13,Married-civ-spouse,Nontechnical, Husband,*,Male,0,0,40,North America,<=50K
17374,"[60, 70[", Private,246841,High School,9,Married-civ-spouse,Nontechnical, Husband,*,Male,0,0,40,North America,<=50K
17375,"[30, 40[", Private,154087,High School,9,Married-civ-spouse,Other, Husband,*,Male,0,0,40,North America,<=50K
17376,"[20, 30[", Private,199011,Undergraduate,10,Never-married,Nontechnical, Own-child,*,Male,0,0,12,North America,<=50K
17377,"[50, 60[", Self-emp-not-inc,205100,Graduate,14,Married-civ-spouse,Technical, Wife,*,Female,0,0,30,North America,>50K
17379,"[20, 30[", Private,50400,Undergraduate,10,Married-civ-spouse,Nontechnical, Husband,*,Male,0,0,40,North America,<=50K
17380,"[40, 50[", Local-gov,97064,Professional Education,11,Divorced,Other, Unmarried,*,Female,0,0,44,North America,<=50K
17381,"[20, 30[", Private,65038,High School,9,Never-married,Technical, Own-child,*,Male,0,0,40,North America,<=50K
17382,"[20, 30[", Private,292472,Undergraduate,10,Never-married,Technical, Not-in-family,*,Male,0,1876,45,Asia,<=50K
17383,"[10, 20[", Private,225211,High School,5,Never-married,Other, Own-child,*,Male,0,0,35,North America,<=50K
17385,"[30, 40[", State-gov,119421,High School,9,Separated,Other, Unmarried,*,Female,0,625,35,North America,<=50K
17386,"[20, 30[", Private,83580,Undergraduate,10,Never-married,Technical, Own-child,*,Female,0,0,4,North America,<=50K
17387,"[20, 30[", Private,133696,Undergraduate,13,Never-married,Technical, Not-in-family,*,Male,8614,0,45,North America,>50K
17388,"[30, 40[", Private,141584,Graduate,14,Never-married,Nontechnical, Not-in-family,*,Male,0,2444,45,North America,>50K
17389,"[40, 50[", Private,529216,High School,9,Separated,Other, Other-relative,*,Male,0,0,40,North America,<=50K
17391,"[20, 30[", ?,85733,Undergraduate,10,Never-married,Other, Own-child,*,Female,0,0,40,North America,<=50K
17392,"[50, 60[", Private,155976,High School,9,Widowed,Other, Not-in-family,*,Female,0,0,40,North America,<=50K
17393,"[40, 50[", Private,221172,Graduate,14,Married-civ-spouse,Nontechnical, Husband,*,Male,0,0,65,North America,>50K
17394,"[40, 50[", Private,270842,Undergraduate,10,Divorced,Other, Not-in-family,*,Female,0,0,40,North America,<=50K
17395,"[30, 40[", Private,82622,High School,9,Divorced,Nontechnical, Not-in-family,*,Male,0,0,50,North America,<=50K
17396,"[50, 60[", Private,371064,High School,9,Married-civ-spouse,Other, Husband,*,Male,0,0,20,North America,<=50K
17397,"[40, 50[", Private,54744,Undergraduate,10,Married-civ-spouse,Technical, Husband,*,Male,0,1848,40,North America,>50K
17398,"[20, 30[", Private,22641,High School,9,Married-civ-spouse,Technical, Husband,*,Male,0,0,45,North America,<=50K
17399,"[20, 30[", Private,218957,High School,7,Never-married,Technical, Own-child,*,Male,0,0,45,North America,<=50K
17400,"[50, 60[", Private,441637,High School,9,Married-civ-spouse,Technical, Husband,*,Male,0,0,40,North America,<=50K
17401,"[30, 40[", Local-gov,143699,Undergraduate,10,Married-civ-spouse,Other, Wife,*,Female,0,0,40,North America,<=50K
17402,"[40, 50[", Private,183096,Undergraduate,13,Divorced,Other, Not-in-family,*,Female,0,0,35,North America,<=50K
17403,"[40, 50[", Private,97176,High School,7,Divorced,Other, Unmarried,*,Female,0,0,16,North America,<=50K
17404,"[30, 40[", Self-emp-not-inc,122493,High School,6,Married-civ-spouse,Nontechnical, Husband,*,Male,0,1887,40,North America,>50K
17405,"[20, 30[", Private,311376,Undergraduate,13,Never-married,Other, Own-child,*,Female,0,0,40,North America,<=50K
17406,"[30, 40[", Private,78928,High School,5,Married-civ-spouse,Other, Husband,*,Male,3137,0,40,North America,<=50K
17407,"[60, 70[", Private,123582,High School,6,Divorced,Other, Unmarried,*,Female,0,0,40,North America,<=50K
17408,"[30, 40[", Federal-gov,174215,Undergraduate,13,Never-married,Nontechnical, Not-in-family,*,Female,0,0,60,North America,<=50K
17409,"[30, 40[", Private,183902,Undergraduate,13,Married-civ-spouse,Technical, Wife,*,Female,0,0,4,North America,>50K
17410,"[40, 50[", Private,247880,High School,9,Never-married,Technical, Not-in-family,*,Male,0,0,40,North America,<=50K
17411,"[30, 40[", Private,256636,High School,9,Married-civ-spouse,Other, Husband,*,Male,0,0,40,North America,<=50K
17413,"[20, 30[", Private,22422,High School,9,Never-married,Other, Unmarried,*,Male,0,0,55,North America,<=50K
17414,"[40, 50[", ?,178215,Undergraduate,10,Widowed,Other, Unmarried,*,Female,0,0,28,North America,<=50K
17415,"[40, 50[", Local-gov,194360,High School,9,Married-civ-spouse,Other, Wife,*,Female,0,0,7,North America,>50K
17416,"[50, 60[", Private,247187,High School,9,Divorced,Other, Not-in-family,*,Female,0,0,40,North America,<=50K
17417,"[30, 40[", Private,63921,High School,9,Married-civ-spouse,Technical, Husband,*,Male,0,0,40,North America,<=50K
17418,"[30, 40[", Private,224889,Undergraduate,13,Married-civ-spouse,Nontechnical, Husband,*,Male,0,0,40,North America,<=50K
17419,"[20, 30[", Self-emp-not-inc,178564,Undergraduate,13,Never-married,Technical, Other-relative,*,Male,0,0,40,North America,<=50K
17420,"[50, 60[", Private,47619,Professional Education,12,Divorced,Technical, Not-in-family,*,Female,0,0,40,North America,<=50K
17421,"[40, 50[", Private,92775,Undergraduate,13,Married-civ-spouse,Nontechnical, Husband,*,Male,0,0,60,North America,>50K
17422,"[30, 40[", Private,50837,Graduate,14,Married-civ-spouse,Technical, Husband,*,Male,0,0,45,North America,>50K
17423,"[20, 30[", Local-gov,235894,Undergraduate,10,Never-married,Other, Own-child,*,Male,0,0,40,North America,<=50K
17424,"[40, 50[", Private,244974,High School,9,Married-civ-spouse,Nontechnical, Husband,*,Male,0,0,60,North America,<=50K
17425,"[20, 30[", Local-gov,526734,High School,9,Never-married,Other, Not-in-family,*,Female,0,0,30,North America,<=50K
17426,"[30, 40[", Self-emp-not-inc,243484,Undergraduate,13,Married-civ-spouse,Other, Wife,*,Female,0,0,28,North America,>50K
17427,"[20, 30[", Private,201664,High School,9,Married-civ-spouse,Other, Other-relative,*,Male,0,0,40,North America,<=50K
17429,"[40, 50[", Private,268022,Undergraduate,13,Married-civ-spouse,Nontechnical, Husband,*,Male,0,0,40,North America,>50K
17430,"[30, 40[", Local-gov,223267,High School,9,Married-civ-spouse,Other, Husband,*,Male,0,0,40,North America,<=50K
17431,"[20, 30[", Self-emp-not-inc,99199,High School,9,Married-civ-spouse,Technical, Husband,*,Male,0,0,40,North America,<=50K
17432,"[30, 40[", Private,137076,Undergraduate,10,Married-civ-spouse,Nontechnical, Husband,*,Male,0,0,40,North America,<=50K
17433,"[40, 50[", Private,115411,Undergraduate,10,Divorced,Nontechnical, Own-child,*,Male,2174,0,45,North America,<=50K
17434,"[50, 60[", Private,313146,High School,9,Married-civ-spouse,Technical, Husband,*,Male,0,0,40,North America,<=50K
17435,"[60, 70[", Self-emp-not-inc,29980,High School,4,Never-married,Other, Other-relative,*,Male,1848,0,10,North America,<=50K
17436,"[30, 40[", Self-emp-inc,543042,High School,9,Married-civ-spouse,Technical, Husband,*,Male,5178,0,50,North America,>50K
17437,"[40, 50[", Private,271807,Undergraduate,10,Divorced,Technical, Not-in-family,*,Male,0,0,40,North America,<=50K
17438,"[50, 60[", Federal-gov,97934,Undergraduate,13,Married-civ-spouse,Other, Husband,*,Male,5178,0,40,North America,>50K
17439,"[40, 50[", Private,191196,High School,9,Divorced,Other, Not-in-family,*,Male,0,0,40,North America,<=50K
17440,"[30, 40[", Self-emp-not-inc,264627,High School,7,Divorced,Nontechnical, Unmarried,*,Female,0,0,84,North America,<=50K
17441,"[30, 40[", Private,183801,High School,9,Divorced,Technical, Own-child,*,Male,0,0,40,North America,<=50K
17442,"[20, 30[", Private,209227,Undergraduate,13,Never-married,Technical, Own-child,*,Female,0,0,21,North America,<=50K
17443,"[60, 70[", Private,216208,Undergraduate,10,Widowed,Nontechnical, Not-in-family,*,Female,0,0,40,North America,<=50K
17444,"[20, 30[", Private,377095,Undergraduate,13,Married-civ-spouse,Nontechnical, Wife,*,Female,0,0,40,North America,<=50K
17445,"[40, 50[", Private,317535,Primary School,2,Married-civ-spouse,Other, Other-relative,*,Male,0,0,40,North America,<=50K
17446,"[40, 50[", Private,247880,Undergraduate,13,Married-civ-spouse,Technical, Husband,*,Male,0,0,40,North America,>50K
17447,"[20, 30[", Private,152246,Undergraduate,10,Never-married,Nontechnical, Own-child,*,Male,0,0,40,Asia,<=50K
17448,"[20, 30[", Private,428299,High School,9,Never-married,Technical, Not-in-family,*,Male,0,0,40,North America,<=50K
17449,"[20, 30[", Private,161708,Undergraduate,10,Never-married,Other, Unmarried,*,Female,0,0,20,North America,<=50K
17450,"[10, 20[", Private,167859,High School,9,Never-married,Other, Own-child,*,Male,0,0,40,North America,<=50K
17451,"[60, 70[", Private,85194,Undergraduate,10,Married-civ-spouse,Technical, Husband,*,Male,0,0,25,North America,<=50K
17453,"[30, 40[", Private,117683,High School,6,Married-civ-spouse,Nontechnical, Husband,*,Male,0,0,45,North America,<=50K
17454,"[50, 60[", Private,139347,High School,9,Married-civ-spouse,Other, Wife,*,Female,7688,0,40,North America,>50K
17455,"[20, 30[", Private,427744,High School,6,Married-civ-spouse,Nontechnical, Husband,*,Male,0,0,40,North America,<=50K
17456,"[30, 40[", Private,122116,High School,9,Married-civ-spouse,Nontechnical, Husband,*,Male,0,0,45,North America,<=50K
17457,"[30, 40[", State-gov,227931,Undergraduate,10,Divorced,Other, Not-in-family,*,Female,0,0,38,North America,<=50K
17458,"[50, 60[", Self-emp-not-inc,226497,Undergraduate,10,Married-civ-spouse,Nontechnical, Husband,*,Male,0,0,50,North America,<=50K
17459,"[20, 30[", Private,83783,Undergraduate,13,Never-married,Technical, Own-child,*,Female,0,0,40,North America,<=50K
17460,"[20, 30[", Private,197113,High School,9,Never-married,Technical, Own-child,*,Male,0,0,50,North America,<=50K
17461,"[30, 40[", Private,204742,Undergraduate,10,Married-civ-spouse,Nontechnical, Husband,*,Male,0,0,44,North America,<=50K
17462,"[60, 70[", ?,331527,High School,9,Married-civ-spouse,Other, Husband,*,Male,0,0,14,North America,<=50K
17463,"[30, 40[", Private,213179,High School,9,Married-civ-spouse,Other, Husband,*,Male,0,0,60,North America,>50K
17464,"[70, 80[", Self-emp-inc,188260,High School,9,Married-civ-spouse,Nontechnical, Husband,*,Male,0,0,16,North America,<=50K
17466,"[30, 40[", Private,143774,Undergraduate,10,Married-civ-spouse,Other, Wife,*,Female,0,0,12,North America,>50K
17467,"[50, 60[", Local-gov,139296,High School,7,Never-married,Technical, Unmarried,*,Male,0,0,40,North America,<=50K
17468,"[20, 30[", Private,152389,Undergraduate,10,Never-married,Other, Not-in-family,*,Female,0,0,30,North America,<=50K
17469,"[30, 40[", Private,309974,Undergraduate,10,Separated,Technical, Unmarried,*,Female,0,0,40,North America,<=50K
17470,"[10, 20[", ?,37085,Undergraduate,10,Never-married,Other, Own-child,*,Female,0,0,30,North America,<=50K
17471,"[30, 40[", Private,270059,Undergraduate,10,Divorced,Other, Unmarried,*,Female,0,0,35,North America,<=50K
17472,"[20, 30[", Private,130045,High School,4,Married-civ-spouse,Other, Wife,*,Female,0,0,40,North America,<=50K
17473,"[30, 40[", Private,188038,Undergraduate,10,Divorced,Nontechnical, Not-in-family,*,Male,0,0,40,North America,<=50K
17474,"[10, 20[", Private,168203,High School,4,Never-married,Other, Other-relative,*,Male,0,0,40,North America,<=50K
17475,"[40, 50[", Private,171807,Undergraduate,10,Divorced,Nontechnical, Unmarried,*,Female,0,0,40,North America,<=50K
17476,"[60, 70[", Private,186696,High School,9,Married-civ-spouse,Technical, Husband,*,Male,0,0,40,North America,<=50K
17477,"[30, 40[", Private,177531,High School,6,Divorced,Other, Unmarried,*,Female,0,0,23,North America,<=50K
17478,"[20, 30[", Private,115464,High School,9,Never-married,Other, Own-child,*,Female,0,0,40,North America,<=50K
17479,"[10, 20[", Private,501144,Undergraduate,10,Never-married,Nontechnical, Other-relative,*,Female,0,0,40,North America,<=50K
17480,"[60, 70[", Local-gov,180079,Graduate,16,Married-civ-spouse,Nontechnical, Husband,*,Male,4064,0,40,North America,<=50K
17483,"[20, 30[", Local-gov,203924,Undergraduate,13,Married-civ-spouse,Other, Husband,*,Male,0,0,45,North America,<=50K
17484,"[30, 40[", Private,91857,Undergraduate,10,Married-civ-spouse,Technical, Husband,*,Male,0,0,41,North America,<=50K
17485,"[30, 40[", Private,229700,Graduate,14,Married-civ-spouse,Technical, Husband,*,Male,0,0,40,North America,>50K
17486,"[10, 20[", Private,158704,High School,6,Never-married,Nontechnical, Own-child,*,Male,0,0,20,North America,<=50K
17487,"[20, 30[", Private,190911,High School,9,Married-civ-spouse,Technical, Husband,*,Male,0,0,40,North America,<=50K
17488,"[50, 60[", Private,139176,High School,9,Married-civ-spouse,Nontechnical, Husband,*,Male,0,0,8,North America,<=50K
17489,"[60, 70[", Private,119684,Professional Education,15,Married-civ-spouse,Technical, Husband,*,Male,15024,0,20,North America,>50K
17491,"[10, 20[", Private,168693,High School,9,Never-married,Nontechnical, Own-child,*,Female,0,0,25,North America,<=50K
17492,"[20, 30[", Private,250038,Undergraduate,10,Married-civ-spouse,Other, Husband,*,Male,0,0,40,North America,>50K
17493,"[30, 40[", Self-emp-inc,353927,Undergraduate,10,Married-civ-spouse,Nontechnical, Husband,*,Male,0,0,40,North America,>50K
17495,"[20, 30[", Private,230248,High School,9,Never-married,Other, Not-in-family,*,Female,0,0,25,North America,<=50K
17496,"[40, 50[", Private,117728,High School,9,Married-civ-spouse,Technical, Husband,*,Male,0,0,44,North America,<=50K
17497,"[50, 60[", Private,115851,High School,9,Married-civ-spouse,Technical, Husband,*,Male,0,0,40,North America,<=50K
17498,"[50, 60[", Private,193335,High School,9,Married-civ-spouse,Technical, Husband,*,Male,0,0,40,North America,>50K
17499,"[20, 30[", Private,203894,Professional Education,11,Never-married,Other, Own-child,*,Female,0,0,40,North America,<=50K
17500,"[50, 60[", Self-emp-not-inc,100109,Graduate,14,Married-civ-spouse,Nontechnical, Husband,*,Male,0,1977,40,North America,>50K
17501,"[50, 60[", State-gov,157639,Undergraduate,10,Married-civ-spouse,Other, Husband,*,Male,0,0,40,North America,>50K
17502,"[40, 50[", Self-emp-inc,235320,Graduate,14,Divorced,Nontechnical, Not-in-family,*,Male,0,0,60,North America,>50K
17503,"[30, 40[", Private,127686,High School,9,Separated,Other, Unmarried,*,Female,0,0,37,North America,<=50K
17504,"[30, 40[", Private,28572,High School,9,Never-married,Nontechnical, Own-child,*,Male,0,0,48,North America,<=50K
17505,"[70, 80[", ?,91534,Undergraduate,13,Married-civ-spouse,Other, Husband,*,Male,0,0,3,North America,<=50K
17506,"[30, 40[", Private,184687,High School,9,Never-married,Technical, Own-child,*,Female,0,0,30,North America,<=50K
17507,"[20, 30[", Private,267945,Undergraduate,10,Never-married,Nontechnical, Own-child,*,Female,0,0,16,North America,<=50K
17508,"[40, 50[", Private,131899,Undergraduate,13,Married-civ-spouse,Nontechnical, Husband,*,Male,0,0,40,North America,>50K
17509,"[30, 40[", Private,192614,High School,9,Divorced,Technical, Not-in-family,*,Male,0,0,56,North America,<=50K
17510,"[30, 40[", Private,186808,Undergraduate,13,Married-civ-spouse,Technical, Own-child,*,Male,0,0,40,North America,>50K
17511,"[50, 60[", Private,44116,High School,9,Divorced,Technical, Unmarried,*,Female,0,0,40,North America,<=50K
17512,"[20, 30[", Federal-gov,46442,Undergraduate,13,Never-married,Other, Not-in-family,*,Female,0,0,35,North America,<=50K
17513,"[40, 50[", Federal-gov,78022,High School,9,Married-civ-spouse,Other, Husband,*,Male,0,0,40,North America,>50K
17514,"[20, 30[", Private,417668,Undergraduate,13,Never-married,Technical, Own-child,*,Male,0,0,20,North America,<=50K
17515,"[40, 50[", Private,223763,High School,9,Divorced,Technical, Not-in-family,*,Male,0,0,40,North America,<=50K
17516,"[60, 70[", Private,223851,High School,9,Married-civ-spouse,Other, Husband,*,Male,0,0,24,North America,<=50K
17517,"[30, 40[", Local-gov,115634,Undergraduate,10,Married-civ-spouse,Nontechnical, Husband,*,Male,0,0,40,North America,<=50K
17518,"[40, 50[", Private,114459,High School,9,Married-civ-spouse,Nontechnical, Husband,*,Male,0,0,40,North America,>50K
17519,"[40, 50[", Private,197093,Undergraduate,10,Never-married,Other, Not-in-family,*,Male,0,0,20,North America,<=50K
17520,"[30, 40[", Self-emp-not-inc,357145,Graduate,16,Never-married,Technical, Own-child,*,Female,0,0,48,North America,<=50K
17521,"[20, 30[", Private,59231,Undergraduate,10,Married-civ-spouse,Technical, Husband,*,Male,0,0,42,North America,<=50K
17522,"[20, 30[", Private,292303,High School,9,Never-married,Nontechnical, Own-child,*,Female,0,0,40,North America,<=50K
17523,"[50, 60[", Private,122288,Undergraduate,10,Widowed,Technical, Unmarried,*,Female,0,0,36,North America,<=50K
17524,"[20, 30[", Federal-gov,52322,Undergraduate,13,Never-married,Technical, Not-in-family,*,Male,0,0,60,North America,<=50K
17525,"[20, 30[", Local-gov,105830,Undergraduate,13,Never-married,Technical, Not-in-family,*,Female,0,0,60,North America,<=50K
17526,"[30, 40[", Private,107125,High School,9,Married-civ-spouse,Technical, Husband,*,Male,0,0,50,North America,<=50K
17527,"[20, 30[", Federal-gov,281860,Undergraduate,13,Never-married,Technical, Not-in-family,*,Female,0,0,40,North America,<=50K
17528,"[50, 60[", Private,283320,Undergraduate,13,Divorced,Technical, Not-in-family,*,Female,0,0,40,North America,<=50K
17529,"[40, 50[", State-gov,26598,Undergraduate,13,Divorced,Technical, Not-in-family,*,Male,0,0,40,North America,<=50K
17530,"[30, 40[", Private,220783,High School,9,Divorced,Other, Not-in-family,*,Female,0,0,20,North America,<=50K
17531,"[20, 30[", ?,121694,High School,4,Never-married,Other, Own-child,*,Male,0,0,40,North America,<=50K
17532,"[50, 60[", Private,208302,High School,6,Married-civ-spouse,Other, Husband,*,Male,0,0,34,North America,<=50K
17533,"[30, 40[", Local-gov,172664,High School,9,Married-civ-spouse,Technical, Husband,*,Male,0,0,40,North America,<=50K
17534,"[40, 50[", Private,54611,High School,9,Divorced,Other, Not-in-family,*,Male,0,0,60,North America,<=50K
17535,"[60, 70[", Private,631947,High School,6,Married-civ-spouse,Other, Husband,*,Male,0,0,40,North America,<=50K
17536,"[20, 30[", Private,394484,Undergraduate,10,Never-married,Other, Own-child,*,Female,0,0,40,North America,<=50K
17537,"[20, 30[", ?,239120,Undergraduate,13,Never-married,Other, Not-in-family,*,Male,0,0,13,North America,<=50K
17538,"[30, 40[", Federal-gov,37683,Professional Education,15,Never-married,Technical, Not-in-family,*,Female,99999,0,57,North America,>50K
17540,"[40, 50[", Private,143098,Graduate,16,Married-civ-spouse,Technical, Husband,*,Male,0,1902,40,Asia,>50K
17541,"[50, 60[", Private,84888,High School,9,Married-civ-spouse,Other, Husband,*,Male,0,0,50,North America,<=50K
17542,"[30, 40[", Private,188503,Undergraduate,13,Never-married,Other, Not-in-family,*,Female,0,0,35,North America,<=50K
17543,"[30, 40[", Private,337778,High School,7,Divorced,Other, Not-in-family,*,Male,0,0,40,North America,<=50K
17544,"[50, 60[", Self-emp-not-inc,94432,High School,9,Married-civ-spouse,Other, Husband,*,Male,0,0,55,North America,>50K
17545,"[30, 40[", Private,168906,Professional Education,12,Never-married,Other, Not-in-family,*,Female,0,0,40,North America,<=50K
17546,"[40, 50[", Private,116143,High School,9,Married-civ-spouse,Technical, Husband,*,Male,0,0,40,North America,<=50K
17547,"[50, 60[", Private,128272,High School,9,Married-civ-spouse,Nontechnical, Husband,*,Male,0,0,14,North America,<=50K
17548,"[60, 70[", Federal-gov,301383,Professional Education,12,Married-civ-spouse,Nontechnical, Husband,*,Male,9386,0,45,North America,>50K
17549,"[40, 50[", Private,174995,High School,9,Divorced,Other, Unmarried,*,Female,0,0,45,North America,<=50K
17550,"[20, 30[", State-gov,289909,Undergraduate,10,Married-civ-spouse,Technical, Husband,*,Male,0,0,40,North America,<=50K
17551,"[30, 40[", Private,154641,Undergraduate,13,Married-civ-spouse,Nontechnical, Husband,*,Male,0,0,45,North America,>50K
17552,"[20, 30[", Private,209034,High School,9,Married-civ-spouse,Technical, Wife,*,Female,3942,0,40,North America,<=50K
17553,"[30, 40[", Private,203488,Undergraduate,10,Never-married,Technical, Not-in-family,*,Male,0,0,44,North America,<=50K
17554,"[30, 40[", Private,141118,Graduate,14,Divorced,Technical, Own-child,*,Female,0,0,60,North America,>50K
17555,"[30, 40[", Private,169589,Undergraduate,10,Married-civ-spouse,Other, Husband,*,Male,0,0,40,North America,<=50K
17556,"[20, 30[", Private,137645,Undergraduate,13,Never-married,Nontechnical, Not-in-family,*,Female,0,0,40,North America,<=50K
17557,"[50, 60[", Local-gov,489085,Undergraduate,13,Married-civ-spouse,Technical, Husband,*,Male,0,0,40,North America,<=50K
17558,"[30, 40[", Private,36302,Undergraduate,10,Married-civ-spouse,Other, Husband,*,Male,0,0,50,North America,<=50K
17559,"[30, 40[", Private,253420,High School,9,Separated,Other, Unmarried,*,Female,0,0,25,North America,<=50K
17560,"[30, 40[", Private,269300,High School,9,Separated,Other, Not-in-family,*,Female,0,0,40,North America,<=50K
17562,"[40, 50[", Private,346978,Undergraduate,13,Divorced,Technical, Unmarried,*,Female,0,0,40,North America,<=50K
17564,"[40, 50[", Private,205051,High School,6,Divorced,Other, Unmarried,*,Female,0,0,40,North America,<=50K
17565,"[40, 50[", Private,128736,High School,6,Divorced,Nontechnical, Not-in-family,*,Female,0,0,40,North America,<=50K
17566,"[40, 50[", Private,236110,High School,8,Married-civ-spouse,Technical, Husband,*,Male,0,0,40,North America,>50K
17567,"[30, 40[", Private,312271,Undergraduate,13,Married-civ-spouse,Technical, Husband,*,Male,0,0,50,North America,>50K
17569,"[40, 50[", Private,204692,High School,9,Married-civ-spouse,Technical, Husband,*,Male,0,0,40,North America,<=50K
17570,"[40, 50[", Private,195956,Undergraduate,13,Divorced,Technical, Unmarried,*,Female,0,0,35,North America,<=50K
17571,"[50, 60[", State-gov,202682,High School,9,Married-civ-spouse,Nontechnical, Husband,*,Male,0,0,40,North America,<=50K
17572,"[20, 30[", Private,231912,Professional Education,11,Never-married,Other, Own-child,*,Female,0,0,37,North America,<=50K
17573,"[40, 50[", Local-gov,24982,Undergraduate,10,Married-civ-spouse,Nontechnical, Husband,*,Male,0,0,40,North America,>50K
17575,"[50, 60[", Local-gov,36489,High School,6,Never-married,Other, Not-in-family,*,Male,0,0,40,North America,<=50K
17576,"[30, 40[", Local-gov,154874,Undergraduate,10,Married-civ-spouse,Other, Husband,*,Male,0,0,40,North America,<=50K
17577,"[40, 50[", Private,74581,High School,9,Married-civ-spouse,Technical, Husband,*,Male,0,0,48,North America,>50K
17578,"[20, 30[", Private,311446,High School,9,Married-civ-spouse,Other, Wife,*,Female,5178,0,40,North America,>50K
17579,"[30, 40[", Self-emp-inc,162164,High School,9,Married-civ-spouse,Technical, Husband,*,Male,0,0,40,North America,<=50K
17580,"[40, 50[", Private,239708,High School,7,Married-civ-spouse,Other, Husband,*,Male,0,0,55,North America,<=50K
17581,"[40, 50[", Self-emp-not-inc,162856,Undergraduate,10,Divorced,Nontechnical, Not-in-family,*,Female,0,0,40,North America,<=50K
17582,"[40, 50[", Self-emp-inc,85109,Undergraduate,10,Never-married,Technical, Not-in-family,*,Male,0,0,45,North America,<=50K
17583,"[40, 50[", Private,169042,High School,9,Separated,Technical, Unmarried,*,Female,0,625,40,North America,<=50K
17584,"[20, 30[", Private,436798,Undergraduate,10,Married-civ-spouse,Technical, Husband,*,Male,0,0,40,North America,<=50K
17586,"[30, 40[", Private,49837,Undergraduate,10,Divorced,Technical, Not-in-family,*,Female,0,0,40,North America,<=50K
17587,"[50, 60[", ?,296516,Undergraduate,10,Married-civ-spouse,Other, Husband,*,Male,0,0,50,North America,<=50K
17588,"[30, 40[", State-gov,180283,High School,9,Never-married,Other, Not-in-family,*,Female,0,0,40,North America,<=50K
17589,"[40, 50[", Local-gov,95639,High School,9,Never-married,Technical, Other-relative,*,Male,0,0,40,North America,<=50K
17590,"[40, 50[", Private,33155,High School,9,Married-civ-spouse,Technical, Husband,*,Male,0,0,45,North America,<=50K
17592,"[50, 60[", Private,24694,Undergraduate,10,Divorced,Technical, Not-in-family,*,Female,0,0,40,North America,<=50K
17593,"[20, 30[", Private,443855,High School,9,Married-civ-spouse,Other, Husband,*,Male,0,0,40,North America,<=50K
17594,"[50, 60[", ?,294691,High School,9,Married-civ-spouse,Other, Husband,*,Male,0,0,40,North America,<=50K
17595,"[30, 40[", Private,301867,Undergraduate,10,Never-married,Other, Unmarried,*,Female,0,0,35,North America,<=50K
17596,"[50, 60[", Private,226875,High School,9,Married-civ-spouse,Nontechnical, Husband,*,Male,4064,0,40,North America,<=50K
17597,"[40, 50[", Private,362835,Undergraduate,13,Married-civ-spouse,Nontechnical, Husband,*,Male,0,0,60,North America,>50K
17598,"[20, 30[", Private,180339,Professional Education,12,Never-married,Nontechnical, Own-child,*,Female,0,0,65,North America,<=50K
17600,"[40, 50[", Private,336643,High School,9,Never-married,Nontechnical, Not-in-family,*,Female,0,0,50,North America,<=50K
17601,"[30, 40[", Private,143653,Professional Education,11,Married-civ-spouse,Nontechnical, Husband,*,Male,0,0,50,North America,<=50K
17603,"[40, 50[", Local-gov,263871,High School,9,Married-civ-spouse,Other, Husband,*,Male,0,0,8,North America,<=50K
17604,"[30, 40[", Self-emp-not-inc,77820,High School,9,Married-civ-spouse,Technical, Husband,*,Male,0,0,40,North America,>50K
17605,"[20, 30[", Private,95465,High School,9,Never-married,Technical, Not-in-family,*,Male,0,0,42,North America,<=50K
17606,"[20, 30[", Private,257910,Undergraduate,10,Never-married,Other, Not-in-family,*,Male,0,0,60,North America,<=50K
17607,"[20, 30[", Private,244372,High School,9,Married-civ-spouse,Other, Wife,*,Female,0,0,52,North America,>50K
17608,"[30, 40[", Self-emp-not-inc,126738,High School,9,Married-civ-spouse,Other, Husband,*,Male,0,0,72,North America,<=50K
17610,"[60, 70[", Private,133164,High School,4,Never-married,Other, Not-in-family,*,Male,0,0,48,North America,<=50K
17611,"[20, 30[", Self-emp-not-inc,104617,High School,4,Never-married,Other, Other-relative,*,Female,0,0,99,North America,<=50K
17612,"[60, 70[", Self-emp-inc,105339,Undergraduate,13,Married-civ-spouse,Nontechnical, Husband,*,Male,7298,0,60,North America,>50K
17613,"[50, 60[", Self-emp-inc,258735,High School,9,Divorced,Other, Not-in-family,*,Male,0,0,81,North America,<=50K
17614,"[30, 40[", Private,182926,High School,9,Married-civ-spouse,Technical, Husband,*,Male,0,0,43,North America,>50K
17615,"[30, 40[", Private,166193,High School,9,Divorced,Technical, Own-child,*,Male,0,0,40,North America,<=50K
17616,"[20, 30[", Local-gov,206125,High School,6,Married-civ-spouse,Technical, Husband,*,Male,0,0,60,North America,<=50K
17617,"[40, 50[", Private,346594,High School,9,Divorced,Other, Unmarried,*,Female,0,0,40,North America,<=50K
17618,"[20, 30[", Private,108301,High School,9,Separated,Other, Unmarried,*,Female,0,0,20,North America,<=50K
17619,"[30, 40[", Private,73498,High School,4,Divorced,Other, Unmarried,*,Female,0,0,40,North America,<=50K
17620,"[30, 40[", Private,129150,Undergraduate,10,Married-civ-spouse,Technical, Husband,*,Male,0,0,20,North America,>50K
17621,"[20, 30[", Private,181280,Graduate,14,Never-married,Nontechnical, Unmarried,*,Male,0,0,30,North America,<=50K
17622,"[40, 50[", Private,146908,Graduate,16,Married-civ-spouse,Technical, Husband,*,Male,0,0,60,North America,>50K
17624,"[20, 30[", Private,164488,Undergraduate,13,Never-married,Technical, Not-in-family,*,Male,0,0,40,North America,<=50K
17625,"[40, 50[", Private,307468,High School,9,Married-civ-spouse,Other, Husband,*,Male,0,0,50,North America,<=50K
17626,"[30, 40[", Private,93884,Undergraduate,13,Married-civ-spouse,Technical, Husband,*,Male,0,0,45,North America,>50K
17627,"[20, 30[", Private,279833,Undergraduate,13,Never-married,Nontechnical, Not-in-family,*,Male,0,2258,45,North America,>50K
17628,"[50, 60[", Private,137658,High School,7,Married-civ-spouse,Technical, Husband,*,Male,0,0,40,North America,<=50K
17629,"[30, 40[", Private,101562,Undergraduate,13,Never-married,Technical, Not-in-family,*,Female,0,0,45,North America,<=50K
17630,"[30, 40[", Private,136331,High School,9,Married-civ-spouse,Nontechnical, Husband,*,Male,0,0,40,North America,<=50K
17631,"[30, 40[", Private,259846,High School,9,Married-civ-spouse,Technical, Husband,*,Male,0,0,55,North America,<=50K
17632,"[40, 50[", Private,98719,High School,9,Widowed,Other, Not-in-family,*,Female,0,0,44,North America,<=50K
17633,"[60, 70[", Self-emp-not-inc,168682,High School,4,Married-civ-spouse,Nontechnical, Husband,*,Male,0,0,5,North America,<=50K
17634,"[40, 50[", Self-emp-not-inc,198953,Professional Education,12,Never-married,Technical, Own-child,*,Female,0,0,2,North America,<=50K
17635,"[40, 50[", ?,29115,Undergraduate,10,Widowed,Other, Not-in-family,*,Female,0,0,20,North America,<=50K
17636,"[20, 30[", Private,173673,Primary School,3,Never-married,Other, Not-in-family,*,Female,0,0,40,North America,<=50K
17637,"[20, 30[", Private,67958,Undergraduate,10,Never-married,Other, Not-in-family,*,Female,0,0,30,North America,<=50K
17638,"[50, 60[", Federal-gov,98980,Undergraduate,13,Married-civ-spouse,Nontechnical, Husband,*,Male,7298,0,40,North America,>50K
17639,"[50, 60[", State-gov,94174,Undergraduate,10,Divorced,Other, Unmarried,*,Female,0,0,35,North America,<=50K
17640,"[60, 70[", Self-emp-not-inc,122442,Undergraduate,10,Married-civ-spouse,Other, Husband,*,Male,0,0,48,North America,<=50K
17641,"[60, 70[", Federal-gov,154675,High School,9,Widowed,Nontechnical, Not-in-family,*,Female,0,0,40,North America,<=50K
17642,"[40, 50[", Private,116632,High School,9,Divorced,Nontechnical, Not-in-family,*,Male,0,0,60,North America,>50K
17643,"[20, 30[", ?,238685,High School,7,Divorced,Other, Not-in-family,*,Female,0,0,40,North America,<=50K
17644,"[60, 70[", ?,139391,Undergraduate,10,Married-civ-spouse,Other, Husband,*,Male,99999,0,30,North America,>50K
17645,"[40, 50[", Private,169031,High School,9,Never-married,Other, Not-in-family,*,Male,0,0,40,North America,<=50K
17646,"[40, 50[", Private,237452,Undergraduate,13,Married-civ-spouse,Technical, Wife,*,Female,0,0,15,North America,>50K
17648,"[20, 30[", ?,216479,Undergraduate,13,Married-civ-spouse,Other, Wife,*,Female,0,0,24,North America,>50K
17649,"[20, 30[", State-gov,126822,Undergraduate,10,Never-married,Technical, Own-child,*,Female,0,0,15,North America,<=50K
17650,"[20, 30[", Private,51461,Undergraduate,13,Married-civ-spouse,Other, Husband,*,Male,0,1887,40,North America,>50K
17651,"[30, 40[", Private,54953,High School,9,Married-civ-spouse,Technical, Husband,*,Male,0,0,40,North America,<=50K
17652,"[30, 40[", Private,222654,Undergraduate,13,Married-civ-spouse,Nontechnical, Husband,*,Male,0,0,40,North America,<=50K
17653,"[30, 40[", Private,37676,Undergraduate,13,Married-civ-spouse,Nontechnical, Husband,*,Male,0,0,50,North America,>50K
17654,"[50, 60[", Private,159319,Graduate,14,Married-civ-spouse,Nontechnical, Husband,*,Male,0,0,50,North America,>50K
17655,"[20, 30[", Private,125321,High School,9,Never-married,Technical, Not-in-family,*,Female,0,0,40,North America,<=50K
17656,"[30, 40[", Private,209609,Undergraduate,10,Married-civ-spouse,Technical, Husband,*,Male,0,0,40,North America,>50K
17657,"[30, 40[", Private,224947,Professional Education,11,Never-married,Other, Not-in-family,*,Male,0,0,40,North America,<=50K
17658,"[40, 50[", State-gov,438427,Undergraduate,10,Divorced,Other, Not-in-family,*,Female,0,0,40,North America,<=50K
17659,"[20, 30[", Self-emp-not-inc,384276,High School,9,Married-civ-spouse,Nontechnical, Husband,*,Male,0,0,40,North America,<=50K
17660,"[20, 30[", Private,196805,Undergraduate,10,Married-civ-spouse,Other, Husband,*,Male,0,0,65,North America,<=50K
17661,"[20, 30[", Private,242097,Professional Education,11,Married-civ-spouse,Other, Husband,*,Male,0,0,50,North America,<=50K
17662,"[30, 40[", Private,184306,Undergraduate,13,Married-civ-spouse,Technical, Husband,*,Male,0,0,45,North America,<=50K
17664,"[60, 70[", Private,258561,Undergraduate,13,Married-civ-spouse,Other, Husband,*,Male,0,0,20,North America,<=50K
17665,"[50, 60[", Self-emp-not-inc,95280,Undergraduate,10,Married-civ-spouse,Nontechnical, Husband,*,Male,99999,0,45,North America,>50K
17666,"[50, 60[", Private,212783,High School,9,Divorced,Other, Not-in-family,*,Female,0,0,38,North America,<=50K
17667,"[10, 20[", Private,205004,Undergraduate,10,Never-married,Other, Own-child,*,Male,0,0,26,North America,<=50K
17668,"[40, 50[", Local-gov,387844,High School,8,Married-civ-spouse,Nontechnical, Husband,*,Male,0,0,40,North America,<=50K
17669,"[30, 40[", Private,83880,Undergraduate,10,Never-married,Technical, Not-in-family,*,Male,0,0,40,North America,<=50K
17670,"[20, 30[", Private,161155,High School,9,Married-civ-spouse,Other, Husband,*,Male,0,0,40,North America,<=50K
17671,"[40, 50[", Local-gov,265698,Undergraduate,13,Married-civ-spouse,Technical, Wife,*,Female,0,0,45,North America,>50K
17672,"[50, 60[", Self-emp-inc,146477,Professional Education,15,Married-civ-spouse,Technical, Husband,*,Male,0,0,40,North America,>50K
17673,"[10, 20[", Private,97261,High School,9,Never-married,Other, Not-in-family,*,Male,0,0,40,North America,<=50K
17674,"[30, 40[", State-gov,437890,High School,9,Never-married,Nontechnical, Unmarried,*,Male,0,0,90,North America,<=50K
17675,"[60, 70[", Self-emp-not-inc,133736,Undergraduate,10,Married-civ-spouse,Nontechnical, Husband,*,Male,20051,0,40,North America,>50K
17676,"[60, 70[", Private,169983,High School,7,Widowed,Nontechnical, Not-in-family,*,Female,2176,0,30,North America,<=50K
17677,"[30, 40[", Private,126675,Undergraduate,10,Married-civ-spouse,Nontechnical, Husband,*,Male,0,0,57,North America,<=50K
17678,"[40, 50[", Local-gov,175754,Graduate,14,Divorced,Technical, Not-in-family,*,Female,0,1876,60,North America,<=50K
17680,"[20, 30[", Private,180052,High School,9,Never-married,Other, Own-child,*,Male,0,0,40,North America,<=50K
17681,"[20, 30[", Private,124454,Undergraduate,10,Never-married,Nontechnical, Not-in-family,*,Male,0,0,30,North America,<=50K
17682,"[40, 50[", Private,190115,High School,9,Married-civ-spouse,Nontechnical, Husband,*,Male,0,1672,44,North America,<=50K
17683,"[30, 40[", Private,222584,High School,9,Divorced,Other, Unmarried,*,Female,0,0,40,North America,<=50K
17684,"[30, 40[", Private,22245,Undergraduate,10,Divorced,Nontechnical, Not-in-family,*,Male,0,0,50,North America,<=50K
17685,"[40, 50[", Local-gov,114160,Graduate,14,Married-civ-spouse,Nontechnical, Husband,*,Male,0,1902,45,North America,>50K
17686,"[20, 30[", Private,228960,Professional Education,12,Never-married,Other, Own-child,*,Female,0,0,40,North America,<=50K
17687,"[20, 30[", Private,132572,Undergraduate,13,Never-married,Other, Own-child,*,Female,0,0,40,North America,<=50K
17688,"[40, 50[", Private,103020,High School,4,Married-civ-spouse,Technical, Wife,*,Female,0,0,40,North America,<=50K
17689,"[40, 50[", Private,187802,Undergraduate,10,Married-civ-spouse,Nontechnical, Husband,*,Male,0,1887,40,North America,>50K
17690,"[30, 40[", Local-gov,50649,Graduate,14,Never-married,Technical, Not-in-family,*,Female,0,0,50,North America,<=50K
17692,"[40, 50[", Self-emp-inc,30575,Professional Education,11,Married-civ-spouse,Technical, Husband,*,Male,0,0,70,North America,>50K
17694,"[50, 60[", Private,50178,High School,9,Married-civ-spouse,Technical, Husband,*,Male,0,0,40,North America,>50K
17695,"[10, 20[", Private,207791,High School,6,Never-married,Nontechnical, Own-child,*,Male,0,0,20,North America,<=50K
17696,"[20, 30[", Private,540712,High School,9,Never-married,Other, Other-relative,*,Male,0,1719,25,North America,<=50K
17697,"[50, 60[", Private,321770,High School,9,Divorced,Other, Not-in-family,*,Female,0,0,40,North America,<=50K
17698,"[40, 50[", Private,202053,High School,9,Divorced,Nontechnical, Not-in-family,*,Female,0,0,32,North America,<=50K
17699,"[30, 40[", Private,143699,High School,9,Married-civ-spouse,Nontechnical, Wife,*,Female,0,0,15,North America,<=50K
17700,"[30, 40[", Self-emp-not-inc,115066,High School,9,Married-civ-spouse,Nontechnical, Husband,*,Male,0,0,60,North America,>50K
17701,"[20, 30[", Private,223751,Undergraduate,10,Married-civ-spouse,Other, Husband,*,Male,0,0,40,North America,>50K
17702,"[60, 70[", Self-emp-inc,354075,Undergraduate,13,Married-civ-spouse,Nontechnical, Husband,*,Male,0,0,50,North America,>50K
17703,"[20, 30[", Private,32732,Undergraduate,13,Never-married,Technical, Not-in-family,*,Male,0,0,15,North America,<=50K
17704,"[20, 30[", State-gov,390867,Graduate,14,Never-married,Technical, Not-in-family,*,Female,0,0,40,North America,<=50K
17705,"[30, 40[", Private,101697,Professional Education,11,Married-civ-spouse,Technical, Wife,*,Female,0,0,40,North America,<=50K
17706,"[30, 40[", Private,279721,High School,9,Married-civ-spouse,Other, Husband,*,Male,0,0,40,North America,<=50K
17709,"[30, 40[", Private,76417,Graduate,14,Married-civ-spouse,Technical, Husband,*,Male,0,0,40,North America,>50K
17710,"[40, 50[", ?,184682,High School,9,Never-married,Other, Own-child,*,Female,0,0,18,North America,<=50K
17711,"[20, 30[", Private,78170,High School,9,Never-married,Technical, Not-in-family,*,Male,0,0,42,North America,<=50K
17712,"[30, 40[", Private,201410,High School,9,Married-civ-spouse,Nontechnical, Husband,*,Male,0,0,40,North America,<=50K
17713,"[20, 30[", Private,189013,Undergraduate,10,Never-married,Nontechnical, Own-child,*,Female,0,0,35,North America,<=50K
17714,"[30, 40[", Private,119913,Professional Education,11,Married-civ-spouse,Technical, Husband,*,Male,0,0,40,North America,>50K
17715,"[30, 40[", Private,549174,High School,9,Married-civ-spouse,Technical, Husband,*,Male,0,0,50,North America,>50K
17716,"[20, 30[", Local-gov,214706,High School,9,Never-married,Other, Unmarried,*,Female,0,0,40,North America,<=50K
17718,"[40, 50[", Private,234220,High School,9,Divorced,Technical, Own-child,*,Female,0,0,40,North America,<=50K
17719,"[20, 30[", Private,237720,High School,9,Never-married,Technical, Own-child,*,Male,0,0,40,North America,<=50K
17720,"[20, 30[", Private,185942,Graduate,14,Never-married,Technical, Own-child,*,Female,0,0,40,North America,>50K
17721,"[60, 70[", Local-gov,286983,Undergraduate,10,Married-civ-spouse,Other, Husband,*,Male,0,0,40,North America,<=50K
17722,"[10, 20[", Private,140027,High School,7,Never-married,Other, Own-child,*,Female,0,0,25,North America,<=50K
17723,"[10, 20[", ?,115258,High School,7,Never-married,Other, Own-child,*,Male,0,0,12,North America,<=50K
17724,"[50, 60[", Private,155408,High School,9,Widowed,Nontechnical, Unmarried,*,Female,0,0,40,North America,<=50K
17725,"[60, 70[", ?,117963,High School,9,Married-civ-spouse,Other, Husband,*,Male,0,0,45,North America,<=50K
17727,"[20, 30[", Local-gov,199471,Professional Education,11,Never-married,Technical, Own-child,*,Female,0,0,38,North America,<=50K
17728,"[30, 40[", Private,287701,Professional Education,12,Divorced,Technical, Unmarried,*,Male,0,0,45,North America,>50K
17729,"[30, 40[", Private,137707,Professional Education,11,Married-civ-spouse,Technical, Wife,*,Female,0,0,40,North America,>50K
17730,"[30, 40[", State-gov,108116,High School,9,Married-civ-spouse,Technical, Husband,*,Male,0,0,40,North America,<=50K
17731,"[20, 30[", Private,366900,High School,9,Never-married,Technical, Own-child,*,Male,0,0,40,North America,<=50K
17732,"[50, 60[", Self-emp-inc,187355,Undergraduate,10,Married-civ-spouse,Nontechnical, Wife,*,Female,0,0,60,North America,>50K
17733,"[30, 40[", Private,33105,Undergraduate,13,Married-civ-spouse,Technical, Husband,*,Male,0,0,70,North America,>50K
17734,"[50, 60[", Self-emp-not-inc,268639,Undergraduate,10,Married-civ-spouse,Technical, Wife,*,Female,0,2057,60,North America,<=50K
17735,"[20, 30[", Private,358975,Undergraduate,10,Never-married,Other, Not-in-family,*,Female,0,0,50,Europe,<=50K
17736,"[30, 40[", Private,199227,Undergraduate,13,Married-civ-spouse,Nontechnical, Husband,*,Male,0,0,55,North America,>50K
17737,"[40, 50[", Private,248249,High School,4,Married-civ-spouse,Nontechnical, Husband,*,Male,0,0,50,North America,<=50K
17738,"[30, 40[", Private,460437,High School,5,Divorced,Nontechnical, Not-in-family,*,Female,0,0,40,North America,<=50K
17739,"[40, 50[", Private,187294,Undergraduate,10,Divorced,Technical, Unmarried,*,Male,0,0,40,North America,<=50K
17740,"[40, 50[", Private,115932,Professional Education,12,Married-civ-spouse,Technical, Husband,*,Male,0,0,40,North America,<=50K
17741,"[40, 50[", Private,181762,Undergraduate,13,Married-civ-spouse,Other, Husband,*,Male,15024,0,55,North America,>50K
17742,"[20, 30[", Private,27049,Undergraduate,10,Never-married,Nontechnical, Own-child,*,Female,0,0,20,North America,<=50K
17743,"[40, 50[", Private,806552,Undergraduate,10,Married-civ-spouse,Nontechnical, Husband,*,Male,0,0,50,North America,>50K
17744,"[40, 50[", Private,150755,Graduate,16,Married-civ-spouse,Nontechnical, Husband,*,Male,15024,0,50,North America,>50K
17745,"[60, 70[", Private,69867,Professional Education,11,Married-civ-spouse,Technical, Husband,*,Male,7298,0,50,North America,>50K
17747,"[30, 40[", Private,219546,Undergraduate,13,Married-civ-spouse,Technical, Husband,*,Male,0,0,40,North America,>50K
17749,"[20, 30[", Private,110371,High School,8,Never-married,Technical, Unmarried,*,Male,0,0,40,North America,<=50K
17750,"[20, 30[", ?,376474,High School,9,Married-civ-spouse,Other, Husband,*,Male,0,0,40,North America,<=50K
17751,"[20, 30[", Private,304602,High School,9,Never-married,Nontechnical, Own-child,*,Male,0,0,40,North America,<=50K
17752,"[30, 40[", ?,143699,Undergraduate,10,Never-married,Other, Unmarried,*,Female,0,0,40,North America,<=50K
17753,"[20, 30[", Private,238917,Primary School,2,Never-married,Technical, Not-in-family,*,Male,0,0,24,North America,<=50K
17754,"[50, 60[", Private,200618,Undergraduate,13,Married-civ-spouse,Technical, Husband,*,Male,0,0,40,North America,<=50K
17755,"[30, 40[", Private,183043,Graduate,14,Married-civ-spouse,Nontechnical, Husband,*,Male,0,1977,48,North America,>50K
17756,"[40, 50[", Local-gov,209752,Professional Education,15,Married-civ-spouse,Nontechnical, Husband,*,Male,0,0,55,North America,>50K
17757,"[40, 50[", ?,175653,Professional Education,12,Divorced,Other, Not-in-family,*,Female,14084,0,40,North America,>50K
17758,"[40, 50[", Private,196707,High School,9,Married-civ-spouse,Technical, Husband,*,Male,7298,0,43,North America,>50K
17759,"[30, 40[", Local-gov,98725,Undergraduate,13,Never-married,Technical, Own-child,*,Female,0,0,42,North America,<=50K
17760,"[30, 40[", Self-emp-not-inc,180150,Professional Education,15,Married-civ-spouse,Technical, Husband,*,Male,0,0,45,North America,>50K
17761,"[60, 70[", Private,151227,Undergraduate,13,Married-civ-spouse,Other, Husband,*,Male,0,0,40,North America,>50K
17762,"[10, 20[", ?,118847,High School,9,Never-married,Other, Own-child,*,Female,0,0,24,North America,<=50K
17763,"[40, 50[", Private,282538,Professional Education,11,Separated,Technical, Not-in-family,*,Female,0,0,40,North America,<=50K
17764,"[50, 60[", Private,89534,High School,9,Married-civ-spouse,Technical, Husband,*,Male,0,0,40,North America,>50K
17765,"[20, 30[", Private,291011,High School,9,Never-married,Technical, Not-in-family,*,Male,0,0,40,North America,<=50K
17767,"[10, 20[", Private,188669,Undergraduate,10,Never-married,Nontechnical, Own-child,*,Female,0,0,25,North America,<=50K
17768,"[30, 40[", Private,178948,Undergraduate,13,Never-married,Technical, Not-in-family,*,Female,0,0,45,North America,<=50K
17770,"[30, 40[", Self-emp-not-inc,160808,Undergraduate,10,Married-civ-spouse,Other, Husband,*,Male,0,0,40,North America,<=50K
17771,"[50, 60[", Private,93605,High School,9,Married-civ-spouse,Nontechnical, Husband,*,Male,0,1848,40,North America,>50K
17772,"[40, 50[", Private,318331,High School,9,Married-civ-spouse,Technical, Husband,*,Male,0,0,40,North America,<=50K
17773,"[40, 50[", ?,109921,High School,9,Separated,Other, Unmarried,*,Female,0,0,32,North America,<=50K
17774,"[30, 40[", Private,87605,High School,9,Never-married,Other, Unmarried,*,Female,0,0,40,North America,<=50K
17775,"[60, 70[", Self-emp-not-inc,89477,Undergraduate,10,Widowed,Other, Not-in-family,*,Female,0,0,14,North America,<=50K
17776,"[20, 30[", Private,48301,Undergraduate,10,Never-married,Nontechnical, Own-child,*,Male,0,0,40,North America,<=50K
17777,"[20, 30[", Private,220748,High School,9,Never-married,Nontechnical, Other-relative,*,Male,0,0,48,North America,<=50K
17778,"[30, 40[", Private,387068,High School,9,Married-civ-spouse,Nontechnical, Husband,*,Male,0,0,40,North America,>50K
17779,"[20, 30[", Private,250743,Undergraduate,10,Divorced,Other, Not-in-family,*,Male,0,0,40,North America,<=50K
17780,"[20, 30[", Private,78258,Professional Education,11,Divorced,Technical, Unmarried,*,Female,0,0,36,North America,<=50K
17782,"[30, 40[", Private,289190,High School,9,Divorced,Technical, Unmarried,*,Male,0,0,40,North America,<=50K
17783,"[20, 30[", Private,604537,High School,9,Never-married,Other, Unmarried,*,Male,0,0,40,North America,<=50K
17784,"[30, 40[", Private,328466,High School,5,Married-civ-spouse,Other, Husband,*,Male,0,0,40,North America,<=50K
17785,"[40, 50[", Private,403187,High School,9,Divorced,Nontechnical, Unmarried,*,Female,0,0,40,North America,<=50K
17786,"[30, 40[", Private,219546,Professional Education,11,Married-civ-spouse,Technical, Husband,*,Male,4386,0,44,North America,>50K
17787,"[40, 50[", Private,220531,Graduate,16,Married-civ-spouse,Technical, Husband,*,Male,0,0,50,North America,>50K
17788,"[20, 30[", Private,204648,Professional Education,11,Never-married,Technical, Unmarried,*,Female,0,0,40,North America,<=50K
17789,"[40, 50[", Self-emp-not-inc,201908,Professional Education,15,Married-civ-spouse,Technical, Husband,*,Male,99999,0,50,North America,>50K
17790,"[40, 50[", ?,109912,Undergraduate,13,Married-civ-spouse,Other, Wife,*,Female,0,0,16,North America,>50K
17791,"[10, 20[", Private,365683,High School,9,Never-married,Other, Own-child,*,Female,0,0,16,North America,<=50K
17792,"[40, 50[", Private,175674,Undergraduate,13,Married-civ-spouse,Technical, Husband,*,Male,0,0,40,North America,>50K
17793,"[30, 40[", Private,203488,High School,9,Married-civ-spouse,Nontechnical, Husband,*,Male,0,0,40,North America,<=50K
17794,"[20, 30[", Private,106406,Undergraduate,10,Married-civ-spouse,Technical, Husband,*,Male,0,0,40,North America,<=50K
17796,"[30, 40[", Private,125167,Undergraduate,10,Married-civ-spouse,Nontechnical, Husband,*,Male,0,0,60,North America,>50K
17797,"[50, 60[", Private,249339,High School,9,Married-civ-spouse,Technical, Husband,*,Male,0,0,40,North America,<=50K
17798,"[20, 30[", Private,94652,Undergraduate,10,Never-married,Technical, Own-child,*,Male,0,0,40,North America,<=50K
17799,"[40, 50[", Private,195394,Professional Education,12,Married-civ-spouse,Technical, Husband,*,Male,7688,0,40,North America,>50K
17800,"[20, 30[", Private,130302,High School,9,Never-married,Nontechnical, Unmarried,*,Male,0,0,40,North America,<=50K
17801,"[30, 40[", Private,66686,Professional Education,11,Married-civ-spouse,Technical, Husband,*,Male,0,0,40,North America,>50K
17802,"[40, 50[", Private,336042,High School,9,Separated,Other, Not-in-family,*,Male,0,0,40,North America,<=50K
17803,"[20, 30[", Private,193586,Undergraduate,10,Separated,Other, Other-relative,*,Female,0,0,40,North America,<=50K
17804,"[40, 50[", Private,325461,Undergraduate,13,Married-civ-spouse,Nontechnical, Husband,*,Male,0,1902,50,North America,>50K
17805,"[60, 70[", Local-gov,313852,Graduate,14,Divorced,Technical, Not-in-family,*,Female,0,0,25,North America,<=50K
17806,"[30, 40[", Local-gov,30509,Graduate,14,Never-married,Technical, Not-in-family,*,Female,0,1669,55,North America,<=50K
17807,"[20, 30[", Local-gov,32639,Undergraduate,10,Never-married,Technical, Not-in-family,*,Male,0,0,20,North America,<=50K
17808,"[10, 20[", Private,234953,Undergraduate,10,Never-married,Other, Own-child,*,Female,0,0,25,North America,<=50K
17809,"[40, 50[", Private,120629,Undergraduate,13,Divorced,Nontechnical, Not-in-family,*,Female,27828,0,60,North America,>50K
17811,"[20, 30[", ?,176967,High School,7,Never-married,Other, Not-in-family,*,Female,0,0,65,North America,<=50K
17812,"[30, 40[", Private,36423,High School,9,Married-civ-spouse,Other, Husband,*,Male,0,0,25,North America,>50K
17813,"[30, 40[", Private,123397,High School,9,Married-civ-spouse,Other, Wife,*,Female,5178,0,35,North America,>50K
17814,"[30, 40[", Private,130813,High School,9,Divorced,Technical, Other-relative,*,Female,0,0,40,North America,<=50K
17815,"[40, 50[", Self-emp-not-inc,35236,Undergraduate,10,Married-civ-spouse,Other, Husband,*,Male,0,0,84,North America,<=50K
17816,"[50, 60[", Private,33350,High School,9,Divorced,Other, Unmarried,*,Female,0,0,35,North America,<=50K
17817,"[50, 60[", Private,177380,High School,9,Divorced,Other, Not-in-family,*,Female,0,0,29,North America,<=50K
17818,"[30, 40[", Private,216129,Professional Education,12,Divorced,Nontechnical, Unmarried,*,Female,0,0,35,North America,<=50K
17819,"[30, 40[", Private,335104,Undergraduate,13,Divorced,Technical, Not-in-family,*,Female,0,0,35,North America,<=50K
17820,"[50, 60[", Self-emp-not-inc,199741,High School,9,Widowed,Technical, Not-in-family,*,Male,0,2001,35,North America,<=50K
17821,"[50, 60[", Self-emp-inc,165881,Professional Education,15,Married-civ-spouse,Technical, Husband,*,Male,0,0,40,North America,<=50K
17822,"[30, 40[", Local-gov,387777,Professional Education,12,Married-civ-spouse,Other, Husband,*,Male,0,0,52,North America,<=50K
17824,"[30, 40[", Private,188834,High School,9,Married-civ-spouse,Technical, Husband,*,Male,0,0,40,North America,<=50K
17825,"[50, 60[", Private,290661,High School,9,Married-civ-spouse,Technical, Husband,*,Male,0,0,40,North America,<=50K
17826,"[30, 40[", Private,155603,Undergraduate,10,Never-married,Other, Own-child,*,Female,0,2205,40,North America,<=50K
17828,"[50, 60[", Local-gov,168553,Undergraduate,13,Married-civ-spouse,Nontechnical, Husband,*,Male,0,0,40,North America,<=50K
17829,"[20, 30[", Private,103064,Undergraduate,13,Never-married,Technical, Not-in-family,*,Female,0,0,40,North America,<=50K
17830,"[30, 40[", Private,123833,Undergraduate,10,Never-married,Nontechnical, Not-in-family,*,Male,0,0,60,North America,<=50K
17831,"[60, 70[", Federal-gov,55621,Professional Education,12,Married-civ-spouse,Other, Husband,*,Male,0,0,40,North America,<=50K
17832,"[60, 70[", Local-gov,189834,High School,4,Widowed,Other, Not-in-family,*,Female,0,0,20,North America,<=50K
17833,"[30, 40[", Private,217926,Professional Education,12,Married-civ-spouse,Technical, Husband,*,Male,0,0,50,North America,<=50K
17835,"[20, 30[", Private,163003,Undergraduate,13,Never-married,Other, Own-child,*,Female,2202,0,40,Asia,<=50K
17836,"[20, 30[", Private,194352,Undergraduate,13,Divorced,Technical, Not-in-family,*,Female,0,0,44,North America,<=50K
17837,"[60, 70[", ?,54878,High School,9,Widowed,Other, Not-in-family,*,Female,0,0,25,North America,<=50K
17838,"[20, 30[", Private,393248,Undergraduate,10,Never-married,Other, Own-child,*,Male,0,0,40,North America,<=50K
17839,"[30, 40[", Private,279315,High School,9,Never-married,Other, Own-child,*,Male,0,0,40,North America,<=50K
17840,"[30, 40[", Private,392812,Undergraduate,10,Married-civ-spouse,Nontechnical, Husband,*,Male,0,0,50,North America,>50K
17841,"[40, 50[", Self-emp-inc,34998,Undergraduate,10,Married-civ-spouse,Other, Husband,*,Male,0,0,60,North America,<=50K
17842,"[50, 60[", Self-emp-inc,51016,High School,9,Married-civ-spouse,Nontechnical, Husband,*,Male,0,0,60,North America,>50K
17843,"[50, 60[", Local-gov,132717,Undergraduate,13,Married-civ-spouse,Nontechnical, Husband,*,Male,0,0,45,North America,<=50K
17844,"[40, 50[", Private,186078,Undergraduate,10,Never-married,Technical, Not-in-family,*,Female,0,0,45,North America,<=50K
17845,"[30, 40[", Self-emp-inc,196123,Graduate,14,Married-civ-spouse,Nontechnical, Husband,*,Male,0,0,70,North America,>50K
17846,"[40, 50[", Self-emp-inc,304906,Undergraduate,13,Married-civ-spouse,Nontechnical, Husband,*,Male,0,0,45,North America,>50K
17847,"[20, 30[", Private,41521,High School,9,Never-married,Other, Not-in-family,*,Female,0,0,35,North America,<=50K
17848,"[40, 50[", Private,346847,Professional Education,11,Separated,Technical, Other-relative,*,Female,0,0,40,North America,<=50K
17849,"[30, 40[", Self-emp-not-inc,107233,High School,9,Never-married,Technical, Other-relative,*,Male,0,0,40,North America,<=50K
17850,"[30, 40[", Private,150125,Professional Education,12,Divorced,Other, Unmarried,*,Female,0,0,40,North America,<=50K
17851,"[30, 40[", Private,400535,Undergraduate,10,Married-civ-spouse,Other, Husband,*,Male,0,0,40,North America,<=50K
17852,"[30, 40[", Private,409622,Undergraduate,13,Married-civ-spouse,Technical, Husband,*,Male,0,0,36,North America,<=50K
17853,"[20, 30[", Private,136448,Undergraduate,13,Never-married,Other, Not-in-family,*,Female,0,0,40,North America,<=50K
17854,"[30, 40[", Self-emp-not-inc,202950,Undergraduate,13,Married-civ-spouse,Nontechnical, Husband,*,Male,0,0,50,Asia,<=50K
17856,"[50, 60[", Private,237691,High School,9,Married-civ-spouse,Other, Husband,*,Male,0,0,40,North America,<=50K
17857,"[20, 30[", Private,170277,High School,9,Never-married,Other, Not-in-family,*,Female,0,0,35,North America,<=50K
17858,"[30, 40[", Private,160784,Undergraduate,10,Never-married,Nontechnical, Not-in-family,*,Male,0,0,45,North America,<=50K
17859,"[20, 30[", Private,33798,High School,8,Never-married,Other, Not-in-family,*,Male,0,0,50,North America,<=50K
17860,"[20, 30[", Private,197838,Undergraduate,13,Never-married,Nontechnical, Not-in-family,*,Male,0,0,40,North America,<=50K
17861,"[30, 40[", Private,223212,High School,4,Never-married,Nontechnical, Own-child,*,Male,0,0,50,North America,<=50K
17862,"[30, 40[", Private,125762,High School,9,Married-civ-spouse,Nontechnical, Husband,*,Male,0,0,44,North America,>50K
17863,"[20, 30[", Private,283969,Undergraduate,10,Never-married,Nontechnical, Other-relative,*,Male,0,0,15,North America,<=50K
17864,"[20, 30[", Private,374163,High School,8,Married-civ-spouse,Other, Husband,*,Male,0,0,60,North America,<=50K
17865,"[40, 50[", State-gov,118567,Undergraduate,10,Married-civ-spouse,Other, Husband,*,Male,0,0,40,North America,<=50K
17866,"[20, 30[", Private,147655,High School,9,Never-married,Other, Own-child,*,Female,0,0,35,North America,<=50K
17867,"[40, 50[", Private,82797,Undergraduate,13,Married-civ-spouse,Nontechnical, Husband,*,Male,0,0,45,North America,>50K
17868,"[30, 40[", Local-gov,142573,High School,9,Married-civ-spouse,Nontechnical, Husband,*,Male,0,0,45,North America,>50K
17870,"[20, 30[", Private,53245,Undergraduate,13,Never-married,Nontechnical, Not-in-family,*,Male,0,1602,12,North America,<=50K
17871,"[40, 50[", Private,28035,Undergraduate,13,Married-civ-spouse,Nontechnical, Husband,*,Male,0,0,50,North America,>50K
17872,"[40, 50[", Private,247082,High School,9,Divorced,Nontechnical, Not-in-family,*,Male,0,0,50,North America,<=50K
17873,"[30, 40[", Private,123397,High School,9,Never-married,Nontechnical, Unmarried,*,Female,0,0,40,North America,<=50K
17874,"[20, 30[", Local-gov,133327,Undergraduate,10,Never-married,Other, Not-in-family,*,Male,0,0,40,North America,<=50K
17875,"[30, 40[", Private,102270,High School,4,Divorced,Technical, Unmarried,*,Female,0,0,40,North America,<=50K
17876,"[60, 70[", ?,45817,High School,5,Married-civ-spouse,Other, Husband,*,Male,0,0,50,North America,<=50K
17878,"[10, 20[", Private,386378,High School,9,Never-married,Other, Not-in-family,*,Male,0,0,35,North America,<=50K
17879,"[30, 40[", State-gov,350651,High School,8,Married-civ-spouse,Technical, Wife,*,Female,0,0,40,North America,>50K
17880,"[10, 20[", State-gov,76142,High School,7,Never-married,Other, Own-child,*,Male,0,0,8,North America,<=50K
17881,"[60, 70[", Private,73773,High School,9,Widowed,Nontechnical, Not-in-family,*,Female,0,0,24,North America,<=50K
17882,"[50, 60[", ?,281504,Undergraduate,10,Married-civ-spouse,Other, Husband,*,Male,0,0,40,North America,<=50K
17883,"[30, 40[", Local-gov,293358,Undergraduate,10,Never-married,Nontechnical, Unmarried,*,Female,0,0,48,North America,<=50K
17884,"[40, 50[", Private,146906,Professional Education,15,Married-civ-spouse,Technical, Husband,*,Male,0,0,50,North America,>50K
17885,"[50, 60[", Self-emp-not-inc,331474,High School,9,Married-civ-spouse,Other, Wife,*,Female,0,0,20,North America,>50K
17886,"[20, 30[", Private,213719,High School,9,Never-married,Nontechnical, Own-child,*,Female,0,0,20,North America,<=50K
17887,"[10, 20[", Private,101795,High School,6,Never-married,Nontechnical, Own-child,*,Male,0,0,40,North America,<=50K
17888,"[30, 40[", Private,228265,High School,9,Never-married,Nontechnical, Own-child,*,Female,0,0,30,North America,<=50K
17889,"[40, 50[", Self-emp-not-inc,130206,High School,9,Divorced,Other, Not-in-family,*,Female,0,0,40,North America,<=50K
17890,"[30, 40[", Private,324254,High School,9,Married-civ-spouse,Technical, Husband,*,Male,0,0,40,North America,<=50K
17891,"[20, 30[", Private,223019,High School,9,Never-married,Other, Not-in-family,*,Female,0,0,40,North America,<=50K
17892,"[40, 50[", Private,189666,High School,9,Married-civ-spouse,Other, Husband,*,Male,0,0,45,North America,<=50K
17893,"[30, 40[", Private,139086,High School,9,Married-civ-spouse,Nontechnical, Husband,*,Male,0,0,40,North America,<=50K
17896,"[50, 60[", Private,139843,High School,9,Divorced,Nontechnical, Not-in-family,*,Female,0,0,60,North America,<=50K
17897,"[20, 30[", Private,34310,Professional Education,11,Married-civ-spouse,Technical, Husband,*,Male,0,2603,40,North America,<=50K
17898,"[50, 60[", Private,346014,Undergraduate,10,Married-civ-spouse,Technical, Wife,*,Female,0,0,40,North America,<=50K
17899,"[30, 40[", Local-gov,163278,Undergraduate,10,Never-married,Other, Not-in-family,*,Female,2202,0,44,North America,<=50K
17900,"[50, 60[", Private,31460,High School,9,Divorced,Other, Not-in-family,*,Male,0,0,38,North America,<=50K
17901,"[50, 60[", Self-emp-inc,33725,Undergraduate,13,Married-civ-spouse,Technical, Husband,*,Male,0,0,50,North America,>50K
17902,"[60, 70[", ?,63552,High School,4,Widowed,Other, Not-in-family,*,Female,0,0,35,North America,<=50K
17903,"[50, 60[", State-gov,300623,High School,9,Divorced,Other, Unmarried,*,Female,0,0,40,North America,<=50K
17904,"[20, 30[", Local-gov,177072,Undergraduate,10,Never-married,Technical, Other-relative,*,Male,0,0,16,North America,<=50K
17905,"[60, 70[", ?,37331,High School,9,Married-civ-spouse,Other, Husband,*,Male,0,0,15,North America,<=50K
17906,"[40, 50[", Private,167725,Undergraduate,10,Divorced,Technical, Not-in-family,*,Male,0,0,40,North America,<=50K
17907,"[10, 20[", Private,131180,High School,7,Never-married,Technical, Own-child,*,Female,0,0,16,North America,<=50K
17908,"[50, 60[", Private,275859,High School,9,Widowed,Technical, Unmarried,*,Male,8614,0,52,North America,>50K
17910,"[30, 40[", Private,398988,Undergraduate,10,Never-married,Nontechnical, Not-in-family,*,Male,0,0,40,North America,<=50K
17911,"[30, 40[", Private,222654,High School,6,Divorced,Technical, Not-in-family,*,Male,0,0,40,North America,<=50K
17912,"[30, 40[", Self-emp-not-inc,111129,Undergraduate,10,Married-civ-spouse,Technical, Husband,*,Male,0,0,45,North America,<=50K
17913,"[20, 30[", Self-emp-not-inc,137795,Undergraduate,13,Married-civ-spouse,Nontechnical, Husband,*,Male,0,0,20,North America,<=50K
17914,"[30, 40[", Local-gov,242150,Professional Education,11,Married-civ-spouse,Technical, Husband,*,Male,0,0,50,North America,<=50K
17915,"[30, 40[", State-gov,237873,High School,9,Never-married,Other, Unmarried,*,Female,0,0,40,North America,<=50K
17916,"[40, 50[", Private,367749,Undergraduate,13,Never-married,Technical, Not-in-family,*,Female,0,0,45,North America,<=50K
17917,"[20, 30[", Private,206600,Undergraduate,13,Never-married,Technical, Own-child,*,Male,0,0,40,North America,<=50K
17918,"[40, 50[", Federal-gov,247043,High School,9,Divorced,Other, Not-in-family,*,Male,0,0,40,North America,<=50K
17919,"[40, 50[", Private,187702,Undergraduate,13,Never-married,Technical, Not-in-family,*,Male,0,0,40,North America,<=50K
17920,"[60, 70[", Private,41718,High School,6,Married-civ-spouse,Nontechnical, Husband,*,Male,0,0,35,North America,<=50K
17921,"[30, 40[", Private,151835,Professional Education,15,Married-civ-spouse,Nontechnical, Husband,*,Male,0,0,45,North America,>50K
17922,"[10, 20[", Private,118938,High School,7,Never-married,Nontechnical, Own-child,*,Male,0,0,18,North America,<=50K
17924,"[40, 50[", Private,178341,Graduate,14,Married-civ-spouse,Technical, Husband,*,Male,0,0,50,North America,<=50K
17925,"[30, 40[", Private,61343,Undergraduate,10,Married-civ-spouse,Nontechnical, Husband,*,Male,0,0,45,North America,<=50K
17926,"[30, 40[", Private,36989,High School,9,Divorced,Technical, Unmarried,*,Male,0,0,40,North America,<=50K
17927,"[30, 40[", Self-emp-not-inc,226296,High School,9,Married-civ-spouse,Technical, Husband,*,Male,0,0,51,North America,<=50K
17928,"[20, 30[", Private,186624,High School,9,Married-civ-spouse,Other, Wife,*,Female,0,0,40,North America,<=50K
17929,"[10, 20[", Private,172582,Undergraduate,10,Never-married,Nontechnical, Own-child,*,Male,0,0,30,North America,<=50K
17930,"[50, 60[", State-gov,227392,Undergraduate,10,Married-civ-spouse,Other, Husband,*,Male,0,0,60,North America,<=50K
17931,"[40, 50[", Private,187563,Undergraduate,10,Divorced,Other, Not-in-family,*,Male,0,0,40,North America,<=50K
17933,"[30, 40[", Private,239397,High School,4,Married-civ-spouse,Technical, Husband,*,Male,0,0,36,North America,<=50K
17934,"[30, 40[", Local-gov,327164,Graduate,14,Married-civ-spouse,Nontechnical, Husband,*,Male,0,0,45,North America,<=50K
17935,"[20, 30[", Private,140798,Undergraduate,13,Never-married,Other, Not-in-family,*,Female,0,0,40,North America,<=50K
17936,"[20, 30[", Self-emp-inc,187450,Undergraduate,13,Married-civ-spouse,Nontechnical, Husband,*,Male,0,0,50,North America,>50K
17938,"[40, 50[", Private,372682,Undergraduate,10,Married-civ-spouse,Other, Wife,*,Female,0,0,40,North America,>50K
17939,"[20, 30[", Private,235442,Undergraduate,10,Never-married,Other, Not-in-family,*,Male,0,0,35,North America,<=50K
17940,"[30, 40[", Private,128065,Undergraduate,10,Married-civ-spouse,Technical, Husband,*,Male,0,0,45,North America,<=50K
17941,"[50, 60[", Private,91545,High School,6,Divorced,Other, Unmarried,*,Female,0,0,36,North America,<=50K
17942,"[20, 30[", Private,154604,High School,9,Divorced,Nontechnical, Unmarried,*,Female,0,0,40,North America,<=50K
17943,"[30, 40[", Federal-gov,192150,High School,9,Divorced,Other, Unmarried,*,Female,0,0,40,North America,<=50K
17944,"[20, 30[", Local-gov,216522,Undergraduate,13,Never-married,Technical, Own-child,*,Female,0,0,42,North America,<=50K
17945,"[50, 60[", Private,156040,Professional Education,12,Married-civ-spouse,Technical, Husband,*,Male,0,1848,40,North America,>50K
17946,"[20, 30[", Private,206861,Undergraduate,13,Never-married,Other, Own-child,*,Male,0,0,40,North America,<=50K
17947,"[40, 50[", Private,97632,Undergraduate,10,Divorced,Nontechnical, Not-in-family,*,Female,0,0,32,North America,<=50K
17948,"[20, 30[", Private,189530,Undergraduate,10,Never-married,Nontechnical, Own-child,*,Male,0,0,35,North America,<=50K
17950,"[50, 60[", Self-emp-inc,368797,High School,9,Married-civ-spouse,Nontechnical, Husband,*,Male,0,0,40,North America,<=50K
17951,"[20, 30[", State-gov,41183,Undergraduate,10,Never-married,Technical, Own-child,*,Female,0,0,20,North America,<=50K
17952,"[50, 60[", Private,191062,High School,9,Married-civ-spouse,Nontechnical, Husband,*,Male,0,0,40,North America,<=50K
17953,"[20, 30[", Private,132963,High School,9,Married-civ-spouse,Nontechnical, Husband,*,Male,0,0,40,North America,<=50K
17954,"[50, 60[", Private,153551,Undergraduate,13,Never-married,Technical, Not-in-family,*,Female,0,0,60,North America,<=50K
17955,"[20, 30[", Self-emp-not-inc,66473,Undergraduate,13,Married-civ-spouse,Nontechnical, Husband,*,Male,0,0,50,North America,<=50K
17956,"[30, 40[", Private,240323,High School,9,Separated,Nontechnical, Unmarried,*,Female,0,0,17,North America,<=50K
17957,"[60, 70[", Local-gov,242095,Undergraduate,13,Married-civ-spouse,Nontechnical, Husband,*,Male,20051,0,40,North America,>50K
17959,"[10, 20[", Private,29526,Undergraduate,10,Never-married,Other, Own-child,*,Female,0,0,18,North America,<=50K
17960,"[20, 30[", Private,342953,High School,9,Separated,Other, Unmarried,*,Female,0,0,40,North America,<=50K
17961,"[30, 40[", Private,215476,High School,9,Never-married,Nontechnical, Unmarried,*,Female,0,0,30,North America,<=50K
17962,"[50, 60[", Private,231919,High School,9,Married-civ-spouse,Technical, Husband,*,Male,0,0,45,North America,<=50K
17963,"[30, 40[", Private,52537,Undergraduate,10,Never-married,Technical, Not-in-family,*,Male,0,0,38,North America,<=50K
17964,"[10, 20[", Private,27920,High School,7,Never-married,Nontechnical, Own-child,*,Female,0,0,25,North America,<=50K
17965,"[50, 60[", Private,153052,High School,9,Married-civ-spouse,Technical, Husband,*,Male,0,0,40,North America,>50K
17966,"[40, 50[", Self-emp-not-inc,199303,Undergraduate,13,Married-civ-spouse,Technical, Husband,*,Male,0,0,40,North America,<=50K
17967,"[50, 60[", Private,233369,Undergraduate,10,Divorced,Technical, Unmarried,*,Female,0,0,40,North America,<=50K
17968,"[40, 50[", Private,345789,Undergraduate,13,Married-civ-spouse,Technical, Wife,*,Female,15024,0,50,North America,>50K
17969,"[60, 70[", Private,238913,Undergraduate,13,Married-civ-spouse,Nontechnical, Husband,*,Male,0,0,46,North America,>50K
17970,"[20, 30[", Self-emp-not-inc,195607,High School,9,Married-civ-spouse,Nontechnical, Wife,*,Female,0,0,40,North America,<=50K
17971,"[30, 40[", Private,245173,High School,9,Divorced,Nontechnical, Not-in-family,*,Male,0,1669,45,North America,<=50K
17972,"[30, 40[", Private,138441,High School,9,Divorced,Other, Not-in-family,*,Male,0,0,40,North America,<=50K
17973,"[20, 30[", Private,67467,High School,9,Married-civ-spouse,Technical, Husband,*,Male,0,0,40,North America,<=50K
17974,"[40, 50[", Private,102569,Graduate,14,Married-civ-spouse,Nontechnical, Husband,*,Male,15024,0,65,North America,>50K
17976,"[20, 30[", Private,37202,Undergraduate,13,Never-married,Technical, Not-in-family,*,Female,0,0,45,North America,<=50K
17977,"[40, 50[", Private,140219,High School,9,Never-married,Other, Other-relative,*,Female,0,0,40,North America,<=50K
17978,"[10, 20[", Private,298860,High School,8,Never-married,Nontechnical, Own-child,*,Male,0,0,20,North America,<=50K
17979,"[20, 30[", Private,51362,Undergraduate,13,Never-married,Nontechnical, Not-in-family,*,Female,0,0,16,North America,<=50K
17980,"[30, 40[", Private,199947,Undergraduate,10,Divorced,Technical, Own-child,*,Female,0,0,30,North America,<=50K
17981,"[50, 60[", Self-emp-not-inc,32552,High School,9,Married-civ-spouse,Other, Husband,*,Male,0,0,48,North America,<=50K
17982,"[30, 40[", Private,183845,High School,9,Married-civ-spouse,Other, Wife,*,Female,0,0,38,North America,<=50K
17985,"[40, 50[", State-gov,96249,Undergraduate,10,Married-civ-spouse,Nontechnical, Husband,*,Male,3411,0,40,North America,<=50K
17986,"[50, 60[", Private,181220,High School,9,Married-civ-spouse,Nontechnical, Husband,*,Male,0,0,50,North America,<=50K
17987,"[50, 60[", Private,133025,High School,9,Married-civ-spouse,Other, Husband,*,Male,0,0,50,North America,<=50K
17988,"[50, 60[", Self-emp-not-inc,124865,Undergraduate,10,Divorced,Nontechnical, Not-in-family,*,Female,0,0,35,North America,<=50K
17989,"[50, 60[", Private,45599,High School,9,Divorced,Technical, Not-in-family,*,Male,0,0,40,North America,<=50K
17990,"[30, 40[", Private,194293,Undergraduate,10,Never-married,Other, Not-in-family,*,Female,2463,0,38,North America,<=50K
17991,"[40, 50[", Private,102180,Graduate,14,Married-civ-spouse,Nontechnical, Husband,*,Male,0,0,50,North America,>50K
17992,"[40, 50[", Private,121130,High School,9,Divorced,Other, Unmarried,*,Female,0,0,40,North America,<=50K
17993,"[20, 30[", Private,138768,Undergraduate,10,Never-married,Nontechnical, Own-child,*,Male,0,0,50,North America,<=50K
17994,"[40, 50[", State-gov,98989,High School,9,Married-civ-spouse,Other, Husband,*,Male,0,0,40,North America,<=50K
17995,"[20, 30[", State-gov,126327,Professional Education,12,Never-married,Other, Unmarried,*,Female,0,0,40,North America,<=50K
17996,"[30, 40[", Private,113364,Undergraduate,13,Never-married,Nontechnical, Own-child,*,Male,0,0,18,North America,<=50K
17997,"[30, 40[", Private,326199,High School,5,Married-civ-spouse,Technical, Husband,*,Male,2580,0,40,North America,<=50K
17998,"[40, 50[", Private,376789,High School,9,Never-married,Other, Not-in-family,*,Male,0,0,15,North America,<=50K
17999,"[20, 30[", Private,137063,Undergraduate,13,Married-civ-spouse,Nontechnical, Husband,*,Male,0,0,50,North America,<=50K
18000,"[20, 30[", Private,279145,High School,9,Married-civ-spouse,Technical, Husband,*,Male,0,0,50,North America,<=50K
18001,"[30, 40[", Private,178815,Undergraduate,13,Never-married,Nontechnical, Not-in-family,*,Male,8614,0,40,North America,>50K
18002,"[20, 30[", Self-emp-not-inc,245369,High School,9,Separated,Technical, Own-child,*,Male,0,0,35,North America,<=50K
18003,"[30, 40[", Federal-gov,49593,Professional Education,15,Never-married,Technical, Not-in-family,*,Female,0,0,40,North America,<=50K
18004,"[40, 50[", State-gov,238648,High School,9,Married-civ-spouse,Other, Husband,*,Male,7298,0,40,North America,>50K
18005,"[40, 50[", Private,166181,Undergraduate,10,Married-civ-spouse,Other, Wife,*,Female,0,0,48,North America,>50K
18006,"[60, 70[", Self-emp-inc,249043,Undergraduate,13,Married-civ-spouse,Nontechnical, Husband,*,Male,5556,0,26,North America,>50K
18007,"[40, 50[", Private,156403,High School,6,Married-civ-spouse,Nontechnical, Husband,*,Male,0,0,40,North America,<=50K
18008,"[70, 80[", ?,128529,High School,9,Widowed,Other, Not-in-family,*,Female,0,0,20,North America,<=50K
18009,"[30, 40[", Federal-gov,186934,Undergraduate,13,Married-civ-spouse,Other, Husband,*,Male,0,1848,55,North America,>50K
18011,"[40, 50[", Local-gov,387770,Undergraduate,10,Widowed,Other, Unmarried,*,Female,0,0,15,North America,<=50K
18012,"[40, 50[", Private,115511,Graduate,16,Married-civ-spouse,Technical, Husband,*,Male,0,0,50,North America,<=50K
18013,"[30, 40[", Private,201410,Undergraduate,13,Married-civ-spouse,Other, Husband,*,Male,0,1977,45,Asia,>50K
18014,"[30, 40[", Private,220585,Professional Education,12,Married-civ-spouse,Nontechnical, Husband,*,Male,0,0,50,North America,>50K
18015,"[60, 70[", Self-emp-not-inc,282066,Undergraduate,13,Married-civ-spouse,Nontechnical, Husband,*,Male,0,1977,45,North America,>50K
18016,"[30, 40[", Private,280966,Undergraduate,10,Married-civ-spouse,Technical, Husband,*,Male,0,0,50,North America,>50K
18017,"[20, 30[", Private,291586,Undergraduate,13,Never-married,Other, Own-child,*,Male,0,0,20,North America,<=50K
18018,"[20, 30[", Private,142227,Undergraduate,13,Never-married,Other, Not-in-family,*,Female,0,0,30,North America,<=50K
18019,"[10, 20[", ?,104025,High School,7,Never-married,Other, Own-child,*,Male,0,0,18,North America,<=50K
18020,"[40, 50[", Local-gov,148254,Graduate,14,Divorced,Technical, Not-in-family,*,Female,0,0,35,North America,<=50K
18021,"[50, 60[", Private,170562,Undergraduate,10,Married-civ-spouse,Nontechnical, Husband,*,Male,0,0,48,North America,>50K
18022,"[20, 30[", Private,222490,Undergraduate,10,Never-married,Nontechnical, Own-child,*,Female,0,0,30,North America,<=50K
18023,"[60, 70[", Local-gov,57674,Graduate,14,Married-civ-spouse,Technical, Husband,*,Male,0,0,48,North America,<=50K
18024,"[20, 30[", Private,233624,High School,9,Married-civ-spouse,Technical, Husband,*,Male,0,0,43,North America,<=50K
18025,"[20, 30[", Private,42734,Undergraduate,10,Never-married,Other, Not-in-family,*,Male,0,0,25,North America,<=50K
18026,"[30, 40[", Private,233107,High School,5,Married-civ-spouse,Technical, Husband,*,Male,0,0,33,North America,<=50K
18027,"[60, 70[", Private,143110,Undergraduate,13,Widowed,Technical, Not-in-family,*,Female,0,0,30,North America,<=50K
18028,"[50, 60[", Private,195844,Professional Education,12,Married-civ-spouse,Nontechnical, Husband,*,Male,0,0,50,North America,>50K
18030,"[30, 40[", Private,303851,High School,9,Married-civ-spouse,Other, Husband,*,Male,0,0,50,North America,<=50K
18032,"[50, 60[", Self-emp-not-inc,30008,High School,6,Married-civ-spouse,Other, Husband,*,Male,0,0,35,North America,<=50K
18033,"[30, 40[", Local-gov,147921,High School,9,Widowed,Other, Unmarried,*,Female,0,0,40,North America,<=50K
18034,"[30, 40[", Federal-gov,172716,High School,8,Married-civ-spouse,Other, Husband,*,Male,0,0,40,North America,<=50K
18035,"[20, 30[", Private,155057,High School,9,Never-married,Other, Not-in-family,*,Male,0,0,70,North America,<=50K
18038,"[30, 40[", Private,195136,Professional Education,12,Divorced,Other, Not-in-family,*,Female,0,0,32,North America,<=50K
18039,"[40, 50[", Private,377322,High School,9,Married-civ-spouse,Technical, Husband,*,Male,0,0,40,North America,>50K
18040,"[50, 60[", Local-gov,293941,Undergraduate,13,Married-civ-spouse,Technical, Husband,*,Male,0,0,40,North America,<=50K
18041,"[50, 60[", Private,182123,High School,9,Married-civ-spouse,Technical, Husband,*,Male,0,0,44,North America,<=50K
18042,"[30, 40[", Private,32528,Undergraduate,10,Married-civ-spouse,Nontechnical, Husband,*,Male,0,0,40,North America,>50K
18043,"[30, 40[", Private,140206,Professional Education,15,Married-civ-spouse,Technical, Husband,*,Male,0,0,40,North America,>50K
18044,"[40, 50[", Local-gov,378221,Undergraduate,13,Married-civ-spouse,Nontechnical, Husband,*,Male,0,0,60,North America,>50K
18045,"[20, 30[", Private,211601,Undergraduate,10,Married-civ-spouse,Nontechnical, Wife,*,Female,0,0,40,North America,<=50K
18046,"[30, 40[", Self-emp-not-inc,119411,High School,9,Never-married,Technical, Own-child,*,Male,0,0,50,North America,<=50K
18047,"[50, 60[", Self-emp-not-inc,240013,Graduate,14,Married-civ-spouse,Nontechnical, Husband,*,Male,0,0,70,North America,<=50K
18048,"[20, 30[", Private,95552,High School,9,Never-married,Technical, Own-child,*,Male,0,0,40,North America,<=50K
18049,"[40, 50[", Self-emp-not-inc,183710,High School,5,Married-civ-spouse,Other, Husband,*,Male,0,0,40,North America,<=50K
18050,"[30, 40[", Private,189382,High School,9,Married-civ-spouse,Other, Wife,*,Female,0,0,40,North America,>50K
18052,"[50, 60[", Private,53407,High School,9,Married-civ-spouse,Technical, Husband,*,Male,0,0,40,North America,<=50K
18053,"[30, 40[", Private,150480,Professional Education,15,Married-civ-spouse,Technical, Husband,*,Male,0,0,55,North America,>50K
18054,"[40, 50[", Private,175674,Undergraduate,13,Married-civ-spouse,Nontechnical, Husband,*,Male,0,0,50,North America,>50K
18055,"[20, 30[", Private,375313,High School,9,Never-married,Technical, Not-in-family,*,Male,0,0,50,North America,<=50K
18056,"[20, 30[", ?,278391,Undergraduate,10,Never-married,Other, Own-child,*,Male,0,0,16,North America,<=50K
18057,"[20, 30[", Private,212888,Undergraduate,10,Never-married,Other, Not-in-family,*,Female,0,0,40,North America,<=50K
18058,"[30, 40[", Self-emp-inc,487085,High School,4,Never-married,Technical, Unmarried,*,Male,0,0,40,North America,<=50K
18059,"[20, 30[", Private,174461,Undergraduate,10,Never-married,Other, Own-child,*,Female,0,0,15,North America,<=50K
18060,"[50, 60[", Local-gov,133201,Graduate,14,Married-civ-spouse,Nontechnical, Husband,*,Male,0,0,50,North America,<=50K
18062,"[40, 50[", Private,141511,Graduate,16,Married-civ-spouse,Technical, Husband,*,Male,0,0,60,North America,>50K
18063,"[10, 20[", Self-emp-inc,181608,High School,6,Never-married,Nontechnical, Own-child,*,Male,0,0,12,North America,<=50K
18064,"[30, 40[", Private,127610,Undergraduate,13,Married-civ-spouse,Nontechnical, Wife,*,Female,0,0,50,North America,>50K
18066,"[40, 50[", Private,33842,Undergraduate,10,Married-civ-spouse,Other, Husband,*,Male,3103,0,40,North America,>50K
18067,"[20, 30[", Private,150080,Undergraduate,13,Never-married,Nontechnical, Own-child,*,Female,0,0,40,North America,<=50K
18068,"[30, 40[", Federal-gov,30916,Undergraduate,10,Married-civ-spouse,Nontechnical, Husband,*,Male,0,1902,50,North America,>50K
18069,"[40, 50[", Private,151294,High School,9,Divorced,Nontechnical, Not-in-family,*,Female,0,0,48,North America,<=50K
18070,"[30, 40[", Private,48829,High School,9,Never-married,Nontechnical, Not-in-family,*,Female,0,1602,30,North America,<=50K
18071,"[10, 20[", Private,193769,High School,5,Never-married,Other, Unmarried,*,Male,0,0,20,North America,<=50K
18072,"[30, 40[", Private,277455,Graduate,14,Never-married,Technical, Not-in-family,*,Male,0,0,40,North America,<=50K
18076,"[30, 40[", Private,174938,Undergraduate,13,Married-civ-spouse,Technical, Husband,*,Male,0,1887,50,North America,>50K
18077,"[30, 40[", Private,174789,High School,9,Never-married,Technical, Unmarried,*,Male,0,0,40,North America,<=50K
18078,"[20, 30[", Private,245628,Undergraduate,10,Never-married,Other, Other-relative,*,Male,0,0,40,North America,<=50K
18079,"[20, 30[", Private,228752,High School,9,Never-married,Nontechnical, Not-in-family,*,Male,0,0,40,North America,<=50K
18080,"[40, 50[", Private,354148,Professional Education,15,Married-civ-spouse,Technical, Husband,*,Male,99999,0,48,North America,>50K
18081,"[30, 40[", Private,192900,Undergraduate,10,Never-married,Other, Not-in-family,*,Male,0,0,40,North America,<=50K
18082,"[20, 30[", Self-emp-not-inc,190391,Undergraduate,13,Never-married,Nontechnical, Not-in-family,*,Male,0,0,50,North America,<=50K
18084,"[30, 40[", Private,113198,Professional Education,12,Married-civ-spouse,Other, Husband,*,Male,0,0,28,North America,<=50K
18085,"[40, 50[", Private,207578,Undergraduate,13,Married-civ-spouse,Technical, Husband,*,Male,0,0,35,North America,>50K
18086,"[20, 30[", Private,93206,Undergraduate,10,Never-married,Nontechnical, Own-child,*,Male,0,0,40,North America,<=50K
18087,"[50, 60[", Local-gov,163998,Undergraduate,13,Married-civ-spouse,Other, Husband,*,Male,0,0,44,North America,>50K
18088,"[40, 50[", Private,111961,High School,9,Married-civ-spouse,Other, Wife,*,Female,0,0,30,North America,<=50K
18089,"[20, 30[", Private,219122,Undergraduate,10,Never-married,Other, Not-in-family,*,Male,0,0,40,North America,<=50K
18090,"[20, 30[", Private,111445,High School,9,Never-married,Nontechnical, Not-in-family,*,Male,0,0,38,North America,<=50K
18091,"[20, 30[", Federal-gov,309778,Undergraduate,10,Married-civ-spouse,Technical, Husband,*,Male,0,0,40,North America,>50K
18092,"[30, 40[", Local-gov,223020,Professional Education,11,Never-married,Other, Unmarried,*,Female,0,0,32,North America,<=50K
18093,"[40, 50[", Private,303155,Professional Education,12,Divorced,Other, Not-in-family,*,Male,0,0,40,North America,<=50K
18094,"[20, 30[", ?,41035,Undergraduate,10,Never-married,Other, Own-child,*,Male,0,0,20,North America,<=50K
18096,"[20, 30[", Local-gov,244408,Undergraduate,10,Never-married,Other, Not-in-family,*,Female,0,0,40,Asia,<=50K
18097,"[70, 80[", Self-emp-not-inc,473748,High School,9,Married-civ-spouse,Nontechnical, Husband,*,Male,0,0,30,North America,<=50K
18098,"[40, 50[", Federal-gov,71823,Undergraduate,10,Married-civ-spouse,Other, Husband,*,Male,0,0,20,North America,<=50K
18099,"[30, 40[", Local-gov,83066,High School,9,Married-civ-spouse,Other, Husband,*,Male,0,0,40,North America,<=50K
18100,"[30, 40[", Private,150154,High School,9,Married-civ-spouse,Technical, Husband,*,Male,0,0,40,North America,<=50K
18101,"[40, 50[", Private,190786,High School,9,Married-civ-spouse,Other, Husband,*,Male,0,0,40,North America,>50K
18103,"[20, 30[", Self-emp-not-inc,159909,Professional Education,11,Married-civ-spouse,Other, Husband,*,Male,0,0,40,North America,<=50K
18104,"[40, 50[", Private,190885,High School,9,Divorced,Other, Not-in-family,*,Female,0,0,40,North America,<=50K
18105,"[20, 30[", Private,243786,Undergraduate,13,Never-married,Other, Not-in-family,*,Female,0,0,37,North America,<=50K
18106,"[30, 40[", State-gov,124020,Professional Education,12,Married-civ-spouse,Technical, Husband,*,Male,0,0,40,North America,>50K
18107,"[30, 40[", Private,159016,High School,9,Married-civ-spouse,Technical, Husband,*,Male,0,0,38,North America,<=50K
18108,"[30, 40[", Private,183800,Undergraduate,13,Married-civ-spouse,Nontechnical, Husband,*,Male,0,0,40,North America,>50K
18109,"[50, 60[", Self-emp-not-inc,193434,High School,9,Married-civ-spouse,Technical, Husband,*,Male,0,0,20,North America,<=50K
18110,"[20, 30[", Private,245029,Undergraduate,13,Never-married,Other, Not-in-family,*,Female,0,0,40,North America,<=50K
18111,"[50, 60[", Private,98746,Undergraduate,10,Married-civ-spouse,Technical, Husband,*,Male,0,0,50,North America,>50K
18112,"[40, 50[", Federal-gov,140664,Undergraduate,10,Married-civ-spouse,Nontechnical, Husband,*,Male,0,0,48,North America,>50K
18113,"[40, 50[", Private,344920,Undergraduate,13,Never-married,Other, Not-in-family,*,Female,0,1617,20,North America,<=50K
18114,"[40, 50[", Private,169980,High School,7,Married-civ-spouse,Other, Husband,*,Male,0,0,60,North America,<=50K
18115,"[20, 30[", State-gov,155397,Undergraduate,13,Never-married,Nontechnical, Not-in-family,*,Male,0,0,55,North America,<=50K
18116,"[40, 50[", Private,245317,High School,6,Married-civ-spouse,Other, Husband,*,Male,0,0,50,North America,<=50K
18117,"[40, 50[", Private,74182,High School,9,Divorced,Technical, Not-in-family,*,Male,0,0,40,North America,<=50K
18118,"[30, 40[", Private,280570,Undergraduate,13,Married-civ-spouse,Nontechnical, Husband,*,Male,0,0,45,North America,<=50K
18119,"[60, 70[", Self-emp-not-inc,30664,Professional Education,11,Married-civ-spouse,Other, Husband,*,Male,0,0,30,North America,<=50K
18120,"[20, 30[", Private,109952,Undergraduate,10,Never-married,Nontechnical, Own-child,*,Male,0,0,25,North America,<=50K
18121,"[40, 50[", Local-gov,192793,Undergraduate,10,Married-civ-spouse,Other, Husband,*,Male,0,0,40,North America,>50K
18122,"[30, 40[", Private,243442,High School,9,Married-civ-spouse,Other, Husband,*,Male,0,0,50,North America,<=50K
18123,"[30, 40[", Federal-gov,106297,Graduate,14,Married-civ-spouse,Nontechnical, Husband,*,Male,0,0,40,North America,>50K
18124,"[30, 40[", Private,328060,High School,5,Separated,Other, Unmarried,*,Female,0,0,40,North America,<=50K
18125,"[30, 40[", Self-emp-not-inc,48702,Professional Education,11,Married-civ-spouse,Other, Husband,*,Male,0,0,65,North America,<=50K
18126,"[50, 60[", Self-emp-not-inc,111283,High School,9,Divorced,Nontechnical, Not-in-family,*,Female,99999,0,35,North America,>50K
18127,"[30, 40[", Private,484024,High School,9,Divorced,Technical, Unmarried,*,Male,0,0,40,North America,<=50K
18128,"[40, 50[", Private,208470,High School,9,Never-married,Technical, Not-in-family,*,Male,0,0,40,North America,<=50K
18129,"[40, 50[", Private,172032,Professional Education,11,Married-civ-spouse,Other, Husband,*,Male,7298,0,51,North America,>50K
18131,"[40, 50[", Private,98012,Professional Education,11,Divorced,Other, Not-in-family,*,Female,0,0,40,North America,<=50K
18132,"[30, 40[", Self-emp-not-inc,108468,Professional Education,15,Married-civ-spouse,Technical, Husband,*,Male,0,0,60,North America,>50K
18133,"[30, 40[", Private,207301,High School,9,Never-married,Nontechnical, Not-in-family,*,Female,0,1980,40,North America,<=50K
18134,"[20, 30[", Private,168403,High School,9,Married-civ-spouse,Nontechnical, Husband,*,Male,0,0,40,North America,<=50K
18135,"[20, 30[", Private,66935,Undergraduate,13,Never-married,Other, Other-relative,*,Male,0,0,40,North America,<=50K
18136,"[30, 40[", Self-emp-not-inc,42044,Professional Education,12,Married-civ-spouse,Technical, Husband,*,Male,0,0,40,North America,<=50K
18137,"[20, 30[", Private,184806,Professional Education,15,Never-married,Technical, Other-relative,*,Male,0,0,50,North America,<=50K
18139,"[40, 50[", Self-emp-not-inc,445382,Undergraduate,10,Divorced,Other, Unmarried,*,Male,0,0,40,North America,<=50K
18140,"[30, 40[", Private,278576,High School,9,Married-civ-spouse,Technical, Husband,*,Male,0,0,60,North America,>50K
18142,"[30, 40[", Private,659504,Undergraduate,13,Married-civ-spouse,Nontechnical, Husband,*,Male,0,0,45,North America,>50K
18143,"[40, 50[", Private,136986,Undergraduate,10,Married-civ-spouse,Technical, Husband,*,Male,0,0,60,North America,>50K
18144,"[20, 30[", Private,278107,High School,9,Married-civ-spouse,Technical, Husband,*,Male,0,1573,30,North America,<=50K
18145,"[20, 30[", Private,96219,Undergraduate,13,Never-married,Other, Not-in-family,*,Female,0,0,45,North America,<=50K
18146,"[40, 50[", Self-emp-not-inc,131091,Undergraduate,13,Married-civ-spouse,Nontechnical, Husband,*,Male,0,1902,40,North America,>50K
18147,"[50, 60[", Private,205410,High School,9,Married-civ-spouse,Technical, Husband,*,Male,0,0,40,North America,<=50K
18148,"[30, 40[", Private,416745,Professional Education,12,Divorced,Nontechnical, Not-in-family,*,Male,0,0,48,North America,<=50K
18149,"[30, 40[", Private,180667,High School,9,Married-civ-spouse,Technical, Husband,*,Male,0,1887,60,North America,>50K
18150,"[20, 30[", Private,72119,Undergraduate,10,Never-married,Other, Not-in-family,*,Male,0,0,45,North America,<=50K
18151,"[40, 50[", State-gov,108945,High School,9,Never-married,Other, Not-in-family,*,Female,14344,0,40,North America,>50K
18152,"[40, 50[", Federal-gov,195949,High School,9,Married-civ-spouse,Technical, Husband,*,Male,0,0,40,North America,<=50K
18153,"[30, 40[", Private,101345,Undergraduate,13,Married-civ-spouse,Nontechnical, Wife,*,Female,0,0,40,North America,>50K
18155,"[60, 70[", Private,213095,Undergraduate,13,Married-civ-spouse,Nontechnical, Husband,*,Male,0,0,50,North America,>50K
18156,"[20, 30[", Federal-gov,59932,Undergraduate,13,Never-married,Technical, Not-in-family,*,Female,0,0,40,North America,<=50K
18157,"[60, 70[", Private,172815,Undergraduate,10,Married-civ-spouse,Other, Husband,*,Male,0,0,40,North America,<=50K
18158,"[20, 30[", Private,40915,Undergraduate,13,Never-married,Other, Not-in-family,*,Female,0,0,25,North America,<=50K
18159,"[40, 50[", Private,139012,Graduate,16,Married-civ-spouse,Technical, Husband,*,Male,0,0,40,Asia,>50K
18160,"[40, 50[", Private,121781,Undergraduate,10,Divorced,Other, Not-in-family,*,Female,0,0,37,North America,<=50K
18162,"[40, 50[", Self-emp-not-inc,147110,High School,9,Married-civ-spouse,Technical, Husband,*,Male,0,0,25,North America,<=50K
18163,"[20, 30[", Local-gov,237811,Professional Education,12,Never-married,Other, Own-child,*,Female,0,0,35,North America,<=50K
18164,"[30, 40[", ?,128640,Undergraduate,10,Married-civ-spouse,Other, Wife,*,Female,0,0,25,North America,<=50K
18165,"[10, 20[", Private,111476,High School,7,Never-married,Nontechnical, Own-child,*,Male,0,0,40,North America,<=50K
18166,"[30, 40[", Local-gov,289716,High School,6,Married-civ-spouse,Other, Husband,*,Male,0,0,40,North America,<=50K
18167,"[40, 50[", Local-gov,141944,Undergraduate,13,Married-civ-spouse,Technical, Husband,*,Male,0,0,38,North America,>50K
18168,"[40, 50[", Private,323773,High School,7,Married-civ-spouse,Other, Other-relative,*,Female,0,0,40,North America,<=50K
18169,"[40, 50[", State-gov,176663,High School,9,Married-civ-spouse,Other, Wife,*,Female,0,0,40,North America,<=50K
18170,"[50, 60[", Private,155233,Undergraduate,10,Divorced,Other, Unmarried,*,Female,0,0,40,North America,<=50K
18171,"[40, 50[", Private,143327,Undergraduate,10,Separated,Nontechnical, Not-in-family,*,Male,0,0,40,North America,<=50K
18172,"[50, 60[", Federal-gov,177212,Undergraduate,10,Never-married,Technical, Unmarried,*,Female,0,0,40,North America,<=50K
18173,"[40, 50[", Self-emp-not-inc,123088,High School,9,Married-civ-spouse,Technical, Husband,*,Male,0,0,50,North America,<=50K
18174,"[30, 40[", Local-gov,47085,High School,6,Married-civ-spouse,Technical, Husband,*,Male,0,0,40,North America,<=50K
18175,"[50, 60[", Private,102106,High School,9,Married-civ-spouse,Nontechnical, Husband,*,Male,0,0,40,North America,<=50K
18176,"[20, 30[", Private,235894,High School,9,Married-civ-spouse,Technical, Husband,*,Male,0,0,40,North America,<=50K
18177,"[70, 80[", Self-emp-not-inc,172046,High School,4,Married-civ-spouse,Other, Husband,*,Male,0,0,50,North America,<=50K
18178,"[20, 30[", Self-emp-not-inc,197207,High School,9,Divorced,Nontechnical, Not-in-family,*,Female,0,0,30,North America,<=50K
18179,"[20, 30[", Private,152452,Undergraduate,13,Married-civ-spouse,Technical, Husband,*,Male,0,0,50,North America,<=50K
18180,"[30, 40[", Private,172928,High School,9,Married-civ-spouse,Nontechnical, Husband,*,Male,0,0,65,North America,<=50K
18181,"[30, 40[", ?,214896,High School,5,Divorced,Other, Unmarried,*,Female,0,0,40,North America,<=50K
18182,"[40, 50[", Private,116338,High School,9,Separated,Technical, Unmarried,*,Female,0,653,60,North America,<=50K
18183,"[40, 50[", Private,276664,Graduate,16,Married-civ-spouse,Technical, Husband,*,Male,0,1902,50,North America,>50K
18184,"[20, 30[", Private,59924,High School,9,Never-married,Other, Own-child,*,Female,0,0,40,North America,<=50K
18185,"[30, 40[", Private,194141,Undergraduate,10,Divorced,Technical, Not-in-family,*,Male,0,1617,40,North America,<=50K
18186,"[50, 60[", Private,95128,High School,9,Divorced,Technical, Not-in-family,*,Male,0,0,40,North America,<=50K
18188,"[30, 40[", Self-emp-inc,45796,High School,9,Married-civ-spouse,Nontechnical, Husband,*,Male,0,0,45,North America,<=50K
18190,"[50, 60[", State-gov,104280,Undergraduate,10,Married-civ-spouse,Technical, Husband,*,Male,0,0,50,North America,<=50K
18191,"[50, 60[", Private,172291,High School,9,Divorced,Other, Other-relative,*,Female,0,0,40,North America,<=50K
18192,"[30, 40[", Private,180988,Undergraduate,10,Divorced,Other, Unmarried,*,Female,0,0,39,North America,<=50K
18193,"[50, 60[", Private,110748,Graduate,14,Married-civ-spouse,Technical, Husband,*,Male,0,0,50,North America,>50K
18194,"[50, 60[", ?,556688,High School,5,Divorced,Other, Not-in-family,*,Female,0,0,12,North America,<=50K
18195,"[30, 40[", Private,22494,Undergraduate,10,Divorced,Nontechnical, Unmarried,*,Female,0,0,40,North America,<=50K
18196,"[30, 40[", Private,267859,Undergraduate,10,Married-civ-spouse,Nontechnical, Husband,*,Male,0,0,40,North America,>50K
18197,"[60, 70[", Local-gov,256821,High School,9,Divorced,Other, Not-in-family,*,Male,0,0,20,North America,<=50K
18198,"[30, 40[", Self-emp-not-inc,117346,Undergraduate,10,Married-civ-spouse,Nontechnical, Husband,*,Male,0,0,48,North America,<=50K
18199,"[30, 40[", Private,62374,High School,9,Married-civ-spouse,Technical, Husband,*,Male,0,0,50,North America,<=50K
18200,"[20, 30[", Private,314659,Undergraduate,10,Never-married,Technical, Not-in-family,*,Male,0,0,42,North America,<=50K
18201,"[70, 80[", ?,114761,High School,4,Widowed,Other, Unmarried,*,Female,0,0,20,North America,<=50K
18202,"[30, 40[", Private,93225,High School,9,Divorced,Technical, Not-in-family,*,Male,0,0,40,North America,<=50K
18203,"[50, 60[", Self-emp-not-inc,165315,High School,9,Married-civ-spouse,Nontechnical, Husband,*,Male,0,0,35,North America,>50K
18204,"[50, 60[", Private,124771,High School,9,Married-civ-spouse,Technical, Husband,*,Male,0,0,40,North America,<=50K
18205,"[30, 40[", Private,27408,Undergraduate,10,Never-married,Nontechnical, Not-in-family,*,Male,0,0,40,North America,<=50K
18206,"[30, 40[", Private,198841,Professional Education,11,Married-civ-spouse,Technical, Husband,*,Male,0,0,40,North America,>50K
18208,"[20, 30[", Private,64289,High School,9,Never-married,Other, Own-child,*,Male,0,0,40,North America,<=50K
18209,"[50, 60[", Private,183390,High School,9,Married-civ-spouse,Other, Husband,*,Male,0,0,40,North America,<=50K
18210,"[30, 40[", Private,240771,Undergraduate,10,Married-civ-spouse,Technical, Husband,*,Male,4386,0,50,North America,>50K
18211,"[30, 40[", Private,234919,Undergraduate,10,Never-married,Nontechnical, Own-child,*,Female,0,0,40,North America,<=50K
18212,"[20, 30[", Private,88231,Undergraduate,10,Never-married,Other, Not-in-family,*,Female,0,0,40,North America,<=50K
18213,"[20, 30[", Private,154422,Undergraduate,10,Never-married,Other, Own-child,*,Female,0,0,40,North America,<=50K
18214,"[30, 40[", Private,119098,Undergraduate,13,Married-civ-spouse,Technical, Husband,*,Male,0,0,50,North America,>50K
18215,"[50, 60[", State-gov,151580,Professional Education,11,Married-civ-spouse,Technical, Husband,*,Male,4386,0,40,North America,>50K
18216,"[50, 60[", Private,118793,High School,9,Married-civ-spouse,Other, Husband,*,Male,0,0,45,North America,<=50K
18217,"[30, 40[", ?,30499,Undergraduate,13,Divorced,Other, Unmarried,*,Female,0,0,32,North America,<=50K
18218,"[30, 40[", ?,166545,Undergraduate,10,Married-civ-spouse,Other, Wife,*,Female,7688,0,6,North America,>50K
18219,"[30, 40[", Private,271710,Undergraduate,13,Married-civ-spouse,Nontechnical, Husband,*,Male,7298,0,50,North America,>50K
18221,"[40, 50[", Private,172695,Professional Education,11,Divorced,Other, Own-child,*,Female,0,0,40,North America,<=50K
18222,"[40, 50[", Self-emp-not-inc,29962,Undergraduate,13,Married-civ-spouse,Nontechnical, Husband,*,Male,0,0,48,North America,<=50K
18223,"[60, 70[", Private,200332,High School,9,Married-civ-spouse,Technical, Husband,*,Male,0,0,40,North America,<=50K
18224,"[30, 40[", Private,291702,High School,9,Married-civ-spouse,Technical, Husband,*,Male,0,0,40,North America,<=50K
18225,"[20, 30[", Private,67234,High School,9,Never-married,Nontechnical, Not-in-family,*,Male,0,0,60,North America,<=50K
18226,"[40, 50[", Private,168038,Undergraduate,13,Married-civ-spouse,Nontechnical, Husband,*,Male,0,0,32,North America,<=50K
18227,"[30, 40[", Private,137814,Undergraduate,10,Separated,Nontechnical, Not-in-family,*,Male,0,0,45,North America,<=50K
18228,"[60, 70[", Private,126233,High School,9,Married-civ-spouse,Nontechnical, Husband,*,Male,0,0,20,North America,<=50K
18229,"[40, 50[", Self-emp-not-inc,79036,Undergraduate,13,Married-civ-spouse,Other, Husband,*,Male,0,0,65,North America,<=50K
18230,"[60, 70[", Self-emp-not-inc,327474,High School,9,Married-civ-spouse,Nontechnical, Husband,*,Male,0,0,70,North America,<=50K
18231,"[40, 50[", Private,145160,High School,9,Never-married,Technical, Other-relative,*,Male,0,0,58,North America,<=50K
18232,"[60, 70[", ?,37092,High School,4,Married-civ-spouse,Other, Husband,*,Male,0,0,4,North America,<=50K
18234,"[50, 60[", Self-emp-not-inc,33304,Professional Education,15,Married-civ-spouse,Technical, Husband,*,Male,0,0,38,North America,>50K
18235,"[30, 40[", Private,359001,Professional Education,11,Married-civ-spouse,Other, Husband,*,Male,15024,0,50,North America,>50K
18236,"[30, 40[", ?,143162,High School,6,Married-civ-spouse,Other, Wife,*,Female,0,0,40,North America,<=50K
18237,"[20, 30[", Private,133515,High School,9,Never-married,Other, Not-in-family,*,Female,0,0,35,North America,<=50K
18239,"[50, 60[", Private,750972,High School,4,Married-civ-spouse,Technical, Husband,*,Male,0,0,41,North America,<=50K
18241,"[70, 80[", Self-emp-inc,228075,Undergraduate,10,Married-civ-spouse,Nontechnical, Husband,*,Male,20051,0,25,North America,>50K
18242,"[20, 30[", Private,91189,High School,9,Never-married,Other, Own-child,*,Male,0,0,40,North America,<=50K
18243,"[30, 40[", Private,290609,High School,9,Divorced,Other, Unmarried,*,Female,0,0,40,North America,<=50K
18245,"[40, 50[", Self-emp-not-inc,216921,High School,6,Married-civ-spouse,Other, Husband,*,Male,0,0,70,North America,<=50K
18246,"[20, 30[", Private,120046,Professional Education,12,Never-married,Other, Own-child,*,Male,0,0,40,North America,<=50K
18248,"[40, 50[", Private,81132,Undergraduate,10,Married-civ-spouse,Technical, Husband,*,Male,0,0,55,North America,>50K
18249,"[20, 30[", Private,160279,High School,9,Divorced,Technical, Unmarried,*,Male,0,0,40,North America,<=50K
18250,"[30, 40[", Private,229732,Undergraduate,13,Never-married,Nontechnical, Not-in-family,*,Male,0,0,45,North America,>50K
18251,"[60, 70[", Local-gov,144723,Graduate,14,Married-civ-spouse,Nontechnical, Husband,*,Male,7298,0,60,North America,>50K
18253,"[20, 30[", Private,160398,Undergraduate,10,Never-married,Nontechnical, Other-relative,*,Male,0,0,38,North America,<=50K
18254,"[20, 30[", Private,129460,High School,5,Never-married,Technical, Not-in-family,*,Male,0,0,40,North America,<=50K
18255,"[30, 40[", Private,252752,Undergraduate,13,Married-civ-spouse,Technical, Wife,*,Female,0,0,40,North America,<=50K
18256,"[20, 30[", Private,58222,Undergraduate,10,Never-married,Nontechnical, Own-child,*,Male,0,0,20,North America,<=50K
18257,"[20, 30[", ?,424884,High School,6,Separated,Other, Not-in-family,*,Male,0,0,30,North America,<=50K
18258,"[40, 50[", Private,114459,High School,9,Married-civ-spouse,Technical, Husband,*,Male,0,0,50,North America,>50K
18259,"[10, 20[", ?,46400,Undergraduate,10,Never-married,Other, Not-in-family,*,Female,0,0,24,North America,<=50K
18260,"[40, 50[", Private,223934,Professional Education,12,Divorced,Nontechnical, Unmarried,*,Female,0,0,40,North America,<=50K
18261,"[30, 40[", Private,84119,High School,9,Never-married,Technical, Own-child,*,Male,0,0,40,North America,<=50K
18262,"[30, 40[", Private,159123,Undergraduate,13,Married-civ-spouse,Technical, Husband,*,Male,0,0,60,North America,>50K
18263,"[20, 30[", Private,195532,Undergraduate,13,Never-married,Nontechnical, Own-child,*,Female,0,0,40,North America,<=50K
18264,"[50, 60[", Private,191299,High School,9,Married-civ-spouse,Technical, Husband,*,Male,0,0,50,North America,<=50K
18265,"[40, 50[", Private,198316,High School,6,Married-civ-spouse,Nontechnical, Husband,*,Male,0,0,40,North America,>50K
18266,"[50, 60[", Private,162301,High School,9,Divorced,Other, Not-in-family,*,Female,0,0,45,North America,<=50K
18267,"[30, 40[", Private,143152,Undergraduate,10,Married-civ-spouse,Other, Wife,*,Female,3908,0,27,North America,<=50K
18268,"[20, 30[", Private,92609,Undergraduate,13,Never-married,Nontechnical, Own-child,*,Male,0,0,45,North America,<=50K
18269,"[20, 30[", Private,247819,Undergraduate,10,Never-married,Other, Not-in-family,*,Female,0,0,15,North America,<=50K
18270,"[20, 30[", Local-gov,229223,Undergraduate,10,Never-married,Other, Own-child,*,Female,0,0,40,North America,>50K
18271,"[40, 50[", Self-emp-inc,142719,High School,9,Married-civ-spouse,Nontechnical, Husband,*,Male,0,0,40,North America,<=50K
18273,"[20, 30[", State-gov,35633,Undergraduate,10,Never-married,Other, Not-in-family,*,Male,0,0,50,North America,<=50K
18274,"[40, 50[", Private,164749,Undergraduate,10,Married-civ-spouse,Nontechnical, Husband,*,Male,0,0,40,North America,>50K
18275,"[30, 40[", Private,607848,Undergraduate,13,Married-civ-spouse,Nontechnical, Husband,*,Male,0,0,40,North America,>50K
18276,"[50, 60[", Private,173630,High School,9,Divorced,Nontechnical, Not-in-family,*,Male,0,0,60,North America,<=50K
18278,"[50, 60[", Private,49737,Undergraduate,10,Married-civ-spouse,Nontechnical, Husband,*,Male,0,0,50,North America,<=50K
18280,"[60, 70[", Private,129426,Undergraduate,10,Widowed,Other, Not-in-family,*,Female,0,0,40,North America,<=50K
18281,"[30, 40[", Private,454915,High School,6,Divorced,Technical, Not-in-family,*,Male,0,0,40,North America,<=50K
18282,"[30, 40[", State-gov,55568,High School,9,Married-civ-spouse,Other, Wife,*,Female,0,0,40,North America,<=50K
18283,"[30, 40[", Private,29874,Professional Education,11,Married-civ-spouse,Technical, Husband,*,Male,0,0,40,North America,<=50K
18284,"[40, 50[", Private,393715,Undergraduate,10,Married-civ-spouse,Nontechnical, Husband,*,Male,15024,0,50,North America,>50K
18285,"[50, 60[", Private,143953,High School,9,Married-civ-spouse,Nontechnical, Husband,*,Male,0,0,65,North America,>50K
18286,"[50, 60[", Private,90363,Professional Education,12,Married-civ-spouse,Nontechnical, Husband,*,Male,0,0,40,North America,>50K
18287,"[40, 50[", Private,53727,Graduate,14,Never-married,Nontechnical, Not-in-family,*,Male,0,0,50,North America,>50K
18288,"[30, 40[", Private,130021,High School,4,Married-civ-spouse,Technical, Husband,*,Male,2829,0,40,North America,<=50K
18289,"[50, 60[", Private,173630,High School,9,Married-civ-spouse,Other, Husband,*,Male,0,0,35,North America,<=50K
18290,"[20, 30[", Private,410351,Undergraduate,10,Never-married,Technical, Not-in-family,*,Male,0,0,30,North America,<=50K
18291,"[30, 40[", Private,399386,Professional Education,11,Married-civ-spouse,Technical, Husband,*,Male,0,0,53,North America,<=50K
18292,"[50, 60[", Private,157932,High School,9,Divorced,Nontechnical, Not-in-family,*,Male,0,0,40,North America,<=50K
18293,"[20, 30[", Private,133061,High School,9,Never-married,Nontechnical, Own-child,*,Male,0,0,40,North America,<=50K
18294,"[10, 20[", ?,46400,Undergraduate,10,Never-married,Other, Not-in-family,*,Female,0,0,32,North America,<=50K
18295,"[20, 30[", Private,107895,Undergraduate,10,Never-married,Other, Not-in-family,*,Male,0,0,35,North America,<=50K
18296,"[30, 40[", Private,63021,Undergraduate,10,Divorced,Other, Not-in-family,*,Female,0,0,20,North America,<=50K
18297,"[40, 50[", Private,186144,High School,9,Married-civ-spouse,Technical, Husband,*,Male,0,0,40,North America,>50K
18298,"[30, 40[", Local-gov,27959,High School,9,Never-married,Other, Unmarried,*,Male,0,0,40,North America,<=50K
18299,"[20, 30[", Private,179569,Undergraduate,10,Never-married,Other, Not-in-family,*,Female,0,0,40,North America,<=50K
18300,"[40, 50[", State-gov,101299,Graduate,16,Married-civ-spouse,Technical, Husband,*,Male,0,0,40,North America,>50K
18301,"[30, 40[", State-gov,113129,Undergraduate,10,Never-married,Other, Own-child,*,Female,0,0,65,North America,<=50K
18302,"[30, 40[", Private,316470,Primary School,3,Married-civ-spouse,Technical, Husband,*,Male,0,0,60,North America,<=50K
18303,"[60, 70[", Self-emp-not-inc,89884,High School,9,Married-civ-spouse,Nontechnical, Husband,*,Male,0,0,50,North America,<=50K
18304,"[40, 50[", Private,32121,High School,9,Married-civ-spouse,Technical, Husband,*,Male,0,0,40,North America,>50K
18305,"[20, 30[", Private,315303,Undergraduate,10,Never-married,Other, Own-child,*,Male,0,0,20,North America,<=50K
18306,"[20, 30[", Private,254500,Undergraduate,10,Divorced,Other, Unmarried,*,Female,0,0,36,North America,<=50K
18308,"[40, 50[", Private,159549,High School,9,Married-civ-spouse,Technical, Husband,*,Male,0,0,40,North America,<=50K
18309,"[20, 30[", Private,160786,High School,7,Married-civ-spouse,Technical, Husband,*,Male,0,1902,40,North America,>50K
18310,"[10, 20[", Self-emp-not-inc,258474,High School,6,Never-married,Other, Own-child,*,Male,0,0,40,North America,<=50K
18311,"[40, 50[", Self-emp-not-inc,370119,Undergraduate,10,Married-civ-spouse,Nontechnical, Husband,*,Male,0,0,40,North America,>50K
18312,"[30, 40[", Private,50837,High School,4,Divorced,Nontechnical, Not-in-family,*,Male,0,0,50,North America,<=50K
18313,"[50, 60[", Private,137506,High School,9,Married-civ-spouse,Technical, Husband,*,Male,0,0,40,North America,<=50K
18314,"[50, 60[", Private,548256,High School,8,Married-civ-spouse,Other, Husband,*,Male,7688,0,40,North America,>50K
18315,"[40, 50[", Local-gov,175642,Undergraduate,13,Never-married,Other, Not-in-family,*,Female,99999,0,40,North America,>50K
18316,"[20, 30[", Private,183594,High School,9,Never-married,Other, Other-relative,*,Male,0,0,40,North America,<=50K
18317,"[20, 30[", Private,341353,Undergraduate,13,Never-married,Other, Other-relative,*,Male,0,0,15,North America,<=50K
18318,"[40, 50[", Self-emp-inc,247981,High School,9,Divorced,Technical, Unmarried,*,Male,5455,0,50,North America,<=50K
18319,"[30, 40[", Private,193565,High School,7,Married-civ-spouse,Technical, Husband,*,Male,0,0,40,North America,<=50K
18320,"[30, 40[", Private,39606,Undergraduate,13,Married-civ-spouse,Nontechnical, Wife,*,Female,0,0,40,North America,<=50K
18321,"[50, 60[", Self-emp-not-inc,127149,High School,7,Married-civ-spouse,Other, Husband,*,Male,0,0,45,North America,>50K
18322,"[30, 40[", ?,233371,High School,9,Married-civ-spouse,Other, Wife,*,Female,0,0,45,North America,<=50K
18323,"[40, 50[", Self-emp-not-inc,182752,Graduate,16,Married-civ-spouse,Technical, Wife,*,Female,0,0,35,North America,>50K
18324,"[20, 30[", Private,269060,Undergraduate,13,Never-married,Other, Own-child,*,Female,0,0,40,North America,<=50K
18325,"[20, 30[", Private,179949,High School,9,Divorced,Other, Unmarried,*,Female,0,0,20,North America,<=50K
18326,"[20, 30[", Federal-gov,32950,Undergraduate,10,Married-civ-spouse,Nontechnical, Husband,*,Male,0,1902,37,North America,<=50K
18327,"[20, 30[", Private,160445,High School,9,Divorced,Technical, Not-in-family,*,Male,0,0,40,North America,<=50K
18328,"[40, 50[", Private,223999,High School,5,Married-civ-spouse,Other, Husband,*,Male,0,1848,40,North America,>50K
18329,"[30, 40[", Private,81487,Undergraduate,10,Divorced,Nontechnical, Unmarried,*,Female,0,625,40,North America,<=50K
18330,"[20, 30[", Private,314539,High School,9,Married-civ-spouse,Nontechnical, Husband,*,Male,0,0,40,North America,<=50K
18331,"[60, 70[", ?,337721,High School,9,Married-civ-spouse,Other, Husband,*,Male,0,0,8,North America,<=50K
18332,"[40, 50[", Local-gov,100793,Undergraduate,13,Married-civ-spouse,Technical, Husband,*,Male,0,0,60,North America,>50K
18333,"[30, 40[", Federal-gov,255407,High School,9,Married-civ-spouse,Technical, Husband,*,Male,0,0,40,North America,<=50K
18334,"[40, 50[", Federal-gov,92775,Professional Education,11,Divorced,Technical, Not-in-family,*,Male,0,0,40,North America,<=50K
18335,"[30, 40[", Self-emp-not-inc,33308,Undergraduate,10,Never-married,Other, Not-in-family,*,Male,0,0,70,North America,<=50K
18336,"[60, 70[", State-gov,493363,Undergraduate,13,Married-civ-spouse,Nontechnical, Husband,*,Male,0,0,20,North America,<=50K
18337,"[30, 40[", ?,159589,Graduate,14,Married-civ-spouse,Other, Husband,*,Male,0,0,46,North America,>50K
18338,"[30, 40[", Private,107218,Undergraduate,13,Never-married,Other, Not-in-family,*,Male,0,0,40,North America,<=50K
18339,"[20, 30[", Private,123586,Undergraduate,10,Never-married,Other, Unmarried,*,Male,0,0,40,North America,<=50K
18341,"[30, 40[", Private,76317,Professional Education,11,Married-civ-spouse,Nontechnical, Husband,*,Male,0,0,55,North America,>50K
18342,"[60, 70[", ?,176753,High School,9,Married-civ-spouse,Other, Husband,*,Male,0,0,40,North America,<=50K
18343,"[20, 30[", Private,122346,High School,9,Never-married,Technical, Own-child,*,Male,0,0,40,North America,<=50K
18344,"[20, 30[", Private,463194,High School,9,Married-civ-spouse,Technical, Husband,*,Male,0,0,40,North America,<=50K
18345,"[20, 30[", Private,162228,High School,9,Never-married,Other, Own-child,*,Male,0,0,40,North America,<=50K
18346,"[40, 50[", State-gov,115005,High School,9,Divorced,Technical, Not-in-family,*,Female,0,0,40,North America,<=50K
18347,"[20, 30[", State-gov,183285,Undergraduate,10,Never-married,Other, Not-in-family,*,Male,0,0,36,North America,<=50K
18348,"[30, 40[", Private,169605,High School,6,Separated,Other, Unmarried,*,Female,0,0,36,North America,<=50K
18349,"[20, 30[", Private,450695,Undergraduate,10,Never-married,Nontechnical, Own-child,*,Male,0,0,35,North America,<=50K
18350,"[40, 50[", Local-gov,124692,Graduate,14,Married-civ-spouse,Technical, Husband,*,Male,0,0,35,North America,>50K
18351,"[10, 20[", Private,63918,Undergraduate,10,Never-married,Other, Not-in-family,*,Male,0,0,40,North America,<=50K
18352,"[40, 50[", Private,102569,Undergraduate,13,Married-civ-spouse,Other, Husband,*,Male,0,0,40,North America,>50K
18353,"[40, 50[", Private,289309,Undergraduate,10,Divorced,Other, Not-in-family,*,Female,0,0,48,North America,<=50K
18355,"[40, 50[", Private,206833,High School,9,Separated,Nontechnical, Unmarried,*,Female,0,0,45,North America,<=50K
18356,"[20, 30[", ?,77873,High School,5,Never-married,Other, Not-in-family,*,Male,0,0,30,North America,<=50K
18357,"[50, 60[", Private,145333,Graduate,16,Divorced,Technical, Other-relative,*,Male,10520,0,50,North America,>50K
18359,"[20, 30[", Private,206351,Undergraduate,13,Never-married,Technical, Not-in-family,*,Male,0,0,40,North America,<=50K
18360,"[40, 50[", Private,198200,Undergraduate,13,Never-married,Nontechnical, Not-in-family,*,Male,0,0,50,North America,<=50K
18361,"[20, 30[", Private,140001,High School,9,Never-married,Nontechnical, Own-child,*,Male,0,0,35,North America,<=50K
18362,"[20, 30[", ?,287988,Undergraduate,10,Never-married,Other, Not-in-family,*,Male,0,0,15,North America,<=50K
18363,"[20, 30[", Private,143604,High School,9,Never-married,Other, Own-child,*,Female,0,0,40,North America,<=50K
18364,"[30, 40[", Self-emp-not-inc,146161,High School,9,Married-civ-spouse,Nontechnical, Husband,*,Male,0,1887,50,North America,>50K
18367,"[70, 80[", Self-emp-not-inc,139889,Undergraduate,10,Married-civ-spouse,Other, Husband,*,Male,2653,0,70,North America,<=50K
18368,"[20, 30[", Private,104917,Professional Education,11,Married-civ-spouse,Technical, Husband,*,Male,0,0,40,North America,<=50K
18369,"[30, 40[", Local-gov,161478,Undergraduate,13,Divorced,Other, Unmarried,*,Female,0,0,46,North America,<=50K
18370,"[30, 40[", Private,35644,High School,7,Married-civ-spouse,Nontechnical, Husband,*,Male,0,0,50,North America,<=50K
18372,"[10, 20[", Private,238867,High School,7,Never-married,Nontechnical, Own-child,*,Male,0,1602,40,North America,<=50K
18373,"[30, 40[", Private,265706,High School,9,Married-civ-spouse,Technical, Husband,*,Male,7298,0,40,North America,>50K
18374,"[30, 40[", State-gov,179668,Undergraduate,10,Married-civ-spouse,Other, Husband,*,Male,0,0,70,North America,<=50K
18375,"[20, 30[", Private,57951,Undergraduate,10,Never-married,Other, Own-child,*,Female,0,0,30,North America,<=50K
18376,"[30, 40[", Private,176711,High School,9,Married-civ-spouse,Other, Husband,*,Male,0,0,38,North America,<=50K
18377,"[30, 40[", Local-gov,368675,Undergraduate,10,Married-civ-spouse,Other, Husband,*,Male,0,0,40,North America,<=50K
18378,"[30, 40[", Private,216149,Professional Education,15,Divorced,Technical, Not-in-family,*,Male,0,0,70,North America,>50K
18379,"[20, 30[", Private,173851,High School,9,Married-civ-spouse,Technical, Husband,*,Male,0,0,40,North America,<=50K
18380,"[30, 40[", Private,90705,Undergraduate,10,Married-civ-spouse,Technical, Husband,*,Male,0,1485,40,North America,<=50K
18381,"[50, 60[", State-gov,216342,Undergraduate,13,Widowed,Nontechnical, Unmarried,*,Female,0,0,55,North America,<=50K
18382,"[30, 40[", Private,140752,High School,9,Never-married,Nontechnical, Not-in-family,*,Male,0,0,25,North America,<=50K
18383,"[30, 40[", Private,116508,High School,6,Married-civ-spouse,Technical, Husband,*,Male,0,0,40,North America,<=50K
18384,"[40, 50[", ?,224361,High School,5,Divorced,Other, Unmarried,*,Female,0,0,5,North America,<=50K
18385,"[40, 50[", Private,180303,Undergraduate,13,Married-civ-spouse,Nontechnical, Husband,*,Male,0,0,50,North America,>50K
18387,"[50, 60[", Local-gov,110327,Undergraduate,13,Married-civ-spouse,Nontechnical, Husband,*,Male,0,0,40,North America,>50K
18388,"[30, 40[", Private,185607,High School,9,Never-married,Other, Unmarried,*,Female,0,0,30,North America,<=50K
18389,"[10, 20[", Local-gov,244856,High School,7,Never-married,Technical, Own-child,*,Female,0,0,40,North America,<=50K
18390,"[30, 40[", Private,198068,High School,9,Married-civ-spouse,Technical, Husband,*,Male,0,0,40,North America,<=50K
18391,"[30, 40[", Private,97136,High School,9,Never-married,Technical, Unmarried,*,Female,0,0,40,North America,<=50K
18392,"[10, 20[", Self-emp-inc,164658,Undergraduate,10,Never-married,Other, Own-child,*,Male,0,0,60,North America,<=50K
18393,"[50, 60[", Private,235693,High School,7,Divorced,Other, Not-in-family,*,Male,0,0,40,North America,>50K
18394,"[40, 50[", Private,197038,Undergraduate,13,Divorced,Technical, Not-in-family,*,Male,0,0,50,North America,>50K
18395,"[40, 50[", Local-gov,97419,Undergraduate,13,Divorced,Technical, Not-in-family,*,Female,0,0,40,North America,<=50K
18396,"[40, 50[", Self-emp-not-inc,208872,High School,9,Married-civ-spouse,Other, Husband,*,Male,0,1672,98,North America,<=50K
18397,"[30, 40[", Private,205528,High School,9,Divorced,Other, Unmarried,*,Female,0,0,40,North America,<=50K
18398,"[20, 30[", Self-emp-inc,146042,High School,9,Married-civ-spouse,Technical, Husband,*,Male,0,0,50,North America,<=50K
18399,"[30, 40[", Self-emp-inc,222641,Undergraduate,13,Married-civ-spouse,Nontechnical, Husband,*,Male,0,0,40,North America,<=50K
18400,"[20, 30[", Self-emp-inc,376936,High School,9,Never-married,Nontechnical, Not-in-family,*,Male,0,0,50,North America,<=50K
18401,"[40, 50[", Local-gov,138077,Graduate,14,Married-civ-spouse,Technical, Wife,*,Female,0,0,38,North America,>50K
18402,"[20, 30[", Private,155913,Undergraduate,13,Married-civ-spouse,Technical, Husband,*,Male,0,0,44,North America,<=50K
18403,"[40, 50[", Private,36006,Undergraduate,13,Married-civ-spouse,Technical, Husband,*,Male,0,0,45,North America,>50K
18404,"[10, 20[", Private,214678,High School,9,Never-married,Other, Own-child,*,Male,0,0,30,North America,<=50K
18405,"[40, 50[", Private,369538,High School,6,Married-civ-spouse,Other, Husband,*,Male,0,0,40,North America,>50K
18406,"[50, 60[", Private,166565,High School,9,Married-civ-spouse,Other, Husband,*,Male,0,0,40,North America,<=50K
18407,"[30, 40[", Private,257043,High School,9,Never-married,Other, Not-in-family,*,Female,0,0,42,North America,<=50K
18408,"[40, 50[", Self-emp-inc,181130,Professional Education,15,Married-civ-spouse,Technical, Husband,*,Male,99999,0,50,North America,>50K
18409,"[60, 70[", ?,254834,Undergraduate,13,Married-civ-spouse,Other, Husband,*,Male,10605,0,10,North America,>50K
18410,"[40, 50[", Self-emp-not-inc,38876,High School,9,Married-civ-spouse,Other, Husband,*,Male,0,0,50,North America,<=50K
18411,"[20, 30[", Private,187073,Undergraduate,13,Never-married,Technical, Not-in-family,*,Male,0,0,40,North America,<=50K
18415,"[20, 30[", Private,243368,Primary School,1,Never-married,Other, Not-in-family,*,Male,0,0,36,North America,<=50K
18416,"[20, 30[", Private,32921,Undergraduate,10,Never-married,Other, Own-child,*,Male,0,0,50,North America,<=50K
18417,"[20, 30[", Private,117167,Undergraduate,10,Never-married,Other, Not-in-family,*,Female,0,0,53,North America,<=50K
18418,"[30, 40[", Private,401930,High School,9,Married-civ-spouse,Other, Wife,*,Female,0,1887,42,North America,>50K
18419,"[30, 40[", Private,114691,Undergraduate,13,Never-married,Other, Other-relative,*,Male,0,0,40,North America,<=50K
18420,"[40, 50[", Private,99385,Undergraduate,13,Separated,Nontechnical, Unmarried,*,Female,0,0,40,North America,<=50K
18421,"[10, 20[", Local-gov,210308,Undergraduate,10,Never-married,Other, Own-child,*,Female,0,1721,30,North America,<=50K
18422,"[30, 40[", Private,252327,High School,5,Separated,Technical, Own-child,*,Male,0,0,35,North America,<=50K
18423,"[40, 50[", Private,90582,High School,9,Married-civ-spouse,Other, Husband,*,Male,0,0,40,North America,<=50K
18424,"[30, 40[", Private,190194,High School,9,Never-married,Other, Not-in-family,*,Female,0,0,40,North America,<=50K
18425,"[60, 70[", Private,264188,High School,9,Widowed,Nontechnical, Not-in-family,*,Female,0,0,24,North America,<=50K
18426,"[30, 40[", Private,243776,High School,9,Divorced,Technical, Unmarried,*,Male,0,0,40,North America,<=50K
18427,"[40, 50[", Private,67065,Professional Education,11,Married-civ-spouse,Nontechnical, Husband,*,Male,0,0,40,North America,<=50K
18428,"[20, 30[", Self-emp-not-inc,204209,Undergraduate,10,Never-married,Other, Own-child,*,Male,0,0,60,North America,<=50K
18429,"[20, 30[", Private,226668,High School,9,Never-married,Other, Not-in-family,*,Male,0,0,35,North America,<=50K
18431,"[30, 40[", Private,315143,High School,9,Married-civ-spouse,Nontechnical, Husband,*,Male,0,0,40,North America,>50K
18432,"[30, 40[", Private,118681,High School,9,Never-married,Technical, Not-in-family,*,Male,0,0,38,North America,<=50K
18433,"[30, 40[", Self-emp-not-inc,208109,High School,9,Married-civ-spouse,Other, Husband,*,Male,0,0,60,North America,>50K
18434,"[50, 60[", Private,116901,High School,9,Divorced,Other, Unmarried,*,Female,0,0,25,North America,<=50K
18435,"[30, 40[", Self-emp-not-inc,405644,High School,9,Married-civ-spouse,Technical, Husband,*,Male,0,0,35,North America,<=50K
18436,"[30, 40[", Federal-gov,293550,Undergraduate,10,Married-civ-spouse,Technical, Wife,*,Female,4064,0,40,North America,<=50K
18437,"[40, 50[", Local-gov,328581,Graduate,14,Married-civ-spouse,Technical, Husband,*,Male,0,0,55,North America,<=50K
18439,"[50, 60[", Private,158827,High School,9,Separated,Technical, Unmarried,*,Male,0,0,40,North America,<=50K
18440,"[60, 70[", Federal-gov,65475,High School,9,Married-civ-spouse,Technical, Husband,*,Male,0,0,40,North America,>50K
18441,"[20, 30[", Private,159709,High School,9,Divorced,Technical, Not-in-family,*,Male,0,0,40,North America,<=50K
18442,"[30, 40[", Private,140474,Undergraduate,10,Married-civ-spouse,Technical, Husband,*,Male,0,0,40,North America,<=50K
18443,"[40, 50[", Private,144778,Undergraduate,13,Married-civ-spouse,Technical, Husband,*,Male,0,0,55,Europe,>50K
18444,"[30, 40[", Self-emp-not-inc,83242,Undergraduate,10,Married-civ-spouse,Other, Husband,*,Male,0,0,60,North America,<=50K
18445,"[30, 40[", Private,143385,High School,9,Never-married,Technical, Not-in-family,*,Male,0,0,40,North America,<=50K
18446,"[20, 30[", Local-gov,167544,Professional Education,12,Divorced,Other, Unmarried,*,Female,0,0,13,North America,<=50K
18447,"[20, 30[", Private,122175,High School,9,Never-married,Nontechnical, Own-child,*,Male,0,0,40,North America,<=50K
18449,"[20, 30[", Private,230475,High School,9,Married-civ-spouse,Technical, Husband,*,Male,0,0,44,North America,<=50K
18451,"[70, 80[", Private,206232,High School,6,Married-civ-spouse,Technical, Husband,*,Male,0,0,50,North America,<=50K
18452,"[60, 70[", Private,298400,Undergraduate,13,Divorced,Nontechnical, Not-in-family,*,Male,4787,0,48,North America,>50K
18453,"[50, 60[", Federal-gov,163671,Undergraduate,13,Married-civ-spouse,Nontechnical, Husband,*,Male,0,1902,40,North America,<=50K
18454,"[30, 40[", Self-emp-not-inc,140583,Graduate,14,Married-civ-spouse,Other, Husband,*,Male,0,0,70,North America,<=50K
18455,"[50, 60[", Private,137253,High School,9,Divorced,Technical, Unmarried,*,Female,0,0,40,North America,>50K
18456,"[20, 30[", Private,246974,High School,9,Never-married,Other, Not-in-family,*,Male,0,0,40,North America,<=50K
18457,"[60, 70[", Self-emp-not-inc,182470,Professional Education,15,Married-civ-spouse,Technical, Husband,*,Male,0,0,25,North America,>50K
18459,"[40, 50[", Self-emp-inc,116358,Undergraduate,13,Married-civ-spouse,Nontechnical, Husband,*,Male,0,0,50,Unknown,>50K
18460,"[20, 30[", Private,250819,Undergraduate,10,Never-married,Other, Not-in-family,*,Female,0,0,40,North America,<=50K
18461,"[20, 30[", Private,196508,Undergraduate,10,Never-married,Nontechnical, Own-child,*,Female,0,0,40,North America,<=50K
18462,"[40, 50[", Private,367533,High School,6,Married-civ-spouse,Technical, Own-child,*,Male,0,0,43,North America,>50K
18463,"[70, 80[", Private,188709,Professional Education,15,Married-civ-spouse,Technical, Husband,*,Male,99999,0,50,North America,>50K
18464,"[50, 60[", Private,271160,Undergraduate,10,Divorced,Nontechnical, Not-in-family,*,Female,0,0,40,North America,<=50K
18465,"[60, 70[", Private,173674,High School,9,Divorced,Other, Other-relative,*,Female,0,0,14,North America,<=50K
18466,"[60, 70[", ?,257790,High School,9,Divorced,Other, Unmarried,*,Female,0,0,38,North America,<=50K
18467,"[40, 50[", Private,322391,High School,7,Separated,Other, Unmarried,*,Female,0,0,30,North America,<=50K
18468,"[30, 40[", Private,209691,Professional Education,11,Married-civ-spouse,Technical, Husband,*,Male,4386,0,50,North America,>50K
18469,"[10, 20[", Private,104232,High School,6,Never-married,Other, Own-child,*,Male,0,0,10,North America,<=50K
18470,"[10, 20[", ?,86786,High School,6,Never-married,Other, Own-child,*,Female,0,0,40,North America,<=50K
18471,"[40, 50[", Private,88233,Undergraduate,10,Married-civ-spouse,Other, Husband,*,Male,0,0,60,North America,<=50K
18472,"[30, 40[", Private,240888,Professional Education,12,Divorced,Other, Unmarried,*,Female,0,0,40,North America,<=50K
18473,"[50, 60[", Private,169719,Undergraduate,13,Married-civ-spouse,Nontechnical, Husband,*,Male,3103,0,40,North America,>50K
18474,"[20, 30[", Private,129240,Undergraduate,10,Never-married,Other, Own-child,*,Female,0,0,20,North America,<=50K
18475,"[20, 30[", Private,160968,Undergraduate,10,Never-married,Technical, Own-child,*,Male,0,0,10,North America,<=50K
18476,"[30, 40[", Private,236861,High School,9,Married-civ-spouse,Other, Husband,*,Male,0,0,45,North America,<=50K
18477,"[30, 40[", Private,109282,Undergraduate,10,Never-married,Nontechnical, Own-child,*,Male,0,0,20,North America,<=50K
18478,"[30, 40[", Private,215047,High School,4,Married-civ-spouse,Technical, Husband,*,Male,0,0,40,North America,<=50K
18479,"[40, 50[", Private,115932,Undergraduate,13,Married-civ-spouse,Technical, Husband,*,Male,0,0,60,Europe,>50K
18480,"[20, 30[", Private,55360,Undergraduate,10,Never-married,Technical, Not-in-family,*,Male,0,0,40,North America,<=50K
18481,"[40, 50[", Private,224658,High School,9,Married-civ-spouse,Technical, Husband,*,Male,0,0,45,North America,>50K
18484,"[30, 40[", Private,115289,Undergraduate,10,Married-civ-spouse,Nontechnical, Husband,*,Male,0,0,40,North America,<=50K
18485,"[50, 60[", Self-emp-inc,258883,Undergraduate,10,Married-civ-spouse,Technical, Husband,*,Male,0,0,40,North America,<=50K
18486,"[20, 30[", Private,69132,Undergraduate,13,Never-married,Technical, Not-in-family,*,Male,0,0,40,North America,<=50K
18487,"[30, 40[", Private,207301,High School,9,Divorced,Technical, Unmarried,*,Female,0,0,20,North America,<=50K
18488,"[30, 40[", Private,179671,High School,9,Divorced,Technical, Not-in-family,*,Male,0,0,40,North America,<=50K
18489,"[60, 70[", Self-emp-not-inc,140456,Undergraduate,13,Married-civ-spouse,Nontechnical, Husband,*,Male,0,0,40,North America,>50K
18490,"[10, 20[", Private,327397,High School,9,Never-married,Technical, Own-child,*,Male,0,0,30,North America,<=50K
18492,"[50, 60[", Self-emp-not-inc,108435,Undergraduate,10,Married-civ-spouse,Other, Husband,*,Male,2829,0,30,North America,<=50K
18493,"[40, 50[", Private,195978,High School,9,Married-civ-spouse,Technical, Husband,*,Male,0,0,40,North America,>50K
18494,"[40, 50[", Private,329144,Undergraduate,10,Divorced,Technical, Not-in-family,*,Male,0,0,48,North America,>50K
18495,"[40, 50[", Self-emp-inc,250674,Professional Education,11,Married-civ-spouse,Technical, Husband,*,Male,0,0,60,North America,<=50K
18496,"[50, 60[", ?,176897,High School,9,Married-civ-spouse,Other, Husband,*,Male,0,0,60,North America,<=50K
18498,"[60, 70[", Private,174201,High School,5,Widowed,Other, Unmarried,*,Female,0,0,25,North America,<=50K
18499,"[40, 50[", Private,167617,Undergraduate,10,Married-civ-spouse,Other, Husband,*,Male,0,0,40,North America,<=50K
18500,"[50, 60[", Local-gov,254949,High School,9,Married-civ-spouse,Nontechnical, Husband,*,Male,0,0,40,North America,<=50K
18501,"[60, 70[", Private,319582,High School,9,Widowed,Nontechnical, Not-in-family,*,Female,0,0,32,North America,<=50K
18502,"[20, 30[", Private,248990,High School,6,Married-civ-spouse,Technical, Husband,*,Male,0,0,40,North America,<=50K
18503,"[40, 50[", Private,144396,High School,7,Divorced,Nontechnical, Not-in-family,*,Female,0,0,38,North America,<=50K
18504,"[30, 40[", State-gov,200469,Undergraduate,10,Never-married,Other, Unmarried,*,Female,3887,0,40,North America,<=50K
18505,"[20, 30[", Federal-gov,55636,High School,9,Never-married,Nontechnical, Not-in-family,*,Male,0,0,40,North America,<=50K
18506,"[30, 40[", Private,185624,Undergraduate,10,Married-civ-spouse,Technical, Husband,*,Male,0,0,50,North America,<=50K
18507,"[20, 30[", Local-gov,125442,Undergraduate,10,Married-civ-spouse,Nontechnical, Husband,*,Male,0,0,50,North America,<=50K
18508,"[40, 50[", Private,160943,High School,9,Married-civ-spouse,Other, Husband,*,Male,0,0,40,North America,>50K
18510,"[20, 30[", Private,34616,Undergraduate,10,Never-married,Nontechnical, Own-child,*,Female,0,0,20,North America,<=50K
18511,"[30, 40[", Private,235847,Professional Education,15,Married-civ-spouse,Nontechnical, Wife,*,Female,0,0,40,North America,>50K
18512,"[30, 40[", Private,174789,Undergraduate,10,Never-married,Other, Not-in-family,*,Male,0,0,50,North America,<=50K
18513,"[30, 40[", Private,280111,High School,7,Never-married,Other, Unmarried,*,Female,0,0,38,North America,<=50K
18514,"[70, 80[", Private,236055,High School,4,Widowed,Other, Not-in-family,*,Female,0,0,35,North America,<=50K
18515,"[20, 30[", Private,237865,Undergraduate,10,Never-married,Other, Own-child,*,Male,0,0,42,North America,<=50K
18516,"[10, 20[", Private,194612,High School,7,Never-married,Other, Own-child,*,Male,0,0,25,North America,<=50K
18517,"[20, 30[", Private,173851,Undergraduate,10,Never-married,Other, Own-child,*,Male,0,0,40,North America,<=50K
18518,"[10, 20[", Private,372483,Undergraduate,10,Never-married,Other, Other-relative,*,Male,0,0,35,North America,<=50K
18519,"[70, 80[", Federal-gov,422149,Undergraduate,10,Married-civ-spouse,Nontechnical, Husband,*,Male,20051,0,40,North America,>50K
18520,"[30, 40[", Private,174201,Professional Education,12,Married-civ-spouse,Nontechnical, Husband,*,Male,0,0,40,North America,<=50K
18521,"[20, 30[", Private,272618,Undergraduate,13,Married-civ-spouse,Nontechnical, Husband,*,Male,0,0,55,North America,<=50K
18522,"[50, 60[", Private,74660,Graduate,14,Married-civ-spouse,Nontechnical, Husband,*,Male,0,0,40,North America,<=50K
18523,"[20, 30[", Private,201481,Undergraduate,13,Never-married,Nontechnical, Not-in-family,*,Female,0,0,40,North America,<=50K
18524,"[30, 40[", Private,175232,High School,9,Divorced,Technical, Not-in-family,*,Male,0,0,45,North America,<=50K
18525,"[20, 30[", Private,336440,Undergraduate,10,Never-married,Other, Not-in-family,*,Male,0,0,40,North America,<=50K
18526,"[20, 30[", Private,46645,Undergraduate,13,Never-married,Technical, Not-in-family,*,Female,0,0,9,North America,<=50K
18527,"[40, 50[", State-gov,31141,Undergraduate,10,Married-civ-spouse,Other, Husband,*,Male,0,1902,40,North America,>50K
18528,"[50, 60[", Private,281425,High School,9,Married-civ-spouse,Technical, Husband,*,Male,0,0,40,North America,>50K
18529,"[30, 40[", Self-emp-not-inc,31510,Professional Education,12,Divorced,Technical, Not-in-family,*,Male,0,0,50,North America,<=50K
18530,"[40, 50[", Private,310255,Undergraduate,10,Married-civ-spouse,Technical, Husband,*,Male,0,0,60,North America,>50K
18531,"[30, 40[", Federal-gov,82393,Undergraduate,13,Married-civ-spouse,Technical, Husband,*,Male,0,0,56,North America,>50K
18532,"[50, 60[", Self-emp-not-inc,190514,High School,7,Married-civ-spouse,Technical, Husband,*,Male,0,0,20,North America,<=50K
18533,"[40, 50[", Private,165513,Undergraduate,10,Divorced,Nontechnical, Unmarried,*,Female,0,0,40,North America,<=50K
18534,"[60, 70[", ?,178931,High School,9,Married-civ-spouse,Other, Husband,*,Male,3818,0,40,North America,<=50K
18535,"[30, 40[", Private,226696,High School,9,Never-married,Technical, Not-in-family,*,Male,0,0,50,North America,>50K
18536,"[50, 60[", Private,195813,Primary School,3,Married-civ-spouse,Technical, Husband,*,Male,5178,0,40,North America,>50K
18537,"[40, 50[", Private,165815,High School,5,Never-married,Technical, Not-in-family,*,Male,0,0,40,North America,<=50K
18538,"[30, 40[", Private,123983,Undergraduate,13,Married-civ-spouse,Technical, Husband,*,Male,0,0,55,Asia,>50K
18539,"[30, 40[", Private,235371,High School,9,Never-married,Nontechnical, Not-in-family,*,Female,0,0,40,North America,<=50K
18540,"[30, 40[", Private,147258,High School,5,Married-civ-spouse,Technical, Husband,*,Male,0,0,50,North America,>50K
18541,"[60, 70[", ?,222289,Undergraduate,13,Married-civ-spouse,Other, Husband,*,Male,7688,0,54,North America,>50K
18543,"[20, 30[", Private,255949,Undergraduate,13,Never-married,Nontechnical, Unmarried,*,Male,0,0,40,North America,<=50K
18544,"[50, 60[", Private,186272,High School,9,Divorced,Nontechnical, Not-in-family,*,Male,0,0,40,North America,<=50K
18545,"[30, 40[", Private,282872,High School,9,Married-civ-spouse,Technical, Husband,*,Male,0,1628,40,North America,<=50K
18546,"[20, 30[", Private,111676,Undergraduate,10,Never-married,Other, Not-in-family,*,Female,0,0,40,North America,<=50K
18547,"[30, 40[", Private,199501,Undergraduate,10,Divorced,Nontechnical, Unmarried,*,Female,0,0,38,North America,<=50K
18548,"[20, 30[", Private,151443,High School,9,Never-married,Technical, Other-relative,*,Female,0,0,30,North America,<=50K
18549,"[30, 40[", Private,145935,High School,9,Never-married,Nontechnical, Own-child,*,Male,0,0,40,North America,<=50K
18550,"[50, 60[", Federal-gov,230387,High School,9,Widowed,Other, Unmarried,*,Female,0,0,35,North America,<=50K
18551,"[40, 50[", Private,127592,Undergraduate,13,Married-civ-spouse,Technical, Husband,*,Male,0,0,40,North America,<=50K
18552,"[10, 20[", Private,210828,Undergraduate,10,Never-married,Nontechnical, Own-child,*,Male,0,0,30,North America,<=50K
18553,"[40, 50[", Private,297186,High School,9,Married-civ-spouse,Other, Wife,*,Female,0,0,40,North America,<=50K
18556,"[20, 30[", State-gov,147719,Undergraduate,13,Never-married,Technical, Not-in-family,*,Male,0,0,20,Asia,<=50K
18557,"[60, 70[", Self-emp-not-inc,89011,Graduate,16,Married-civ-spouse,Technical, Husband,*,Male,0,0,50,North America,<=50K
18558,"[30, 40[", Private,38158,Undergraduate,10,Married-civ-spouse,Nontechnical, Husband,*,Male,0,0,40,North America,<=50K
18559,"[40, 50[", Private,178686,High School,9,Divorced,Technical, Not-in-family,*,Male,0,0,40,North America,<=50K
18560,>=80, ?,172826,High School,9,Married-civ-spouse,Other, Husband,*,Male,0,0,8,North America,<=50K
18561,"[20, 30[", Private,155752,Undergraduate,10,Married-civ-spouse,Technical, Husband,*,Male,0,0,40,North America,<=50K
18562,"[60, 70[", Private,100099,High School,5,Married-civ-spouse,Other, Husband,*,Male,0,0,40,North America,<=50K
18563,"[10, 20[", Private,231688,Undergraduate,10,Never-married,Technical, Own-child,*,Male,0,0,20,North America,<=50K
18564,"[30, 40[", ?,147215,Undergraduate,10,Never-married,Other, Own-child,*,Female,0,0,30,North America,<=50K
18565,"[40, 50[", Self-emp-inc,50122,High School,9,Married-civ-spouse,Nontechnical, Husband,*,Male,0,0,60,North America,<=50K
18566,"[60, 70[", Federal-gov,86837,Professional Education,12,Married-civ-spouse,Other, Husband,*,Male,0,0,40,North America,>50K
18567,"[30, 40[", Private,113364,Undergraduate,13,Never-married,Other, Not-in-family,*,Male,0,0,40,North America,<=50K
18568,"[50, 60[", Private,289390,High School,9,Married-civ-spouse,Technical, Husband,*,Male,0,0,47,North America,<=50K
18570,"[30, 40[", Private,390157,Undergraduate,13,Never-married,Technical, Not-in-family,*,Female,0,0,40,North America,<=50K
18571,"[50, 60[", Private,89587,Undergraduate,10,Married-civ-spouse,Other, Husband,*,Male,7298,0,45,North America,>50K
18572,"[50, 60[", Private,234328,Undergraduate,13,Divorced,Nontechnical, Not-in-family,*,Male,0,0,40,North America,<=50K
18573,"[30, 40[", Local-gov,365430,Undergraduate,10,Married-civ-spouse,Technical, Husband,*,Male,5178,0,40,North America,>50K
18574,"[20, 30[", Private,410439,Undergraduate,10,Never-married,Technical, Own-child,*,Male,0,0,15,North America,<=50K
18575,"[50, 60[", Private,129525,Undergraduate,13,Married-civ-spouse,Nontechnical, Husband,*,Male,0,0,50,North America,>50K
18576,"[20, 30[", Private,166527,Undergraduate,10,Never-married,Nontechnical, Own-child,*,Female,0,0,40,North America,<=50K
18577,"[40, 50[", ?,109912,Professional Education,12,Never-married,Other, Other-relative,*,Female,0,0,40,North America,<=50K
18578,"[30, 40[", Private,210906,High School,9,Married-civ-spouse,Nontechnical, Other-relative,*,Female,0,0,40,North America,<=50K
18579,"[30, 40[", Private,405284,Undergraduate,13,Never-married,Other, Own-child,*,Female,0,0,35,North America,<=50K
18580,"[20, 30[", Private,138269,High School,9,Never-married,Technical, Not-in-family,*,Male,0,0,40,North America,<=50K
18581,"[10, 20[", Private,25429,High School,8,Never-married,Other, Own-child,*,Female,0,0,20,North America,<=50K
18582,"[40, 50[", Private,231672,High School,9,Married-civ-spouse,Technical, Husband,*,Male,0,0,40,North America,<=50K
18583,"[20, 30[", Private,258550,Undergraduate,13,Never-married,Other, Own-child,*,Male,0,0,40,North America,<=50K
18584,"[30, 40[", Private,268147,High School,5,Never-married,Nontechnical, Unmarried,*,Female,0,0,40,North America,<=50K
18585,"[20, 30[", Private,54411,High School,9,Never-married,Other, Not-in-family,*,Male,0,0,50,Unknown,<=50K
18587,"[20, 30[", Private,157951,Undergraduate,10,Never-married,Nontechnical, Not-in-family,*,Female,0,0,50,North America,<=50K
18588,"[40, 50[", Self-emp-inc,225165,High School,9,Married-civ-spouse,Nontechnical, Husband,*,Male,0,0,55,North America,>50K
18589,"[30, 40[", Private,238049,High School,5,Never-married,Other, Not-in-family,*,Female,0,0,30,North America,<=50K
18590,"[30, 40[", Private,197252,High School,4,Married-civ-spouse,Other, Husband,*,Male,0,0,40,North America,<=50K
18591,"[50, 60[", Self-emp-inc,216636,High School,8,Married-civ-spouse,Nontechnical, Husband,*,Male,0,1651,40,North America,<=50K
18592,"[20, 30[", Private,183575,High School,7,Never-married,Technical, Own-child,*,Male,0,0,40,North America,<=50K
18593,"[10, 20[", Private,19752,High School,7,Never-married,Other, Own-child,*,Female,0,0,25,North America,<=50K
18594,"[30, 40[", Private,103925,High School,9,Widowed,Other, Unmarried,*,Female,0,0,68,North America,<=50K
18595,"[60, 70[", Private,31577,Professional Education,11,Married-civ-spouse,Technical, Husband,*,Male,0,0,40,North America,<=50K
18597,"[50, 60[", Federal-gov,190541,High School,9,Married-civ-spouse,Technical, Husband,*,Male,0,0,40,North America,>50K
18598,"[40, 50[", Self-emp-not-inc,366089,Professional Education,15,Married-civ-spouse,Technical, Husband,*,Male,15024,0,40,North America,>50K
18599,"[20, 30[", ?,389857,High School,9,Married-civ-spouse,Other, Other-relative,*,Male,0,0,16,North America,<=50K
18600,"[30, 40[", ?,192644,High School,9,Never-married,Other, Not-in-family,*,Male,0,0,40,North America,<=50K
18601,"[20, 30[", Private,216129,High School,9,Never-married,Technical, Own-child,*,Male,0,1408,50,North America,<=50K
18602,"[20, 30[", Private,51944,High School,9,Married-civ-spouse,Other, Wife,*,Female,4386,0,40,North America,>50K
18603,"[30, 40[", Self-emp-not-inc,67482,Professional Education,11,Divorced,Other, Unmarried,*,Female,0,0,99,North America,<=50K
18604,"[20, 30[", ?,108775,High School,9,Married-civ-spouse,Other, Husband,*,Male,0,0,40,North America,<=50K
18605,"[20, 30[", State-gov,279243,Undergraduate,10,Never-married,Other, Not-in-family,*,Male,0,0,40,North America,<=50K
18607,"[60, 70[", Private,349898,High School,9,Widowed,Other, Not-in-family,*,Female,0,0,44,North America,<=50K
18608,"[40, 50[", Private,219441,High School,6,Never-married,Nontechnical, Unmarried,*,Female,0,0,35,North America,<=50K
18609,"[10, 20[", Private,173255,High School,9,Never-married,Other, Own-child,*,Male,1055,0,25,North America,<=50K
18610,"[50, 60[", Federal-gov,29623,High School,8,Never-married,Other, Unmarried,*,Female,0,0,40,North America,<=50K
18611,"[30, 40[", Private,217460,High School,9,Divorced,Technical, Not-in-family,*,Male,0,0,45,North America,<=50K
18613,"[30, 40[", Private,163110,High School,9,Married-civ-spouse,Nontechnical, Husband,*,Male,3781,0,40,North America,<=50K
18614,"[20, 30[", Private,238685,Undergraduate,10,Never-married,Other, Not-in-family,*,Female,0,0,32,North America,<=50K
18617,"[20, 30[", Private,193773,High School,9,Never-married,Other, Not-in-family,*,Female,0,0,35,North America,<=50K
18620,"[40, 50[", Private,347934,High School,9,Separated,Nontechnical, Not-in-family,*,Female,0,0,30,North America,<=50K
18621,"[50, 60[", Private,293399,High School,7,Widowed,Technical, Not-in-family,*,Female,0,0,40,North America,<=50K
18623,"[30, 40[", Private,127306,Professional Education,11,Never-married,Other, Own-child,*,Female,14344,0,40,North America,>50K
18624,"[40, 50[", Private,366180,Undergraduate,10,Married-civ-spouse,Nontechnical, Husband,*,Male,0,0,55,North America,>50K
18625,"[20, 30[", Local-gov,188950,Undergraduate,10,Never-married,Other, Own-child,*,Male,0,0,25,North America,<=50K
18626,"[30, 40[", Private,189382,High School,9,Divorced,Technical, Not-in-family,*,Male,0,0,40,North America,<=50K
18627,"[60, 70[", Private,24515,High School,5,Married-civ-spouse,Nontechnical, Husband,*,Male,0,0,40,North America,<=50K
18628,"[40, 50[", Private,283116,High School,9,Divorced,Technical, Unmarried,*,Female,1506,0,50,North America,<=50K
18629,"[40, 50[", Self-emp-not-inc,182217,Undergraduate,13,Married-civ-spouse,Technical, Wife,*,Female,0,0,35,North America,<=50K
18630,"[10, 20[", Private,552354,High School,8,Never-married,Technical, Own-child,*,Male,0,0,40,North America,<=50K
18631,"[40, 50[", Private,163021,High School,9,Never-married,Other, Own-child,*,Female,0,0,40,North America,<=50K
18632,"[40, 50[", Private,61885,Undergraduate,13,Married-civ-spouse,Technical, Husband,*,Male,15024,0,50,North America,>50K
18633,"[30, 40[", Self-emp-not-inc,182898,Undergraduate,13,Married-civ-spouse,Nontechnical, Husband,*,Male,7298,0,40,North America,>50K
18634,"[40, 50[", Private,183092,Professional Education,12,Never-married,Other, Not-in-family,*,Female,0,0,40,North America,<=50K
18635,"[40, 50[", Private,30289,High School,6,Married-civ-spouse,Technical, Husband,*,Male,0,0,30,North America,<=50K
18636,"[20, 30[", Private,77572,Professional Education,12,Never-married,Other, Not-in-family,*,Female,0,0,40,North America,<=50K
18637,"[40, 50[", State-gov,118330,Undergraduate,13,Married-civ-spouse,Nontechnical, Husband,*,Male,5178,0,40,North America,>50K
18638,"[30, 40[", Private,469056,High School,9,Divorced,Nontechnical, Unmarried,*,Female,0,0,25,North America,<=50K
18639,"[50, 60[", Private,145574,High School,7,Married-civ-spouse,Technical, Husband,*,Male,0,0,40,North America,<=50K
18640,"[40, 50[", Private,302041,High School,9,Never-married,Other, Not-in-family,*,Female,0,0,40,North America,<=50K
18641,"[50, 60[", Private,32552,Undergraduate,13,Married-civ-spouse,Technical, Husband,*,Male,0,0,4,North America,<=50K
18642,"[40, 50[", Private,185413,Undergraduate,13,Married-civ-spouse,Nontechnical, Husband,*,Male,0,0,40,North America,<=50K
18643,"[30, 40[", Federal-gov,26543,Professional Education,11,Married-civ-spouse,Technical, Husband,*,Male,0,0,40,North America,>50K
18644,"[20, 30[", Federal-gov,163870,Undergraduate,10,Never-married,Other, Other-relative,*,Male,0,0,40,North America,<=50K
18645,"[20, 30[", Private,240063,Undergraduate,10,Never-married,Nontechnical, Own-child,*,Male,0,0,25,North America,<=50K
18647,"[30, 40[", Local-gov,84119,High School,9,Married-civ-spouse,Technical, Husband,*,Male,0,0,40,North America,<=50K
18648,"[30, 40[", Private,84130,Undergraduate,10,Married-civ-spouse,Other, Husband,*,Male,0,0,50,North America,>50K
18650,"[20, 30[", Local-gov,336010,Undergraduate,13,Never-married,Other, Not-in-family,*,Male,0,0,32,North America,<=50K
18651,"[50, 60[", Private,389270,Undergraduate,10,Married-civ-spouse,Other, Wife,*,Female,0,0,35,North America,>50K
18652,"[10, 20[", Private,138293,High School,7,Never-married,Nontechnical, Own-child,*,Male,0,0,15,North America,<=50K
18653,"[30, 40[", Private,240389,Undergraduate,10,Married-civ-spouse,Nontechnical, Husband,*,Male,0,0,43,North America,>50K
18654,"[30, 40[", Private,190297,Graduate,16,Married-civ-spouse,Technical, Husband,*,Male,99999,0,55,North America,>50K
18655,"[20, 30[", ?,170070,Undergraduate,10,Never-married,Other, Not-in-family,*,Female,0,0,10,North America,<=50K
18656,"[20, 30[", Private,149457,Undergraduate,10,Never-married,Other, Unmarried,*,Female,0,0,40,North America,<=50K
18657,"[40, 50[", Private,81534,High School,9,Married-civ-spouse,Other, Husband,*,Male,0,0,84,Asia,>50K
18658,"[20, 30[", Private,378322,High School,9,Never-married,Technical, Not-in-family,*,Male,0,2001,50,North America,<=50K
18659,"[20, 30[", Federal-gov,196912,Undergraduate,13,Never-married,Technical, Not-in-family,*,Male,0,0,40,North America,<=50K
18660,"[50, 60[", Private,116143,Undergraduate,13,Married-civ-spouse,Other, Husband,*,Male,5178,0,44,North America,>50K
18661,"[30, 40[", Self-emp-not-inc,80933,High School,9,Divorced,Other, Not-in-family,*,Male,0,0,40,North America,<=50K
18662,"[60, 70[", Local-gov,190660,High School,9,Divorced,Technical, Not-in-family,*,Male,0,0,40,North America,>50K
18663,"[20, 30[", Private,120155,High School,9,Married-civ-spouse,Other, Husband,*,Male,0,0,39,North America,<=50K
18664,"[40, 50[", Private,167159,High School,9,Divorced,Technical, Not-in-family,*,Male,4650,0,40,North America,<=50K
18665,"[30, 40[", Private,58343,Undergraduate,13,Married-civ-spouse,Technical, Husband,*,Male,3103,0,42,North America,>50K
18666,"[40, 50[", Federal-gov,161240,High School,9,Divorced,Technical, Not-in-family,*,Male,0,0,40,North America,<=50K
18667,"[30, 40[", Private,126402,High School,9,Never-married,Other, Not-in-family,*,Female,0,0,60,North America,<=50K
18668,"[20, 30[", Private,148709,High School,9,Married-civ-spouse,Other, Other-relative,*,Female,0,0,35,North America,<=50K
18669,"[40, 50[", Local-gov,318280,Undergraduate,10,Married-civ-spouse,Technical, Husband,*,Male,7688,0,50,North America,>50K
18670,"[30, 40[", Local-gov,80058,High School,9,Never-married,Technical, Own-child,*,Male,0,0,64,North America,<=50K
18671,"[40, 50[", Private,274689,High School,6,Married-civ-spouse,Technical, Husband,*,Male,0,0,60,North America,<=50K
18673,"[30, 40[", Private,217460,Professional Education,12,Married-civ-spouse,Technical, Husband,*,Male,0,0,40,North America,>50K
18674,"[30, 40[", Local-gov,33727,Graduate,14,Married-civ-spouse,Technical, Wife,*,Female,0,0,40,North America,<=50K
18675,"[30, 40[", Self-emp-not-inc,166961,Undergraduate,10,Married-civ-spouse,Other, Wife,*,Female,0,0,20,North America,>50K
18676,"[20, 30[", Private,146117,Undergraduate,10,Never-married,Technical, Not-in-family,*,Male,0,0,42,North America,<=50K
18679,"[20, 30[", Private,50163,High School,5,Never-married,Other, Own-child,*,Male,0,0,40,North America,<=50K
18680,"[30, 40[", Private,235271,Undergraduate,13,Married-civ-spouse,Nontechnical, Husband,*,Male,0,0,40,North America,>50K
18681,"[40, 50[", Private,121124,Professional Education,12,Married-civ-spouse,Nontechnical, Husband,*,Male,15024,0,50,North America,>50K
18682,"[40, 50[", Self-emp-not-inc,144218,High School,8,Married-civ-spouse,Other, Husband,*,Male,0,0,60,North America,<=50K
18683,"[30, 40[", Private,94334,High School,4,Never-married,Technical, Own-child,*,Female,0,0,25,North America,<=50K
18684,"[50, 60[", Self-emp-inc,169982,Undergraduate,10,Married-civ-spouse,Nontechnical, Husband,*,Male,15024,0,60,North America,>50K
18685,"[50, 60[", Self-emp-not-inc,35295,High School,9,Never-married,Other, Unmarried,*,Male,0,0,45,North America,<=50K
18686,"[40, 50[", Private,133969,Undergraduate,13,Married-civ-spouse,Nontechnical, Husband,*,Male,2885,0,65,Asia,<=50K
18687,"[30, 40[", Private,35429,Undergraduate,10,Married-civ-spouse,Nontechnical, Husband,*,Male,0,0,60,North America,<=50K
18689,"[30, 40[", Local-gov,177794,Graduate,14,Never-married,Technical, Not-in-family,*,Female,0,0,40,North America,<=50K
18690,"[30, 40[", Private,167474,High School,9,Married-civ-spouse,Nontechnical, Husband,*,Male,0,0,50,North America,<=50K
18691,"[50, 60[", Local-gov,35211,High School,9,Married-civ-spouse,Other, Husband,*,Male,0,0,40,North America,<=50K
18692,"[20, 30[", Private,117244,High School,9,Never-married,Technical, Unmarried,*,Female,0,0,45,North America,<=50K
18693,"[50, 60[", Private,194850,Undergraduate,10,Married-civ-spouse,Other, Husband,*,Male,0,0,40,North America,<=50K
18694,"[10, 20[", Private,144911,Undergraduate,10,Never-married,Other, Own-child,*,Male,0,0,20,North America,<=50K
18695,"[40, 50[", Private,197240,High School,8,Married-civ-spouse,Nontechnical, Husband,*,Male,7688,0,40,North America,>50K
18696,"[50, 60[", Private,101338,High School,6,Married-civ-spouse,Technical, Husband,*,Male,0,0,40,North America,<=50K
18697,"[60, 70[", Private,148522,Undergraduate,10,Married-civ-spouse,Technical, Husband,*,Male,0,0,40,North America,<=50K
18698,"[10, 20[", Private,97261,High School,9,Never-married,Other, Not-in-family,*,Male,0,0,40,North America,<=50K
18699,"[30, 40[", Private,166606,High School,9,Married-civ-spouse,Technical, Husband,*,Male,0,0,40,North America,<=50K
18700,"[20, 30[", Private,229414,High School,9,Never-married,Technical, Own-child,*,Female,0,0,30,North America,<=50K
18701,"[30, 40[", Local-gov,209213,Undergraduate,13,Never-married,Technical, Other-relative,*,Male,0,0,15,North America,<=50K
18702,"[20, 30[", Private,291968,Professional Education,15,Married-civ-spouse,Technical, Husband,*,Male,0,1977,40,North America,>50K
18704,"[20, 30[", Private,302406,Graduate,14,Married-civ-spouse,Technical, Husband,*,Male,0,0,55,North America,<=50K
18705,"[30, 40[", Self-emp-not-inc,29054,Professional Education,11,Never-married,Other, Own-child,*,Male,0,0,84,North America,<=50K
18706,"[70, 80[", Self-emp-not-inc,336007,High School,9,Married-civ-spouse,Nontechnical, Husband,*,Male,0,0,40,North America,<=50K
18707,"[40, 50[", Federal-gov,349230,Professional Education,11,Married-civ-spouse,Technical, Husband,*,Male,0,1848,40,North America,>50K
18708,"[30, 40[", Local-gov,101481,High School,9,Never-married,Other, Not-in-family,*,Male,0,0,40,North America,<=50K
18709,"[50, 60[", Self-emp-not-inc,46704,High School,9,Married-civ-spouse,Other, Husband,*,Male,0,0,60,North America,>50K
18710,"[40, 50[", Private,233639,High School,7,Married-civ-spouse,Other, Husband,*,Male,0,0,50,North America,<=50K
18711,"[60, 70[", Local-gov,31725,High School,9,Married-civ-spouse,Other, Husband,*,Male,0,0,40,North America,<=50K
18712,"[30, 40[", Private,54850,Undergraduate,13,Never-married,Nontechnical, Not-in-family,*,Male,0,1590,50,North America,<=50K
18713,"[30, 40[", Private,293512,Professional Education,11,Never-married,Technical, Not-in-family,*,Male,0,0,40,North America,<=50K
18714,"[20, 30[", Private,375655,Undergraduate,13,Never-married,Nontechnical, Unmarried,*,Male,0,0,50,North America,<=50K
18715,"[20, 30[", Private,105817,High School,7,Married-civ-spouse,Nontechnical, Husband,*,Male,0,0,50,North America,>50K
18716,"[20, 30[", Local-gov,203408,Undergraduate,10,Married-civ-spouse,Other, Husband,*,Male,0,0,40,North America,<=50K
18717,"[20, 30[", Private,162302,Undergraduate,10,Never-married,Technical, Not-in-family,*,Male,0,0,40,Asia,<=50K
18718,"[40, 50[", Private,163455,Undergraduate,10,Married-civ-spouse,Technical, Husband,*,Male,0,0,55,North America,>50K
18719,"[30, 40[", Local-gov,100135,High School,9,Divorced,Other, Unmarried,*,Female,0,0,40,North America,<=50K
18721,"[10, 20[", Private,102182,High School,8,Never-married,Other, Not-in-family,*,Female,0,0,30,North America,<=50K
18722,"[30, 40[", Private,414683,Undergraduate,13,Married-civ-spouse,Technical, Husband,*,Male,0,0,40,North America,<=50K
18723,"[20, 30[", Private,194352,Undergraduate,13,Never-married,Technical, Own-child,*,Female,0,0,40,North America,<=50K
18724,"[20, 30[", Private,194096,High School,9,Never-married,Technical, Own-child,*,Female,0,0,45,North America,<=50K
18725,>=80, Local-gov,153602,High School,9,Married-civ-spouse,Other, Husband,*,Male,6767,0,40,North America,<=50K
18726,"[20, 30[", Private,215495,Undergraduate,10,Never-married,Other, Own-child,*,Female,0,0,40,North America,<=50K
18728,"[50, 60[", Local-gov,34878,Undergraduate,13,Divorced,Technical, Not-in-family,*,Female,0,0,50,North America,<=50K
18729,"[30, 40[", Private,126569,Graduate,14,Married-civ-spouse,Nontechnical, Husband,*,Male,0,1977,40,North America,>50K
18730,"[60, 70[", ?,315728,High School,9,Widowed,Other, Unmarried,*,Female,2329,0,75,North America,<=50K
18731,"[20, 30[", Private,22422,High School,9,Never-married,Nontechnical, Not-in-family,*,Male,0,0,40,North America,<=50K
18732,"[30, 40[", Local-gov,178222,Undergraduate,13,Divorced,Technical, Not-in-family,*,Female,0,0,60,North America,<=50K
18733,"[40, 50[", Local-gov,56841,High School,9,Married-civ-spouse,Technical, Husband,*,Male,0,0,40,North America,>50K
18734,"[20, 30[", Private,300275,High School,9,Never-married,Nontechnical, Not-in-family,*,Male,0,0,48,North America,<=50K
18735,"[60, 70[", Local-gov,197288,High School,9,Married-civ-spouse,Nontechnical, Husband,*,Male,0,0,35,North America,<=50K
18736,"[50, 60[", Self-emp-not-inc,157786,High School,9,Married-civ-spouse,Nontechnical, Husband,*,Male,0,0,40,North America,<=50K
18737,"[20, 30[", Private,110684,High School,9,Never-married,Other, Own-child,*,Male,0,0,20,North America,<=50K
18738,"[50, 60[", Self-emp-not-inc,140729,Undergraduate,13,Married-civ-spouse,Other, Husband,*,Male,0,0,35,North America,<=50K
18739,"[50, 60[", Federal-gov,90127,Undergraduate,10,Married-civ-spouse,Other, Husband,*,Male,0,0,60,North America,>50K
18740,"[40, 50[", Self-emp-inc,37997,High School,9,Married-civ-spouse,Other, Husband,*,Male,0,0,60,North America,<=50K
18741,"[30, 40[", Private,61308,High School,6,Never-married,Other, Not-in-family,*,Male,0,0,40,North America,<=50K
18742,"[40, 50[", Private,171199,Undergraduate,13,Divorced,Technical, Unmarried,*,Female,0,0,40,North America,<=50K
18743,"[40, 50[", Private,128432,High School,9,Married-civ-spouse,Other, Husband,*,Male,0,0,40,North America,<=50K
18744,"[40, 50[", Federal-gov,195023,Undergraduate,10,Separated,Other, Unmarried,*,Female,0,0,40,North America,<=50K
18745,"[40, 50[", Private,122473,High School,5,Never-married,Technical, Unmarried,*,Female,0,625,40,North America,<=50K
18746,"[40, 50[", Private,171888,Undergraduate,10,Divorced,Other, Not-in-family,*,Female,0,0,40,North America,<=50K
18747,"[10, 20[", Self-emp-inc,183784,High School,6,Never-married,Nontechnical, Own-child,*,Male,0,0,15,North America,<=50K
18748,"[20, 30[", Private,219262,Undergraduate,10,Never-married,Nontechnical, Own-child,*,Male,0,0,40,North America,<=50K
18749,"[20, 30[", Private,71379,Undergraduate,10,Never-married,Technical, Not-in-family,*,Female,0,0,35,North America,<=50K
18750,"[10, 20[", ?,234519,Undergraduate,10,Never-married,Other, Own-child,*,Male,0,0,35,North America,<=50K
18751,"[30, 40[", Private,96824,Undergraduate,10,Divorced,Other, Unmarried,*,Female,0,0,40,North America,<=50K
18752,"[20, 30[", Private,242597,Undergraduate,13,Never-married,Technical, Not-in-family,*,Male,0,0,40,North America,<=50K
18753,"[10, 20[", ?,127388,Undergraduate,10,Never-married,Other, Own-child,*,Female,0,0,40,North America,<=50K
18754,"[20, 30[", Private,204536,High School,9,Never-married,Technical, Not-in-family,*,Male,0,0,35,North America,<=50K
18755,"[50, 60[", Private,143804,High School,6,Married-civ-spouse,Technical, Husband,*,Male,0,0,40,North America,<=50K
18756,"[20, 30[", Private,80680,Undergraduate,10,Married-civ-spouse,Nontechnical, Own-child,*,Female,0,0,16,North America,<=50K
18758,"[20, 30[", Self-emp-not-inc,201930,High School,9,Married-civ-spouse,Technical, Husband,*,Male,0,0,50,North America,<=50K
18759,"[20, 30[", Local-gov,176616,High School,9,Never-married,Other, Own-child,*,Male,0,0,40,North America,<=50K
18760,"[40, 50[", Private,353219,High School,5,Divorced,Other, Unmarried,*,Female,0,0,40,North America,<=50K
18761,"[40, 50[", Private,126076,Undergraduate,10,Divorced,Technical, Not-in-family,*,Female,0,0,50,North America,<=50K
18762,"[30, 40[", Private,156493,High School,9,Never-married,Technical, Own-child,*,Male,0,0,40,North America,<=50K
18763,"[40, 50[", Federal-gov,435503,Graduate,14,Married-civ-spouse,Technical, Husband,*,Male,0,0,40,North America,>50K
18764,"[50, 60[", Self-emp-inc,561489,Graduate,14,Divorced,Nontechnical, Not-in-family,*,Female,0,0,50,North America,<=50K
18765,"[20, 30[", Federal-gov,100345,High School,9,Never-married,Nontechnical, Own-child,*,Male,0,0,43,North America,<=50K
18766,"[10, 20[", Private,36275,High School,9,Never-married,Technical, Own-child,*,Male,0,0,25,North America,<=50K
18767,"[40, 50[", Private,110794,Undergraduate,10,Never-married,Other, Not-in-family,*,Female,0,0,40,North America,<=50K
18768,"[30, 40[", Local-gov,143766,Undergraduate,10,Never-married,Other, Own-child,*,Male,0,0,40,North America,<=50K
18769,"[30, 40[", Federal-gov,76313,High School,9,Married-civ-spouse,Other, Other-relative,*,Male,0,0,48,North America,<=50K
18770,"[30, 40[", Private,121308,High School,7,Never-married,Other, Not-in-family,*,Male,0,0,40,North America,<=50K
18771,"[20, 30[", Private,216672,High School,9,Married-civ-spouse,Technical, Husband,*,Male,0,0,40,North America,<=50K
18772,"[40, 50[", Self-emp-not-inc,89942,High School,9,Divorced,Nontechnical, Not-in-family,*,Male,3674,0,45,North America,<=50K
18773,"[40, 50[", State-gov,103406,Undergraduate,13,Married-civ-spouse,Nontechnical, Husband,*,Male,0,1977,60,North America,>50K
18774,"[30, 40[", State-gov,158291,Undergraduate,13,Never-married,Other, Not-in-family,*,Male,0,0,40,North America,<=50K
18775,"[20, 30[", Private,455361,High School,5,Never-married,Other, Unmarried,*,Male,0,0,35,North America,<=50K
18776,"[40, 50[", Private,225263,Undergraduate,10,Divorced,Nontechnical, Unmarried,*,Female,0,1408,46,North America,<=50K
18777,"[50, 60[", Private,225307,High School,7,Divorced,Technical, Own-child,*,Female,0,0,50,North America,>50K
18778,"[30, 40[", Private,286115,High School,9,Married-civ-spouse,Technical, Husband,*,Male,0,0,40,North America,>50K
18779,"[50, 60[", Private,187830,Undergraduate,13,Never-married,Nontechnical, Not-in-family,*,Male,0,0,50,North America,>50K
18780,"[20, 30[", Private,142506,Undergraduate,13,Never-married,Technical, Unmarried,*,Female,0,0,35,North America,<=50K
18781,"[40, 50[", Local-gov,148576,Professional Education,15,Married-civ-spouse,Technical, Husband,*,Male,0,0,35,North America,<=50K
18782,"[30, 40[", Private,185325,High School,9,Never-married,Other, Own-child,*,Male,0,0,37,North America,<=50K
18783,"[30, 40[", Self-emp-not-inc,27939,Undergraduate,10,Married-civ-spouse,Nontechnical, Husband,*,Male,0,0,60,North America,<=50K
18784,"[20, 30[", Private,383603,High School,6,Never-married,Other, Not-in-family,*,Female,0,0,35,North America,<=50K
18785,"[30, 40[", Private,140790,High School,9,Married-civ-spouse,Nontechnical, Husband,*,Male,0,0,45,North America,<=50K
18786,"[30, 40[", Private,226629,High School,9,Never-married,Other, Not-in-family,*,Female,0,0,40,North America,<=50K
18788,"[50, 60[", Self-emp-not-inc,119762,High School,6,Married-civ-spouse,Other, Husband,*,Male,0,0,50,North America,<=50K
18789,"[40, 50[", Private,299197,Undergraduate,10,Married-civ-spouse,Other, Husband,*,Male,0,0,40,North America,<=50K
18790,"[30, 40[", Private,149297,High School,9,Never-married,Nontechnical, Not-in-family,*,Male,0,0,30,North America,<=50K
18791,"[20, 30[", Local-gov,202558,Undergraduate,10,Never-married,Nontechnical, Own-child,*,Female,0,0,40,North America,<=50K
18792,"[30, 40[", Private,175232,Undergraduate,10,Married-civ-spouse,Technical, Husband,*,Male,0,0,50,North America,<=50K
18793,"[30, 40[", Self-emp-not-inc,157473,High School,9,Married-civ-spouse,Technical, Husband,*,Male,0,0,40,North America,<=50K
18794,"[50, 60[", ?,409842,Graduate,14,Married-civ-spouse,Other, Husband,*,Male,0,0,20,North America,<=50K
18795,"[20, 30[", Private,105787,High School,9,Never-married,Technical, Own-child,*,Male,0,0,36,North America,<=50K
18796,"[60, 70[", Private,144056,High School,9,Married-civ-spouse,Other, Husband,*,Male,3818,0,40,North America,<=50K
18797,"[40, 50[", Private,45363,Professional Education,15,Divorced,Technical, Not-in-family,*,Male,0,2824,40,North America,>50K
18798,"[20, 30[", Private,205838,High School,9,Never-married,Other, Own-child,*,Male,0,0,37,North America,<=50K
18799,"[20, 30[", Private,115326,Undergraduate,10,Never-married,Nontechnical, Own-child,*,Female,0,0,20,North America,<=50K
18801,"[20, 30[", Local-gov,304386,High School,9,Never-married,Other, Not-in-family,*,Female,0,0,40,North America,<=50K
18803,"[30, 40[", Private,183557,Professional Education,12,Never-married,Technical, Not-in-family,*,Female,0,0,40,North America,<=50K
18805,"[30, 40[", ?,182191,Undergraduate,13,Married-civ-spouse,Other, Wife,*,Female,4064,0,30,North America,<=50K
18806,"[50, 60[", Self-emp-not-inc,67841,High School,9,Married-civ-spouse,Nontechnical, Husband,*,Male,0,0,40,North America,<=50K
18807,"[20, 30[", Private,351381,High School,9,Never-married,Other, Own-child,*,Female,0,0,40,North America,<=50K
18809,"[40, 50[", Self-emp-inc,220821,Undergraduate,13,Married-civ-spouse,Nontechnical, Husband,*,Male,7688,0,40,North America,>50K
18810,"[20, 30[", Private,190027,High School,6,Divorced,Nontechnical, Not-in-family,*,Female,0,0,30,North America,<=50K
18811,"[40, 50[", Private,343944,High School,7,Widowed,Other, Unmarried,*,Female,0,0,40,North America,<=50K
18812,"[40, 50[", Self-emp-inc,110457,Graduate,14,Married-civ-spouse,Nontechnical, Husband,*,Male,0,0,55,North America,>50K
18813,"[40, 50[", State-gov,72333,High School,9,Divorced,Other, Unmarried,*,Female,0,0,40,North America,<=50K
18814,"[40, 50[", Self-emp-not-inc,193494,Professional Education,15,Married-civ-spouse,Technical, Husband,*,Male,0,0,60,North America,>50K
18815,"[30, 40[", Private,334999,High School,9,Married-civ-spouse,Nontechnical, Husband,*,Male,0,0,45,North America,<=50K
18816,"[40, 50[", Self-emp-not-inc,274363,High School,9,Divorced,Nontechnical, Not-in-family,*,Male,0,0,50,North America,<=50K
18817,"[50, 60[", Self-emp-inc,113806,Undergraduate,13,Married-civ-spouse,Nontechnical, Husband,*,Male,7688,0,30,North America,>50K
18818,"[20, 30[", Private,52536,Professional Education,12,Divorced,Technical, Own-child,*,Female,0,1594,25,North America,<=50K
18819,"[40, 50[", Private,187720,Professional Education,11,Never-married,Technical, Unmarried,*,Male,0,0,40,North America,<=50K
18820,"[50, 60[", Private,104996,Undergraduate,10,Never-married,Technical, Not-in-family,*,Male,0,0,42,North America,<=50K
18821,"[20, 30[", Private,214555,Undergraduate,10,Married-civ-spouse,Nontechnical, Husband,*,Male,0,0,40,North America,<=50K
18822,"[30, 40[", Private,52963,Undergraduate,13,Never-married,Other, Not-in-family,*,Female,0,0,50,North America,<=50K
18823,"[30, 40[", Private,190511,High School,4,Divorced,Nontechnical, Not-in-family,*,Male,2176,0,35,North America,<=50K
18824,"[20, 30[", Private,75821,Undergraduate,10,Never-married,Technical, Own-child,*,Female,0,0,40,North America,<=50K
18825,"[30, 40[", Private,123291,High School,9,Married-civ-spouse,Technical, Husband,*,Male,0,0,84,North America,>50K
18826,"[50, 60[", Local-gov,226497,Undergraduate,10,Married-civ-spouse,Other, Husband,*,Male,0,0,52,North America,>50K
18827,"[30, 40[", Private,282979,High School,9,Married-civ-spouse,Nontechnical, Husband,*,Male,5178,0,50,North America,>50K
18828,"[30, 40[", Private,166549,Undergraduate,13,Divorced,Other, Not-in-family,*,Male,0,0,55,North America,>50K
18829,"[20, 30[", Private,187746,Undergraduate,10,Never-married,Other, Own-child,*,Female,0,0,40,North America,<=50K
18830,"[20, 30[", Private,157145,Professional Education,11,Never-married,Technical, Own-child,*,Male,0,0,50,North America,<=50K
18831,"[30, 40[", Private,227551,High School,9,Married-civ-spouse,Other, Husband,*,Male,0,0,40,North America,<=50K
18833,"[30, 40[", Private,169249,High School,9,Separated,Other, Other-relative,*,Male,0,0,40,North America,<=50K
18834,"[30, 40[", State-gov,221966,Undergraduate,13,Never-married,Technical, Not-in-family,*,Male,0,0,45,North America,<=50K
18835,"[30, 40[", Private,224566,Undergraduate,13,Married-civ-spouse,Nontechnical, Husband,*,Male,0,0,60,North America,>50K
18836,"[10, 20[", Private,28119,Undergraduate,10,Never-married,Other, Own-child,*,Female,0,0,4,North America,<=50K
18837,"[10, 20[", Private,323810,High School,6,Never-married,Technical, Not-in-family,*,Male,0,0,40,North America,<=50K
18838,"[20, 30[", Private,210498,High School,9,Married-civ-spouse,Technical, Husband,*,Male,0,0,40,North America,<=50K
18840,"[30, 40[", Private,161141,Undergraduate,10,Married-civ-spouse,Technical, Husband,*,Male,0,0,45,North America,<=50K
18842,"[30, 40[", Self-emp-not-inc,112650,High School,4,Never-married,Technical, Own-child,*,Male,0,0,40,North America,<=50K
18844,"[20, 30[", Local-gov,375655,Undergraduate,13,Never-married,Technical, Not-in-family,*,Male,0,0,40,North America,<=50K
18845,"[20, 30[", Private,228465,High School,9,Married-civ-spouse,Other, Husband,*,Male,0,0,40,North America,<=50K
18846,"[30, 40[", ?,102130,Undergraduate,10,Never-married,Other, Own-child,*,Male,0,0,40,North America,<=50K
18848,"[30, 40[", Local-gov,177305,Undergraduate,10,Married-civ-spouse,Nontechnical, Husband,*,Male,0,2377,40,North America,<=50K
18849,"[40, 50[", Private,34037,High School,9,Never-married,Nontechnical, Not-in-family,*,Male,0,0,40,North America,<=50K
18850,"[20, 30[", Self-emp-not-inc,116613,Undergraduate,10,Married-civ-spouse,Other, Wife,*,Female,0,0,50,North America,<=50K
18851,"[20, 30[", Private,175540,High School,9,Never-married,Other, Not-in-family,*,Male,0,0,50,North America,<=50K
18852,"[40, 50[", Private,150768,Undergraduate,13,Divorced,Nontechnical, Not-in-family,*,Male,0,1564,51,North America,>50K
18853,"[30, 40[", Private,176634,Undergraduate,13,Married-civ-spouse,Nontechnical, Wife,*,Female,0,0,35,North America,>50K
18855,"[20, 30[", Local-gov,206002,High School,9,Divorced,Technical, Unmarried,*,Female,0,0,40,North America,<=50K
18856,"[30, 40[", Private,201259,High School,7,Divorced,Other, Not-in-family,*,Male,0,0,65,North America,<=50K
18857,"[20, 30[", Local-gov,202286,Undergraduate,13,Never-married,Technical, Own-child,*,Male,0,0,40,North America,<=50K
18858,"[50, 60[", Private,96062,Undergraduate,10,Married-civ-spouse,Nontechnical, Husband,*,Male,0,1740,40,North America,<=50K
18859,"[30, 40[", Local-gov,578377,Graduate,14,Married-civ-spouse,Technical, Wife,*,Female,0,0,40,North America,<=50K
18860,"[30, 40[", Private,509500,Undergraduate,13,Never-married,Technical, Not-in-family,*,Female,4787,0,45,North America,>50K
18861,"[50, 60[", Local-gov,324021,Undergraduate,10,Divorced,Other, Not-in-family,*,Female,0,0,40,North America,<=50K
18862,"[30, 40[", Self-emp-not-inc,107737,High School,9,Married-civ-spouse,Technical, Husband,*,Male,0,0,45,North America,<=50K
18863,"[40, 50[", State-gov,129865,High School,9,Divorced,Technical, Unmarried,*,Male,0,0,40,North America,<=50K
18864,"[50, 60[", Private,103586,Undergraduate,13,Married-civ-spouse,Nontechnical, Husband,*,Male,0,0,55,North America,<=50K
18865,"[20, 30[", Private,187513,Undergraduate,10,Never-married,Other, Own-child,*,Male,0,0,32,North America,<=50K
18866,"[20, 30[", Private,172891,High School,9,Married-civ-spouse,Other, Husband,*,Male,0,0,50,North America,<=50K
18867,"[50, 60[", Local-gov,207449,High School,6,Married-civ-spouse,Other, Husband,*,Male,0,0,40,North America,<=50K
18868,"[30, 40[", Private,209103,High School,9,Married-civ-spouse,Other, Husband,*,Male,0,0,20,North America,>50K
18869,"[30, 40[", Private,408813,Undergraduate,13,Never-married,Other, Not-in-family,*,Female,0,0,50,North America,<=50K
18870,"[20, 30[", Private,209292,High School,9,Never-married,Nontechnical, Other-relative,*,Female,0,0,32,North America,<=50K
18871,"[50, 60[", Private,144361,Professional Education,11,Married-civ-spouse,Technical, Husband,*,Male,0,1902,40,North America,>50K
18872,"[30, 40[", Private,209538,Undergraduate,10,Married-civ-spouse,Other, Husband,*,Male,0,0,55,North America,<=50K
18873,"[20, 30[", Private,244402,Professional Education,12,Never-married,Nontechnical, Not-in-family,*,Female,0,0,40,North America,>50K
18874,"[40, 50[", Private,889965,High School,9,Married-civ-spouse,Nontechnical, Wife,*,Female,3137,0,30,North America,<=50K
18875,"[30, 40[", Self-emp-not-inc,298444,Graduate,14,Married-civ-spouse,Technical, Husband,*,Male,0,0,40,North America,<=50K
18876,"[30, 40[", Private,163237,High School,9,Married-civ-spouse,Technical, Husband,*,Male,0,0,60,North America,<=50K
18877,"[10, 20[", Private,311795,High School,8,Never-married,Nontechnical, Own-child,*,Female,0,0,20,North America,<=50K
18878,"[40, 50[", Private,155972,High School,9,Married-civ-spouse,Nontechnical, Husband,*,Male,0,0,40,North America,>50K
18879,"[40, 50[", Private,291783,Undergraduate,13,Married-civ-spouse,Technical, Husband,*,Male,0,0,40,North America,>50K
18880,"[30, 40[", Private,153535,High School,9,Divorced,Nontechnical, Unmarried,*,Female,0,0,36,North America,<=50K
18881,"[40, 50[", Private,249771,High School,9,Married-civ-spouse,Other, Husband,*,Male,0,0,99,North America,<=50K
18882,"[40, 50[", Private,462180,Professional Education,15,Married-civ-spouse,Technical, Husband,*,Male,99999,0,60,North America,>50K
18883,"[30, 40[", Private,308540,Undergraduate,10,Married-civ-spouse,Technical, Husband,*,Male,0,0,40,North America,>50K
18884,"[20, 30[", Private,34701,Undergraduate,13,Never-married,Other, Not-in-family,*,Male,0,0,40,North America,<=50K
18885,"[40, 50[", Federal-gov,106252,Undergraduate,10,Divorced,Other, Not-in-family,*,Female,0,0,40,North America,<=50K
18886,"[50, 60[", Private,138944,High School,9,Married-civ-spouse,Nontechnical, Husband,*,Male,0,0,44,North America,<=50K
18887,"[30, 40[", Private,140713,Undergraduate,10,Married-civ-spouse,Other, Husband,*,Male,0,0,40,North America,>50K
18888,"[50, 60[", Local-gov,216931,Undergraduate,10,Married-civ-spouse,Other, Husband,*,Male,4386,0,40,North America,>50K
18889,"[20, 30[", Private,162312,Undergraduate,10,Never-married,Other, Not-in-family,*,Male,0,0,20,Asia,<=50K
18890,"[50, 60[", Self-emp-inc,253062,Professional Education,15,Married-civ-spouse,Technical, Husband,*,Male,0,0,55,North America,>50K
18891,"[30, 40[", Federal-gov,359249,Undergraduate,10,Separated,Other, Not-in-family,*,Male,0,0,40,North America,<=50K
18892,"[30, 40[", Private,231413,High School,9,Married-civ-spouse,Technical, Husband,*,Male,0,0,40,North America,>50K
18893,"[50, 60[", Local-gov,197054,Graduate,14,Married-civ-spouse,Technical, Husband,*,Male,0,0,40,North America,>50K
18894,"[20, 30[", Private,130931,High School,9,Never-married,Other, Own-child,*,Female,0,0,40,North America,<=50K
18896,"[40, 50[", Private,105138,High School,9,Divorced,Nontechnical, Unmarried,*,Female,0,0,40,North America,<=50K
18897,"[30, 40[", Local-gov,178383,Undergraduate,10,Separated,Nontechnical, Not-in-family,*,Male,0,0,40,North America,<=50K
18898,"[30, 40[", Private,241998,High School,8,Married-civ-spouse,Technical, Husband,*,Male,7688,0,40,North America,>50K
18899,"[50, 60[", Self-emp-not-inc,196403,High School,9,Married-civ-spouse,Nontechnical, Wife,*,Female,0,0,10,North America,>50K
18900,"[40, 50[", Private,232421,High School,9,Married-spouse-absent,Other, Not-in-family,*,Male,0,0,32,North America,<=50K
18902,"[60, 70[", Self-emp-not-inc,336329,High School,9,Married-civ-spouse,Nontechnical, Husband,*,Male,0,0,10,North America,<=50K
18903,"[20, 30[", Local-gov,337867,Undergraduate,13,Never-married,Technical, Own-child,*,Female,0,0,40,North America,<=50K
18904,"[20, 30[", Local-gov,104614,Undergraduate,13,Never-married,Technical, Own-child,*,Female,0,0,40,North America,<=50K
18905,"[40, 50[", Private,223548,Primary School,2,Married-civ-spouse,Technical, Husband,*,Male,0,0,40,North America,<=50K
18906,"[40, 50[", State-gov,506329,Undergraduate,13,Married-civ-spouse,Technical, Husband,*,Male,15024,0,40,Unknown,>50K
18907,"[40, 50[", Private,64479,Undergraduate,13,Divorced,Nontechnical, Not-in-family,*,Male,0,0,47,North America,<=50K
18908,"[50, 60[", Private,284095,High School,9,Divorced,Nontechnical, Not-in-family,*,Female,0,0,37,North America,<=50K
18910,"[40, 50[", Private,428499,High School,7,Married-civ-spouse,Technical, Husband,*,Male,0,1485,50,North America,>50K
18911,"[50, 60[", Private,208302,High School,9,Married-civ-spouse,Nontechnical, Husband,*,Male,0,0,36,North America,<=50K
18912,"[20, 30[", ?,412156,High School,9,Married-civ-spouse,Other, Wife,*,Female,0,0,40,North America,<=50K
18913,"[30, 40[", Self-emp-not-inc,182177,High School,9,Married-civ-spouse,Technical, Husband,*,Male,0,1902,40,North America,>50K
18914,"[50, 60[", Local-gov,129972,Professional Education,11,Married-civ-spouse,Other, Husband,*,Male,0,0,38,North America,>50K
18916,"[30, 40[", Self-emp-inc,203488,Undergraduate,13,Married-civ-spouse,Nontechnical, Husband,*,Male,0,0,50,North America,>50K
18917,"[40, 50[", Private,128796,High School,9,Married-civ-spouse,Technical, Husband,*,Male,0,0,40,North America,>50K
18918,"[40, 50[", Private,55395,Professional Education,11,Married-civ-spouse,Technical, Husband,*,Male,0,0,40,North America,>50K
18919,"[40, 50[", State-gov,314770,Undergraduate,10,Divorced,Other, Unmarried,*,Female,0,0,48,North America,<=50K
18920,"[40, 50[", Private,135044,High School,9,Divorced,Technical, Not-in-family,*,Female,0,0,40,North America,<=50K
18921,"[30, 40[", Private,319248,High School,6,Never-married,Other, Unmarried,*,Female,0,0,25,North America,<=50K
18922,"[30, 40[", Local-gov,236415,Undergraduate,10,Never-married,Other, Unmarried,*,Female,0,0,18,North America,<=50K
18923,"[40, 50[", ?,151584,Undergraduate,10,Never-married,Other, Not-in-family,*,Male,8614,0,60,North America,>50K
18924,"[10, 20[", ?,133983,Undergraduate,10,Never-married,Other, Own-child,*,Female,0,0,20,North America,<=50K
18925,"[50, 60[", Private,81220,Undergraduate,10,Never-married,Other, Not-in-family,*,Female,0,0,40,North America,<=50K
18926,"[40, 50[", Private,151087,High School,9,Separated,Technical, Other-relative,*,Female,0,0,40,North America,<=50K
18927,"[30, 40[", Private,322171,Undergraduate,10,Married-civ-spouse,Other, Wife,*,Female,0,0,40,North America,>50K
18929,"[40, 50[", Local-gov,106982,Undergraduate,13,Separated,Technical, Unmarried,*,Female,0,0,40,North America,<=50K
18930,"[50, 60[", Private,227856,Undergraduate,13,Married-civ-spouse,Nontechnical, Husband,*,Male,0,0,37,North America,>50K
18931,"[60, 70[", ?,213477,High School,4,Divorced,Other, Not-in-family,*,Male,0,0,10,North America,<=50K
18932,"[60, 70[", Private,266083,High School,4,Married-civ-spouse,Other, Husband,*,Male,0,0,60,North America,>50K
18934,"[50, 60[", ?,37591,Undergraduate,13,Widowed,Other, Not-in-family,*,Female,0,0,40,North America,<=50K
18935,"[40, 50[", Self-emp-inc,150533,Professional Education,11,Married-civ-spouse,Nontechnical, Other-relative,*,Male,0,0,50,North America,>50K
18936,"[20, 30[", Private,211184,High School,9,Never-married,Other, Not-in-family,*,Female,0,0,52,North America,<=50K
18937,"[20, 30[", Private,136610,High School,8,Never-married,Nontechnical, Own-child,*,Male,0,0,32,North America,<=50K
18938,"[40, 50[", Federal-gov,244054,Undergraduate,10,Divorced,Nontechnical, Unmarried,*,Male,0,0,60,North America,>50K
18939,"[40, 50[", Self-emp-not-inc,240698,High School,9,Married-civ-spouse,Technical, Husband,*,Male,0,0,60,North America,<=50K
18940,"[60, 70[", Private,172906,High School,9,Widowed,Other, Unmarried,*,Female,0,0,40,North America,<=50K
18941,"[50, 60[", Private,238959,Undergraduate,10,Married-civ-spouse,Other, Husband,*,Male,0,0,45,North America,>50K
18943,"[50, 60[", State-gov,172022,Graduate,14,Never-married,Technical, Not-in-family,*,Male,0,0,40,North America,>50K
18944,"[40, 50[", Federal-gov,218062,Undergraduate,10,Divorced,Other, Unmarried,*,Female,0,0,40,North America,<=50K
18945,"[20, 30[", Private,201799,Undergraduate,10,Never-married,Nontechnical, Own-child,*,Female,0,0,13,North America,<=50K
18946,"[20, 30[", Private,150717,Professional Education,11,Never-married,Nontechnical, Not-in-family,*,Male,0,0,40,North America,<=50K
18947,"[50, 60[", Private,94391,Professional Education,11,Married-civ-spouse,Technical, Husband,*,Male,0,0,50,North America,>50K
18948,"[50, 60[", Local-gov,153064,High School,9,Married-civ-spouse,Nontechnical, Husband,*,Male,5178,0,40,North America,>50K
18949,"[40, 50[", Private,156771,High School,6,Married-civ-spouse,Other, Husband,*,Male,0,0,40,North America,<=50K
18950,"[20, 30[", Private,216639,Undergraduate,13,Never-married,Technical, Not-in-family,*,Female,0,0,40,North America,<=50K
18951,"[40, 50[", Private,82161,High School,9,Married-civ-spouse,Other, Husband,*,Male,0,0,40,North America,<=50K
18952,"[30, 40[", ?,159159,Undergraduate,10,Married-civ-spouse,Other, Wife,*,Female,0,0,30,North America,<=50K
18953,"[50, 60[", Self-emp-not-inc,310014,Undergraduate,13,Married-civ-spouse,Other, Husband,*,Male,0,0,25,North America,<=50K
18954,"[50, 60[", State-gov,133014,Professional Education,11,Married-civ-spouse,Technical, Husband,*,Male,0,0,40,North America,<=50K
18955,"[30, 40[", Self-emp-not-inc,36214,Undergraduate,13,Married-civ-spouse,Technical, Husband,*,Male,0,0,65,North America,>50K
18956,"[20, 30[", Private,399022,High School,9,Never-married,Other, Own-child,*,Male,0,0,24,North America,<=50K
18957,"[30, 40[", Private,179758,High School,9,Married-civ-spouse,Nontechnical, Wife,*,Female,0,0,20,North America,<=50K
18958,"[50, 60[", Private,48947,Undergraduate,10,Divorced,Other, Unmarried,*,Female,0,0,45,North America,<=50K
18959,"[40, 50[", Private,201865,High School,9,Married-civ-spouse,Other, Husband,*,Male,0,0,40,North America,<=50K
18960,"[40, 50[", Self-emp-not-inc,319122,Undergraduate,13,Never-married,Nontechnical, Not-in-family,*,Male,14084,0,45,North America,>50K
18961,"[30, 40[", Private,155151,Undergraduate,10,Married-civ-spouse,Technical, Husband,*,Male,0,0,40,North America,>50K
18962,"[30, 40[", Private,24106,Undergraduate,10,Married-civ-spouse,Nontechnical, Husband,*,Male,0,0,40,Asia,>50K
18963,"[30, 40[", Private,257863,Undergraduate,10,Divorced,Other, Not-in-family,*,Female,0,0,15,North America,<=50K
18964,"[10, 20[", ?,28967,Undergraduate,10,Never-married,Other, Not-in-family,*,Male,0,0,40,North America,<=50K
18965,"[40, 50[", Private,379393,Undergraduate,10,Divorced,Technical, Not-in-family,*,Female,0,0,45,North America,<=50K
18966,"[40, 50[", Self-emp-not-inc,152752,Professional Education,11,Married-civ-spouse,Other, Husband,*,Male,0,0,3,North America,<=50K
18967,"[30, 40[", Private,154874,High School,9,Never-married,Technical, Not-in-family,*,Male,4416,0,30,North America,<=50K
18969,"[30, 40[", Private,335716,High School,9,Divorced,Nontechnical, Unmarried,*,Female,0,0,40,North America,<=50K
18970,"[20, 30[", Private,94744,High School,9,Never-married,Other, Own-child,*,Female,0,0,20,North America,<=50K
18971,"[30, 40[", Private,133861,Undergraduate,13,Never-married,Nontechnical, Not-in-family,*,Male,13550,0,48,North America,>50K
18972,"[20, 30[", Private,240137,Primary School,2,Never-married,Nontechnical, Not-in-family,*,Male,0,0,55,North America,<=50K
18973,"[30, 40[", Private,80004,High School,9,Married-civ-spouse,Nontechnical, Husband,*,Male,0,0,40,North America,<=50K
18974,"[10, 20[", Private,109702,Undergraduate,10,Never-married,Nontechnical, Own-child,*,Female,0,0,30,North America,<=50K
18975,"[60, 70[", Self-emp-not-inc,39610,Undergraduate,10,Married-civ-spouse,Other, Husband,*,Male,0,0,80,North America,<=50K
18976,"[20, 30[", Private,90046,Undergraduate,13,Separated,Nontechnical, Not-in-family,*,Female,0,0,40,North America,<=50K
18977,"[30, 40[", Private,193855,High School,9,Married-civ-spouse,Other, Husband,*,Male,0,0,45,North America,<=50K
18978,"[40, 50[", Private,206889,Undergraduate,13,Widowed,Other, Not-in-family,*,Female,0,0,25,North America,<=50K
18979,"[40, 50[", Private,86298,High School,9,Divorced,Technical, Not-in-family,*,Male,0,0,40,North America,<=50K
18980,"[50, 60[", Private,149650,High School,9,Never-married,Nontechnical, Not-in-family,*,Male,0,2559,48,North America,>50K
18981,"[20, 30[", Private,323139,Undergraduate,13,Never-married,Nontechnical, Own-child,*,Male,0,0,35,North America,<=50K
18983,"[20, 30[", Private,36058,Undergraduate,13,Never-married,Nontechnical, Not-in-family,*,Male,0,0,50,North America,<=50K
18984,"[60, 70[", Private,163393,High School,9,Married-civ-spouse,Other, Husband,*,Male,0,0,20,North America,<=50K
18985,"[40, 50[", Local-gov,93535,Graduate,14,Divorced,Technical, Unmarried,*,Female,0,0,40,North America,<=50K
18986,"[30, 40[", Self-emp-not-inc,112952,Undergraduate,10,Never-married,Technical, Own-child,*,Male,0,0,48,North America,<=50K
18987,"[40, 50[", Private,182541,Undergraduate,13,Married-civ-spouse,Technical, Husband,*,Male,15024,0,45,North America,>50K
18988,"[20, 30[", Local-gov,73392,High School,9,Never-married,Nontechnical, Own-child,*,Male,0,0,30,North America,<=50K
18989,"[40, 50[", ?,507086,High School,9,Divorced,Other, Not-in-family,*,Female,0,0,32,North America,<=50K
18990,"[60, 70[", Private,195868,Undergraduate,13,Married-civ-spouse,Nontechnical, Husband,*,Male,20051,0,40,North America,>50K
18991,"[20, 30[", Private,276851,High School,9,Divorced,Other, Own-child,*,Female,0,1762,40,North America,<=50K
18992,"[20, 30[", ?,39901,Undergraduate,13,Married-civ-spouse,Other, Husband,*,Male,0,0,60,North America,<=50K
18993,"[30, 40[", Local-gov,33124,Undergraduate,13,Never-married,Technical, Not-in-family,*,Female,0,0,50,North America,<=50K
18994,"[50, 60[", Private,419732,Undergraduate,10,Divorced,Other, Unmarried,*,Female,0,0,38,North America,<=50K
18995,"[40, 50[", Private,171095,Professional Education,12,Divorced,Nontechnical, Unmarried,*,Female,0,0,38,North America,<=50K
18996,"[50, 60[", Private,199278,Undergraduate,13,Divorced,Nontechnical, Not-in-family,*,Male,0,0,38,North America,<=50K
18997,"[50, 60[", Private,235205,High School,9,Widowed,Other, Unmarried,*,Female,0,0,40,North America,<=50K
18998,"[40, 50[", Federal-gov,168232,Undergraduate,13,Never-married,Other, Not-in-family,*,Male,0,0,55,North America,>50K
18999,"[20, 30[", Private,145964,Undergraduate,13,Never-married,Nontechnical, Unmarried,*,Male,0,0,40,North America,>50K
19000,"[30, 40[", Local-gov,72338,High School,9,Divorced,Other, Own-child,*,Male,0,0,56,North America,<=50K
19001,"[50, 60[", Private,153870,High School,9,Married-civ-spouse,Technical, Husband,*,Male,0,0,40,North America,>50K
19002,"[40, 50[", Private,323798,Professional Education,15,Married-civ-spouse,Technical, Husband,*,Male,15024,0,55,North America,>50K
19003,"[10, 20[", Private,198830,High School,7,Never-married,Other, Other-relative,*,Female,0,0,10,North America,<=50K
19004,"[20, 30[", Private,267040,High School,6,Never-married,Technical, Unmarried,*,Female,0,0,40,North America,<=50K
19005,"[40, 50[", Private,167187,Undergraduate,13,Never-married,Technical, Not-in-family,*,Female,0,0,40,North America,>50K
19006,"[40, 50[", Private,230684,High School,9,Married-civ-spouse,Nontechnical, Husband,*,Male,5178,0,50,North America,>50K
19007,"[50, 60[", Private,659558,High School,8,Widowed,Other, Unmarried,*,Female,0,0,40,North America,<=50K
19008,"[30, 40[", Private,181661,High School,9,Married-civ-spouse,Nontechnical, Husband,*,Male,0,0,40,North America,<=50K
19009,"[30, 40[", Private,186144,High School,4,Never-married,Technical, Not-in-family,*,Female,0,0,40,North America,<=50K
19010,"[20, 30[", Federal-gov,178517,Undergraduate,10,Never-married,Technical, Not-in-family,*,Male,0,0,40,North America,<=50K
19011,"[60, 70[", Self-emp-not-inc,131417,Primary School,3,Married-civ-spouse,Other, Husband,*,Male,1797,0,21,North America,<=50K
19012,"[40, 50[", Private,57233,Undergraduate,10,Married-civ-spouse,Technical, Husband,*,Male,0,0,45,North America,<=50K
19013,"[30, 40[", Private,379798,High School,9,Married-civ-spouse,Technical, Husband,*,Male,0,0,40,North America,<=50K
19014,"[20, 30[", Private,122175,Undergraduate,13,Married-civ-spouse,Technical, Husband,*,Male,0,0,45,North America,>50K
19015,"[30, 40[", Private,107302,High School,9,Married-civ-spouse,Nontechnical, Husband,*,Male,0,0,50,North America,<=50K
19016,"[30, 40[", Local-gov,127651,High School,6,Never-married,Other, Other-relative,*,Male,0,1741,40,North America,<=50K
19017,"[30, 40[", Self-emp-not-inc,102884,Undergraduate,13,Married-civ-spouse,Nontechnical, Own-child,*,Male,0,0,20,North America,<=50K
19018,"[40, 50[", Self-emp-not-inc,241753,High School,9,Divorced,Other, Unmarried,*,Female,0,0,40,North America,<=50K
19019,"[20, 30[", Private,173611,High School,9,Never-married,Nontechnical, Own-child,*,Female,0,0,40,North America,<=50K
19020,"[20, 30[", Private,232666,High School,9,Married-civ-spouse,Technical, Husband,*,Male,0,0,40,North America,<=50K
19021,"[20, 30[", Private,352207,Professional Education,11,Never-married,Other, Own-child,*,Male,0,0,20,North America,<=50K
19022,"[30, 40[", Self-emp-not-inc,241998,Undergraduate,13,Married-civ-spouse,Technical, Husband,*,Male,0,0,5,North America,>50K
19023,"[50, 60[", Private,279129,Undergraduate,10,Never-married,Technical, Not-in-family,*,Male,0,0,37,North America,>50K
19024,"[20, 30[", Private,177057,High School,9,Never-married,Technical, Not-in-family,*,Male,0,0,40,North America,<=50K
19025,"[40, 50[", Private,155659,Undergraduate,10,Married-civ-spouse,Technical, Husband,*,Male,7688,0,55,North America,>50K
19026,"[20, 30[", Private,251603,High School,9,Never-married,Other, Not-in-family,*,Female,0,0,40,North America,<=50K
19028,"[60, 70[", Private,115023,Undergraduate,10,Married-civ-spouse,Other, Husband,*,Male,0,0,40,North America,>50K
19029,"[30, 40[", Private,101709,Undergraduate,13,Married-civ-spouse,Technical, Husband,*,Male,0,0,40,North America,>50K
19030,"[20, 30[", Private,313702,Undergraduate,10,Never-married,Nontechnical, Not-in-family,*,Male,0,0,40,North America,<=50K
19031,"[60, 70[", Private,250068,High School,8,Married-civ-spouse,Nontechnical, Husband,*,Male,0,0,40,North America,>50K
19032,"[30, 40[", Private,227359,Undergraduate,10,Married-civ-spouse,Other, Husband,*,Male,0,0,42,North America,<=50K
19033,"[20, 30[", State-gov,196827,Professional Education,12,Never-married,Technical, Own-child,*,Male,0,0,10,North America,<=50K
19034,"[40, 50[", Private,118550,High School,9,Divorced,Other, Unmarried,*,Female,0,0,33,North America,<=50K
19036,"[30, 40[", Private,280169,Graduate,14,Married-civ-spouse,Nontechnical, Husband,*,Male,0,0,50,North America,>50K
19039,"[40, 50[", Self-emp-not-inc,167280,Undergraduate,13,Married-civ-spouse,Nontechnical, Husband,*,Male,0,0,40,North America,<=50K
19040,"[40, 50[", Private,334783,High School,9,Married-civ-spouse,Technical, Wife,*,Female,0,0,40,North America,<=50K
19041,"[60, 70[", ?,141580,High School,9,Married-civ-spouse,Other, Husband,*,Male,0,0,50,North America,>50K
19042,"[30, 40[", Private,226443,Undergraduate,13,Never-married,Technical, Not-in-family,*,Male,0,0,40,North America,<=50K
19043,"[30, 40[", Private,366065,Undergraduate,10,Never-married,Technical, Unmarried,*,Male,0,0,40,North America,<=50K
19044,"[20, 30[", Private,225724,Undergraduate,10,Never-married,Technical, Own-child,*,Female,0,0,25,North America,<=50K
19046,"[30, 40[", Private,258276,Undergraduate,13,Married-civ-spouse,Technical, Husband,*,Male,3137,0,40,Unknown,<=50K
19048,"[20, 30[", Private,30619,Undergraduate,10,Never-married,Nontechnical, Not-in-family,*,Female,0,0,38,North America,<=50K
19049,"[20, 30[", Local-gov,335015,High School,9,Married-civ-spouse,Technical, Husband,*,Male,0,0,40,North America,<=50K
19050,"[30, 40[", Private,61272,Undergraduate,13,Never-married,Nontechnical, Not-in-family,*,Female,0,0,40,North America,<=50K
19051,"[40, 50[", Private,106544,High School,9,Never-married,Other, Not-in-family,*,Female,0,0,40,North America,<=50K
19052,"[30, 40[", Private,144169,High School,9,Married-civ-spouse,Technical, Husband,*,Male,0,0,50,North America,<=50K
19053,"[20, 30[", Private,40295,High School,9,Never-married,Other, Not-in-family,*,Male,0,0,99,North America,<=50K
19054,"[50, 60[", Private,266091,Undergraduate,13,Never-married,Technical, Not-in-family,*,Female,2907,0,52,North America,<=50K
19056,"[40, 50[", State-gov,192397,Undergraduate,10,Divorced,Other, Own-child,*,Female,0,0,38,North America,<=50K
19057,"[40, 50[", Private,114351,High School,9,Divorced,Technical, Not-in-family,*,Male,0,0,35,North America,<=50K
19058,"[40, 50[", ?,63466,High School,9,Married-spouse-absent,Other, Unmarried,*,Female,0,0,32,North America,<=50K
19060,"[50, 60[", Private,128162,High School,9,Divorced,Nontechnical, Not-in-family,*,Female,0,0,24,North America,<=50K
19061,"[10, 20[", Private,125938,High School,8,Never-married,Other, Own-child,*,Male,0,0,40,North America,<=50K
19062,"[30, 40[", Private,170174,High School,9,Married-civ-spouse,Nontechnical, Husband,*,Male,0,0,46,North America,>50K
19063,"[40, 50[", Self-emp-not-inc,203451,Undergraduate,10,Divorced,Technical, Not-in-family,*,Female,0,0,15,North America,<=50K
19064,"[30, 40[", Private,109917,High School,4,Separated,Technical, Not-in-family,*,Female,0,0,40,North America,<=50K
19065,"[30, 40[", Private,114937,Undergraduate,13,Married-civ-spouse,Technical, Husband,*,Male,0,0,35,North America,<=50K
19066,"[50, 60[", Local-gov,231196,High School,9,Married-civ-spouse,Other, Husband,*,Male,0,0,40,North America,<=50K
19067,"[10, 20[", Private,238474,Undergraduate,10,Never-married,Nontechnical, Own-child,*,Male,0,0,25,North America,<=50K
19068,"[50, 60[", Private,314149,Graduate,16,Married-civ-spouse,Technical, Husband,*,Male,0,0,50,North America,>50K
19069,"[50, 60[", Federal-gov,31728,Undergraduate,10,Married-civ-spouse,Other, Wife,*,Female,0,0,40,North America,>50K
19072,"[40, 50[", Private,83411,Undergraduate,10,Married-civ-spouse,Nontechnical, Husband,*,Male,0,0,50,North America,>50K
19073,"[40, 50[", ?,119835,High School,4,Divorced,Other, Not-in-family,*,Male,0,0,48,North America,<=50K
19074,"[20, 30[", Local-gov,296537,High School,9,Married-civ-spouse,Technical, Husband,*,Male,0,0,45,North America,<=50K
19075,"[40, 50[", Private,193047,High School,9,Married-civ-spouse,Nontechnical, Husband,*,Male,0,0,40,North America,>50K
19076,"[60, 70[", State-gov,39630,Undergraduate,13,Married-civ-spouse,Technical, Husband,*,Male,0,0,40,North America,<=50K
19077,"[50, 60[", Local-gov,213975,High School,9,Widowed,Other, Unmarried,*,Female,0,0,30,North America,<=50K
19079,"[20, 30[", Federal-gov,55465,Undergraduate,10,Never-married,Nontechnical, Not-in-family,*,Male,0,0,40,North America,<=50K
19080,"[40, 50[", Private,181307,Undergraduate,10,Married-civ-spouse,Nontechnical, Husband,*,Male,99999,0,60,North America,>50K
19081,"[20, 30[", Private,211301,Undergraduate,10,Never-married,Other, Own-child,*,Female,0,0,8,North America,<=50K
19082,"[50, 60[", Private,200450,High School,9,Married-civ-spouse,Nontechnical, Husband,*,Male,0,0,48,North America,<=50K
19083,"[60, 70[", Local-gov,176731,High School,9,Married-civ-spouse,Nontechnical, Husband,*,Male,0,0,40,North America,<=50K
19084,"[50, 60[", Self-emp-not-inc,140985,Undergraduate,13,Married-civ-spouse,Other, Wife,*,Female,99999,0,30,North America,>50K
19085,"[70, 80[", Private,125784,Undergraduate,13,Married-civ-spouse,Nontechnical, Husband,*,Male,0,0,40,North America,<=50K
19086,"[20, 30[", Private,152176,Undergraduate,10,Never-married,Nontechnical, Not-in-family,*,Male,0,0,39,North America,<=50K
19087,"[30, 40[", Self-emp-not-inc,111423,Undergraduate,13,Never-married,Technical, Not-in-family,*,Male,0,0,55,North America,<=50K
19088,"[40, 50[", Private,130126,Undergraduate,13,Married-civ-spouse,Nontechnical, Husband,*,Male,15024,0,50,North America,>50K
19089,"[50, 60[", Federal-gov,30111,Undergraduate,10,Widowed,Technical, Unmarried,*,Female,0,0,40,North America,<=50K
19090,"[10, 20[", ?,214989,Undergraduate,10,Never-married,Other, Own-child,*,Female,0,1602,24,North America,<=50K
19091,"[10, 20[", Private,272800,High School,8,Never-married,Other, Own-child,*,Female,0,0,25,North America,<=50K
19092,"[40, 50[", Private,195881,Undergraduate,10,Divorced,Nontechnical, Other-relative,*,Female,0,0,45,North America,<=50K
19093,"[40, 50[", Local-gov,170924,Undergraduate,10,Never-married,Technical, Other-relative,*,Male,0,0,7,North America,<=50K
19094,"[20, 30[", Private,131473,Undergraduate,10,Never-married,Nontechnical, Own-child,*,Male,0,0,20,Asia,<=50K
19095,"[40, 50[", Private,149466,High School,9,Divorced,Nontechnical, Not-in-family,*,Male,0,0,35,North America,<=50K
19096,"[20, 30[", Private,190418,Undergraduate,10,Never-married,Other, Own-child,*,Male,0,0,30,North America,<=50K
19098,"[40, 50[", Private,177989,High School,9,Married-civ-spouse,Technical, Husband,*,Male,0,0,40,North America,<=50K
19099,"[30, 40[", Private,186035,Professional Education,11,Never-married,Technical, Not-in-family,*,Male,0,0,40,North America,<=50K
19100,"[10, 20[", Private,195805,High School,9,Never-married,Nontechnical, Own-child,*,Female,0,0,12,North America,<=50K
19101,"[60, 70[", Private,54800,High School,9,Married-civ-spouse,Other, Wife,*,Female,0,0,40,North America,<=50K
19102,"[20, 30[", Private,100605,High School,9,Never-married,Nontechnical, Own-child,*,Male,0,0,40,North America,<=50K
19103,"[20, 30[", Private,253190,Professional Education,12,Married-civ-spouse,Nontechnical, Husband,*,Male,0,0,25,North America,<=50K
19104,"[10, 20[", Private,203301,High School,9,Never-married,Other, Own-child,*,Female,0,0,40,North America,<=50K
19105,"[40, 50[", Private,175696,Undergraduate,10,Married-civ-spouse,Nontechnical, Husband,*,Male,0,0,45,North America,>50K
19106,"[10, 20[", Private,278304,Undergraduate,10,Never-married,Other, Own-child,*,Female,0,0,15,North America,<=50K
19107,"[50, 60[", Private,93193,High School,9,Divorced,Technical, Not-in-family,*,Female,0,0,40,North America,<=50K
19108,"[40, 50[", Local-gov,158688,Undergraduate,13,Married-civ-spouse,Other, Husband,*,Male,0,0,50,North America,<=50K
19109,"[10, 20[", Private,327612,High School,6,Never-married,Other, Own-child,*,Female,0,0,20,North America,<=50K
19111,"[20, 30[", Private,147340,Undergraduate,10,Never-married,Nontechnical, Own-child,*,Female,0,0,40,North America,<=50K
19113,"[20, 30[", Private,206600,High School,8,Married-civ-spouse,Technical, Husband,*,Male,0,0,40,North America,<=50K
19114,"[70, 80[", Private,284680,High School,9,Divorced,Other, Not-in-family,*,Female,0,0,20,North America,<=50K
19115,"[40, 50[", Private,127738,Undergraduate,10,Married-civ-spouse,Other, Husband,*,Male,0,0,40,North America,<=50K
19116,"[20, 30[", Private,213412,Undergraduate,10,Married-civ-spouse,Nontechnical, Husband,*,Male,0,0,40,North America,>50K
19117,"[50, 60[", Private,287927,High School,9,Married-civ-spouse,Technical, Wife,*,Female,0,0,16,North America,<=50K
19119,"[40, 50[", Local-gov,290403,Professional Education,11,Divorced,Other, Own-child,*,Female,0,0,40,North America,<=50K
19120,"[40, 50[", Private,54772,High School,9,Married-civ-spouse,Technical, Husband,*,Male,3103,0,45,North America,>50K
19121,"[40, 50[", Self-emp-inc,56651,Undergraduate,10,Married-civ-spouse,Nontechnical, Husband,*,Male,7688,0,45,North America,>50K
19122,"[40, 50[", Federal-gov,178470,High School,9,Divorced,Other, Not-in-family,*,Female,0,0,40,North America,<=50K
19123,"[20, 30[", Private,62865,High School,9,Never-married,Other, Not-in-family,*,Female,0,0,45,North America,<=50K
19124,"[60, 70[", Private,107196,High School,9,Widowed,Technical, Not-in-family,*,Female,0,0,18,North America,<=50K
19125,"[10, 20[", Private,86860,Undergraduate,10,Never-married,Nontechnical, Own-child,*,Male,0,0,15,North America,<=50K
19126,"[60, 70[", Private,130684,Undergraduate,10,Married-civ-spouse,Technical, Husband,*,Male,0,0,55,North America,<=50K
19128,"[40, 50[", Private,198316,Professional Education,11,Divorced,Technical, Not-in-family,*,Male,0,0,35,North America,<=50K
19129,"[50, 60[", Private,261816,Undergraduate,10,Divorced,Nontechnical, Not-in-family,*,Female,0,0,52,North America,<=50K
19130,"[50, 60[", Private,280309,Professional Education,12,Married-civ-spouse,Nontechnical, Husband,*,Male,5178,0,60,North America,>50K
19131,"[40, 50[", Private,97176,High School,9,Divorced,Other, Unmarried,*,Female,0,0,40,North America,<=50K
19132,"[50, 60[", Private,95835,Undergraduate,10,Married-civ-spouse,Technical, Husband,*,Male,0,0,36,North America,<=50K
19133,"[60, 70[", ?,323016,Undergraduate,13,Married-civ-spouse,Other, Husband,*,Male,99999,0,40,North America,>50K
19134,"[10, 20[", ?,280670,High School,6,Never-married,Other, Own-child,*,Female,0,0,40,North America,<=50K
19135,"[10, 20[", Private,136306,High School,7,Never-married,Other, Own-child,*,Male,0,0,24,North America,<=50K
19136,"[20, 30[", Private,65171,Undergraduate,10,Married-civ-spouse,Technical, Husband,*,Male,0,0,70,North America,<=50K
19137,"[30, 40[", Private,25864,High School,9,Separated,Technical, Unmarried,*,Female,0,0,40,North America,<=50K
19138,"[30, 40[", Private,149531,High School,9,Married-civ-spouse,Technical, Husband,*,Male,0,0,50,North America,<=50K
19139,"[30, 40[", Private,33887,Undergraduate,10,Divorced,Technical, Not-in-family,*,Male,0,0,40,North America,<=50K
19140,"[40, 50[", Private,172822,High School,7,Divorced,Other, Not-in-family,*,Male,0,2824,76,North America,>50K
19141,"[50, 60[", Private,106748,High School,4,Married-civ-spouse,Other, Wife,*,Female,0,0,99,North America,<=50K
19142,"[40, 50[", Private,131826,Undergraduate,10,Married-civ-spouse,Nontechnical, Husband,*,Male,0,0,40,North America,<=50K
19143,"[50, 60[", Local-gov,216691,Graduate,16,Divorced,Technical, Not-in-family,*,Female,10520,0,40,North America,>50K
19144,"[30, 40[", Private,133328,High School,9,Divorced,Nontechnical, Unmarried,*,Female,0,0,40,North America,<=50K
19145,"[20, 30[", Private,164737,Undergraduate,10,Never-married,Nontechnical, Not-in-family,*,Female,0,0,40,North America,<=50K
19146,"[50, 60[", Local-gov,99064,High School,5,Married-civ-spouse,Technical, Husband,*,Male,0,0,40,North America,<=50K
19147,"[40, 50[", State-gov,59460,High School,9,Married-civ-spouse,Other, Wife,*,Female,0,0,15,North America,<=50K
19148,"[20, 30[", Private,208725,Undergraduate,13,Never-married,Technical, Own-child,*,Male,0,0,40,North America,<=50K
19149,"[20, 30[", Private,138513,Undergraduate,10,Never-married,Technical, Own-child,*,Male,0,0,40,North America,<=50K
19150,"[40, 50[", Private,121055,High School,9,Divorced,Other, Not-in-family,*,Male,0,0,40,North America,<=50K
19151,"[50, 60[", Private,149784,High School,9,Married-civ-spouse,Technical, Husband,*,Male,0,0,40,North America,<=50K
19152,"[50, 60[", Private,114495,High School,9,Married-civ-spouse,Nontechnical, Husband,*,Male,0,0,40,North America,<=50K
19153,"[30, 40[", ?,133278,High School,8,Separated,Other, Unmarried,*,Female,0,0,53,North America,<=50K
19154,"[30, 40[", Private,212276,Undergraduate,13,Married-civ-spouse,Technical, Husband,*,Male,0,0,60,North America,>50K
19155,"[30, 40[", Private,440129,Undergraduate,10,Married-civ-spouse,Nontechnical, Husband,*,Male,0,0,38,North America,<=50K
19156,"[40, 50[", Private,98012,Graduate,14,Married-civ-spouse,Technical, Wife,*,Female,7688,0,40,North America,>50K
19157,"[20, 30[", Private,145284,High School,9,Married-civ-spouse,Other, Husband,*,Male,0,0,40,North America,<=50K
19158,"[20, 30[", Private,177147,Undergraduate,10,Never-married,Nontechnical, Not-in-family,*,Male,0,0,40,North America,<=50K
19159,"[40, 50[", Private,141537,High School,6,Divorced,Technical, Not-in-family,*,Female,0,0,40,North America,<=50K
19160,"[30, 40[", Self-emp-not-inc,48093,Undergraduate,10,Married-civ-spouse,Nontechnical, Husband,*,Male,0,0,92,North America,<=50K
19161,"[20, 30[", Local-gov,314819,High School,9,Never-married,Other, Own-child,*,Male,0,0,40,North America,<=50K
19162,"[40, 50[", Private,123572,High School,5,Married-civ-spouse,Technical, Husband,*,Male,0,0,40,North America,<=50K
19163,"[10, 20[", Private,170800,High School,9,Never-married,Technical, Own-child,*,Male,0,0,60,North America,<=50K
19164,"[40, 50[", Private,332401,Undergraduate,13,Never-married,Nontechnical, Not-in-family,*,Male,0,0,40,North America,<=50K
19165,"[60, 70[", Self-emp-not-inc,193038,Undergraduate,10,Married-civ-spouse,Other, Husband,*,Male,0,0,15,North America,<=50K
19166,"[40, 50[", Private,351161,High School,9,Married-civ-spouse,Nontechnical, Husband,*,Male,0,1848,45,North America,>50K
19167,"[40, 50[", Federal-gov,106910,High School,9,Never-married,Other, Unmarried,*,Female,0,0,40,North America,<=50K
19168,"[60, 70[", ?,163726,Primary School,3,Married-civ-spouse,Other, Husband,*,Male,0,0,49,North America,<=50K
19170,"[50, 60[", State-gov,314627,Graduate,14,Divorced,Technical, Not-in-family,*,Female,0,0,40,North America,<=50K
19173,"[10, 20[", Private,167878,High School,7,Never-married,Other, Own-child,*,Male,0,0,20,North America,<=50K
19174,"[20, 30[", Private,176972,Professional Education,11,Never-married,Technical, Not-in-family,*,Male,0,0,40,North America,<=50K
19175,"[30, 40[", Self-emp-not-inc,31095,Professional Education,11,Never-married,Other, Not-in-family,*,Male,0,0,60,North America,<=50K
19176,"[40, 50[", Private,130834,Undergraduate,10,Never-married,Other, Not-in-family,*,Female,0,0,40,North America,<=50K
19178,"[50, 60[", Local-gov,264457,High School,7,Married-civ-spouse,Nontechnical, Husband,*,Male,0,0,40,North America,<=50K
19179,"[50, 60[", Private,340588,Primary School,2,Married-civ-spouse,Other, Husband,*,Male,0,0,54,North America,<=50K
19181,"[20, 30[", Private,107411,High School,9,Never-married,Nontechnical, Not-in-family,*,Female,0,0,45,North America,<=50K
19183,"[20, 30[", Private,106179,Undergraduate,13,Never-married,Other, Not-in-family,*,Female,0,0,35,North America,<=50K
19184,"[10, 20[", Private,247679,High School,9,Never-married,Technical, Not-in-family,*,Male,0,0,45,North America,<=50K
19186,"[20, 30[", Private,234460,High School,4,Never-married,Technical, Own-child,*,Female,0,0,40,North America,<=50K
19187,"[60, 70[", Private,196674,Undergraduate,13,Married-civ-spouse,Nontechnical, Husband,*,Male,0,0,15,North America,>50K
19188,"[20, 30[", Private,182540,High School,7,Never-married,Technical, Not-in-family,*,Male,0,0,40,North America,<=50K
19189,"[30, 40[", Private,172694,High School,9,Married-civ-spouse,Technical, Husband,*,Male,0,0,40,North America,<=50K
19190,"[10, 20[", Private,29571,High School,8,Never-married,Nontechnical, Own-child,*,Male,0,0,15,North America,<=50K
19191,"[20, 30[", Private,130438,High School,9,Never-married,Technical, Not-in-family,*,Male,0,0,40,North America,<=50K
19192,"[20, 30[", Private,213421,Professional Education,15,Never-married,Technical, Not-in-family,*,Male,0,0,50,North America,<=50K
19193,"[40, 50[", Local-gov,189956,Undergraduate,13,Married-civ-spouse,Other, Wife,*,Female,15024,0,40,North America,>50K
19194,"[60, 70[", Private,133144,High School,9,Married-civ-spouse,Other, Husband,*,Male,0,0,16,North America,<=50K
19195,"[60, 70[", Self-emp-inc,24050,High School,9,Widowed,Nontechnical, Not-in-family,*,Female,0,0,15,North America,<=50K
19196,"[20, 30[", Private,276967,Undergraduate,10,Married-civ-spouse,Nontechnical, Husband,*,Male,0,0,40,North America,<=50K
19197,"[40, 50[", Private,184857,High School,9,Separated,Technical, Unmarried,*,Male,0,0,40,North America,<=50K
19198,"[40, 50[", Private,145160,Graduate,16,Married-civ-spouse,Technical, Husband,*,Male,0,0,40,North America,>50K
19199,"[30, 40[", Private,192251,High School,9,Divorced,Other, Own-child,*,Female,0,0,40,North America,<=50K
19200,"[20, 30[", Private,190650,Undergraduate,13,Never-married,Technical, Own-child,*,Male,0,0,40,Asia,<=50K
19201,"[50, 60[", Local-gov,255927,Undergraduate,10,Widowed,Other, Not-in-family,*,Female,0,0,24,North America,<=50K
19202,"[40, 50[", Private,99086,Undergraduate,10,Married-civ-spouse,Other, Wife,*,Female,0,0,40,North America,>50K
19203,"[30, 40[", Private,216811,High School,9,Married-civ-spouse,Technical, Husband,*,Male,0,0,40,North America,<=50K
19204,"[50, 60[", Private,110563,Undergraduate,10,Married-civ-spouse,Nontechnical, Husband,*,Male,0,0,40,North America,>50K
19205,"[20, 30[", Private,120471,High School,9,Never-married,Other, Not-in-family,*,Male,0,0,40,North America,<=50K
19206,"[10, 20[", Private,183066,High School,6,Never-married,Other, Own-child,*,Female,0,0,25,North America,<=50K
19207,"[40, 50[", State-gov,298786,Undergraduate,10,Never-married,Other, Own-child,*,Female,0,0,40,North America,<=50K
19208,"[40, 50[", Private,297884,Undergraduate,13,Divorced,Nontechnical, Not-in-family,*,Male,0,0,40,North America,>50K
19209,"[20, 30[", Private,253612,Undergraduate,10,Never-married,Technical, Own-child,*,Female,1055,0,32,North America,<=50K
19211,"[10, 20[", Private,148522,High School,7,Never-married,Other, Own-child,*,Male,0,1721,15,North America,<=50K
19213,"[20, 30[", Private,165474,Undergraduate,10,Never-married,Technical, Not-in-family,*,Male,0,0,40,North America,<=50K
19214,"[40, 50[", Private,120277,Undergraduate,13,Married-civ-spouse,Technical, Husband,*,Male,0,0,40,North America,>50K
19215,"[10, 20[", Self-emp-not-inc,67929,Undergraduate,10,Never-married,Other, Own-child,*,Male,0,0,50,North America,<=50K
19216,"[60, 70[", Private,229418,High School,9,Married-civ-spouse,Other, Husband,*,Male,0,0,40,North America,<=50K
19217,"[20, 30[", Federal-gov,41356,Professional Education,12,Never-married,Nontechnical, Unmarried,*,Female,0,0,32,North America,<=50K
19218,"[20, 30[", Private,185127,Undergraduate,10,Never-married,Technical, Not-in-family,*,Male,0,0,54,North America,<=50K
19219,"[30, 40[", Private,109133,Professional Education,12,Married-civ-spouse,Nontechnical, Husband,*,Male,0,1977,45,North America,>50K
19220,"[50, 60[", Private,148315,High School,9,Married-civ-spouse,Nontechnical, Husband,*,Male,0,0,30,North America,<=50K
19221,"[30, 40[", Local-gov,145692,Undergraduate,10,Never-married,Other, Not-in-family,*,Male,0,1974,40,North America,<=50K
19222,"[40, 50[", Private,210424,High School,9,Separated,Other, Unmarried,*,Female,914,0,40,North America,<=50K
19223,"[70, 80[", Private,198526,High School,9,Widowed,Other, Other-relative,*,Female,0,0,32,North America,<=50K
19224,"[20, 30[", Private,521400,Primary School,3,Never-married,Technical, Other-relative,*,Male,0,0,40,North America,<=50K
19225,"[30, 40[", Private,100882,Graduate,14,Never-married,Nontechnical, Not-in-family,*,Male,0,0,40,North America,>50K
19226,"[30, 40[", Private,124818,High School,9,Married-civ-spouse,Technical, Husband,*,Male,0,0,40,North America,<=50K
19227,"[20, 30[", Private,190836,High School,9,Married-civ-spouse,Technical, Husband,*,Male,3411,0,40,North America,<=50K
19228,"[50, 60[", Private,71367,High School,9,Divorced,Other, Unmarried,*,Female,0,0,40,North America,<=50K
19229,"[30, 40[", Private,303032,Undergraduate,10,Never-married,Other, Unmarried,*,Female,0,0,40,North America,<=50K
19230,"[30, 40[", ?,98989,High School,5,Divorced,Other, Own-child,*,Male,0,0,38,North America,<=50K
19231,"[40, 50[", State-gov,390781,High School,9,Divorced,Other, Not-in-family,*,Female,0,0,48,North America,<=50K
19232,"[30, 40[", Private,54782,Undergraduate,10,Never-married,Technical, Own-child,*,Female,0,0,40,North America,<=50K
19233,"[30, 40[", ?,202683,Undergraduate,13,Never-married,Other, Not-in-family,*,Male,0,0,40,North America,<=50K
19234,"[20, 30[", Private,213081,High School,9,Never-married,Other, Unmarried,*,Female,0,0,40,North America,<=50K
19235,"[20, 30[", Self-emp-inc,89718,Undergraduate,10,Separated,Nontechnical, Own-child,*,Female,0,0,40,North America,<=50K
19236,"[10, 20[", Private,225106,High School,6,Never-married,Other, Own-child,*,Female,0,1602,18,North America,<=50K
19237,"[20, 30[", Private,253262,Undergraduate,10,Never-married,Technical, Not-in-family,*,Female,0,0,40,North America,<=50K
19238,"[10, 20[", Private,78181,High School,7,Never-married,Other, Own-child,*,Female,0,0,30,North America,<=50K
19239,"[20, 30[", Private,158206,Undergraduate,10,Never-married,Nontechnical, Not-in-family,*,Male,0,0,30,North America,<=50K
19240,"[60, 70[", ?,337720,High School,9,Married-civ-spouse,Other, Husband,*,Male,0,0,24,North America,<=50K
19241,"[10, 20[", State-gov,391257,Undergraduate,10,Never-married,Other, Not-in-family,*,Female,0,0,40,North America,<=50K
19242,"[50, 60[", Private,134756,High School,9,Never-married,Other, Not-in-family,*,Female,0,0,40,North America,<=50K
19243,"[40, 50[", Private,183404,Undergraduate,10,Separated,Other, Unmarried,*,Female,0,0,8,North America,<=50K
19244,"[40, 50[", Private,192793,Undergraduate,10,Divorced,Nontechnical, Not-in-family,*,Male,0,0,40,North America,<=50K
19245,"[40, 50[", Private,203943,High School,8,Married-civ-spouse,Other, Husband,*,Male,0,0,40,Unknown,<=50K
19246,"[50, 60[", Private,89400,Undergraduate,10,Widowed,Nontechnical, Unmarried,*,Female,0,0,40,North America,<=50K
19247,"[50, 60[", Private,237868,Graduate,14,Married-civ-spouse,Nontechnical, Husband,*,Male,0,0,50,North America,>50K
19248,"[20, 30[", Private,139187,High School,7,Never-married,Nontechnical, Own-child,*,Male,0,0,50,North America,<=50K
19250,"[50, 60[", Self-emp-inc,172175,Undergraduate,10,Married-civ-spouse,Other, Husband,*,Male,0,0,40,North America,>50K
19251,"[40, 50[", Private,164210,Undergraduate,10,Divorced,Nontechnical, Not-in-family,*,Female,0,0,40,North America,<=50K
19252,"[50, 60[", Local-gov,608184,High School,9,Married-civ-spouse,Other, Husband,*,Male,0,0,40,North America,>50K
19254,"[50, 60[", Local-gov,425804,Undergraduate,13,Divorced,Nontechnical, Not-in-family,*,Female,0,0,40,North America,>50K
19255,"[20, 30[", ?,117618,Undergraduate,13,Never-married,Other, Not-in-family,*,Male,0,0,25,North America,<=50K
19257,"[40, 50[", Self-emp-inc,92036,Undergraduate,13,Married-civ-spouse,Technical, Husband,*,Male,0,0,40,North America,<=50K
19258,"[30, 40[", State-gov,77146,Graduate,14,Never-married,Technical, Not-in-family,*,Male,0,0,40,North America,<=50K
19259,"[20, 30[", Self-emp-not-inc,191803,Professional Education,12,Never-married,Nontechnical, Not-in-family,*,Male,0,0,50,North America,<=50K
19260,"[20, 30[", Private,54932,High School,9,Married-civ-spouse,Technical, Husband,*,Male,0,0,40,North America,<=50K
19261,"[20, 30[", Private,251694,Undergraduate,13,Never-married,Other, Own-child,*,Male,0,0,50,North America,<=50K
19262,"[20, 30[", Private,268145,Undergraduate,13,Never-married,Nontechnical, Not-in-family,*,Female,0,0,40,North America,<=50K
19263,"[50, 60[", Private,104842,Undergraduate,13,Divorced,Technical, Unmarried,*,Female,0,0,50,North America,<=50K
19264,"[60, 70[", Local-gov,227332,Graduate,14,Married-civ-spouse,Nontechnical, Husband,*,Male,0,0,40,North America,>50K
19265,"[30, 40[", Private,212512,High School,9,Married-civ-spouse,Technical, Husband,*,Male,3464,0,50,North America,<=50K
19266,"[50, 60[", Private,133436,High School,4,Divorced,Technical, Not-in-family,*,Female,0,0,40,North America,<=50K
19267,"[20, 30[", State-gov,309055,Undergraduate,10,Never-married,Other, Own-child,*,Female,0,0,20,North America,<=50K
19268,"[10, 20[", Private,59202,High School,9,Never-married,Other, Other-relative,*,Female,0,0,10,North America,<=50K
19269,"[30, 40[", Private,32709,Undergraduate,10,Divorced,Nontechnical, Not-in-family,*,Female,3325,0,45,North America,<=50K
19270,"[60, 70[", Self-emp-inc,73559,High School,9,Married-civ-spouse,Nontechnical, Husband,*,Male,9386,0,50,North America,>50K
19271,"[30, 40[", Private,117963,High School,9,Never-married,Nontechnical, Not-in-family,*,Male,0,0,60,North America,<=50K
19272,"[20, 30[", Private,169121,Undergraduate,13,Married-civ-spouse,Nontechnical, Husband,*,Male,0,0,48,North America,>50K
19273,"[10, 20[", Private,308889,High School,7,Never-married,Other, Other-relative,*,Female,0,0,20,North America,<=50K
19274,"[40, 50[", Local-gov,144940,Graduate,14,Divorced,Technical, Unmarried,*,Female,0,0,40,North America,<=50K
19275,"[60, 70[", Private,102041,High School,7,Married-civ-spouse,Nontechnical, Husband,*,Male,0,0,40,North America,<=50K
19276,"[20, 30[", Private,335998,High School,9,Never-married,Nontechnical, Not-in-family,*,Female,0,0,38,North America,<=50K
19277,"[50, 60[", Private,29557,Undergraduate,10,Divorced,Technical, Not-in-family,*,Female,0,0,40,North America,<=50K
19278,"[20, 30[", Private,210313,High School,9,Never-married,Nontechnical, Other-relative,*,Male,0,0,28,North America,<=50K
19279,"[30, 40[", Private,190784,Undergraduate,10,Divorced,Technical, Unmarried,*,Male,0,0,40,North America,<=50K
19280,"[40, 50[", Self-emp-not-inc,107597,High School,9,Divorced,Nontechnical, Unmarried,*,Female,14084,0,30,North America,>50K
19281,"[50, 60[", Private,97168,High School,6,Married-civ-spouse,Technical, Husband,*,Male,0,0,40,North America,>50K
19282,"[40, 50[", Private,155930,Graduate,14,Married-civ-spouse,Technical, Husband,*,Male,7688,0,55,North America,>50K
19283,"[60, 70[", Self-emp-not-inc,181033,High School,9,Married-civ-spouse,Other, Husband,*,Male,0,0,60,North America,<=50K
19284,"[40, 50[", ?,344572,High School,9,Divorced,Other, Unmarried,*,Female,0,0,40,North America,<=50K
19285,"[40, 50[", State-gov,170165,High School,9,Separated,Other, Unmarried,*,Female,0,0,37,North America,<=50K
19286,"[30, 40[", Private,178835,High School,9,Never-married,Other, Not-in-family,*,Male,0,0,40,North America,<=50K
19287,"[20, 30[", Private,118230,High School,9,Never-married,Nontechnical, Not-in-family,*,Female,0,0,35,North America,<=50K
19288,"[40, 50[", Private,149640,Graduate,14,Never-married,Nontechnical, Not-in-family,*,Male,0,0,40,North America,<=50K
19289,"[30, 40[", Private,30271,Undergraduate,10,Divorced,Nontechnical, Unmarried,*,Female,0,0,30,North America,<=50K
19290,"[20, 30[", Private,154165,High School,9,Never-married,Nontechnical, Own-child,*,Female,0,0,35,North America,<=50K
19291,"[50, 60[", Self-emp-not-inc,341797,Professional Education,15,Married-civ-spouse,Technical, Husband,*,Male,0,0,50,North America,>50K
19292,"[40, 50[", Local-gov,145246,Graduate,14,Married-civ-spouse,Technical, Husband,*,Male,0,0,44,North America,>50K
19293,"[50, 60[", Private,280093,High School,9,Separated,Other, Other-relative,*,Female,0,0,40,North America,<=50K
19294,"[40, 50[", Private,373469,High School,9,Married-civ-spouse,Technical, Husband,*,Male,0,0,40,North America,>50K
19295,"[20, 30[", Private,199172,Undergraduate,13,Never-married,Other, Own-child,*,Female,0,0,40,North America,<=50K
19296,"[70, 80[", Self-emp-not-inc,177199,High School,9,Married-civ-spouse,Nontechnical, Husband,*,Male,0,0,3,North America,<=50K
19297,"[30, 40[", Private,258932,High School,9,Divorced,Nontechnical, Not-in-family,*,Female,0,0,40,North America,<=50K
19298,"[60, 70[", Self-emp-not-inc,139960,High School,9,Married-civ-spouse,Other, Husband,*,Male,10605,0,60,North America,>50K
19300,"[30, 40[", Private,116677,High School,9,Married-civ-spouse,Technical, Husband,*,Male,0,0,40,North America,<=50K
19301,"[30, 40[", Private,59496,Undergraduate,10,Divorced,Technical, Unmarried,*,Female,0,0,40,North America,<=50K
19302,"[40, 50[", Self-emp-inc,34218,Undergraduate,10,Married-civ-spouse,Nontechnical, Husband,*,Male,0,0,40,North America,<=50K
19303,"[30, 40[", Private,200246,High School,5,Never-married,Other, Own-child,*,Male,0,0,40,North America,<=50K
19304,"[60, 70[", Federal-gov,316246,Undergraduate,13,Divorced,Other, Not-in-family,*,Female,0,0,40,North America,<=50K
19305,"[30, 40[", Local-gov,239161,Undergraduate,10,Separated,Other, Own-child,*,Male,0,0,52,North America,<=50K
19306,"[40, 50[", Self-emp-not-inc,173411,High School,9,Divorced,Nontechnical, Not-in-family,*,Male,0,0,40,North America,<=50K
19307,"[20, 30[", Private,259226,High School,7,Never-married,Technical, Own-child,*,Male,0,0,48,North America,<=50K
19308,"[30, 40[", Local-gov,195516,High School,9,Divorced,Nontechnical, Not-in-family,*,Male,0,0,40,North America,<=50K
19309,"[30, 40[", Private,200598,Professional Education,12,Married-civ-spouse,Technical, Husband,*,Male,0,1740,45,North America,<=50K
19310,"[40, 50[", State-gov,160369,Graduate,14,Married-civ-spouse,Technical, Husband,*,Male,0,0,50,North America,>50K
19311,"[20, 30[", ?,415913,Undergraduate,10,Never-married,Other, Own-child,*,Male,0,0,40,North America,<=50K
19312,"[20, 30[", Private,147253,Professional Education,12,Never-married,Nontechnical, Not-in-family,*,Male,0,0,40,North America,<=50K
19313,"[30, 40[", Local-gov,199674,High School,9,Never-married,Other, Unmarried,*,Female,0,0,40,North America,<=50K
19314,"[20, 30[", State-gov,198493,Professional Education,11,Married-civ-spouse,Other, Husband,*,Male,0,0,40,North America,>50K
19315,"[20, 30[", Private,377121,Undergraduate,10,Never-married,Other, Unmarried,*,Female,0,0,25,North America,<=50K
19316,"[20, 30[", Private,400635,Undergraduate,10,Never-married,Other, Not-in-family,*,Female,0,0,20,Unknown,<=50K
19317,"[40, 50[", Private,513660,Undergraduate,13,Never-married,Technical, Not-in-family,*,Male,0,0,40,North America,<=50K
19318,"[20, 30[", ?,175069,Undergraduate,13,Never-married,Other, Not-in-family,*,Male,0,0,50,North America,<=50K
19319,"[30, 40[", Private,82552,High School,9,Never-married,Nontechnical, Not-in-family,*,Male,594,0,50,North America,<=50K
19320,"[20, 30[", ?,78388,High School,6,Never-married,Other, Own-child,*,Female,0,0,38,North America,<=50K
19321,"[20, 30[", Private,171705,High School,9,Never-married,Nontechnical, Unmarried,*,Female,0,0,48,North America,<=50K
19323,"[40, 50[", Private,266860,Graduate,14,Married-civ-spouse,Nontechnical, Husband,*,Male,15024,0,50,North America,>50K
19327,"[40, 50[", Private,327606,High School,8,Separated,Technical, Not-in-family,*,Male,0,0,40,North America,<=50K
19328,"[40, 50[", Private,34845,High School,9,Divorced,Technical, Other-relative,*,Male,0,0,40,North America,<=50K
19329,"[30, 40[", Private,58582,High School,9,Married-civ-spouse,Technical, Husband,*,Male,0,0,40,North America,<=50K
19330,"[40, 50[", Private,155659,Professional Education,11,Married-civ-spouse,Technical, Husband,*,Male,0,0,40,North America,<=50K
19331,"[20, 30[", Local-gov,210029,Undergraduate,10,Never-married,Other, Own-child,*,Female,0,0,20,North America,<=50K
19332,"[20, 30[", Private,381618,High School,5,Married-civ-spouse,Technical, Husband,*,Male,0,0,45,North America,<=50K
19333,"[50, 60[", Self-emp-inc,298449,Undergraduate,13,Married-civ-spouse,Nontechnical, Husband,*,Male,0,2415,50,North America,>50K
19334,"[30, 40[", State-gov,226789,Graduate,14,Married-civ-spouse,Technical, Husband,*,Male,0,0,75,North America,<=50K
19335,"[50, 60[", Private,210736,Undergraduate,10,Married-civ-spouse,Nontechnical, Husband,*,Male,3103,0,55,North America,>50K
19336,"[40, 50[", State-gov,111163,High School,9,Separated,Other, Unmarried,*,Female,0,0,38,North America,<=50K
19337,"[70, 80[", ?,76860,High School,9,Married-civ-spouse,Other, Husband,*,Male,0,0,1,North America,<=50K
19338,"[10, 20[", Private,92112,High School,9,Never-married,Other, Own-child,*,Female,0,0,30,North America,<=50K
19339,"[60, 70[", Local-gov,136787,High School,9,Divorced,Other, Other-relative,*,Male,0,0,40,North America,<=50K
19340,"[20, 30[", Private,29810,Undergraduate,10,Never-married,Other, Own-child,*,Female,0,0,30,North America,<=50K
19341,"[40, 50[", Private,360884,Undergraduate,10,Married-civ-spouse,Other, Wife,*,Female,7298,0,40,North America,>50K
19342,"[20, 30[", Private,266022,Undergraduate,10,Married-civ-spouse,Nontechnical, Husband,*,Male,0,0,50,North America,<=50K
19344,"[20, 30[", Self-emp-not-inc,72338,High School,9,Never-married,Nontechnical, Unmarried,*,Female,0,0,40,North America,<=50K
19345,"[40, 50[", ?,177305,Professional Education,11,Married-civ-spouse,Other, Wife,*,Female,0,0,35,North America,>50K
19347,"[40, 50[", Private,424478,Undergraduate,10,Married-civ-spouse,Technical, Husband,*,Male,0,0,45,North America,>50K
19349,"[30, 40[", Private,34180,High School,9,Married-civ-spouse,Technical, Husband,*,Male,0,0,40,North America,<=50K
19350,"[30, 40[", Private,183279,Undergraduate,10,Married-civ-spouse,Technical, Husband,*,Male,0,0,43,North America,<=50K
19352,"[20, 30[", Private,259109,Professional Education,12,Married-civ-spouse,Other, Wife,*,Female,0,0,40,North America,<=50K
19355,"[30, 40[", Self-emp-inc,172538,Undergraduate,13,Married-civ-spouse,Technical, Husband,*,Male,0,0,50,North America,>50K
19356,"[30, 40[", Self-emp-not-inc,410615,High School,9,Married-civ-spouse,Other, Husband,*,Male,0,1887,60,North America,>50K
19357,"[20, 30[", Private,322547,Undergraduate,13,Never-married,Technical, Not-in-family,*,Female,0,0,45,North America,<=50K
19358,"[30, 40[", Private,300760,High School,9,Divorced,Technical, Unmarried,*,Female,0,0,50,North America,<=50K
19359,"[20, 30[", Private,232782,Undergraduate,10,Never-married,Other, Not-in-family,*,Female,0,0,40,North America,<=50K
19360,"[20, 30[", Private,174645,High School,7,Divorced,Technical, Unmarried,*,Female,0,0,52,North America,<=50K
19361,"[40, 50[", Private,164693,Professional Education,11,Married-civ-spouse,Technical, Husband,*,Male,0,0,50,North America,<=50K
19362,"[20, 30[", Private,206861,Undergraduate,10,Never-married,Technical, Own-child,*,Male,0,0,25,North America,<=50K
19363,"[30, 40[", Private,195602,Undergraduate,13,Married-civ-spouse,Nontechnical, Husband,*,Male,0,1977,45,North America,>50K
19364,"[30, 40[", Self-emp-not-inc,422960,Undergraduate,10,Married-civ-spouse,Technical, Wife,*,Female,0,0,60,North America,>50K
19365,"[40, 50[", Private,116360,High School,9,Divorced,Other, Not-in-family,*,Female,0,0,35,North America,<=50K
19366,"[40, 50[", Private,278530,High School,9,Divorced,Technical, Unmarried,*,Male,0,0,40,North America,<=50K
19367,"[40, 50[", Local-gov,188291,Professional Education,15,Married-civ-spouse,Technical, Husband,*,Male,15024,0,45,North America,>50K
19368,"[50, 60[", Self-emp-not-inc,163948,High School,9,Married-civ-spouse,Other, Husband,*,Male,0,0,40,North America,>50K
19370,"[50, 60[", Private,101468,High School,9,Married-civ-spouse,Technical, Husband,*,Male,3103,0,40,North America,>50K
19371,"[20, 30[", Private,107882,Undergraduate,13,Never-married,Nontechnical, Own-child,*,Female,0,0,35,North America,<=50K
19372,"[30, 40[", Self-emp-not-inc,182691,High School,9,Never-married,Other, Unmarried,*,Male,0,0,60,North America,<=50K
19373,"[20, 30[", Private,203776,Professional Education,12,Married-civ-spouse,Nontechnical, Husband,*,Male,0,0,55,North America,<=50K
19374,"[20, 30[", Private,201268,Undergraduate,13,Never-married,Nontechnical, Own-child,*,Female,0,0,15,North America,<=50K
19375,"[40, 50[", Private,29762,High School,9,Divorced,Other, Not-in-family,*,Male,0,0,68,North America,<=50K
19376,"[30, 40[", Private,186346,High School,9,Separated,Other, Not-in-family,*,Female,0,0,40,North America,<=50K
19377,"[20, 30[", Private,196690,High School,9,Never-married,Technical, Not-in-family,*,Female,0,0,40,North America,<=50K
19378,"[40, 50[", Private,99604,Graduate,14,Married-civ-spouse,Technical, Wife,*,Female,15024,0,24,North America,>50K
19379,"[40, 50[", Private,194772,Undergraduate,10,Married-civ-spouse,Other, Husband,*,Male,0,0,55,North America,<=50K
19380,"[10, 20[", Private,95446,High School,6,Never-married,Other, Own-child,*,Male,0,0,15,North America,<=50K
19381,"[50, 60[", Self-emp-not-inc,257126,High School,8,Married-civ-spouse,Technical, Husband,*,Male,0,0,45,North America,<=50K
19382,"[50, 60[", Private,194733,Professional Education,12,Married-civ-spouse,Technical, Husband,*,Male,0,0,40,North America,>50K
19383,"[50, 60[", Self-emp-not-inc,98361,High School,9,Never-married,Technical, Own-child,*,Male,0,0,35,North America,<=50K
19384,"[40, 50[", Local-gov,124924,Professional Education,11,Never-married,Technical, Not-in-family,*,Male,0,0,44,North America,<=50K
19385,"[40, 50[", Self-emp-not-inc,111971,High School,9,Married-civ-spouse,Technical, Husband,*,Male,0,0,30,North America,<=50K
19386,"[50, 60[", Self-emp-not-inc,130714,Graduate,14,Married-civ-spouse,Nontechnical, Husband,*,Male,0,0,50,North America,<=50K
19387,"[30, 40[", Private,208358,High School,9,Married-civ-spouse,Technical, Husband,*,Male,0,0,40,North America,>50K
19388,"[60, 70[", Private,147627,High School,5,Never-married,Other, Not-in-family,*,Female,1055,0,22,North America,<=50K
19389,"[30, 40[", Private,149507,Professional Education,11,Married-civ-spouse,Technical, Husband,*,Male,3464,0,38,North America,<=50K
19390,"[30, 40[", Private,164870,High School,7,Married-civ-spouse,Technical, Husband,*,Male,0,0,40,North America,<=50K
19391,"[30, 40[", Private,236861,High School,9,Never-married,Nontechnical, Not-in-family,*,Male,0,1876,45,North America,<=50K
19392,"[30, 40[", Private,220314,High School,9,Divorced,Other, Unmarried,*,Female,0,0,40,North America,<=50K
19393,"[30, 40[", Local-gov,329980,High School,9,Never-married,Technical, Not-in-family,*,Male,0,1876,40,North America,<=50K
19394,"[50, 60[", Local-gov,318537,High School,8,Married-civ-spouse,Other, Husband,*,Male,0,0,40,North America,<=50K
19395,"[30, 40[", Private,183284,Undergraduate,13,Married-civ-spouse,Nontechnical, Husband,*,Male,0,0,50,North America,>50K
19396,"[20, 30[", Private,334368,Professional Education,11,Never-married,Technical, Not-in-family,*,Female,4650,0,40,North America,<=50K
19397,"[40, 50[", Private,109227,Undergraduate,10,Divorced,Nontechnical, Unmarried,*,Female,0,0,70,North America,<=50K
19398,"[30, 40[", Private,118551,Undergraduate,13,Never-married,Technical, Not-in-family,*,Female,0,0,40,North America,<=50K
19399,"[30, 40[", Self-emp-inc,163057,Undergraduate,10,Divorced,Technical, Not-in-family,*,Male,0,0,99,North America,<=50K
19400,"[60, 70[", Self-emp-inc,253101,Undergraduate,10,Widowed,Nontechnical, Not-in-family,*,Female,0,0,20,North America,<=50K
19401,"[30, 40[", Self-emp-not-inc,20098,Professional Education,11,Divorced,Technical, Not-in-family,*,Female,0,0,40,North America,<=50K
19402,"[30, 40[", Private,196227,High School,9,Separated,Other, Not-in-family,*,Female,0,0,40,North America,<=50K
19403,"[20, 30[", Private,175374,High School,9,Never-married,Other, Own-child,*,Male,0,0,40,North America,<=50K
19404,"[50, 60[", Private,234037,High School,9,Married-civ-spouse,Technical, Husband,*,Male,0,0,58,North America,<=50K
19405,"[40, 50[", Private,341762,High School,9,Never-married,Other, Not-in-family,*,Male,0,0,33,North America,<=50K
19406,"[20, 30[", Private,174714,High School,9,Never-married,Nontechnical, Own-child,*,Male,0,0,40,North America,<=50K
19407,"[20, 30[", Private,222835,Undergraduate,13,Never-married,Other, Own-child,*,Female,0,0,30,North America,<=50K
19409,"[20, 30[", Private,164219,High School,9,Never-married,Nontechnical, Own-child,*,Male,0,0,45,North America,<=50K
19410,"[30, 40[", Private,251120,Undergraduate,13,Married-civ-spouse,Nontechnical, Husband,*,Male,7688,0,50,North America,>50K
19411,"[30, 40[", Private,236993,Undergraduate,10,Never-married,Other, Unmarried,*,Female,0,0,30,North America,<=50K
19412,"[40, 50[", Local-gov,105896,Undergraduate,10,Divorced,Other, Unmarried,*,Female,0,0,40,North America,<=50K
19413,"[20, 30[", Private,211527,Undergraduate,10,Never-married,Nontechnical, Own-child,*,Male,0,0,60,North America,<=50K
19414,"[30, 40[", Private,317809,Undergraduate,13,Married-civ-spouse,Nontechnical, Husband,*,Male,0,0,50,Unknown,>50K
19415,"[20, 30[", Private,185287,Undergraduate,10,Never-married,Other, Not-in-family,*,Male,0,0,40,North America,<=50K
19416,"[50, 60[", Private,31014,High School,9,Married-civ-spouse,Technical, Wife,*,Female,0,0,40,North America,>50K
19417,"[40, 50[", Private,151985,Graduate,14,Married-civ-spouse,Nontechnical, Wife,*,Female,0,0,24,North America,>50K
19418,"[20, 30[", Private,89389,Undergraduate,10,Divorced,Technical, Not-in-family,*,Female,0,0,40,North America,<=50K
19419,"[30, 40[", Private,406051,Graduate,16,Never-married,Technical, Not-in-family,*,Female,0,0,80,North America,>50K
19420,"[40, 50[", Self-emp-not-inc,171986,High School,9,Divorced,Technical, Not-in-family,*,Male,0,0,15,North America,<=50K
19421,"[20, 30[", Private,167848,High School,9,Never-married,Technical, Not-in-family,*,Male,0,0,40,North America,<=50K
19422,"[40, 50[", Local-gov,213019,Graduate,14,Divorced,Technical, Unmarried,*,Female,0,0,40,North America,<=50K
19423,"[20, 30[", Private,211424,Undergraduate,13,Never-married,Other, Own-child,*,Male,0,0,40,North America,<=50K
19424,"[30, 40[", Private,168981,Professional Education,11,Never-married,Technical, Unmarried,*,Female,0,0,55,North America,<=50K
19425,"[20, 30[", Private,122348,Undergraduate,13,Married-civ-spouse,Nontechnical, Wife,*,Female,0,0,40,North America,<=50K
19427,"[20, 30[", Local-gov,176178,Professional Education,12,Never-married,Technical, Own-child,*,Female,0,0,2,North America,<=50K
19429,"[30, 40[", Local-gov,188612,Undergraduate,10,Married-civ-spouse,Technical, Husband,*,Male,0,0,45,North America,<=50K
19430,"[10, 20[", Private,445728,High School,9,Never-married,Technical, Not-in-family,*,Male,0,0,40,North America,<=50K
19431,"[10, 20[", Private,318002,High School,9,Never-married,Other, Own-child,*,Male,0,0,40,North America,<=50K
19432,"[20, 30[", Private,235722,High School,9,Never-married,Other, Not-in-family,*,Male,0,0,40,North America,<=50K
19433,"[50, 60[", ?,367984,Undergraduate,13,Married-civ-spouse,Other, Husband,*,Male,0,0,40,North America,<=50K
19435,"[40, 50[", Private,411273,High School,6,Divorced,Technical, Not-in-family,*,Male,0,0,40,North America,<=50K
19436,"[30, 40[", Private,103986,Professional Education,11,Married-civ-spouse,Technical, Husband,*,Male,0,0,40,North America,>50K
19437,"[40, 50[", Private,203761,Undergraduate,10,Married-civ-spouse,Nontechnical, Husband,*,Male,0,0,45,North America,>50K
19438,"[50, 60[", ?,266792,Undergraduate,10,Married-civ-spouse,Other, Husband,*,Male,99999,0,40,North America,>50K
19439,"[20, 30[", Private,116800,Professional Education,12,Never-married,Other, Own-child,*,Male,0,0,60,North America,<=50K
19440,"[20, 30[", State-gov,99199,Undergraduate,10,Never-married,Nontechnical, Own-child,*,Male,0,0,10,North America,<=50K
19441,"[50, 60[", Private,162327,Undergraduate,10,Married-civ-spouse,Nontechnical, Husband,*,Male,0,0,50,North America,<=50K
19442,"[40, 50[", Local-gov,100479,Professional Education,12,Married-civ-spouse,Technical, Husband,*,Male,0,0,48,North America,<=50K
19443,"[30, 40[", Local-gov,32587,Undergraduate,10,Married-civ-spouse,Other, Husband,*,Male,0,0,40,North America,<=50K
19444,"[30, 40[", Federal-gov,321990,Undergraduate,10,Married-civ-spouse,Other, Husband,*,Male,7298,0,48,North America,>50K
19445,"[50, 60[", Private,108914,High School,9,Married-civ-spouse,Nontechnical, Husband,*,Male,0,0,40,North America,>50K
19446,"[30, 40[", Self-emp-not-inc,61343,High School,9,Married-civ-spouse,Technical, Husband,*,Male,0,0,90,North America,<=50K
19447,"[40, 50[", Local-gov,81154,Professional Education,11,Never-married,Other, Unmarried,*,Male,0,0,48,North America,<=50K
19448,"[20, 30[", Private,162945,High School,9,Married-civ-spouse,Nontechnical, Husband,*,Male,0,2377,40,North America,<=50K
19449,"[30, 40[", Private,225504,Graduate,14,Never-married,Nontechnical, Not-in-family,*,Male,0,0,50,North America,<=50K
19450,"[40, 50[", Self-emp-inc,191712,Graduate,14,Married-civ-spouse,Technical, Husband,*,Male,0,2415,55,North America,>50K
19451,"[40, 50[", Private,176063,High School,9,Married-civ-spouse,Other, Husband,*,Male,0,0,50,North America,>50K
19452,"[30, 40[", Private,198587,Undergraduate,13,Divorced,Technical, Not-in-family,*,Male,0,0,40,North America,<=50K
19453,"[20, 30[", State-gov,34965,Undergraduate,10,Married-civ-spouse,Nontechnical, Husband,*,Male,0,0,12,North America,<=50K
19454,"[30, 40[", Self-emp-inc,467108,Undergraduate,13,Never-married,Technical, Not-in-family,*,Male,0,0,45,North America,>50K
19456,"[20, 30[", Private,204984,High School,9,Married-civ-spouse,Technical, Husband,*,Male,0,0,50,North America,<=50K
19457,"[50, 60[", Private,217568,High School,9,Widowed,Technical, Unmarried,*,Female,0,0,40,North America,<=50K
19458,"[50, 60[", Private,48343,Professional Education,11,Married-civ-spouse,Nontechnical, Husband,*,Male,0,0,40,North America,<=50K
19459,"[50, 60[", Private,193130,High School,9,Married-civ-spouse,Nontechnical, Husband,*,Male,0,1887,40,North America,>50K
19460,"[30, 40[", Private,253354,High School,6,Married-civ-spouse,Nontechnical, Husband,*,Male,0,0,40,North America,<=50K
19461,"[10, 20[", ?,258026,High School,9,Never-married,Other, Not-in-family,*,Female,0,0,16,North America,<=50K
19462,"[60, 70[", ?,211360,High School,9,Widowed,Other, Not-in-family,*,Female,0,0,30,North America,<=50K
19463,"[50, 60[", Private,191367,High School,9,Married-civ-spouse,Nontechnical, Husband,*,Male,0,0,40,North America,<=50K
19464,"[40, 50[", Private,148995,Graduate,14,Married-civ-spouse,Technical, Husband,*,Male,0,0,55,North America,>50K
19465,"[20, 30[", Private,123901,High School,9,Never-married,Technical, Own-child,*,Female,0,0,40,North America,<=50K
19466,"[50, 60[", Local-gov,117496,High School,9,Married-civ-spouse,Other, Wife,*,Female,7298,0,30,North America,>50K
19467,"[40, 50[", Self-emp-inc,32356,Undergraduate,13,Married-civ-spouse,Nontechnical, Husband,*,Male,0,0,51,North America,<=50K
19468,"[10, 20[", Private,206506,High School,6,Never-married,Nontechnical, Other-relative,*,Male,0,0,10,North America,<=50K
19469,"[30, 40[", Private,218729,High School,9,Divorced,Other, Not-in-family,*,Female,0,0,25,North America,<=50K
19470,"[40, 50[", Private,52498,High School,9,Divorced,Nontechnical, Unmarried,*,Female,0,0,40,North America,>50K
19471,"[20, 30[", Private,136767,High School,9,Married-civ-spouse,Technical, Husband,*,Male,0,0,30,North America,<=50K
19472,"[60, 70[", Private,219540,High School,9,Divorced,Technical, Not-in-family,*,Female,0,0,40,North America,<=50K
19473,"[30, 40[", Private,114059,Undergraduate,13,Married-civ-spouse,Nontechnical, Husband,*,Male,0,0,45,North America,<=50K
19474,"[50, 60[", Private,247337,Undergraduate,13,Married-civ-spouse,Technical, Husband,*,Male,0,0,50,North America,>50K
19475,"[40, 50[", State-gov,310969,Professional Education,15,Married-civ-spouse,Technical, Husband,*,Male,0,0,40,North America,<=50K
19476,"[40, 50[", Private,171546,Undergraduate,13,Married-civ-spouse,Technical, Husband,*,Male,0,0,45,North America,>50K
19477,"[40, 50[", Private,217455,High School,9,Divorced,Other, Unmarried,*,Female,0,0,40,North America,<=50K
19478,"[30, 40[", Private,410489,Undergraduate,13,Divorced,Technical, Not-in-family,*,Male,0,0,45,North America,<=50K
19479,"[50, 60[", Private,146391,Graduate,16,Married-civ-spouse,Technical, Husband,*,Male,0,0,50,North America,>50K
19480,"[40, 50[", Local-gov,165484,Professional Education,12,Married-civ-spouse,Nontechnical, Husband,*,Male,0,0,44,North America,>50K
19481,"[20, 30[", Private,184271,Undergraduate,13,Never-married,Technical, Not-in-family,*,Female,0,0,36,North America,<=50K
19482,"[40, 50[", Self-emp-not-inc,231347,Undergraduate,10,Separated,Technical, Not-in-family,*,Male,0,0,20,North America,<=50K
19483,"[50, 60[", Private,95469,Undergraduate,13,Married-civ-spouse,Other, Husband,*,Male,0,1902,40,North America,>50K
19484,"[40, 50[", Private,244025,High School,9,Never-married,Technical, Unmarried,*,Male,0,0,56,North America,<=50K
19485,"[40, 50[", Federal-gov,46537,Graduate,14,Never-married,Technical, Not-in-family,*,Female,0,0,40,North America,<=50K
19486,"[40, 50[", Private,205730,High School,9,Married-civ-spouse,Technical, Husband,*,Male,0,0,56,North America,>50K
19487,"[20, 30[", Private,383745,High School,9,Married-civ-spouse,Technical, Husband,*,Male,0,1887,30,North America,>50K
19488,"[30, 40[", Private,328199,Professional Education,11,Divorced,Nontechnical, Unmarried,*,Female,0,0,40,North America,<=50K
19491,"[20, 30[", Private,123983,Professional Education,11,Never-married,Technical, Own-child,*,Male,0,0,40,North America,<=50K
19492,"[70, 80[", ?,191024,Undergraduate,13,Married-civ-spouse,Other, Husband,*,Male,0,0,30,North America,<=50K
19493,"[20, 30[", Private,167868,Professional Education,11,Never-married,Other, Not-in-family,*,Female,0,0,40,North America,<=50K
19494,"[40, 50[", Private,225879,Undergraduate,10,Married-civ-spouse,Other, Wife,*,Female,0,0,30,North America,>50K
19496,"[10, 20[", Private,143791,High School,6,Never-married,Other, Own-child,*,Female,0,0,12,North America,<=50K
19497,"[50, 60[", Private,177271,Professional Education,11,Married-civ-spouse,Technical, Husband,*,Male,0,0,40,North America,>50K
19498,"[50, 60[", Federal-gov,129786,High School,6,Married-civ-spouse,Technical, Husband,*,Male,0,0,40,North America,<=50K
19499,"[40, 50[", Private,31339,Undergraduate,13,Married-civ-spouse,Other, Husband,*,Male,0,0,45,North America,>50K
19500,"[20, 30[", Private,236267,High School,9,Married-civ-spouse,Nontechnical, Husband,*,Male,0,0,40,North America,<=50K
19502,"[30, 40[", Private,208180,Professional Education,11,Married-civ-spouse,Technical, Wife,*,Female,0,0,24,North America,>50K
19503,"[20, 30[", Private,292058,High School,9,Never-married,Other, Other-relative,*,Male,0,0,30,North America,<=50K
19504,"[20, 30[", Federal-gov,142712,Undergraduate,10,Married-civ-spouse,Other, Husband,*,Male,0,0,40,North America,>50K
19505,"[20, 30[", Private,119665,High School,9,Never-married,Other, Not-in-family,*,Male,0,0,60,North America,<=50K
19506,"[40, 50[", Private,116825,Graduate,14,Married-civ-spouse,Technical, Husband,*,Male,0,0,55,North America,>50K
19507,"[40, 50[", State-gov,201177,Undergraduate,13,Married-civ-spouse,Nontechnical, Husband,*,Male,0,0,40,North America,>50K
19508,"[20, 30[", Private,118337,High School,9,Married-civ-spouse,Other, Husband,*,Male,0,0,60,North America,<=50K
19510,"[50, 60[", Private,289257,Undergraduate,10,Married-civ-spouse,Technical, Husband,*,Male,0,0,40,North America,<=50K
19512,"[40, 50[", Private,140581,Undergraduate,10,Widowed,Other, Unmarried,*,Female,0,0,40,North America,<=50K
19513,"[50, 60[", Private,174102,High School,9,Divorced,Technical, Own-child,*,Male,0,0,40,North America,<=50K
19514,"[20, 30[", Private,316509,High School,9,Never-married,Technical, Not-in-family,*,Male,0,0,50,North America,<=50K
19516,"[30, 40[", Private,187279,High School,9,Married-civ-spouse,Nontechnical, Husband,*,Male,0,0,44,North America,<=50K
19517,"[20, 30[", Private,259496,Undergraduate,10,Never-married,Nontechnical, Own-child,*,Female,0,0,20,North America,<=50K
19518,"[20, 30[", Self-emp-not-inc,181466,High School,9,Married-civ-spouse,Nontechnical, Husband,*,Male,0,0,35,North America,<=50K
19519,"[50, 60[", Private,178202,Undergraduate,10,Married-civ-spouse,Technical, Husband,*,Male,0,0,40,North America,<=50K
19520,"[60, 70[", Private,188976,Undergraduate,13,Married-civ-spouse,Other, Husband,*,Male,0,0,40,North America,<=50K
19521,"[20, 30[", Private,203027,High School,9,Never-married,Nontechnical, Own-child,*,Male,0,0,40,North America,<=50K
19522,"[30, 40[", State-gov,142022,High School,9,Married-civ-spouse,Other, Wife,*,Female,0,0,40,North America,<=50K
19523,"[30, 40[", Private,119033,High School,9,Married-civ-spouse,Technical, Husband,*,Male,0,0,40,North America,<=50K
19524,"[20, 30[", Private,216181,Undergraduate,10,Never-married,Nontechnical, Own-child,*,Male,0,0,35,North America,<=50K
19525,"[40, 50[", Private,178341,High School,6,Married-civ-spouse,Technical, Husband,*,Male,0,0,46,North America,>50K
19526,"[20, 30[", Local-gov,244408,Undergraduate,13,Never-married,Technical, Unmarried,*,Female,0,0,40,Asia,<=50K
19527,"[30, 40[", Private,198953,Undergraduate,10,Separated,Other, Unmarried,*,Female,0,0,38,North America,<=50K
19528,"[20, 30[", Private,173110,High School,9,Never-married,Nontechnical, Not-in-family,*,Female,0,0,40,North America,<=50K
19529,"[30, 40[", Private,66326,High School,9,Married-civ-spouse,Other, Husband,*,Male,0,0,99,North America,<=50K
19530,"[30, 40[", Local-gov,181091,Undergraduate,13,Married-civ-spouse,Other, Husband,*,Male,0,0,40,North America,<=50K
19531,"[30, 40[", Self-emp-inc,135500,High School,9,Married-civ-spouse,Nontechnical, Husband,*,Male,0,1977,40,North America,>50K
19533,"[20, 30[", Private,86483,Undergraduate,10,Never-married,Nontechnical, Not-in-family,*,Female,0,0,40,North America,<=50K
19534,"[40, 50[", Private,167787,High School,9,Never-married,Other, Other-relative,*,Female,0,0,40,North America,<=50K
19535,"[20, 30[", Self-emp-not-inc,208577,High School,9,Never-married,Technical, Not-in-family,*,Male,0,2258,50,North America,<=50K
19536,"[40, 50[", Private,216697,Undergraduate,10,Married-civ-spouse,Other, Husband,*,Male,0,0,32,North America,<=50K
19537,"[30, 40[", Local-gov,118457,Undergraduate,13,Never-married,Technical, Not-in-family,*,Male,0,0,55,North America,<=50K
19538,"[20, 30[", Private,298635,Undergraduate,10,Never-married,Nontechnical, Own-child,*,Male,0,0,30,Asia,<=50K
19539,"[20, 30[", Local-gov,212780,High School,8,Never-married,Nontechnical, Unmarried,*,Female,0,0,20,North America,<=50K
19540,"[30, 40[", Private,159187,Professional Education,11,Never-married,Technical, Not-in-family,*,Male,0,0,40,North America,<=50K
19541,"[30, 40[", Private,237995,Professional Education,11,Divorced,Technical, Not-in-family,*,Male,0,0,48,North America,<=50K
19543,"[30, 40[", Self-emp-inc,183800,Professional Education,12,Married-civ-spouse,Nontechnical, Husband,*,Male,0,1887,40,North America,>50K
19544,"[50, 60[", ?,185936,High School,5,Divorced,Other, Not-in-family,*,Female,0,0,15,North America,<=50K
19545,"[20, 30[", Private,161198,Undergraduate,13,Never-married,Technical, Not-in-family,*,Male,0,0,25,North America,<=50K
19546,"[20, 30[", ?,113635,High School,7,Never-married,Other, Not-in-family,*,Male,0,0,30,North America,<=50K
19547,"[20, 30[", Private,214542,Undergraduate,10,Never-married,Other, Own-child,*,Male,0,0,40,North America,<=50K
19548,"[50, 60[", ?,172991,High School,9,Married-civ-spouse,Other, Husband,*,Male,0,0,40,North America,<=50K
19549,"[40, 50[", Private,203761,High School,9,Married-civ-spouse,Technical, Husband,*,Male,0,0,40,North America,>50K
19550,"[30, 40[", Private,161141,Undergraduate,10,Married-civ-spouse,Technical, Husband,*,Male,0,0,48,North America,>50K
19551,"[70, 80[", Private,180117,High School,6,Married-civ-spouse,Technical, Husband,*,Male,0,0,40,North America,<=50K
19552,"[50, 60[", Private,317396,Undergraduate,10,Divorced,Other, Unmarried,*,Female,0,0,40,North America,<=50K
19553,"[50, 60[", Self-emp-not-inc,237868,Undergraduate,10,Never-married,Other, Unmarried,*,Male,0,0,5,North America,<=50K
19554,"[30, 40[", Private,323069,Undergraduate,13,Never-married,Nontechnical, Not-in-family,*,Female,0,0,40,North America,<=50K
19555,"[30, 40[", Private,181091,High School,9,Married-civ-spouse,Technical, Husband,*,Male,7688,0,40,North America,>50K
19556,"[30, 40[", Private,309122,High School,6,Divorced,Technical, Not-in-family,*,Female,0,0,40,North America,<=50K
19557,"[40, 50[", Federal-gov,105936,Professional Education,11,Never-married,Technical, Not-in-family,*,Female,13550,0,40,North America,>50K
19558,"[40, 50[", Private,40024,High School,7,Never-married,Other, Not-in-family,*,Male,0,0,42,North America,<=50K
19559,"[30, 40[", Federal-gov,192443,Undergraduate,10,Never-married,Nontechnical, Not-in-family,*,Male,13550,0,40,North America,>50K
19560,"[20, 30[", State-gov,184216,Undergraduate,10,Never-married,Other, Own-child,*,Female,0,0,40,North America,<=50K
19562,"[50, 60[", Private,205422,High School,6,Married-civ-spouse,Other, Wife,*,Female,0,0,40,North America,<=50K
19563,"[50, 60[", Private,22211,Graduate,14,Married-civ-spouse,Technical, Husband,*,Male,0,1902,60,North America,>50K
19564,"[40, 50[", Local-gov,196308,High School,9,Divorced,Nontechnical, Unmarried,*,Female,0,0,40,North America,<=50K
19565,"[20, 30[", Private,389713,High School,9,Divorced,Other, Not-in-family,*,Male,0,0,40,North America,<=50K
19566,"[50, 60[", Private,82566,Professional Education,12,Married-civ-spouse,Nontechnical, Husband,*,Male,0,0,45,North America,<=50K
19567,"[40, 50[", Private,199058,Undergraduate,10,Married-civ-spouse,Technical, Husband,*,Male,0,0,40,North America,>50K
19568,"[40, 50[", Private,160440,Undergraduate,13,Married-civ-spouse,Nontechnical, Husband,*,Male,0,0,55,North America,>50K
19569,"[40, 50[", Private,76034,Undergraduate,10,Married-civ-spouse,Other, Husband,*,Male,0,0,57,North America,>50K
19570,"[30, 40[", Private,188503,Undergraduate,10,Never-married,Other, Unmarried,*,Female,6497,0,35,North America,<=50K
19571,"[60, 70[", Self-emp-not-inc,92845,Primary School,3,Married-civ-spouse,Other, Husband,*,Male,0,0,40,North America,<=50K
19572,"[10, 20[", Private,29083,High School,9,Never-married,Nontechnical, Own-child,*,Female,0,0,25,North America,<=50K
19573,"[20, 30[", Private,234474,Undergraduate,10,Never-married,Other, Own-child,*,Female,0,0,25,North America,<=50K
19574,"[50, 60[", Local-gov,107308,Graduate,14,Married-civ-spouse,Technical, Husband,*,Male,0,0,40,North America,>50K
19575,"[40, 50[", Private,111891,Undergraduate,10,Separated,Nontechnical, Other-relative,*,Female,0,0,35,North America,<=50K
19577,"[40, 50[", Local-gov,193425,Graduate,14,Married-civ-spouse,Technical, Wife,*,Female,4386,0,40,North America,>50K
19578,"[20, 30[", Federal-gov,188278,Undergraduate,13,Never-married,Other, Not-in-family,*,Male,0,0,50,North America,<=50K
19579,"[30, 40[", Local-gov,303485,Undergraduate,10,Never-married,Other, Unmarried,*,Female,0,0,40,North America,<=50K
19580,"[30, 40[", Local-gov,67187,High School,9,Never-married,Nontechnical, Own-child,*,Female,0,0,40,North America,<=50K
19581,"[40, 50[", State-gov,114508,High School,9,Divorced,Nontechnical, Unmarried,*,Female,0,0,40,North America,<=50K
19582,"[20, 30[", Private,204172,Undergraduate,13,Never-married,Nontechnical, Other-relative,*,Female,0,0,40,North America,<=50K
19583,"[20, 30[", Local-gov,162973,Professional Education,11,Never-married,Other, Not-in-family,*,Male,0,0,56,North America,<=50K
19584,"[60, 70[", Self-emp-not-inc,192695,Primary School,3,Married-civ-spouse,Other, Husband,*,Male,0,0,70,North America,<=50K
19585,"[40, 50[", Local-gov,89172,Undergraduate,10,Married-civ-spouse,Other, Husband,*,Male,0,0,40,North America,>50K
19586,"[20, 30[", Private,163320,High School,9,Never-married,Other, Own-child,*,Male,0,0,40,North America,<=50K
19587,"[60, 70[", Private,128230,High School,9,Married-civ-spouse,Technical, Husband,*,Male,0,0,30,North America,<=50K
19588,"[20, 30[", Private,246440,High School,7,Divorced,Technical, Unmarried,*,Female,0,0,40,North America,<=50K
19589,"[40, 50[", Private,50567,Undergraduate,10,Divorced,Other, Not-in-family,*,Female,0,0,32,North America,<=50K
19590,"[20, 30[", Private,117476,Undergraduate,10,Married-civ-spouse,Technical, Husband,*,Male,0,0,40,North America,<=50K
19591,"[40, 50[", Private,315834,Undergraduate,13,Never-married,Technical, Not-in-family,*,Female,0,1876,40,North America,<=50K
19592,"[20, 30[", Local-gov,214881,High School,9,Married-civ-spouse,Technical, Husband,*,Male,0,0,40,North America,<=50K
19593,"[30, 40[", Private,195516,High School,9,Divorced,Technical, Not-in-family,*,Male,0,0,40,North America,<=50K
19594,"[40, 50[", Self-emp-not-inc,218653,Undergraduate,13,Divorced,Technical, Own-child,*,Male,0,0,40,North America,<=50K
19595,"[50, 60[", Private,87205,Undergraduate,13,Married-civ-spouse,Other, Wife,*,Female,7688,0,20,North America,>50K
19596,"[40, 50[", Private,164647,Undergraduate,10,Divorced,Technical, Unmarried,*,Female,0,0,38,North America,<=50K
19597,"[10, 20[", Private,129151,High School,9,Never-married,Technical, Not-in-family,*,Female,0,0,40,North America,<=50K
19598,"[50, 60[", Private,319697,Undergraduate,10,Married-civ-spouse,Technical, Wife,*,Female,0,0,40,North America,<=50K
19599,"[50, 60[", Self-emp-not-inc,193374,High School,9,Divorced,Technical, Not-in-family,*,Male,0,0,40,North America,<=50K
19601,"[20, 30[", Private,197932,Undergraduate,10,Separated,Other, Not-in-family,*,Female,0,0,30,North America,<=50K
19602,"[50, 60[", Private,102904,High School,9,Divorced,Nontechnical, Unmarried,*,Female,0,0,43,North America,<=50K
19603,"[40, 50[", Private,216907,High School,9,Divorced,Other, Not-in-family,*,Male,0,0,37,North America,<=50K
19604,"[30, 40[", Local-gov,331395,Professional Education,11,Married-civ-spouse,Other, Husband,*,Male,0,0,42,North America,<=50K
19605,"[40, 50[", Private,171424,High School,9,Divorced,Other, Not-in-family,*,Male,0,0,40,North America,<=50K
19606,"[40, 50[", Private,35406,High School,4,Separated,Other, Not-in-family,*,Female,0,0,32,North America,<=50K
19607,"[20, 30[", Private,238964,Undergraduate,10,Married-civ-spouse,Technical, Husband,*,Male,0,0,60,North America,>50K
19608,"[30, 40[", Private,213002,Undergraduate,13,Never-married,Technical, Not-in-family,*,Male,0,1408,36,North America,<=50K
19610,"[20, 30[", Private,340543,High School,9,Never-married,Technical, Not-in-family,*,Female,0,0,40,North America,<=50K
19612,"[10, 20[", Self-emp-not-inc,87169,High School,9,Never-married,Other, Own-child,*,Male,0,0,40,North America,<=50K
19613,"[40, 50[", Private,253759,High School,9,Divorced,Other, Unmarried,*,Female,0,0,45,North America,<=50K
19614,"[40, 50[", Private,194431,High School,9,Never-married,Technical, Other-relative,*,Male,0,0,40,North America,<=50K
19615,"[60, 70[", Private,137843,Undergraduate,10,Married-civ-spouse,Nontechnical, Husband,*,Male,7298,0,48,North America,>50K
19616,"[40, 50[", ?,170649,Undergraduate,10,Married-civ-spouse,Other, Husband,*,Male,0,0,8,North America,<=50K
19617,"[50, 60[", Private,182460,Undergraduate,13,Married-civ-spouse,Nontechnical, Husband,*,Male,0,0,60,North America,>50K
19618,"[40, 50[", Local-gov,26929,Graduate,14,Never-married,Technical, Not-in-family,*,Female,0,0,40,North America,<=50K
19619,"[20, 30[", Private,399022,High School,9,Never-married,Other, Own-child,*,Male,0,0,35,North America,<=50K
19620,"[60, 70[", ?,50171,High School,9,Married-civ-spouse,Other, Husband,*,Male,0,0,10,North America,<=50K
19621,"[30, 40[", Private,218490,Professional Education,11,Married-civ-spouse,Nontechnical, Husband,*,Male,0,0,60,North America,<=50K
19622,"[40, 50[", Private,164423,High School,9,Divorced,Technical, Unmarried,*,Female,0,0,40,North America,<=50K
19623,"[40, 50[", Private,124436,Undergraduate,10,Married-civ-spouse,Technical, Wife,*,Female,0,0,40,North America,>50K
19624,"[10, 20[", Private,60981,High School,6,Never-married,Other, Own-child,*,Female,0,0,30,North America,<=50K
19625,"[10, 20[", Private,70868,High School,7,Never-married,Technical, Own-child,*,Male,0,0,16,North America,<=50K
19627,"[50, 60[", Private,228500,High School,9,Married-civ-spouse,Technical, Husband,*,Male,0,0,40,North America,>50K
19628,"[30, 40[", State-gov,76767,Undergraduate,10,Divorced,Nontechnical, Not-in-family,*,Female,0,0,39,North America,<=50K
19629,"[20, 30[", Private,218178,High School,9,Never-married,Nontechnical, Not-in-family,*,Male,0,0,40,North America,<=50K
19630,"[20, 30[", Private,615367,Undergraduate,13,Never-married,Nontechnical, Not-in-family,*,Female,0,0,60,North America,<=50K
19631,"[30, 40[", Private,150324,Undergraduate,13,Married-civ-spouse,Technical, Husband,*,Male,0,0,40,North America,>50K
19632,"[30, 40[", Private,51264,High School,7,Divorced,Other, Own-child,*,Male,0,0,40,North America,<=50K
19633,"[50, 60[", Private,197642,Undergraduate,10,Widowed,Other, Not-in-family,*,Female,0,0,40,North America,<=50K
19634,"[30, 40[", Private,229895,High School,6,Divorced,Other, Unmarried,*,Female,0,0,40,North America,<=50K
19635,"[30, 40[", Private,167415,Professional Education,15,Married-civ-spouse,Technical, Husband,*,Male,0,0,60,North America,>50K
19636,"[50, 60[", Private,166934,High School,9,Married-civ-spouse,Technical, Husband,*,Male,0,0,40,North America,>50K
19637,"[30, 40[", Private,305597,High School,9,Never-married,Other, Unmarried,*,Male,0,0,40,North America,<=50K
19638,"[30, 40[", Private,301591,High School,9,Never-married,Nontechnical, Unmarried,*,Female,0,0,35,North America,<=50K
19639,"[40, 50[", Federal-gov,229646,High School,9,Married-spouse-absent,Other, Not-in-family,*,Female,0,0,40,North America,<=50K
19640,"[20, 30[", Self-emp-not-inc,51461,High School,9,Married-civ-spouse,Other, Husband,*,Male,0,0,40,North America,<=50K
19642,"[20, 30[", Private,176836,Undergraduate,10,Never-married,Nontechnical, Not-in-family,*,Female,0,0,60,North America,<=50K
19643,"[50, 60[", Private,204447,Graduate,14,Married-civ-spouse,Nontechnical, Husband,*,Male,15024,0,65,North America,>50K
19644,"[50, 60[", Private,33304,High School,9,Married-civ-spouse,Technical, Husband,*,Male,0,0,40,North America,>50K
19645,"[40, 50[", Private,174051,Undergraduate,13,Married-civ-spouse,Technical, Husband,*,Male,0,0,48,North America,<=50K
19646,"[20, 30[", Private,38918,High School,9,Never-married,Other, Not-in-family,*,Male,0,1876,75,North America,<=50K
19647,"[30, 40[", Private,170017,High School,9,Married-civ-spouse,Technical, Husband,*,Male,0,0,50,North America,<=50K
19648,"[40, 50[", Private,98466,High School,6,Never-married,Other, Unmarried,*,Male,0,0,35,North America,<=50K
19649,"[10, 20[", Private,188864,High School,9,Never-married,Nontechnical, Unmarried,*,Female,0,0,20,North America,<=50K
19651,"[20, 30[", Private,43475,High School,9,Never-married,Other, Not-in-family,*,Male,0,0,40,North America,<=50K
19652,"[20, 30[", Private,557236,High School,9,Never-married,Other, Not-in-family,*,Male,0,0,40,North America,<=50K
19653,"[60, 70[", Private,32779,High School,9,Married-civ-spouse,Other, Husband,*,Male,0,419,12,North America,<=50K
19654,"[30, 40[", Private,161765,Undergraduate,10,Married-civ-spouse,Nontechnical, Husband,*,Male,0,2051,57,North America,<=50K
19655,"[30, 40[", Private,207668,Undergraduate,13,Never-married,Nontechnical, Other-relative,*,Male,0,2444,50,North America,>50K
19657,"[40, 50[", ?,52590,High School,9,Never-married,Other, Not-in-family,*,Male,0,0,40,North America,<=50K
19658,"[20, 30[", Private,183751,High School,7,Married-civ-spouse,Technical, Husband,*,Male,0,0,65,North America,<=50K
19659,"[30, 40[", Private,149507,High School,9,Married-civ-spouse,Nontechnical, Husband,*,Male,0,0,42,North America,<=50K
19660,"[40, 50[", Private,98092,High School,9,Married-civ-spouse,Technical, Husband,*,Male,0,0,40,North America,>50K
19661,"[10, 20[", Private,123714,High School,7,Never-married,Nontechnical, Not-in-family,*,Male,0,0,40,North America,<=50K
19662,"[30, 40[", State-gov,190385,Undergraduate,10,Never-married,Other, Not-in-family,*,Female,0,0,37,North America,<=50K
19663,"[50, 60[", Private,334273,High School,9,Married-civ-spouse,Technical, Husband,*,Male,0,0,40,North America,<=50K
19664,"[50, 60[", Private,343440,Undergraduate,10,Married-civ-spouse,Technical, Husband,*,Male,0,0,40,North America,<=50K
19665,"[50, 60[", Private,208302,High School,9,Divorced,Other, Other-relative,*,Male,0,0,30,North America,<=50K
19666,"[20, 30[", Local-gov,280164,High School,9,Never-married,Other, Own-child,*,Male,0,0,32,North America,<=50K
19667,"[20, 30[", Self-emp-not-inc,174714,High School,6,Never-married,Technical, Not-in-family,*,Male,0,0,60,North America,<=50K
19668,"[30, 40[", Private,184655,High School,9,Married-civ-spouse,Technical, Husband,*,Male,0,0,48,North America,<=50K
19669,"[10, 20[", Private,140459,High School,7,Never-married,Technical, Other-relative,*,Male,0,0,25,North America,<=50K
19670,"[50, 60[", Self-emp-not-inc,108815,High School,9,Married-civ-spouse,Technical, Husband,*,Male,0,0,60,North America,<=50K
19671,"[10, 20[", Private,152652,High School,7,Never-married,Nontechnical, Own-child,*,Male,0,0,25,North America,<=50K
19672,"[60, 70[", Private,269499,High School,9,Widowed,Nontechnical, Not-in-family,*,Female,0,0,8,North America,<=50K
19673,"[40, 50[", Local-gov,33373,Undergraduate,13,Divorced,Technical, Unmarried,*,Female,0,0,40,North America,<=50K
19674,"[30, 40[", Private,243674,High School,9,Separated,Technical, Not-in-family,*,Male,0,0,46,North America,<=50K
19675,"[40, 50[", Private,225432,Undergraduate,10,Married-civ-spouse,Technical, Husband,*,Male,0,0,45,North America,<=50K
19677,"[20, 30[", Local-gov,195520,Graduate,14,Married-civ-spouse,Technical, Husband,*,Male,0,0,40,North America,<=50K
19678,"[40, 50[", Private,70092,Undergraduate,10,Divorced,Other, Unmarried,*,Female,0,0,38,North America,<=50K
19679,"[20, 30[", Private,189888,High School,9,Married-civ-spouse,Nontechnical, Husband,*,Male,0,0,45,North America,<=50K
19680,"[20, 30[", Private,64307,High School,4,Married-civ-spouse,Technical, Husband,*,Male,0,0,40,North America,<=50K
19681,"[30, 40[", Private,94235,Undergraduate,13,Married-civ-spouse,Technical, Husband,*,Male,0,0,46,North America,<=50K
19682,"[30, 40[", Private,62333,Undergraduate,13,Never-married,Technical, Not-in-family,*,Female,0,0,40,North America,<=50K
19683,"[30, 40[", Private,260997,Undergraduate,10,Married-civ-spouse,Technical, Husband,*,Male,0,0,40,North America,<=50K
19684,"[10, 20[", Private,146268,High School,6,Never-married,Other, Own-child,*,Female,0,0,10,North America,<=50K
19685,"[30, 40[", Private,147258,High School,6,Married-civ-spouse,Technical, Husband,*,Male,0,0,40,North America,<=50K
19686,"[20, 30[", Self-emp-not-inc,207948,Undergraduate,10,Never-married,Other, Not-in-family,*,Male,0,0,40,North America,<=50K
19687,"[50, 60[", Private,180607,High School,9,Never-married,Other, Own-child,*,Female,0,0,40,North America,<=50K
19688,"[50, 60[", Local-gov,104996,High School,9,Married-civ-spouse,Other, Husband,*,Male,0,0,40,North America,<=50K
19689,>=80, Self-emp-not-inc,562336,High School,9,Married-civ-spouse,Other, Husband,*,Male,0,0,20,North America,<=50K
19690,"[30, 40[", Self-emp-not-inc,334366,Undergraduate,10,Married-civ-spouse,Other, Wife,*,Female,0,0,15,North America,<=50K
19691,"[50, 60[", State-gov,142757,High School,9,Married-civ-spouse,Other, Husband,*,Male,0,0,40,North America,>50K
19694,"[40, 50[", Private,51744,Undergraduate,13,Never-married,Nontechnical, Not-in-family,*,Female,0,0,42,North America,<=50K
19695,"[40, 50[", Self-emp-inc,114967,Professional Education,11,Married-civ-spouse,Nontechnical, Husband,*,Male,0,0,40,North America,>50K
19696,"[30, 40[", Private,393965,Professional Education,12,Divorced,Other, Not-in-family,*,Female,0,0,25,North America,<=50K
19697,"[20, 30[", Private,41838,Undergraduate,10,Married-civ-spouse,Technical, Husband,*,Male,2407,0,40,North America,<=50K
19698,"[40, 50[", Local-gov,143046,Undergraduate,10,Divorced,Other, Unmarried,*,Female,0,0,20,North America,<=50K
19699,"[40, 50[", Private,209174,Undergraduate,13,Married-civ-spouse,Nontechnical, Husband,*,Male,0,0,70,North America,>50K
19700,"[50, 60[", Private,183248,High School,9,Divorced,Other, Not-in-family,*,Male,0,0,40,North America,<=50K
19701,"[20, 30[", Private,102942,Undergraduate,13,Never-married,Technical, Own-child,*,Female,0,2258,40,North America,>50K
19702,"[30, 40[", Self-emp-not-inc,427474,High School,9,Married-civ-spouse,Nontechnical, Husband,*,Male,0,0,60,North America,>50K
19703,"[10, 20[", Private,338632,High School,7,Never-married,Other, Own-child,*,Male,0,0,16,North America,<=50K
19705,"[40, 50[", Self-emp-not-inc,32533,Professional Education,11,Married-civ-spouse,Other, Husband,*,Male,0,0,45,North America,<=50K
19706,"[20, 30[", ?,255969,High School,8,Never-married,Other, Not-in-family,*,Male,0,0,48,North America,<=50K
19707,"[60, 70[", Self-emp-inc,112376,High School,4,Married-civ-spouse,Technical, Husband,*,Male,0,0,40,North America,>50K
19708,"[70, 80[", ?,346053,High School,9,Married-civ-spouse,Other, Husband,*,Male,0,0,40,North America,<=50K
19710,"[60, 70[", Self-emp-not-inc,44915,Graduate,14,Divorced,Technical, Unmarried,*,Female,0,0,10,North America,<=50K
19711,"[20, 30[", Local-gov,111450,High School,6,Never-married,Technical, Unmarried,*,Male,0,0,65,North America,<=50K
19712,"[60, 70[", Private,171429,High School,7,Divorced,Other, Unmarried,*,Female,0,0,36,North America,<=50K
19713,"[30, 40[", Local-gov,190964,Undergraduate,13,Married-civ-spouse,Technical, Husband,*,Male,0,0,40,North America,<=50K
19714,"[10, 20[", Private,109005,Undergraduate,10,Never-married,Technical, Own-child,*,Female,0,0,40,North America,<=50K
19715,"[50, 60[", Private,404453,High School,9,Never-married,Other, Unmarried,*,Female,0,0,40,North America,<=50K
19716,"[30, 40[", Self-emp-not-inc,280169,Undergraduate,13,Married-civ-spouse,Nontechnical, Husband,*,Male,7298,0,50,North America,>50K
19717,"[30, 40[", Self-emp-not-inc,163204,High School,9,Married-civ-spouse,Nontechnical, Husband,*,Male,0,0,40,North America,<=50K
19718,"[30, 40[", Self-emp-not-inc,192256,Undergraduate,13,Married-civ-spouse,Technical, Husband,*,Male,0,0,50,North America,<=50K
19719,"[50, 60[", Private,181755,High School,9,Divorced,Other, Unmarried,*,Female,0,0,40,North America,<=50K
19720,"[40, 50[", Private,183105,High School,9,Separated,Technical, Unmarried,*,Female,0,0,44,North America,<=50K
19721,"[30, 40[", Private,335168,Undergraduate,10,Married-civ-spouse,Nontechnical, Husband,*,Male,0,0,55,North America,<=50K
19722,"[30, 40[", Local-gov,86643,Undergraduate,13,Married-civ-spouse,Technical, Husband,*,Male,0,0,45,North America,>50K
19723,"[20, 30[", Private,180262,Undergraduate,10,Never-married,Nontechnical, Not-in-family,*,Female,0,0,40,North America,<=50K
19725,"[30, 40[", Self-emp-not-inc,146042,Undergraduate,13,Married-civ-spouse,Technical, Husband,*,Male,3103,0,60,North America,>50K
19726,"[40, 50[", Self-emp-not-inc,102110,High School,9,Married-civ-spouse,Technical, Husband,*,Male,0,0,30,North America,>50K
19728,"[20, 30[", Private,202745,High School,9,Never-married,Technical, Other-relative,*,Male,0,0,55,North America,<=50K
19729,"[40, 50[", Federal-gov,199303,Professional Education,12,Married-civ-spouse,Technical, Husband,*,Male,0,0,40,North America,>50K
19730,"[20, 30[", Private,266467,High School,9,Married-civ-spouse,Technical, Husband,*,Male,0,0,40,North America,<=50K
19731,"[30, 40[", Federal-gov,345259,Graduate,16,Never-married,Technical, Not-in-family,*,Female,0,0,99,North America,<=50K
19734,"[20, 30[", Private,190457,Undergraduate,10,Never-married,Other, Own-child,*,Female,0,0,40,North America,<=50K
19735,"[40, 50[", Private,180138,High School,9,Never-married,Technical, Not-in-family,*,Male,0,0,45,North America,<=50K
19736,"[30, 40[", Private,166585,High School,9,Never-married,Nontechnical, Own-child,*,Female,0,0,40,North America,<=50K
19737,"[40, 50[", Private,29962,High School,9,Married-civ-spouse,Technical, Husband,*,Male,0,0,40,North America,<=50K
19738,"[20, 30[", Private,191129,Undergraduate,10,Married-civ-spouse,Technical, Husband,*,Male,0,0,40,North America,<=50K
19739,"[10, 20[", Private,378707,High School,6,Never-married,Nontechnical, Own-child,*,Female,0,0,20,North America,<=50K
19740,"[30, 40[", Private,116358,High School,9,Never-married,Technical, Other-relative,*,Male,27828,0,48,North America,>50K
19741,"[40, 50[", Private,240629,High School,9,Divorced,Other, Not-in-family,*,Male,0,0,65,North America,<=50K
19742,"[40, 50[", Private,233320,High School,4,Separated,Other, Not-in-family,*,Female,0,0,25,North America,<=50K
19745,"[30, 40[", Local-gov,137314,Undergraduate,10,Married-civ-spouse,Other, Husband,*,Male,0,0,60,North America,>50K
19746,"[40, 50[", Private,140886,High School,9,Married-civ-spouse,Other, Husband,*,Male,0,0,40,North America,<=50K
19748,"[60, 70[", Private,151793,High School,4,Widowed,Other, Not-in-family,*,Female,0,0,10,North America,<=50K
19749,"[30, 40[", Self-emp-not-inc,56460,High School,9,Married-civ-spouse,Other, Wife,*,Female,0,2179,12,North America,<=50K
19751,"[30, 40[", Private,261646,High School,9,Married-civ-spouse,Other, Husband,*,Male,0,0,55,North America,<=50K
19752,"[30, 40[", Private,178615,High School,9,Married-civ-spouse,Technical, Husband,*,Male,2407,0,40,North America,<=50K
19753,"[30, 40[", Private,295589,Undergraduate,13,Never-married,Technical, Not-in-family,*,Male,0,0,50,North America,>50K
19754,"[30, 40[", Self-emp-inc,377836,Professional Education,11,Married-civ-spouse,Nontechnical, Husband,*,Male,0,0,40,North America,<=50K
19755,"[30, 40[", Private,56510,Undergraduate,10,Married-civ-spouse,Technical, Husband,*,Male,0,0,40,North America,<=50K
19756,"[30, 40[", Self-emp-not-inc,337696,Undergraduate,10,Married-civ-spouse,Nontechnical, Husband,*,Male,0,0,50,North America,<=50K
19757,"[40, 50[", Private,183765,High School,9,Married-civ-spouse,Other, Husband,*,Male,0,0,40,North America,<=50K
19758,"[20, 30[", Self-emp-not-inc,107846,High School,9,Never-married,Other, Not-in-family,*,Male,0,0,30,North America,<=50K
19759,"[30, 40[", Local-gov,22641,High School,9,Never-married,Other, Not-in-family,*,Male,0,0,40,North America,<=50K
19760,"[30, 40[", Private,204590,Professional Education,11,Married-civ-spouse,Other, Wife,*,Female,0,0,40,North America,>50K
19761,"[20, 30[", Private,114801,Undergraduate,10,Married-civ-spouse,Nontechnical, Husband,*,Male,0,0,40,North America,<=50K
19762,"[40, 50[", Private,190591,High School,9,Separated,Other, Unmarried,*,Female,0,0,20,North America,<=50K
19763,"[30, 40[", State-gov,220066,Graduate,16,Married-civ-spouse,Technical, Wife,*,Female,0,0,48,North America,>50K
19764,"[20, 30[", ?,228480,High School,9,Married-civ-spouse,Other, Own-child,*,Female,0,0,20,North America,<=50K
19765,"[50, 60[", Private,128378,Undergraduate,13,Married-civ-spouse,Technical, Husband,*,Male,0,0,40,North America,>50K
19766,"[20, 30[", Private,157595,High School,9,Married-civ-spouse,Technical, Husband,*,Male,0,0,40,North America,<=50K
19767,"[10, 20[", Local-gov,152171,High School,7,Never-married,Other, Own-child,*,Male,0,0,10,North America,<=50K
19769,"[40, 50[", Private,240841,High School,4,Divorced,Other, Unmarried,*,Female,0,0,35,North America,<=50K
19770,"[50, 60[", Private,94345,High School,9,Married-civ-spouse,Nontechnical, Husband,*,Male,0,0,40,North America,<=50K
19771,"[20, 30[", Self-emp-not-inc,289116,High School,9,Divorced,Other, Unmarried,*,Female,0,0,50,North America,<=50K
19772,"[50, 60[", Private,176647,High School,9,Married-civ-spouse,Technical, Husband,*,Male,0,0,40,North America,>50K
19773,"[40, 50[", Self-emp-not-inc,79627,Undergraduate,10,Married-civ-spouse,Nontechnical, Husband,*,Male,0,0,40,North America,<=50K
19774,"[20, 30[", Local-gov,210781,Undergraduate,13,Never-married,Technical, Own-child,*,Female,0,0,15,North America,<=50K
19775,"[10, 20[", ?,161981,High School,6,Never-married,Other, Own-child,*,Male,0,0,40,North America,<=50K
19776,"[20, 30[", Private,493443,High School,7,Never-married,Nontechnical, Not-in-family,*,Male,0,0,40,North America,<=50K
19777,"[30, 40[", Private,86459,Professional Education,11,Married-civ-spouse,Nontechnical, Husband,*,Male,0,1887,50,North America,>50K
19778,"[60, 70[", Private,312242,Undergraduate,10,Widowed,Nontechnical, Not-in-family,*,Female,0,0,3,North America,<=50K
19779,"[30, 40[", Private,185408,Undergraduate,10,Never-married,Nontechnical, Not-in-family,*,Female,0,0,40,North America,<=50K
19781,"[50, 60[", Private,147200,High School,9,Never-married,Other, Not-in-family,*,Female,0,0,40,North America,<=50K
19782,"[40, 50[", State-gov,166327,Undergraduate,10,Divorced,Other, Not-in-family,*,Female,0,0,35,North America,<=50K
19783,"[50, 60[", Private,178644,High School,5,Married-civ-spouse,Technical, Husband,*,Male,0,0,55,North America,<=50K
19785,"[30, 40[", Private,158420,Undergraduate,13,Never-married,Technical, Not-in-family,*,Male,0,0,25,North America,<=50K
19786,"[40, 50[", ?,83046,Undergraduate,13,Married-civ-spouse,Other, Husband,*,Male,0,0,18,North America,<=50K
19788,"[10, 20[", ?,170320,High School,7,Never-married,Other, Own-child,*,Female,0,0,8,North America,<=50K
19789,"[30, 40[", Self-emp-not-inc,37232,Professional Education,15,Married-civ-spouse,Technical, Husband,*,Male,7688,0,45,North America,>50K
19790,"[50, 60[", Private,141877,Undergraduate,13,Married-civ-spouse,Technical, Husband,*,Male,0,0,40,North America,<=50K
19791,"[40, 50[", Local-gov,81654,Undergraduate,10,Divorced,Nontechnical, Not-in-family,*,Male,0,0,56,North America,>50K
19792,"[50, 60[", Private,177705,Undergraduate,13,Divorced,Other, Not-in-family,*,Male,0,0,40,North America,<=50K
19793,"[40, 50[", Private,124792,High School,9,Married-civ-spouse,Technical, Husband,*,Male,7688,0,45,North America,>50K
19794,"[30, 40[", Self-emp-not-inc,129497,Undergraduate,10,Married-civ-spouse,Technical, Husband,*,Male,0,0,55,North America,>50K
19795,"[60, 70[", Private,114413,Professional Education,12,Married-civ-spouse,Nontechnical, Husband,*,Male,0,0,30,North America,<=50K
19796,"[50, 60[", Private,189511,High School,9,Married-civ-spouse,Technical, Husband,*,Male,0,0,40,North America,<=50K
19798,"[40, 50[", Private,246431,Undergraduate,13,Never-married,Technical, Not-in-family,*,Male,0,0,30,North America,<=50K
19799,"[30, 40[", Private,147654,High School,9,Never-married,Nontechnical, Own-child,*,Male,0,0,40,North America,<=50K
19800,"[30, 40[", Self-emp-not-inc,443546,High School,9,Never-married,Technical, Not-in-family,*,Male,0,0,40,North America,<=50K
19801,"[30, 40[", Private,281751,Undergraduate,10,Divorced,Other, Unmarried,*,Female,0,0,30,North America,<=50K
19802,"[20, 30[", Private,263128,Undergraduate,10,Never-married,Other, Not-in-family,*,Female,0,0,60,North America,<=50K
19803,"[20, 30[", Private,292692,High School,8,Never-married,Technical, Not-in-family,*,Male,0,0,40,North America,<=50K
19804,"[40, 50[", Self-emp-inc,96798,High School,9,Married-civ-spouse,Nontechnical, Husband,*,Male,0,0,80,North America,>50K
19805,"[30, 40[", Private,430554,Undergraduate,10,Married-civ-spouse,Nontechnical, Husband,*,Male,0,0,50,North America,>50K
19806,"[40, 50[", Private,317078,High School,9,Divorced,Technical, Not-in-family,*,Male,0,0,40,North America,<=50K
19807,"[40, 50[", Private,108557,Undergraduate,13,Married-civ-spouse,Technical, Wife,*,Female,99999,0,40,North America,>50K
19808,"[30, 40[", Private,207400,High School,9,Never-married,Technical, Unmarried,*,Female,0,0,40,North America,<=50K
19809,"[30, 40[", Private,187089,Professional Education,11,Married-civ-spouse,Nontechnical, Wife,*,Female,0,0,42,North America,>50K
19810,"[40, 50[", Local-gov,398986,Graduate,16,Married-civ-spouse,Technical, Wife,*,Female,0,1902,52,North America,>50K
19811,"[30, 40[", Private,238980,Undergraduate,10,Married-civ-spouse,Other, Husband,*,Male,0,0,40,North America,<=50K
19812,"[40, 50[", ?,407495,High School,9,Married-spouse-absent,Other, Not-in-family,*,Male,0,0,70,North America,<=50K
19813,"[30, 40[", Private,183800,Undergraduate,13,Married-civ-spouse,Other, Husband,*,Male,0,0,40,North America,>50K
19814,"[60, 70[", ?,226989,High School,9,Divorced,Other, Not-in-family,*,Male,4865,0,40,North America,<=50K
19815,"[40, 50[", Private,287190,Professional Education,12,Divorced,Other, Unmarried,*,Male,0,0,35,North America,<=50K
19816,"[30, 40[", Private,111363,Undergraduate,13,Never-married,Nontechnical, Not-in-family,*,Male,0,0,40,North America,<=50K
19817,"[50, 60[", Self-emp-inc,260938,Undergraduate,10,Married-civ-spouse,Nontechnical, Husband,*,Male,0,0,60,North America,>50K
19818,"[20, 30[", Private,183594,Undergraduate,10,Never-married,Nontechnical, Own-child,*,Male,0,0,50,North America,<=50K
19819,"[60, 70[", ?,49194,High School,7,Married-civ-spouse,Other, Husband,*,Male,0,0,30,North America,<=50K
19820,"[20, 30[", ?,117618,Undergraduate,10,Never-married,Other, Own-child,*,Male,0,0,40,North America,<=50K
19821,"[20, 30[", Private,172496,Graduate,14,Never-married,Technical, Not-in-family,*,Male,0,0,50,North America,<=50K
19822,"[20, 30[", Private,389713,Professional Education,11,Married-civ-spouse,Technical, Husband,*,Male,0,0,40,North America,>50K
19823,"[20, 30[", Private,174413,Undergraduate,13,Never-married,Nontechnical, Not-in-family,*,Female,0,0,40,North America,<=50K
19824,"[30, 40[", State-gov,189843,High School,9,Married-civ-spouse,Other, Husband,*,Male,0,0,40,North America,<=50K
19826,"[20, 30[", Private,82497,Undergraduate,10,Never-married,Other, Not-in-family,*,Female,0,0,30,North America,<=50K
19827,"[20, 30[", Private,193090,Undergraduate,13,Never-married,Other, Own-child,*,Female,0,0,30,North America,<=50K
19828,"[70, 80[", Private,172220,High School,4,Widowed,Other, Not-in-family,*,Female,2964,0,30,North America,<=50K
19829,"[50, 60[", Private,208451,Graduate,14,Married-civ-spouse,Nontechnical, Husband,*,Male,0,0,40,North America,>50K
19830,"[40, 50[", ?,234277,High School,9,Married-spouse-absent,Other, Not-in-family,*,Male,0,0,35,North America,<=50K
19831,"[60, 70[", Private,163729,High School,9,Divorced,Technical, Unmarried,*,Female,2597,0,40,North America,<=50K
19832,"[30, 40[", Private,434097,Professional Education,12,Divorced,Technical, Not-in-family,*,Male,0,0,40,North America,<=50K
19833,"[40, 50[", Private,192053,High School,9,Divorced,Other, Not-in-family,*,Male,0,1590,40,North America,<=50K
19834,"[20, 30[", State-gov,178628,Undergraduate,10,Never-married,Other, Own-child,*,Male,0,0,40,North America,<=50K
19835,"[50, 60[", Private,96827,Undergraduate,13,Never-married,Other, Not-in-family,*,Male,0,0,40,North America,<=50K
19836,"[30, 40[", Private,154667,High School,9,Married-civ-spouse,Technical, Wife,*,Female,0,0,40,North America,<=50K
19837,"[40, 50[", Private,160246,Undergraduate,10,Divorced,Technical, Unmarried,*,Female,0,0,40,North America,<=50K
19838,"[20, 30[", Self-emp-not-inc,166036,Undergraduate,10,Married-civ-spouse,Other, Husband,*,Male,0,0,60,North America,<=50K
19839,"[20, 30[", Private,186813,High School,9,Never-married,Other, Own-child,*,Male,0,0,40,North America,<=50K
19840,"[20, 30[", Private,162312,Professional Education,11,Never-married,Technical, Not-in-family,*,Male,0,0,40,North America,<=50K
19841,"[50, 60[", Private,183893,Undergraduate,10,Divorced,Other, Unmarried,*,Female,0,0,40,North America,<=50K
19842,"[50, 60[", ?,270228,Professional Education,12,Married-civ-spouse,Other, Husband,*,Male,7688,0,40,North America,>50K
19844,"[40, 50[", Federal-gov,175669,Undergraduate,10,Married-civ-spouse,Other, Wife,*,Female,0,0,40,North America,<=50K
19845,"[20, 30[", State-gov,104097,Graduate,14,Never-married,Nontechnical, Not-in-family,*,Male,0,0,40,North America,<=50K
19846,"[20, 30[", Local-gov,117618,Undergraduate,13,Never-married,Technical, Own-child,*,Male,0,0,24,North America,<=50K
19847,"[30, 40[", Self-emp-inc,202450,High School,9,Married-civ-spouse,Technical, Husband,*,Male,0,0,50,North America,<=50K
19848,"[20, 30[", Private,109570,Undergraduate,10,Separated,Nontechnical, Unmarried,*,Female,0,0,35,North America,<=50K
19850,"[30, 40[", Private,236391,High School,9,Married-civ-spouse,Other, Husband,*,Male,0,0,50,North America,>50K
19851,"[20, 30[", Private,136975,High School,9,Never-married,Other, Own-child,*,Male,0,0,40,North America,<=50K
19852,"[40, 50[", Private,167523,High School,9,Married-civ-spouse,Other, Husband,*,Male,0,2179,45,North America,<=50K
19853,"[30, 40[", Private,240979,Undergraduate,10,Never-married,Nontechnical, Not-in-family,*,Male,0,0,40,North America,<=50K
19854,"[20, 30[", Private,248612,Undergraduate,13,Never-married,Nontechnical, Not-in-family,*,Male,0,0,70,North America,>50K
19855,"[30, 40[", Private,151023,Undergraduate,10,Divorced,Other, Unmarried,*,Female,114,0,45,North America,<=50K
19856,"[20, 30[", Private,236436,Professional Education,12,Never-married,Technical, Not-in-family,*,Female,8614,0,40,North America,>50K
19857,"[20, 30[", ?,153167,Undergraduate,10,Never-married,Other, Own-child,*,Female,0,0,40,North America,<=50K
19858,"[50, 60[", Private,61735,High School,7,Married-civ-spouse,Other, Husband,*,Male,0,0,40,North America,<=50K
19859,"[30, 40[", Private,243165,Undergraduate,13,Married-civ-spouse,Other, Husband,*,Male,0,0,30,North America,>50K
19860,"[20, 30[", Private,388885,High School,9,Never-married,Technical, Not-in-family,*,Male,0,0,48,North America,<=50K
19862,"[30, 40[", Self-emp-not-inc,87209,Graduate,14,Married-civ-spouse,Other, Husband,*,Male,0,0,60,North America,<=50K
19863,"[50, 60[", Self-emp-not-inc,168539,High School,5,Married-civ-spouse,Other, Husband,*,Male,0,0,70,North America,<=50K
19864,"[30, 40[", Private,179013,High School,9,Separated,Technical, Not-in-family,*,Male,0,0,40,North America,<=50K
19865,"[50, 60[", Private,196643,High School,9,Divorced,Nontechnical, Not-in-family,*,Female,0,0,15,North America,<=50K
19866,"[50, 60[", Self-emp-not-inc,68898,Graduate,14,Married-civ-spouse,Nontechnical, Husband,*,Male,7688,0,55,North America,>50K
19867,"[30, 40[", Private,156464,High School,9,Married-civ-spouse,Technical, Husband,*,Male,0,0,40,North America,<=50K
19868,"[50, 60[", Private,35884,High School,9,Divorced,Other, Not-in-family,*,Female,0,0,40,North America,<=50K
19869,"[30, 40[", Private,182714,High School,9,Never-married,Nontechnical, Not-in-family,*,Female,0,0,45,North America,<=50K
19871,"[30, 40[", Self-emp-not-inc,177277,Undergraduate,10,Never-married,Technical, Not-in-family,*,Male,0,0,40,North America,<=50K
19872,"[50, 60[", Private,70767,High School,9,Married-civ-spouse,Other, Other-relative,*,Female,0,0,40,North America,<=50K
19873,"[30, 40[", Self-emp-not-inc,520078,Professional Education,12,Divorced,Nontechnical, Unmarried,*,Male,0,0,60,North America,<=50K
19875,"[30, 40[", Private,158416,High School,9,Divorced,Nontechnical, Not-in-family,*,Male,0,0,50,North America,<=50K
19876,"[30, 40[", Private,312667,Undergraduate,10,Married-civ-spouse,Technical, Husband,*,Male,0,0,40,North America,<=50K
19877,"[10, 20[", Private,208656,Undergraduate,10,Never-married,Other, Own-child,*,Female,594,0,20,North America,<=50K
19879,"[30, 40[", Private,259531,Professional Education,11,Never-married,Other, Not-in-family,*,Female,0,0,40,North America,<=50K
19880,"[20, 30[", Private,186239,Undergraduate,10,Never-married,Other, Unmarried,*,Female,0,0,40,North America,<=50K
19881,"[10, 20[", Private,162954,High School,8,Never-married,Other, Own-child,*,Female,0,0,20,North America,<=50K
19882,"[20, 30[", Private,249315,High School,9,Married-civ-spouse,Nontechnical, Husband,*,Male,0,0,60,North America,<=50K
19884,"[20, 30[", Private,103064,Undergraduate,13,Never-married,Technical, Not-in-family,*,Female,0,0,40,North America,<=50K
19885,"[40, 50[", Private,185847,High School,9,Divorced,Other, Not-in-family,*,Male,0,0,54,North America,<=50K
19886,"[30, 40[", Private,168521,Undergraduate,13,Never-married,Nontechnical, Not-in-family,*,Female,0,0,40,North America,<=50K
19887,"[60, 70[", Private,198170,Undergraduate,10,Married-civ-spouse,Other, Husband,*,Male,0,0,40,North America,>50K
19888,"[20, 30[", Private,353628,High School,6,Separated,Nontechnical, Unmarried,*,Female,0,0,38,North America,<=50K
19889,"[30, 40[", ?,273285,High School,7,Never-married,Other, Not-in-family,*,Female,0,0,32,North America,<=50K
19890,"[30, 40[", Private,272069,Professional Education,11,Divorced,Other, Not-in-family,*,Male,0,0,40,North America,<=50K
19891,"[20, 30[", Private,22328,Undergraduate,13,Married-civ-spouse,Nontechnical, Husband,*,Male,0,0,40,North America,>50K
19892,"[40, 50[", Private,309212,High School,9,Divorced,Other, Not-in-family,*,Female,0,0,25,North America,<=50K
19893,"[20, 30[", Self-emp-inc,148888,High School,9,Married-civ-spouse,Nontechnical, Husband,*,Male,0,0,60,North America,>50K
19894,"[20, 30[", Local-gov,324637,Undergraduate,10,Never-married,Other, Not-in-family,*,Male,0,0,30,North America,<=50K
19895,"[50, 60[", Self-emp-inc,55139,Graduate,14,Married-civ-spouse,Nontechnical, Husband,*,Male,0,0,40,North America,>50K
19897,"[20, 30[", Private,119004,High School,9,Married-civ-spouse,Other, Wife,*,Female,0,2179,40,North America,<=50K
19898,"[40, 50[", Private,252079,Undergraduate,10,Married-civ-spouse,Technical, Husband,*,Male,0,0,50,North America,>50K
19900,"[50, 60[", Self-emp-inc,392325,Undergraduate,13,Married-civ-spouse,Nontechnical, Husband,*,Male,99999,0,60,North America,>50K
19901,"[40, 50[", State-gov,174283,Graduate,16,Married-civ-spouse,Technical, Husband,*,Male,0,1887,50,North America,>50K
19902,"[10, 20[", Private,126832,High School,6,Never-married,Other, Own-child,*,Male,0,0,30,North America,<=50K
19903,"[10, 20[", Private,126071,High School,9,Never-married,Technical, Own-child,*,Male,0,0,40,North America,<=50K
19904,"[30, 40[", Private,265706,Graduate,14,Never-married,Nontechnical, Unmarried,*,Male,0,0,60,North America,>50K
19905,"[40, 50[", Private,282964,Undergraduate,10,Divorced,Other, Not-in-family,*,Female,0,0,40,North America,<=50K
19906,"[20, 30[", Private,328518,Undergraduate,13,Never-married,Other, Not-in-family,*,Male,0,0,40,North America,<=50K
19907,"[20, 30[", State-gov,283499,High School,9,Never-married,Other, Own-child,*,Male,0,0,40,North America,<=50K
19908,"[30, 40[", Private,286675,Undergraduate,10,Never-married,Nontechnical, Other-relative,*,Male,0,0,40,North America,<=50K
19909,"[50, 60[", Private,136472,High School,4,Married-civ-spouse,Technical, Husband,*,Male,0,0,48,North America,<=50K
19910,"[30, 40[", Private,132879,High School,9,Divorced,Nontechnical, Unmarried,*,Male,0,0,45,North America,<=50K
19911,"[20, 30[", Private,314798,High School,9,Never-married,Other, Not-in-family,*,Male,0,0,50,North America,<=50K
19912,"[60, 70[", Private,143943,Undergraduate,13,Widowed,Technical, Unmarried,*,Female,0,0,7,North America,<=50K
19913,"[30, 40[", Private,134367,Professional Education,12,Divorced,Other, Unmarried,*,Female,0,0,40,North America,<=50K
19914,"[20, 30[", Local-gov,366796,Undergraduate,13,Never-married,Technical, Not-in-family,*,Female,0,0,40,North America,<=50K
19915,"[20, 30[", Private,195573,High School,9,Married-civ-spouse,Other, Husband,*,Male,0,0,50,North America,<=50K
19916,"[20, 30[", Private,33616,Undergraduate,10,Never-married,Other, Own-child,*,Female,0,0,25,North America,<=50K
19917,"[30, 40[", Private,164190,High School,6,Married-civ-spouse,Other, Husband,*,Male,0,0,40,North America,<=50K
19919,"[50, 60[", Self-emp-inc,190763,Undergraduate,13,Married-civ-spouse,Technical, Husband,*,Male,0,0,40,North America,>50K
19920,"[50, 60[", Local-gov,209535,Graduate,14,Married-civ-spouse,Technical, Husband,*,Male,0,0,40,North America,>50K
19921,"[50, 60[", Private,156003,High School,9,Married-civ-spouse,Technical, Husband,*,Male,0,0,40,North America,<=50K
19922,"[30, 40[", Private,55699,High School,9,Married-civ-spouse,Other, Husband,*,Male,3908,0,40,North America,<=50K
19923,"[20, 30[", Private,183151,High School,7,Married-civ-spouse,Nontechnical, Husband,*,Male,7688,0,40,North America,>50K
19924,"[40, 50[", Private,198790,High School,7,Married-civ-spouse,Technical, Husband,*,Male,0,0,30,North America,<=50K
19925,"[30, 40[", Self-emp-not-inc,272359,Undergraduate,13,Married-civ-spouse,Nontechnical, Husband,*,Male,7298,0,80,North America,>50K
19927,"[50, 60[", Private,143266,High School,9,Divorced,Other, Unmarried,*,Male,0,0,25,North America,<=50K
19929,"[20, 30[", Private,99543,High School,8,Never-married,Other, Not-in-family,*,Male,0,0,46,North America,<=50K
19931,"[30, 40[", Self-emp-not-inc,34572,Professional Education,11,Married-civ-spouse,Nontechnical, Husband,*,Male,0,0,60,North America,>50K
19932,"[30, 40[", Private,119272,High School,6,Divorced,Other, Not-in-family,*,Male,0,0,40,North America,<=50K
19933,"[20, 30[", Private,211601,Undergraduate,10,Never-married,Other, Own-child,*,Female,0,0,40,North America,<=50K
19934,"[20, 30[", Private,154785,Undergraduate,10,Married-spouse-absent,Other, Own-child,*,Female,0,0,35,North America,<=50K
19935,"[20, 30[", Private,213041,High School,9,Never-married,Other, Own-child,*,Female,0,0,40,North America,<=50K
19936,"[50, 60[", Private,229939,High School,9,Married-civ-spouse,Nontechnical, Husband,*,Male,0,0,40,North America,<=50K
19937,"[60, 70[", Private,175331,High School,6,Married-civ-spouse,Other, Husband,*,Male,0,0,40,North America,<=50K
19938,"[30, 40[", Private,226443,Undergraduate,13,Married-civ-spouse,Nontechnical, Husband,*,Male,0,0,50,North America,>50K
19939,"[20, 30[", Private,46561,Professional Education,11,Married-civ-spouse,Technical, Husband,*,Male,0,0,40,North America,<=50K
19940,"[40, 50[", Private,161311,High School,9,Divorced,Technical, Unmarried,*,Female,0,0,30,North America,<=50K
19941,"[50, 60[", Private,98215,High School,9,Divorced,Other, Not-in-family,*,Male,0,0,40,North America,<=50K
19942,"[60, 70[", Private,118363,Undergraduate,13,Divorced,Nontechnical, Not-in-family,*,Female,0,2206,5,North America,<=50K
19943,"[50, 60[", Local-gov,181242,High School,6,Married-civ-spouse,Technical, Husband,*,Male,0,0,40,North America,<=50K
19944,"[30, 40[", Private,356238,Professional Education,12,Never-married,Other, Not-in-family,*,Female,0,0,80,North America,>50K
19946,"[20, 30[", Private,315287,High School,9,Never-married,Other, Other-relative,*,Male,0,0,40,Unknown,<=50K
19947,"[30, 40[", Private,269723,High School,9,Divorced,Nontechnical, Unmarried,*,Female,2977,0,50,North America,<=50K
19948,"[60, 70[", Private,34098,High School,6,Widowed,Other, Unmarried,*,Female,0,0,56,North America,<=50K
19949,"[40, 50[", Private,50880,Undergraduate,10,Married-civ-spouse,Technical, Husband,*,Male,0,0,40,Europe,<=50K
19950,"[40, 50[", Federal-gov,356934,Undergraduate,10,Married-civ-spouse,Technical, Husband,*,Male,0,0,44,North America,>50K
19951,"[20, 30[", Private,276309,Undergraduate,10,Never-married,Nontechnical, Own-child,*,Female,0,0,20,North America,<=50K
19952,"[40, 50[", Private,175925,High School,6,Married-civ-spouse,Nontechnical, Husband,*,Male,0,2179,52,North America,<=50K
19953,"[20, 30[", Self-emp-not-inc,164607,Professional Education,11,Married-civ-spouse,Other, Husband,*,Male,0,0,50,North America,<=50K
19954,"[30, 40[", Private,224462,High School,9,Never-married,Nontechnical, Own-child,*,Male,0,0,40,North America,<=50K
19955,"[10, 20[", Private,92863,High School,9,Never-married,Nontechnical, Own-child,*,Male,0,0,20,North America,<=50K
19956,"[20, 30[", Private,179565,Undergraduate,13,Never-married,Other, Not-in-family,*,Female,0,0,37,North America,<=50K
19957,"[50, 60[", Self-emp-not-inc,31137,High School,9,Married-civ-spouse,Other, Husband,*,Male,0,0,70,North America,<=50K
19958,"[10, 20[", Private,199495,High School,9,Never-married,Technical, Own-child,*,Male,0,0,40,North America,<=50K
19960,"[30, 40[", Private,220585,High School,9,Never-married,Other, Not-in-family,*,Male,0,0,40,North America,<=50K
19962,"[30, 40[", Federal-gov,191342,Undergraduate,13,Married-civ-spouse,Other, Husband,*,Male,0,0,38,North America,<=50K
19963,"[30, 40[", Private,186420,Undergraduate,13,Never-married,Technical, Not-in-family,*,Female,0,0,35,North America,<=50K
19964,"[30, 40[", Private,328242,Undergraduate,13,Married-civ-spouse,Nontechnical, Husband,*,Male,0,0,40,Asia,>50K
19965,"[50, 60[", Private,279340,High School,7,Separated,Other, Not-in-family,*,Female,0,0,40,North America,<=50K
19966,"[10, 20[", Private,174478,High School,9,Never-married,Other, Own-child,*,Female,0,0,40,North America,<=50K
19967,"[30, 40[", Private,151771,High School,4,Married-civ-spouse,Technical, Husband,*,Male,0,0,40,North America,<=50K
19968,"[40, 50[", Private,145636,Graduate,14,Married-civ-spouse,Nontechnical, Husband,*,Male,0,1977,43,North America,>50K
19969,"[20, 30[", Private,120326,Undergraduate,10,Never-married,Other, Own-child,*,Female,0,0,40,North America,<=50K
19970,"[30, 40[", Self-emp-not-inc,246439,High School,9,Married-civ-spouse,Other, Husband,*,Male,0,0,45,North America,<=50K
19971,"[20, 30[", Private,144133,Undergraduate,13,Married-civ-spouse,Nontechnical, Other-relative,*,Male,0,0,50,North America,<=50K
19972,"[40, 50[", Local-gov,145522,Graduate,14,Never-married,Technical, Not-in-family,*,Female,0,0,40,North America,<=50K
19973,"[30, 40[", Private,312055,Undergraduate,13,Never-married,Nontechnical, Not-in-family,*,Male,0,0,40,North America,<=50K
19974,"[30, 40[", Private,235847,Undergraduate,10,Never-married,Nontechnical, Other-relative,*,Female,0,0,50,North America,<=50K
19975,"[30, 40[", Private,187748,Undergraduate,10,Married-civ-spouse,Technical, Husband,*,Male,0,0,40,North America,<=50K
19976,"[20, 30[", Private,396482,Undergraduate,13,Never-married,Nontechnical, Not-in-family,*,Female,0,0,48,North America,<=50K
19977,"[40, 50[", Private,261688,High School,9,Married-civ-spouse,Technical, Husband,*,Male,5013,0,60,North America,<=50K
19978,"[20, 30[", Private,39477,Undergraduate,10,Never-married,Technical, Not-in-family,*,Female,0,0,30,North America,<=50K
19979,"[30, 40[", Private,143058,Undergraduate,10,Married-civ-spouse,Technical, Husband,*,Male,0,0,40,North America,<=50K
19981,"[40, 50[", Private,230592,Undergraduate,13,Never-married,Technical, Not-in-family,*,Male,0,0,35,North America,<=50K
19982,"[30, 40[", Local-gov,40338,High School,9,Married-civ-spouse,Technical, Husband,*,Male,0,0,40,North America,<=50K
19983,"[50, 60[", Local-gov,115457,High School,9,Married-civ-spouse,Other, Husband,*,Male,0,0,40,North America,<=50K
19984,"[30, 40[", Private,374983,High School,7,Married-civ-spouse,Technical, Husband,*,Male,0,0,40,North America,<=50K
19985,"[20, 30[", Private,285419,High School,8,Never-married,Technical, Not-in-family,*,Male,0,0,40,North America,<=50K
19986,"[10, 20[", ?,385901,Undergraduate,10,Never-married,Other, Own-child,*,Male,0,0,22,North America,<=50K
19987,"[40, 50[", State-gov,187581,Professional Education,11,Married-civ-spouse,Other, Husband,*,Male,0,0,40,North America,<=50K
19988,"[30, 40[", Self-emp-inc,299036,Undergraduate,13,Married-civ-spouse,Nontechnical, Husband,*,Male,0,0,55,North America,>50K
19989,"[40, 50[", Private,68729,Undergraduate,10,Never-married,Technical, Not-in-family,*,Male,0,0,40,North America,<=50K
19990,"[20, 30[", Private,333990,Professional Education,11,Never-married,Nontechnical, Own-child,*,Female,0,0,40,North America,<=50K
19991,"[20, 30[", Private,117767,Undergraduate,10,Never-married,Other, Own-child,*,Male,0,0,25,North America,<=50K
19992,"[40, 50[", Private,184378,Undergraduate,13,Married-civ-spouse,Technical, Husband,*,Male,0,0,35,North America,<=50K
19993,"[20, 30[", Private,232591,High School,9,Never-married,Other, Own-child,*,Male,0,0,40,North America,<=50K
19994,"[30, 40[", Private,143851,Undergraduate,13,Never-married,Technical, Not-in-family,*,Female,0,0,40,North America,<=50K
19995,"[30, 40[", Self-emp-not-inc,89622,High School,9,Married-civ-spouse,Technical, Husband,*,Male,0,0,80,North America,>50K
19996,"[30, 40[", Private,202498,High School,8,Married-civ-spouse,Other, Husband,*,Male,0,0,40,North America,<=50K
19998,"[50, 60[", Private,343242,Undergraduate,10,Married-civ-spouse,Nontechnical, Husband,*,Male,0,0,44,North America,>50K
19999,"[30, 40[", Private,460408,High School,9,Married-civ-spouse,Technical, Husband,*,Male,0,0,40,North America,>50K
20000,"[60, 70[", Private,205246,High School,9,Married-civ-spouse,Technical, Husband,*,Male,0,0,40,North America,<=50K
20001,"[30, 40[", Private,230329,Undergraduate,13,Married-civ-spouse,Nontechnical, Husband,*,Male,0,0,50,North America,>50K
20002,"[20, 30[", Private,197871,Undergraduate,13,Never-married,Nontechnical, Not-in-family,*,Male,0,0,50,North America,<=50K
20004,"[50, 60[", Private,194290,High School,9,Divorced,Technical, Not-in-family,*,Male,0,0,40,North America,<=50K
20005,"[40, 50[", Private,191814,Undergraduate,10,Married-civ-spouse,Technical, Husband,*,Male,0,0,45,North America,>50K
20006,"[40, 50[", Private,95168,High School,9,Never-married,Technical, Unmarried,*,Female,0,0,40,North America,<=50K
20007,"[20, 30[", ?,137876,Undergraduate,10,Never-married,Other, Own-child,*,Male,0,0,40,North America,<=50K
20008,"[40, 50[", Private,386136,Professional Education,12,Married-civ-spouse,Technical, Husband,*,Male,0,0,40,North America,>50K
20009,"[70, 80[", ?,108390,Undergraduate,10,Married-civ-spouse,Other, Husband,*,Male,3432,0,20,North America,<=50K
20010,"[40, 50[", Private,152529,Undergraduate,13,Never-married,Technical, Not-in-family,*,Male,0,0,40,North America,>50K
20011,"[30, 40[", Private,214891,High School,9,Married-civ-spouse,Other, Husband,*,Male,0,0,40,North America,<=50K
20012,"[10, 20[", Private,133654,High School,9,Never-married,Other, Own-child,*,Female,0,0,40,North America,<=50K
20013,"[20, 30[", Private,147548,High School,9,Divorced,Other, Unmarried,*,Female,0,0,30,North America,<=50K
20014,"[50, 60[", Private,73051,Undergraduate,13,Married-civ-spouse,Nontechnical, Husband,*,Male,0,0,40,North America,<=50K
20016,"[20, 30[", Self-emp-inc,454934,Undergraduate,10,Never-married,Nontechnical, Own-child,*,Female,0,0,35,North America,<=50K
20018,"[30, 40[", Self-emp-not-inc,185621,Undergraduate,13,Never-married,Technical, Own-child,*,Female,0,0,40,North America,<=50K
20019,"[60, 70[", Private,101500,Professional Education,11,Married-civ-spouse,Other, Husband,*,Male,0,0,40,North America,<=50K
20020,"[30, 40[", State-gov,36397,Undergraduate,13,Divorced,Technical, Not-in-family,*,Female,0,0,55,North America,<=50K
20021,"[10, 20[", Private,276540,High School,8,Never-married,Nontechnical, Own-child,*,Female,0,0,15,North America,<=50K
20023,"[40, 50[", ?,35523,Professional Education,12,Divorced,Other, Not-in-family,*,Female,0,0,35,North America,<=50K
20024,"[30, 40[", Local-gov,186993,High School,9,Married-civ-spouse,Other, Husband,*,Male,0,0,40,North America,<=50K
20025,"[50, 60[", Private,232132,High School,8,Married-civ-spouse,Technical, Husband,*,Male,0,0,45,North America,>50K
20026,"[40, 50[", Private,176917,High School,9,Married-civ-spouse,Technical, Husband,*,Male,0,0,55,North America,<=50K
20027,"[40, 50[", Private,105936,Undergraduate,13,Divorced,Technical, Not-in-family,*,Female,0,0,40,North America,<=50K
20028,"[30, 40[", Private,105821,High School,9,Married-civ-spouse,Nontechnical, Husband,*,Male,5178,0,40,North America,>50K
20029,"[20, 30[", ?,34506,Undergraduate,10,Separated,Other, Unmarried,*,Female,0,0,25,North America,<=50K
20030,"[40, 50[", Private,178074,High School,9,Divorced,Other, Not-in-family,*,Female,0,0,40,North America,<=50K
20031,"[60, 70[", ?,116961,High School,4,Widowed,Other, Unmarried,*,Female,0,0,20,North America,<=50K
20032,"[30, 40[", Private,191930,Undergraduate,10,Married-civ-spouse,Technical, Husband,*,Male,0,0,40,North America,<=50K
20033,"[20, 30[", Private,130807,Professional Education,12,Married-civ-spouse,Technical, Husband,*,Male,0,0,40,North America,<=50K
20034,"[40, 50[", Self-emp-not-inc,94100,Undergraduate,13,Never-married,Other, Not-in-family,*,Male,0,0,65,North America,<=50K
20035,"[60, 70[", Self-emp-not-inc,144822,High School,5,Married-civ-spouse,Technical, Husband,*,Male,0,0,45,North America,<=50K
20037,"[10, 20[", Private,90934,Undergraduate,10,Never-married,Nontechnical, Own-child,*,Male,0,0,28,North America,<=50K
20038,"[40, 50[", ?,296892,High School,9,Married-civ-spouse,Other, Husband,*,Male,0,0,40,North America,<=50K
20039,"[40, 50[", Private,173243,Graduate,16,Married-civ-spouse,Technical, Husband,*,Male,0,0,45,North America,>50K
20040,"[20, 30[", Private,258768,Undergraduate,10,Never-married,Other, Not-in-family,*,Male,2174,0,75,North America,<=50K
20041,"[30, 40[", Private,189759,Undergraduate,13,Never-married,Nontechnical, Not-in-family,*,Male,0,0,40,North America,<=50K
20042,"[60, 70[", Self-emp-not-inc,69249,High School,9,Married-civ-spouse,Other, Husband,*,Male,0,0,50,North America,>50K
20043,"[20, 30[", Private,133061,High School,9,Married-civ-spouse,Nontechnical, Husband,*,Male,0,0,80,North America,<=50K
20044,"[60, 70[", Self-emp-not-inc,175202,High School,9,Married-civ-spouse,Nontechnical, Husband,*,Male,0,0,24,North America,<=50K
20045,"[30, 40[", Private,27051,Undergraduate,13,Married-civ-spouse,Other, Husband,*,Male,0,0,44,North America,<=50K
20046,"[40, 50[", Private,60414,Graduate,14,Married-civ-spouse,Nontechnical, Husband,*,Male,0,0,40,North America,>50K
20047,"[40, 50[", Local-gov,317360,Graduate,14,Married-civ-spouse,Technical, Wife,*,Female,0,0,40,North America,>50K
20048,"[20, 30[", Private,258298,Professional Education,11,Never-married,Technical, Not-in-family,*,Male,0,0,45,North America,<=50K
20049,"[50, 60[", Private,174040,Undergraduate,10,Never-married,Other, Not-in-family,*,Male,0,0,40,North America,<=50K
20051,"[50, 60[", Private,162238,Graduate,14,Divorced,Nontechnical, Not-in-family,*,Male,0,0,50,North America,>50K
20052,"[30, 40[", Private,87556,Graduate,14,Never-married,Technical, Not-in-family,*,Male,0,0,45,North America,>50K
20053,"[30, 40[", Private,144322,Professional Education,12,Divorced,Nontechnical, Not-in-family,*,Female,0,0,50,North America,<=50K
20054,"[20, 30[", Private,190015,High School,9,Never-married,Nontechnical, Own-child,*,Male,0,0,40,North America,<=50K
20055,"[50, 60[", Private,183173,High School,9,Married-civ-spouse,Technical, Husband,*,Male,99999,0,40,North America,>50K
20056,"[30, 40[", Self-emp-not-inc,151322,High School,9,Separated,Technical, Not-in-family,*,Male,0,0,40,North America,<=50K
20057,"[50, 60[", Local-gov,47392,High School,9,Married-civ-spouse,Nontechnical, Husband,*,Male,0,0,40,North America,>50K
20058,"[30, 40[", Private,107125,Undergraduate,10,Never-married,Nontechnical, Not-in-family,*,Male,0,0,60,North America,<=50K
20059,"[40, 50[", Private,265295,High School,9,Never-married,Technical, Not-in-family,*,Male,0,0,40,North America,<=50K
20060,"[20, 30[", Private,189219,Undergraduate,13,Never-married,Technical, Own-child,*,Female,0,0,16,North America,<=50K
20062,"[30, 40[", Private,185732,High School,7,Divorced,Other, Unmarried,*,Female,0,0,40,North America,<=50K
20063,"[20, 30[", Private,153516,Undergraduate,13,Never-married,Technical, Not-in-family,*,Male,0,0,40,North America,<=50K
20064,"[20, 30[", ?,191910,Undergraduate,10,Never-married,Other, Other-relative,*,Male,0,0,40,North America,<=50K
20065,"[30, 40[", Private,216145,High School,9,Married-civ-spouse,Technical, Husband,*,Male,0,0,40,North America,<=50K
20066,"[40, 50[", Private,202872,Undergraduate,10,Divorced,Other, Unmarried,*,Female,0,0,12,North America,<=50K
20067,"[60, 70[", Self-emp-not-inc,39630,High School,9,Married-civ-spouse,Other, Husband,*,Male,0,0,48,North America,<=50K
20068,"[20, 30[", ?,114292,High School,5,Never-married,Other, Own-child,*,Male,0,0,40,North America,<=50K
20069,"[20, 30[", Local-gov,206721,Undergraduate,13,Never-married,Other, Own-child,*,Male,0,0,40,North America,<=50K
20070,"[40, 50[", Private,358585,Undergraduate,10,Divorced,Technical, Unmarried,*,Male,0,0,40,North America,>50K
20071,"[30, 40[", Private,377283,Undergraduate,13,Separated,Nontechnical, Not-in-family,*,Female,0,0,50,North America,>50K
20072,"[60, 70[", ?,76043,High School,9,Married-civ-spouse,Other, Husband,*,Male,0,0,1,North America,>50K
20073,"[60, 70[", Without-pay,172949,High School,9,Married-civ-spouse,Other, Husband,*,Male,2414,0,20,North America,<=50K
20074,"[40, 50[", Private,110171,Undergraduate,10,Married-civ-spouse,Technical, Husband,*,Male,7688,0,40,North America,>50K
20075,"[40, 50[", Local-gov,223861,Professional Education,11,Divorced,Nontechnical, Not-in-family,*,Female,0,0,40,North America,<=50K
20076,"[40, 50[", Private,163455,High School,9,Married-civ-spouse,Technical, Husband,*,Male,0,0,40,North America,>50K
20077,"[30, 40[", Private,183892,High School,6,Married-civ-spouse,Technical, Husband,*,Male,0,0,40,North America,<=50K
20079,"[50, 60[", Federal-gov,145401,Undergraduate,13,Married-civ-spouse,Nontechnical, Husband,*,Male,0,0,40,North America,>50K
20080,"[40, 50[", Private,387074,Professional Education,11,Married-civ-spouse,Technical, Husband,*,Male,0,0,40,North America,<=50K
20081,"[50, 60[", Private,105363,Undergraduate,13,Married-civ-spouse,Nontechnical, Husband,*,Male,4508,0,40,North America,<=50K
20083,"[50, 60[", Local-gov,170217,High School,9,Married-civ-spouse,Technical, Husband,*,Male,0,0,40,North America,<=50K
20084,"[20, 30[", Private,156807,High School,9,Never-married,Other, Own-child,*,Male,0,0,10,North America,<=50K
20085,"[20, 30[", Private,255193,High School,7,Married-civ-spouse,Nontechnical, Husband,*,Male,3411,0,40,North America,<=50K
20086,"[30, 40[", Private,273640,High School,9,Never-married,Other, Unmarried,*,Female,0,0,40,North America,<=50K
20087,"[20, 30[", Private,191177,Undergraduate,10,Never-married,Other, Own-child,*,Female,0,0,40,North America,<=50K
20088,"[40, 50[", Self-emp-inc,184787,High School,4,Married-civ-spouse,Technical, Husband,*,Male,0,0,50,North America,>50K
20089,"[30, 40[", State-gov,239409,Graduate,14,Married-civ-spouse,Technical, Husband,*,Male,0,0,60,North America,>50K
20090,"[60, 70[", Self-emp-not-inc,404547,High School,9,Married-civ-spouse,Technical, Husband,*,Male,0,0,30,North America,<=50K
20091,"[20, 30[", State-gov,23740,High School,9,Never-married,Other, Not-in-family,*,Male,0,0,38,North America,>50K
20092,"[20, 30[", Private,382153,Undergraduate,10,Never-married,Nontechnical, Own-child,*,Male,0,0,25,North America,<=50K
20093,"[20, 30[", Private,164488,Graduate,14,Married-civ-spouse,Technical, Husband,*,Male,0,1887,40,North America,>50K
20094,"[20, 30[", ?,228424,High School,6,Never-married,Other, Own-child,*,Male,0,0,40,North America,<=50K
20095,"[50, 60[", Self-emp-not-inc,168539,Professional Education,12,Married-civ-spouse,Nontechnical, Husband,*,Male,0,0,40,North America,<=50K
20096,"[20, 30[", Private,189530,Professional Education,12,Married-civ-spouse,Technical, Husband,*,Male,0,0,40,North America,>50K
20098,"[30, 40[", Private,224512,Graduate,14,Married-civ-spouse,Nontechnical, Husband,*,Male,0,0,55,North America,>50K
20099,"[20, 30[", ?,314645,Undergraduate,10,Never-married,Other, Not-in-family,*,Female,0,0,43,North America,<=50K
20100,"[60, 70[", Private,85787,High School,4,Married-civ-spouse,Technical, Husband,*,Male,0,0,40,North America,<=50K
20101,"[50, 60[", Local-gov,279881,Professional Education,11,Married-civ-spouse,Other, Husband,*,Male,0,0,40,North America,<=50K
20102,"[30, 40[", Private,194287,High School,4,Never-married,Other, Own-child,*,Male,0,1602,35,North America,<=50K
20103,"[20, 30[", Private,141040,Undergraduate,10,Never-married,Other, Own-child,*,Female,0,0,40,North America,<=50K
20104,"[30, 40[", Private,222294,Undergraduate,13,Never-married,Nontechnical, Not-in-family,*,Female,0,0,40,North America,<=50K
20105,"[70, 80[", ?,410980,Undergraduate,10,Married-civ-spouse,Other, Husband,*,Male,0,0,10,North America,>50K
20106,"[50, 60[", Private,38795,High School,9,Divorced,Technical, Not-in-family,*,Male,0,0,40,North America,>50K
20107,"[60, 70[", Private,182979,High School,9,Married-civ-spouse,Technical, Husband,*,Male,0,0,40,North America,<=50K
20108,"[40, 50[", Private,223277,Undergraduate,10,Divorced,Technical, Not-in-family,*,Male,0,0,40,North America,<=50K
20109,"[40, 50[", Private,67065,Professional Education,11,Never-married,Other, Not-in-family,*,Male,594,0,25,North America,<=50K
20110,"[40, 50[", Federal-gov,160647,High School,9,Separated,Other, Unmarried,*,Female,0,0,40,North America,<=50K
20111,"[30, 40[", Private,45796,High School,8,Married-civ-spouse,Nontechnical, Husband,*,Male,0,0,40,North America,<=50K
20112,"[20, 30[", Private,110597,Undergraduate,10,Never-married,Nontechnical, Own-child,*,Female,0,0,30,North America,<=50K
20113,"[30, 40[", Private,166961,Undergraduate,10,Never-married,Other, Not-in-family,*,Female,0,0,38,North America,<=50K
20114,"[50, 60[", Private,318975,High School,9,Divorced,Other, Unmarried,*,Female,0,0,40,North America,<=50K
20115,"[40, 50[", Private,305657,High School,4,Married-civ-spouse,Technical, Husband,*,Male,0,0,40,North America,<=50K
20116,"[30, 40[", Private,120857,High School,9,Married-civ-spouse,Nontechnical, Wife,*,Female,0,0,18,North America,<=50K
20117,"[60, 70[", Self-emp-not-inc,158712,High School,9,Never-married,Other, Unmarried,*,Female,0,0,6,North America,<=50K
20118,"[40, 50[", Private,304530,Undergraduate,10,Divorced,Technical, Not-in-family,*,Male,0,0,55,North America,<=50K
20119,"[20, 30[", Local-gov,327533,High School,9,Married-civ-spouse,Other, Husband,*,Male,3908,0,40,North America,<=50K
20121,"[40, 50[", Federal-gov,26880,Undergraduate,10,Never-married,Other, Unmarried,*,Female,0,0,40,North America,<=50K
20122,"[40, 50[", Private,70754,High School,4,Never-married,Nontechnical, Not-in-family,*,Male,0,0,50,North America,<=50K
20123,"[20, 30[", Private,184665,High School,9,Never-married,Technical, Own-child,*,Female,0,0,40,North America,<=50K
20124,"[30, 40[", Self-emp-not-inc,245372,Undergraduate,13,Divorced,Technical, Not-in-family,*,Male,0,0,15,North America,<=50K
20126,"[30, 40[", Private,86551,Undergraduate,13,Married-civ-spouse,Nontechnical, Husband,*,Male,0,0,50,North America,>50K
20127,"[30, 40[", Private,241998,High School,9,Never-married,Nontechnical, Not-in-family,*,Male,4787,0,40,North America,>50K
20128,"[40, 50[", Private,106900,High School,9,Married-civ-spouse,Nontechnical, Husband,*,Male,0,0,68,North America,<=50K
20129,"[40, 50[", Private,204235,Professional Education,11,Married-civ-spouse,Nontechnical, Husband,*,Male,0,0,40,North America,>50K
20130,"[30, 40[", Local-gov,127772,Undergraduate,13,Divorced,Technical, Unmarried,*,Male,0,0,40,North America,<=50K
20131,"[20, 30[", Private,117217,Undergraduate,13,Divorced,Other, Not-in-family,*,Female,0,0,45,North America,<=50K
20132,"[40, 50[", Federal-gov,215389,High School,9,Married-civ-spouse,Other, Husband,*,Male,0,0,40,North America,>50K
20133,"[20, 30[", Private,198050,High School,9,Never-married,Other, Not-in-family,*,Female,0,0,28,North America,<=50K
20134,"[30, 40[", Private,173476,Professional Education,15,Married-civ-spouse,Technical, Husband,*,Male,7688,0,40,North America,>50K
20135,"[30, 40[", Private,217349,Professional Education,11,Divorced,Technical, Not-in-family,*,Female,14344,0,40,North America,>50K
20136,"[40, 50[", Private,377018,Professional Education,11,Married-civ-spouse,Technical, Husband,*,Male,0,0,40,North America,>50K
20138,"[20, 30[", Private,170786,High School,5,Never-married,Other, Other-relative,*,Male,0,0,40,North America,<=50K
20139,"[30, 40[", Local-gov,250585,Undergraduate,13,Never-married,Technical, Not-in-family,*,Female,0,0,50,North America,<=50K
20140,"[40, 50[", Private,198769,Undergraduate,10,Never-married,Other, Not-in-family,*,Female,0,0,40,North America,>50K
20141,"[20, 30[", Private,306513,Undergraduate,10,Never-married,Nontechnical, Own-child,*,Male,0,0,40,North America,<=50K
20142,"[30, 40[", Private,178623,Undergraduate,13,Never-married,Technical, Not-in-family,*,Female,14084,0,60,North America,>50K
20143,"[20, 30[", Private,109307,Professional Education,11,Never-married,Nontechnical, Own-child,*,Male,0,0,40,North America,<=50K
20144,"[40, 50[", Federal-gov,106982,Undergraduate,10,Divorced,Technical, Unmarried,*,Female,0,0,40,North America,>50K
20145,"[50, 60[", Self-emp-not-inc,396878,Undergraduate,10,Married-civ-spouse,Nontechnical, Husband,*,Male,0,0,25,North America,<=50K
20146,"[20, 30[", Private,344278,Undergraduate,10,Divorced,Nontechnical, Unmarried,*,Female,0,0,25,North America,<=50K
20147,"[40, 50[", Private,203653,High School,9,Married-civ-spouse,Other, Husband,*,Male,7298,0,40,North America,>50K
20148,"[40, 50[", Local-gov,227890,Undergraduate,13,Married-civ-spouse,Nontechnical, Husband,*,Male,0,1485,40,North America,<=50K
20149,"[20, 30[", Private,107812,Undergraduate,10,Never-married,Technical, Not-in-family,*,Male,0,0,15,North America,<=50K
20150,"[40, 50[", Private,185143,Graduate,14,Married-civ-spouse,Nontechnical, Husband,*,Male,0,0,40,North America,<=50K
20151,"[30, 40[", Private,143068,Undergraduate,10,Divorced,Technical, Unmarried,*,Male,0,0,40,North America,<=50K
20152,"[50, 60[", Self-emp-inc,114758,Undergraduate,13,Married-civ-spouse,Nontechnical, Husband,*,Male,15024,0,50,North America,>50K
20153,"[40, 50[", Private,266337,Professional Education,11,Divorced,Technical, Unmarried,*,Male,0,0,40,North America,<=50K
20154,"[30, 40[", Private,321787,Undergraduate,10,Never-married,Other, Own-child,*,Male,0,0,40,North America,<=50K
20156,"[10, 20[", Private,271935,High School,9,Never-married,Technical, Own-child,*,Female,0,0,40,North America,<=50K
20157,"[10, 20[", Private,148952,Undergraduate,10,Never-married,Other, Own-child,*,Female,0,0,24,North America,<=50K
20158,"[40, 50[", Private,196626,High School,4,Married-civ-spouse,Technical, Husband,*,Male,0,0,40,North America,<=50K
20159,"[60, 70[", ?,108082,Undergraduate,10,Married-civ-spouse,Other, Husband,*,Male,0,0,40,North America,<=50K
20160,"[30, 40[", Private,199439,Graduate,14,Married-civ-spouse,Nontechnical, Husband,*,Male,0,0,45,North America,>50K
20161,"[20, 30[", ?,304076,High School,7,Never-married,Other, Own-child,*,Female,0,0,20,North America,<=50K
20162,"[50, 60[", Self-emp-inc,81436,Professional Education,15,Married-civ-spouse,Nontechnical, Husband,*,Male,0,0,40,North America,>50K
20163,"[40, 50[", Self-emp-inc,352971,Undergraduate,13,Married-civ-spouse,Nontechnical, Husband,*,Male,0,0,45,North America,>50K
20164,"[50, 60[", Private,375134,Undergraduate,10,Married-civ-spouse,Nontechnical, Husband,*,Male,0,0,60,North America,>50K
20165,"[30, 40[", Private,206521,Undergraduate,13,Married-civ-spouse,Nontechnical, Husband,*,Male,0,0,60,North America,>50K
20166,"[20, 30[", Private,330466,Undergraduate,13,Never-married,Technical, Other-relative,*,Male,0,0,40,North America,<=50K
20167,"[50, 60[", Private,208302,High School,9,Married-civ-spouse,Technical, Husband,*,Male,0,0,60,North America,<=50K
20168,"[60, 70[", Self-emp-not-inc,135285,Graduate,14,Married-civ-spouse,Technical, Husband,*,Male,0,0,40,North America,<=50K
20169,"[40, 50[", Private,171615,Professional Education,12,Married-civ-spouse,Technical, Husband,*,Male,0,0,45,North America,>50K
20170,"[60, 70[", Self-emp-not-inc,149698,Professional Education,15,Married-civ-spouse,Technical, Husband,*,Male,0,0,40,North America,>50K
20171,"[20, 30[", Private,71351,Primary School,2,Never-married,Other, Other-relative,*,Male,0,0,25,North America,<=50K
20173,"[50, 60[", Local-gov,375134,Professional Education,11,Divorced,Technical, Not-in-family,*,Male,0,0,40,North America,<=50K
20174,"[20, 30[", Private,207103,High School,9,Never-married,Nontechnical, Own-child,*,Male,0,0,40,North America,<=50K
20176,"[60, 70[", Self-emp-not-inc,289741,Graduate,14,Married-civ-spouse,Other, Husband,*,Male,41310,0,50,North America,<=50K
20177,"[30, 40[", Private,240837,High School,9,Divorced,Other, Not-in-family,*,Female,0,0,30,North America,<=50K
20178,"[20, 30[", Private,283499,High School,9,Never-married,Other, Not-in-family,*,Male,0,0,35,North America,<=50K
20179,"[50, 60[", Private,97778,High School,4,Married-civ-spouse,Technical, Husband,*,Male,0,0,40,North America,<=50K
20180,"[50, 60[", Private,21698,High School,6,Divorced,Other, Unmarried,*,Female,0,0,40,North America,<=50K
20181,"[60, 70[", Local-gov,232618,High School,9,Married-civ-spouse,Other, Husband,*,Male,0,0,40,North America,<=50K
20182,"[10, 20[", Private,175820,High School,7,Never-married,Nontechnical, Own-child,*,Male,0,0,25,North America,<=50K
20183,"[20, 30[", Local-gov,63996,High School,9,Divorced,Other, Not-in-family,*,Female,0,0,40,North America,<=50K
20184,"[50, 60[", Local-gov,182985,High School,9,Married-civ-spouse,Other, Wife,*,Female,0,0,40,North America,<=50K
20185,"[40, 50[", Federal-gov,380127,High School,9,Never-married,Nontechnical, Not-in-family,*,Female,0,0,40,North America,<=50K
20186,"[40, 50[", Self-emp-not-inc,111483,High School,6,Never-married,Technical, Own-child,*,Male,0,0,50,North America,<=50K
20187,"[10, 20[", ?,31008,Undergraduate,10,Never-married,Other, Own-child,*,Female,0,0,30,North America,<=50K
20188,"[50, 60[", Private,96346,High School,9,Widowed,Technical, Not-in-family,*,Female,0,0,57,North America,<=50K
20189,"[20, 30[", Private,317528,Undergraduate,10,Never-married,Nontechnical, Own-child,*,Male,0,0,34,North America,<=50K
20190,"[30, 40[", State-gov,223020,Undergraduate,10,Divorced,Other, Unmarried,*,Female,0,0,20,North America,<=50K
20191,"[30, 40[", ?,173998,High School,9,Married-civ-spouse,Other, Wife,*,Female,0,1485,38,North America,<=50K
20192,"[30, 40[", Private,115076,Undergraduate,10,Married-civ-spouse,Technical, Husband,*,Male,0,0,40,North America,<=50K
20193,"[40, 50[", Private,133969,Graduate,16,Married-civ-spouse,Technical, Husband,*,Male,0,0,50,North America,>50K
20194,"[40, 50[", Private,173858,High School,9,Married-civ-spouse,Other, Husband,*,Male,0,0,40,Asia,<=50K
20195,"[30, 40[", Private,193241,Undergraduate,10,Married-civ-spouse,Other, Husband,*,Male,0,0,38,North America,<=50K
20196,"[40, 50[", Self-emp-inc,50644,Professional Education,12,Divorced,Nontechnical, Unmarried,*,Female,1506,0,40,North America,<=50K
20197,"[30, 40[", Private,178841,Undergraduate,13,Never-married,Nontechnical, Not-in-family,*,Female,0,0,40,North America,<=50K
20198,"[20, 30[", Private,177017,High School,9,Never-married,Nontechnical, Not-in-family,*,Male,0,1504,37,North America,<=50K
20199,"[20, 30[", Private,253267,Undergraduate,10,Married-civ-spouse,Other, Husband,*,Male,0,1902,36,North America,>50K
20200,"[30, 40[", Private,202027,Graduate,14,Married-civ-spouse,Other, Husband,*,Male,7688,0,50,North America,>50K
20201,"[50, 60[", Self-emp-not-inc,321865,Professional Education,15,Divorced,Technical, Not-in-family,*,Male,0,0,60,North America,>50K
20202,"[30, 40[", Self-emp-not-inc,321709,Professional Education,12,Never-married,Technical, Not-in-family,*,Female,0,0,25,North America,<=50K
20203,"[20, 30[", Private,166371,High School,9,Never-married,Other, Other-relative,*,Male,0,0,40,Unknown,<=50K
20204,"[10, 20[", Private,210574,High School,9,Never-married,Nontechnical, Own-child,*,Female,0,0,20,North America,<=50K
20206,"[40, 50[", Private,474617,High School,9,Divorced,Nontechnical, Unmarried,*,Male,5455,0,40,North America,<=50K
20207,"[10, 20[", Private,264390,Undergraduate,10,Never-married,Other, Own-child,*,Female,0,2001,40,North America,<=50K
20208,"[30, 40[", Self-emp-inc,144949,Undergraduate,13,Married-civ-spouse,Nontechnical, Husband,*,Male,0,0,65,North America,<=50K
20209,"[40, 50[", State-gov,90803,Undergraduate,10,Married-civ-spouse,Other, Husband,*,Male,0,0,40,North America,<=50K
20210,"[40, 50[", State-gov,126701,Undergraduate,13,Married-civ-spouse,Nontechnical, Husband,*,Male,0,0,35,North America,>50K
20211,"[40, 50[", Private,178417,High School,9,Married-civ-spouse,Technical, Husband,*,Male,0,0,35,North America,<=50K
20212,"[40, 50[", Self-emp-not-inc,197176,Undergraduate,13,Married-civ-spouse,Other, Husband,*,Male,0,0,75,North America,>50K
20213,"[20, 30[", Private,182227,High School,9,Married-civ-spouse,Technical, Husband,*,Male,0,1579,40,North America,<=50K
20214,"[20, 30[", Private,117606,Undergraduate,13,Never-married,Other, Own-child,*,Female,0,0,32,North America,<=50K
20215,"[50, 60[", Private,349502,Undergraduate,10,Never-married,Other, Unmarried,*,Male,0,0,45,North America,<=50K
20216,"[40, 50[", Federal-gov,81487,Undergraduate,10,Married-civ-spouse,Other, Husband,*,Male,0,0,40,North America,>50K
20217,"[30, 40[", State-gov,169583,Graduate,16,Never-married,Technical, Not-in-family,*,Female,0,0,70,North America,<=50K
20218,"[20, 30[", Private,485117,Undergraduate,13,Never-married,Other, Own-child,*,Male,0,0,20,North America,<=50K
20219,"[20, 30[", Private,35603,Undergraduate,10,Divorced,Other, Not-in-family,*,Male,0,0,40,North America,<=50K
20220,"[30, 40[", Private,175390,High School,9,Divorced,Technical, Unmarried,*,Female,0,0,40,North America,<=50K
20221,"[40, 50[", Private,184986,High School,9,Divorced,Other, Not-in-family,*,Female,0,0,40,North America,<=50K
20222,"[40, 50[", Local-gov,174395,Graduate,14,Married-civ-spouse,Technical, Husband,*,Male,0,0,50,North America,<=50K
20223,"[30, 40[", Private,187711,High School,9,Never-married,Technical, Not-in-family,*,Male,0,0,40,North America,<=50K
20224,"[30, 40[", Private,189878,Professional Education,15,Married-civ-spouse,Technical, Husband,*,Male,0,0,50,North America,>50K
20225,"[10, 20[", Private,224073,High School,7,Never-married,Nontechnical, Own-child,*,Male,0,0,20,North America,<=50K
20226,"[40, 50[", Private,159726,High School,9,Married-civ-spouse,Other, Husband,*,Male,0,0,55,North America,>50K
20228,"[20, 30[", Private,456618,Undergraduate,10,Never-married,Other, Own-child,*,Male,2597,0,40,North America,<=50K
20229,"[30, 40[", Private,202397,Undergraduate,13,Married-civ-spouse,Technical, Husband,*,Male,0,0,40,Asia,>50K
20230,"[20, 30[", Private,206681,Undergraduate,10,Never-married,Nontechnical, Own-child,*,Female,0,0,15,North America,<=50K
20231,"[50, 60[", Private,222020,High School,6,Divorced,Other, Not-in-family,*,Male,0,0,70,North America,<=50K
20232,"[40, 50[", Private,137304,Undergraduate,13,Divorced,Other, Not-in-family,*,Female,0,0,40,North America,<=50K
20234,"[60, 70[", Self-emp-not-inc,218085,High School,9,Married-civ-spouse,Other, Wife,*,Female,0,0,50,North America,<=50K
20235,"[20, 30[", Private,52596,Undergraduate,10,Never-married,Nontechnical, Own-child,*,Male,0,0,8,North America,<=50K
20236,"[20, 30[", Private,197997,High School,9,Never-married,Other, Own-child,*,Male,0,0,40,North America,<=50K
20237,"[20, 30[", Private,191444,High School,7,Never-married,Other, Unmarried,*,Male,0,0,40,North America,<=50K
20238,"[20, 30[", Private,40767,Undergraduate,10,Never-married,Nontechnical, Not-in-family,*,Male,0,0,40,North America,<=50K
20239,"[40, 50[", Private,172577,Undergraduate,10,Divorced,Other, Not-in-family,*,Female,0,0,44,North America,<=50K
20240,"[30, 40[", Private,241998,Undergraduate,13,Married-civ-spouse,Technical, Husband,*,Male,0,0,50,North America,>50K
20241,"[60, 70[", State-gov,215908,High School,9,Married-civ-spouse,Other, Husband,*,Male,0,2174,40,North America,>50K
20242,"[40, 50[", Private,212120,High School,9,Married-civ-spouse,Technical, Husband,*,Male,0,0,40,North America,>50K
20244,"[20, 30[", Private,224424,High School,8,Never-married,Technical, Own-child,*,Male,0,0,40,North America,<=50K
20245,"[40, 50[", State-gov,214985,High School,9,Divorced,Nontechnical, Not-in-family,*,Female,0,0,40,North America,<=50K
20246,"[50, 60[", Self-emp-not-inc,147098,High School,5,Married-civ-spouse,Technical, Husband,*,Male,0,0,50,North America,<=50K
20247,"[30, 40[", Local-gov,149833,Undergraduate,13,Divorced,Technical, Unmarried,*,Female,0,0,40,North America,<=50K
20248,"[40, 50[", Federal-gov,253770,Undergraduate,10,Married-civ-spouse,Other, Wife,*,Female,7298,0,40,North America,>50K
20250,"[50, 60[", State-gov,132717,High School,6,Married-civ-spouse,Other, Husband,*,Male,0,0,40,North America,<=50K
20251,"[50, 60[", Private,138944,High School,7,Married-civ-spouse,Technical, Husband,*,Male,0,0,40,North America,>50K
20252,"[30, 40[", Private,280570,Undergraduate,13,Married-civ-spouse,Nontechnical, Husband,*,Male,3103,0,50,North America,>50K
20254,"[60, 70[", Local-gov,660461,High School,9,Widowed,Other, Not-in-family,*,Female,0,0,20,North America,<=50K
20255,"[40, 50[", Private,177211,Undergraduate,13,Married-civ-spouse,Nontechnical, Husband,*,Male,0,0,50,North America,>50K
20256,"[30, 40[", Private,197424,High School,9,Married-civ-spouse,Nontechnical, Husband,*,Male,5013,0,40,North America,<=50K
20257,"[20, 30[", Self-emp-inc,31717,High School,9,Married-civ-spouse,Nontechnical, Husband,*,Male,0,0,45,North America,>50K
20258,"[40, 50[", Private,296849,Undergraduate,10,Married-civ-spouse,Nontechnical, Husband,*,Male,0,0,40,North America,>50K
20260,"[40, 50[", Private,106698,Undergraduate,10,Divorced,Other, Unmarried,*,Female,0,0,32,North America,<=50K
20261,"[60, 70[", Private,214469,High School,9,Widowed,Other, Not-in-family,*,Female,0,0,13,North America,<=50K
20263,"[20, 30[", Private,333108,High School,9,Divorced,Nontechnical, Not-in-family,*,Male,0,0,40,North America,<=50K
20264,"[40, 50[", Private,35210,Undergraduate,10,Divorced,Other, Unmarried,*,Female,0,0,40,North America,<=50K
20265,"[20, 30[", Private,140845,High School,6,Never-married,Technical, Not-in-family,*,Female,0,155,40,North America,<=50K
20266,"[20, 30[", ?,335376,Undergraduate,13,Never-married,Other, Own-child,*,Female,0,0,30,North America,<=50K
20267,"[10, 20[", Private,170455,High School,7,Never-married,Nontechnical, Own-child,*,Female,0,0,8,North America,<=50K
20268,"[50, 60[", Private,298215,Undergraduate,13,Married-civ-spouse,Technical, Husband,*,Male,0,0,50,North America,>50K
20269,"[30, 40[", ?,93834,High School,9,Separated,Other, Own-child,*,Female,0,0,8,North America,<=50K
20270,"[20, 30[", Private,404416,Undergraduate,10,Never-married,Nontechnical, Not-in-family,*,Male,0,0,40,North America,<=50K
20272,"[60, 70[", Private,143175,Undergraduate,10,Widowed,Nontechnical, Other-relative,*,Female,0,0,45,North America,<=50K
20273,"[30, 40[", Self-emp-not-inc,409189,Undergraduate,10,Married-civ-spouse,Technical, Husband,*,Male,0,0,40,North America,>50K
20274,"[10, 20[", Private,285750,High School,9,Never-married,Nontechnical, Other-relative,*,Male,0,0,30,North America,<=50K
20277,"[40, 50[", Private,195437,High School,7,Married-civ-spouse,Other, Husband,*,Male,0,0,40,North America,>50K
20278,"[50, 60[", Local-gov,191130,Professional Education,11,Married-civ-spouse,Other, Husband,*,Male,0,0,40,North America,>50K
20279,"[20, 30[", Private,231160,Undergraduate,10,Never-married,Other, Own-child,*,Male,0,0,25,North America,<=50K
20280,"[30, 40[", Private,47310,High School,9,Never-married,Other, Not-in-family,*,Female,0,0,40,North America,<=50K
20281,"[30, 40[", Private,214635,High School,9,Married-civ-spouse,Other, Husband,*,Male,0,0,36,North America,<=50K
20282,"[50, 60[", Federal-gov,65160,Undergraduate,13,Married-civ-spouse,Nontechnical, Husband,*,Male,0,0,40,North America,<=50K
20283,"[40, 50[", State-gov,423222,Graduate,14,Married-civ-spouse,Nontechnical, Husband,*,Male,99999,0,80,North America,>50K
20286,"[30, 40[", Private,232854,High School,9,Divorced,Other, Not-in-family,*,Male,0,0,40,North America,<=50K
20287,"[40, 50[", Private,442035,Undergraduate,10,Divorced,Technical, Not-in-family,*,Female,0,0,40,North America,<=50K
20288,"[30, 40[", Private,127875,Undergraduate,13,Married-civ-spouse,Technical, Wife,*,Female,0,0,40,North America,>50K
20289,"[40, 50[", Private,283724,High School,5,Never-married,Technical, Other-relative,*,Male,0,0,49,North America,<=50K
20290,"[40, 50[", Private,403911,High School,9,Married-civ-spouse,Technical, Husband,*,Male,0,1902,40,North America,>50K
20291,"[20, 30[", ?,228649,Undergraduate,10,Never-married,Other, Own-child,*,Male,0,0,20,North America,<=50K
20293,"[40, 50[", Private,249935,High School,7,Divorced,Technical, Own-child,*,Male,0,0,8,North America,<=50K
20294,"[10, 20[", Private,533147,High School,9,Never-married,Other, Not-in-family,*,Male,0,0,30,North America,<=50K
20295,"[20, 30[", Private,137862,Undergraduate,10,Never-married,Other, Other-relative,*,Female,0,0,16,North America,<=50K
20296,"[20, 30[", Private,249543,Undergraduate,10,Never-married,Other, Own-child,*,Female,0,0,16,North America,<=50K
20297,"[40, 50[", Local-gov,230979,Undergraduate,13,Divorced,Technical, Not-in-family,*,Female,4787,0,25,North America,>50K
20298,"[40, 50[", Private,137126,Undergraduate,13,Married-civ-spouse,Technical, Husband,*,Male,0,1977,45,North America,>50K
20299,"[10, 20[", Private,147339,High School,6,Never-married,Technical, Own-child,*,Female,0,0,15,North America,<=50K
20300,"[40, 50[", Private,256647,High School,9,Married-civ-spouse,Technical, Husband,*,Male,0,0,40,North America,<=50K
20301,"[20, 30[", Private,111696,High School,9,Separated,Technical, Not-in-family,*,Male,0,1974,40,North America,<=50K
20302,"[20, 30[", ?,150084,Undergraduate,10,Never-married,Other, Own-child,*,Male,0,0,25,North America,<=50K
20303,"[20, 30[", Private,285457,High School,9,Never-married,Other, Not-in-family,*,Male,0,0,40,North America,<=50K
20304,"[30, 40[", Private,303867,Undergraduate,10,Married-civ-spouse,Nontechnical, Husband,*,Male,0,0,50,North America,<=50K
20305,"[40, 50[", Federal-gov,113597,Undergraduate,10,Married-civ-spouse,Nontechnical, Husband,*,Male,0,0,55,North America,>50K
20306,"[20, 30[", Self-emp-not-inc,151626,High School,9,Never-married,Technical, Own-child,*,Female,0,0,40,North America,<=50K
20307,"[40, 50[", Self-emp-not-inc,26145,Professional Education,11,Married-civ-spouse,Nontechnical, Husband,*,Male,0,0,40,North America,>50K
20308,"[20, 30[", Private,176189,High School,9,Married-civ-spouse,Technical, Husband,*,Male,0,0,40,North America,<=50K
20309,"[50, 60[", Federal-gov,497253,Undergraduate,13,Married-civ-spouse,Nontechnical, Husband,*,Male,0,0,40,North America,>50K
20310,"[40, 50[", Private,41090,High School,9,Married-civ-spouse,Technical, Husband,*,Male,0,2002,60,North America,<=50K
20311,"[30, 40[", Self-emp-not-inc,282461,High School,4,Married-civ-spouse,Nontechnical, Husband,*,Male,0,0,35,North America,>50K
20312,"[20, 30[", Private,225541,Undergraduate,10,Never-married,Other, Not-in-family,*,Female,0,0,40,North America,<=50K
20313,"[30, 40[", Private,203488,Undergraduate,10,Never-married,Nontechnical, Own-child,*,Male,0,0,45,North America,<=50K
20314,"[20, 30[", ?,296613,Undergraduate,10,Never-married,Other, Own-child,*,Female,0,0,32,North America,<=50K
20315,"[40, 50[", Private,99373,High School,6,Divorced,Technical, Unmarried,*,Female,0,0,40,North America,<=50K
20316,"[40, 50[", Local-gov,109705,High School,9,Divorced,Nontechnical, Not-in-family,*,Female,0,0,40,North America,<=50K
20317,"[40, 50[", Private,144947,Undergraduate,13,Divorced,Nontechnical, Unmarried,*,Female,0,0,40,North America,<=50K
20318,"[30, 40[", Private,617898,Undergraduate,13,Married-civ-spouse,Other, Husband,*,Male,0,0,50,North America,<=50K
20319,"[50, 60[", Private,38310,High School,4,Divorced,Other, Other-relative,*,Female,0,0,40,North America,<=50K
20320,"[40, 50[", Private,248993,High School,9,Married-spouse-absent,Other, Other-relative,*,Male,0,0,40,North America,<=50K
20322,"[30, 40[", Private,69311,High School,9,Never-married,Nontechnical, Not-in-family,*,Male,0,0,40,North America,<=50K
20323,"[30, 40[", Federal-gov,143766,Professional Education,12,Never-married,Other, Not-in-family,*,Male,0,0,40,North America,<=50K
20325,"[20, 30[", Private,275691,High School,7,Never-married,Other, Own-child,*,Male,0,0,39,North America,<=50K
20326,"[20, 30[", Private,59367,Undergraduate,13,Never-married,Technical, Other-relative,*,Male,0,0,40,North America,<=50K
20327,"[50, 60[", Private,35551,High School,9,Divorced,Technical, Not-in-family,*,Male,0,0,40,North America,<=50K
20329,"[40, 50[", Local-gov,193755,Undergraduate,13,Married-civ-spouse,Technical, Husband,*,Male,0,0,40,North America,<=50K
20330,"[30, 40[", Private,315291,Undergraduate,13,Never-married,Other, Other-relative,*,Female,0,0,40,North America,<=50K
20331,"[20, 30[", Private,290504,High School,9,Married-civ-spouse,Technical, Husband,*,Male,0,0,40,North America,<=50K
20332,"[20, 30[", Private,256240,High School,7,Married-civ-spouse,Technical, Husband,*,Male,0,0,40,North America,<=50K
20334,"[20, 30[", Private,178709,Graduate,14,Never-married,Technical, Not-in-family,*,Female,0,0,40,North America,<=50K
20335,"[40, 50[", Private,449354,High School,9,Married-civ-spouse,Other, Husband,*,Male,4386,0,45,North America,>50K
20336,"[20, 30[", Private,187937,Undergraduate,13,Never-married,Technical, Unmarried,*,Female,0,0,40,North America,<=50K
20337,"[10, 20[", Never-worked,157131,High School,7,Never-married,Other, Own-child,*,Female,0,0,10,North America,<=50K
20338,"[50, 60[", Local-gov,188772,High School,9,Widowed,Other, Not-in-family,*,Female,0,0,30,North America,<=50K
20340,"[60, 70[", Private,96099,Undergraduate,10,Married-civ-spouse,Nontechnical, Husband,*,Male,0,0,40,North America,>50K
20341,"[20, 30[", Private,122322,Undergraduate,10,Never-married,Other, Own-child,*,Female,0,0,60,North America,<=50K
20342,"[30, 40[", Private,409189,Primary School,3,Married-civ-spouse,Other, Husband,*,Male,0,0,40,North America,<=50K
20343,"[40, 50[", Private,175925,Undergraduate,10,Married-civ-spouse,Nontechnical, Husband,*,Male,0,0,60,North America,>50K
20344,"[70, 80[", Self-emp-not-inc,236878,High School,9,Married-civ-spouse,Technical, Husband,*,Male,0,0,30,North America,<=50K
20345,"[10, 20[", Private,216647,Undergraduate,10,Never-married,Other, Not-in-family,*,Female,0,0,30,North America,<=50K
20346,"[30, 40[", Private,300681,Undergraduate,10,Married-civ-spouse,Technical, Husband,*,Male,0,0,40,North America,>50K
20347,"[50, 60[", Private,327769,Undergraduate,10,Divorced,Technical, Not-in-family,*,Male,0,0,40,North America,<=50K
20348,"[20, 30[", Private,194723,Undergraduate,13,Never-married,Other, Not-in-family,*,Female,0,0,40,North America,<=50K
20349,"[40, 50[", Local-gov,31251,High School,4,Divorced,Nontechnical, Not-in-family,*,Male,0,0,40,North America,<=50K
20350,"[20, 30[", Private,212506,Undergraduate,10,Divorced,Other, Unmarried,*,Female,0,0,40,North America,<=50K
20351,"[20, 30[", Private,23037,High School,8,Never-married,Nontechnical, Own-child,*,Male,0,0,40,North America,<=50K
20352,"[30, 40[", Self-emp-not-inc,29054,High School,9,Married-civ-spouse,Other, Husband,*,Male,0,0,50,North America,<=50K
20353,"[40, 50[", Private,92733,High School,9,Married-civ-spouse,Technical, Husband,*,Male,0,0,40,North America,>50K
20354,"[20, 30[", State-gov,184678,Undergraduate,10,Never-married,Other, Own-child,*,Female,0,0,35,North America,<=50K
20357,"[30, 40[", Private,73715,High School,7,Married-civ-spouse,Technical, Husband,*,Male,0,0,40,North America,<=50K
20358,"[40, 50[", Private,209212,High School,5,Married-civ-spouse,Technical, Husband,*,Male,0,0,56,Unknown,<=50K
20359,"[40, 50[", Private,287037,Undergraduate,10,Never-married,Other, Not-in-family,*,Male,0,0,40,North America,<=50K
20361,"[20, 30[", Self-emp-inc,366662,High School,9,Never-married,Nontechnical, Own-child,*,Male,0,0,50,North America,<=50K
20362,"[30, 40[", Local-gov,113337,Undergraduate,10,Married-civ-spouse,Technical, Husband,*,Male,0,0,42,North America,>50K
20363,"[40, 50[", Private,387468,Undergraduate,10,Married-civ-spouse,Technical, Husband,*,Male,0,0,40,Europe,>50K
20364,"[50, 60[", Private,384248,Undergraduate,10,Divorced,Nontechnical, Unmarried,*,Female,0,0,50,North America,<=50K
20365,"[40, 50[", Private,332703,High School,9,Divorced,Other, Not-in-family,*,Female,0,625,40,North America,<=50K
20366,"[40, 50[", Private,198873,Professional Education,15,Married-civ-spouse,Technical, Wife,*,Female,15024,0,30,North America,>50K
20367,"[30, 40[", Private,317809,Undergraduate,13,Married-civ-spouse,Nontechnical, Husband,*,Male,4064,0,50,North America,<=50K
20368,"[30, 40[", Local-gov,160910,Undergraduate,13,Married-civ-spouse,Other, Husband,*,Male,7298,0,40,North America,>50K
20369,"[40, 50[", Self-emp-inc,182629,Undergraduate,13,Divorced,Nontechnical, Not-in-family,*,Male,0,0,40,North America,<=50K
20370,"[50, 60[", Private,267652,Undergraduate,13,Married-civ-spouse,Technical, Husband,*,Male,0,0,40,North America,<=50K
20371,"[50, 60[", Private,410186,High School,9,Married-civ-spouse,Technical, Husband,*,Male,0,0,40,North America,<=50K
20372,"[20, 30[", Private,365411,High School,5,Married-civ-spouse,Technical, Husband,*,Male,0,0,42,North America,<=50K
20373,"[20, 30[", Private,205337,High School,9,Married-civ-spouse,Technical, Husband,*,Male,0,0,40,North America,<=50K
20374,"[10, 20[", Self-emp-not-inc,100999,High School,7,Never-married,Other, Own-child,*,Female,0,0,30,North America,<=50K
20375,"[40, 50[", Private,197462,High School,9,Married-civ-spouse,Technical, Husband,*,Male,0,0,40,North America,<=50K
20376,"[40, 50[", Self-emp-not-inc,199143,Professional Education,15,Divorced,Technical, Unmarried,*,Female,7430,0,44,North America,>50K
20377,"[40, 50[", Private,191978,Undergraduate,10,Married-civ-spouse,Nontechnical, Husband,*,Male,0,0,40,North America,>50K
20378,"[30, 40[", Private,50178,Undergraduate,10,Married-civ-spouse,Technical, Husband,*,Male,0,0,40,North America,<=50K
20379,"[60, 70[", Private,72442,High School,7,Married-civ-spouse,Other, Husband,*,Male,0,0,40,North America,>50K
20380,"[20, 30[", Private,248512,Undergraduate,10,Never-married,Other, Own-child,*,Female,0,0,40,North America,<=50K
20381,"[20, 30[", Private,178140,Undergraduate,13,Married-civ-spouse,Other, Husband,*,Male,0,0,45,North America,>50K
20382,"[50, 60[", Private,354024,High School,9,Married-civ-spouse,Other, Wife,*,Female,0,0,40,North America,>50K
20384,"[30, 40[", Private,219902,Professional Education,11,Never-married,Other, Not-in-family,*,Female,0,0,40,North America,<=50K
20385,"[20, 30[", Local-gov,419722,Professional Education,12,Never-married,Other, Not-in-family,*,Male,3674,0,40,North America,<=50K
20386,"[40, 50[", Private,154374,Graduate,14,Married-civ-spouse,Technical, Husband,*,Male,7688,0,40,North America,>50K
20387,"[30, 40[", Private,132601,Undergraduate,13,Married-civ-spouse,Nontechnical, Husband,*,Male,0,0,55,North America,>50K
20388,"[30, 40[", Self-emp-not-inc,29430,Undergraduate,10,Divorced,Technical, Unmarried,*,Male,0,0,40,North America,<=50K
20390,"[60, 70[", Private,210825,Undergraduate,10,Married-civ-spouse,Technical, Husband,*,Male,0,0,40,North America,>50K
20391,"[30, 40[", Local-gov,251091,Undergraduate,10,Married-civ-spouse,Other, Husband,*,Male,0,0,40,North America,>50K
20392,"[30, 40[", Private,219034,High School,7,Never-married,Nontechnical, Not-in-family,*,Female,0,0,40,North America,<=50K
20393,"[50, 60[", Federal-gov,35723,Graduate,14,Married-civ-spouse,Nontechnical, Husband,*,Male,0,0,60,North America,>50K
20394,"[40, 50[", Private,358886,High School,9,Married-civ-spouse,Technical, Husband,*,Male,0,0,40,North America,<=50K
20395,"[30, 40[", Private,248708,Professional Education,12,Never-married,Technical, Not-in-family,*,Male,0,0,40,North America,<=50K
20396,"[40, 50[", ?,77937,High School,8,Divorced,Other, Not-in-family,*,Female,0,0,40,North America,<=50K
20397,"[30, 40[", Private,30063,High School,9,Divorced,Other, Unmarried,*,Female,0,0,32,North America,<=50K
20399,"[60, 70[", ?,41553,Undergraduate,10,Widowed,Other, Not-in-family,*,Female,0,0,40,North America,<=50K
20400,"[20, 30[", Private,59146,High School,9,Separated,Nontechnical, Unmarried,*,Female,0,0,48,North America,<=50K
20401,"[40, 50[", Self-emp-not-inc,343609,Undergraduate,10,Separated,Other, Unmarried,*,Female,0,0,50,North America,<=50K
20402,"[20, 30[", Private,216010,High School,9,Separated,Nontechnical, Own-child,*,Female,0,0,40,North America,<=50K
20403,"[30, 40[", Private,164526,Undergraduate,13,Married-civ-spouse,Technical, Husband,*,Male,0,0,40,North America,<=50K
20404,"[20, 30[", Private,150958,Primary School,3,Never-married,Other, Unmarried,*,Male,0,0,48,North America,<=50K
20405,"[20, 30[", Private,244495,High School,9,Married-civ-spouse,Technical, Husband,*,Male,0,0,48,North America,<=50K
20406,"[20, 30[", Private,199336,Professional Education,11,Never-married,Technical, Unmarried,*,Male,0,0,50,North America,<=50K
20407,"[60, 70[", Private,151369,Graduate,14,Married-civ-spouse,Nontechnical, Husband,*,Male,0,0,60,North America,>50K
20408,"[40, 50[", Federal-gov,118701,High School,9,Divorced,Other, Unmarried,*,Female,0,0,40,North America,<=50K
20409,"[40, 50[", Private,219611,Undergraduate,10,Married-civ-spouse,Other, Husband,*,Male,0,0,40,North America,<=50K
20410,"[20, 30[", Private,184568,High School,9,Never-married,Technical, Not-in-family,*,Male,0,0,40,North America,<=50K
20411,"[40, 50[", Self-emp-not-inc,246891,Professional Education,15,Married-civ-spouse,Technical, Husband,*,Male,0,0,60,North America,<=50K
20413,"[40, 50[", Local-gov,68318,Graduate,14,Never-married,Technical, Own-child,*,Female,0,0,55,North America,<=50K
20414,"[50, 60[", Private,56331,Undergraduate,13,Married-civ-spouse,Nontechnical, Husband,*,Male,0,0,40,North America,<=50K
20415,"[40, 50[", Private,190591,Professional Education,12,Divorced,Nontechnical, Not-in-family,*,Female,0,0,40,North America,<=50K
20416,"[50, 60[", Private,140359,High School,4,Divorced,Technical, Unmarried,*,Female,0,3900,40,North America,<=50K
20418,"[20, 30[", Private,122540,High School,6,Divorced,Nontechnical, Not-in-family,*,Male,0,0,40,North America,<=50K
20419,"[60, 70[", Private,212562,High School,7,Married-civ-spouse,Nontechnical, Husband,*,Male,0,0,20,North America,<=50K
20420,"[30, 40[", Self-emp-not-inc,112497,High School,9,Married-civ-spouse,Technical, Other-relative,*,Male,0,0,35,Europe,<=50K
20422,"[40, 50[", Self-emp-not-inc,296066,Undergraduate,10,Married-civ-spouse,Other, Husband,*,Male,0,0,50,North America,>50K
20425,"[40, 50[", Private,306496,High School,9,Married-civ-spouse,Other, Husband,*,Male,0,0,40,North America,<=50K
20426,"[20, 30[", Private,210029,High School,9,Never-married,Other, Not-in-family,*,Female,0,2001,37,North America,<=50K
20427,"[50, 60[", Private,163894,Undergraduate,10,Married-civ-spouse,Nontechnical, Husband,*,Male,0,0,40,North America,<=50K
20428,"[20, 30[", Private,113936,Undergraduate,10,Never-married,Nontechnical, Own-child,*,Male,0,0,40,North America,<=50K
20429,"[40, 50[", Self-emp-not-inc,316820,Undergraduate,10,Married-civ-spouse,Other, Husband,*,Male,0,0,84,North America,<=50K
20430,"[10, 20[", Private,53367,High School,5,Never-married,Other, Own-child,*,Female,0,0,35,North America,<=50K
20431,"[40, 50[", Self-emp-not-inc,95256,High School,9,Divorced,Other, Not-in-family,*,Male,0,0,50,North America,<=50K
20432,"[50, 60[", Private,127728,Undergraduate,10,Married-civ-spouse,Technical, Husband,*,Male,0,0,40,North America,>50K
20433,"[30, 40[", Private,66686,High School,9,Married-civ-spouse,Nontechnical, Husband,*,Male,0,0,40,North America,<=50K
20434,"[70, 80[", ?,207627,High School,9,Married-civ-spouse,Other, Husband,*,Male,2228,0,24,North America,<=50K
20435,"[50, 60[", Self-emp-inc,199768,High School,9,Married-civ-spouse,Nontechnical, Husband,*,Male,0,1902,30,North America,>50K
20436,"[40, 50[", ?,186805,High School,9,Married-civ-spouse,Other, Not-in-family,*,Female,0,0,35,North America,<=50K
20437,"[30, 40[", Private,154297,High School,9,Never-married,Nontechnical, Unmarried,*,Female,0,0,24,North America,<=50K
20438,"[20, 30[", Private,103064,High School,9,Never-married,Other, Own-child,*,Female,0,0,40,North America,<=50K
20439,"[10, 20[", Private,93235,High School,8,Never-married,Other, Own-child,*,Female,0,1721,25,North America,<=50K
20441,"[40, 50[", Private,212894,Professional Education,15,Divorced,Technical, Not-in-family,*,Male,0,0,55,North America,>50K
20442,"[30, 40[", Private,167990,Professional Education,15,Married-civ-spouse,Technical, Husband,*,Male,0,0,60,North America,>50K
20443,"[20, 30[", Private,378460,Undergraduate,10,Never-married,Technical, Own-child,*,Male,0,0,20,North America,<=50K
20444,"[40, 50[", Private,151089,Graduate,14,Married-civ-spouse,Technical, Husband,*,Male,0,1887,60,North America,>50K
20445,"[20, 30[", Private,153583,Undergraduate,10,Never-married,Nontechnical, Own-child,*,Female,0,0,40,North America,<=50K
20446,"[30, 40[", Private,114639,Undergraduate,10,Never-married,Nontechnical, Other-relative,*,Male,0,0,20,North America,<=50K
20447,"[30, 40[", Private,344480,Undergraduate,10,Married-civ-spouse,Technical, Husband,*,Male,0,0,65,North America,<=50K
20448,"[20, 30[", Private,188300,High School,7,Never-married,Technical, Unmarried,*,Female,0,0,40,North America,<=50K
20449,"[30, 40[", Private,105938,High School,9,Divorced,Technical, Own-child,*,Female,0,0,40,North America,<=50K
20450,"[40, 50[", Self-emp-not-inc,217826,High School,9,Married-civ-spouse,Technical, Husband,*,Male,0,0,25,North America,<=50K
20451,"[20, 30[", Private,379525,Undergraduate,10,Never-married,Other, Own-child,*,Female,0,0,10,North America,<=50K
20452,"[30, 40[", State-gov,177331,Undergraduate,10,Married-civ-spouse,Technical, Husband,*,Male,4386,0,40,North America,>50K
20453,"[30, 40[", Private,127918,Undergraduate,10,Never-married,Other, Unmarried,*,Female,0,0,20,North America,<=50K
20454,"[40, 50[", Federal-gov,27067,High School,9,Divorced,Other, Not-in-family,*,Female,0,0,40,North America,<=50K
20455,"[20, 30[", Private,250038,High School,5,Never-married,Other, Other-relative,*,Male,0,0,45,North America,<=50K
20456,"[30, 40[", Self-emp-not-inc,36270,High School,9,Married-civ-spouse,Other, Husband,*,Male,0,1977,65,North America,>50K
20457,"[60, 70[", Private,308608,High School,9,Married-civ-spouse,Nontechnical, Husband,*,Male,0,0,50,North America,<=50K
20458,"[60, 70[", Self-emp-inc,213574,High School,9,Married-civ-spouse,Technical, Husband,*,Male,2635,0,10,North America,<=50K
20459,"[30, 40[", Local-gov,235109,Undergraduate,13,Married-civ-spouse,Other, Wife,*,Female,0,0,40,North America,<=50K
20460,"[30, 40[", State-gov,374905,High School,6,Married-civ-spouse,Other, Husband,*,Male,0,0,40,North America,<=50K
20462,"[50, 60[", Local-gov,223716,Undergraduate,10,Divorced,Nontechnical, Not-in-family,*,Female,0,0,40,North America,<=50K
20466,"[20, 30[", Private,109080,Undergraduate,10,Never-married,Technical, Own-child,*,Male,0,0,55,North America,<=50K
20467,"[50, 60[", Private,104333,Undergraduate,10,Married-civ-spouse,Technical, Husband,*,Male,0,0,40,North America,>50K
20468,"[50, 60[", Private,195876,High School,9,Married-civ-spouse,Technical, Husband,*,Male,0,0,40,North America,<=50K
20469,"[30, 40[", Private,390879,Professional Education,11,Divorced,Technical, Unmarried,*,Female,0,0,36,North America,<=50K
20471,"[40, 50[", Private,442045,Undergraduate,10,Married-civ-spouse,Technical, Husband,*,Male,0,0,40,North America,>50K
20472,"[20, 30[", Private,44216,High School,9,Never-married,Other, Unmarried,*,Female,0,0,40,North America,<=50K
20473,"[40, 50[", Federal-gov,114537,Undergraduate,13,Married-civ-spouse,Technical, Husband,*,Male,0,0,40,North America,<=50K
20474,"[40, 50[", ?,253370,High School,9,Married-civ-spouse,Other, Wife,*,Female,0,0,35,North America,>50K
20475,"[10, 20[", Private,274830,High School,9,Never-married,Other, Own-child,*,Female,0,0,15,North America,<=50K
20476,"[20, 30[", Private,321763,High School,9,Never-married,Nontechnical, Not-in-family,*,Male,0,0,38,North America,<=50K
20477,"[30, 40[", Private,213226,Undergraduate,13,Never-married,Nontechnical, Not-in-family,*,Male,0,0,65,North America,>50K
20478,"[20, 30[", Private,167787,High School,9,Never-married,Other, Not-in-family,*,Female,0,0,40,North America,<=50K
20479,"[60, 70[", Self-emp-not-inc,352712,Professional Education,11,Married-civ-spouse,Other, Husband,*,Male,0,0,55,North America,<=50K
20481,"[20, 30[", Private,213412,High School,7,Married-civ-spouse,Technical, Husband,*,Male,0,0,40,North America,<=50K
20484,"[50, 60[", Self-emp-not-inc,450544,Undergraduate,13,Married-civ-spouse,Nontechnical, Husband,*,Male,0,0,40,North America,>50K
20485,"[40, 50[", Private,81243,Undergraduate,13,Divorced,Technical, Not-in-family,*,Male,0,1876,40,North America,<=50K
20486,"[40, 50[", Private,195258,High School,9,Married-civ-spouse,Technical, Husband,*,Male,0,0,40,North America,>50K
20487,"[40, 50[", Private,57929,High School,9,Divorced,Other, Not-in-family,*,Male,0,0,25,North America,<=50K
20488,"[30, 40[", Private,953588,High School,9,Married-civ-spouse,Nontechnical, Wife,*,Female,0,0,40,North America,>50K
20489,"[50, 60[", Private,99064,Professional Education,11,Married-civ-spouse,Technical, Husband,*,Male,5013,0,40,North America,<=50K
20490,"[50, 60[", Local-gov,194788,Graduate,14,Divorced,Nontechnical, Not-in-family,*,Female,4787,0,60,North America,>50K
20491,"[40, 50[", Self-emp-inc,155293,Undergraduate,13,Married-civ-spouse,Nontechnical, Husband,*,Male,0,0,60,North America,>50K
20492,"[60, 70[", Private,204082,Undergraduate,10,Widowed,Nontechnical, Not-in-family,*,Female,0,0,45,North America,<=50K
20493,"[30, 40[", State-gov,216283,Undergraduate,13,Married-civ-spouse,Technical, Wife,*,Female,0,0,45,North America,>50K
20494,"[30, 40[", Private,355856,Undergraduate,13,Married-civ-spouse,Technical, Husband,*,Male,0,0,40,Asia,>50K
20495,"[20, 30[", Private,297380,High School,9,Never-married,Nontechnical, Own-child,*,Female,0,0,40,North America,<=50K
20496,"[30, 40[", Private,425622,High School,9,Married-civ-spouse,Other, Husband,*,Male,0,0,55,North America,<=50K
20497,"[60, 70[", Self-emp-not-inc,145628,High School,6,Married-civ-spouse,Technical, Husband,*,Male,0,0,40,North America,<=50K
20498,"[20, 30[", Private,115549,Undergraduate,10,Never-married,Technical, Own-child,*,Male,0,0,60,North America,<=50K
20500,"[40, 50[", Self-emp-inc,142444,Undergraduate,13,Never-married,Technical, Not-in-family,*,Female,0,0,45,North America,<=50K
20501,"[40, 50[", Private,134026,High School,7,Never-married,Other, Other-relative,*,Male,0,0,40,North America,<=50K
20502,"[50, 60[", Private,177366,High School,9,Separated,Other, Other-relative,*,Female,0,0,20,North America,<=50K
20503,"[30, 40[", Private,38245,Undergraduate,10,Married-civ-spouse,Technical, Husband,*,Male,0,0,60,North America,<=50K
20504,"[60, 70[", Self-emp-not-inc,215944,Primary School,3,Married-civ-spouse,Other, Husband,*,Male,0,0,30,North America,<=50K
20505,"[40, 50[", Private,115784,Professional Education,11,Married-civ-spouse,Nontechnical, Husband,*,Male,0,0,45,North America,<=50K
20506,"[40, 50[", Private,170165,High School,9,Divorced,Technical, Other-relative,*,Female,0,0,55,North America,<=50K
20507,"[40, 50[", Private,355320,Undergraduate,13,Married-civ-spouse,Technical, Husband,*,Male,15024,0,40,North America,>50K
20508,"[40, 50[", Private,116163,High School,9,Separated,Nontechnical, Not-in-family,*,Female,0,0,40,North America,<=50K
20510,"[30, 40[", Local-gov,223433,Professional Education,11,Married-civ-spouse,Other, Husband,*,Male,0,0,53,North America,>50K
20511,"[30, 40[", Private,41624,High School,6,Married-civ-spouse,Technical, Husband,*,Male,0,0,70,North America,<=50K
20512,"[40, 50[", Private,151089,Undergraduate,13,Married-civ-spouse,Technical, Husband,*,Male,0,1902,50,North America,>50K
20513,"[50, 60[", State-gov,285747,Graduate,14,Married-civ-spouse,Technical, Husband,*,Male,0,1977,60,North America,>50K
20514,"[20, 30[", State-gov,108542,Undergraduate,10,Married-civ-spouse,Other, Husband,*,Male,0,0,40,North America,<=50K
20515,"[20, 30[", Self-emp-not-inc,212318,High School,9,Never-married,Technical, Not-in-family,*,Male,0,0,55,North America,<=50K
20516,"[50, 60[", Private,173090,High School,9,Widowed,Nontechnical, Unmarried,*,Female,0,0,32,North America,<=50K
20517,"[40, 50[", Private,26781,High School,9,Married-civ-spouse,Technical, Husband,*,Male,0,0,40,North America,<=50K
20518,"[50, 60[", Private,31782,High School,6,Married-civ-spouse,Other, Husband,*,Male,0,0,45,North America,>50K
20519,"[20, 30[", Private,189241,High School,7,Married-civ-spouse,Nontechnical, Own-child,*,Male,0,0,40,North America,<=50K
20520,"[20, 30[", Private,164229,High School,9,Divorced,Other, Not-in-family,*,Male,2597,0,40,North America,<=50K
20521,"[30, 40[", Private,240467,High School,9,Married-spouse-absent,Other, Unmarried,*,Female,0,0,40,North America,<=50K
20522,"[20, 30[", Private,263614,Professional Education,12,Married-civ-spouse,Technical, Husband,*,Male,0,0,45,North America,>50K
20523,"[20, 30[", Private,74500,Undergraduate,13,Married-civ-spouse,Nontechnical, Husband,*,Male,0,0,40,North America,>50K
20524,"[40, 50[", Federal-gov,263502,High School,9,Divorced,Other, Not-in-family,*,Male,0,0,40,North America,<=50K
20525,"[30, 40[", Federal-gov,47707,High School,9,Never-married,Other, Own-child,*,Female,0,0,40,North America,<=50K
20526,"[20, 30[", Private,231638,Undergraduate,10,Never-married,Other, Own-child,*,Female,0,0,40,North America,<=50K
20527,"[50, 60[", ?,389479,Graduate,14,Married-civ-spouse,Other, Husband,*,Male,0,0,50,North America,>50K
20528,"[30, 40[", Private,111128,High School,9,Separated,Technical, Own-child,*,Male,0,0,40,North America,<=50K
20529,"[30, 40[", Private,152307,Undergraduate,10,Married-civ-spouse,Technical, Husband,*,Male,0,0,40,North America,>50K
20530,"[20, 30[", ?,280134,High School,9,Never-married,Other, Own-child,*,Male,0,0,40,North America,<=50K
20532,"[40, 50[", Private,184466,High School,7,Married-civ-spouse,Other, Husband,*,Male,0,0,55,North America,<=50K
20533,"[40, 50[", Private,216411,Professional Education,11,Separated,Technical, Not-in-family,*,Female,0,0,40,North America,<=50K
20534,"[40, 50[", Self-emp-not-inc,324173,Professional Education,11,Divorced,Nontechnical, Not-in-family,*,Female,0,0,50,North America,<=50K
20535,"[30, 40[", Local-gov,300681,High School,9,Married-civ-spouse,Other, Husband,*,Male,7298,0,35,North America,>50K
20536,"[40, 50[", Local-gov,598995,Undergraduate,13,Divorced,Technical, Unmarried,*,Female,0,0,42,North America,<=50K
20537,"[50, 60[", Federal-gov,140711,Undergraduate,13,Married-civ-spouse,Technical, Husband,*,Male,0,0,40,North America,>50K
20538,"[40, 50[", Local-gov,262241,High School,9,Married-civ-spouse,Other, Other-relative,*,Female,0,0,40,North America,<=50K
20539,"[20, 30[", Private,308136,High School,9,Never-married,Other, Own-child,*,Male,0,0,40,North America,<=50K
20540,"[50, 60[", Private,148590,High School,6,Widowed,Technical, Unmarried,*,Female,0,0,40,North America,<=50K
20541,"[50, 60[", Private,195635,High School,9,Married-civ-spouse,Technical, Husband,*,Male,0,2051,38,North America,<=50K
20542,"[30, 40[", Private,228406,High School,9,Separated,Other, Unmarried,*,Female,0,0,40,North America,<=50K
20543,"[30, 40[", Private,136398,Graduate,16,Married-civ-spouse,Technical, Husband,*,Male,0,0,50,Asia,>50K
20544,"[20, 30[", ?,305466,Undergraduate,10,Never-married,Other, Own-child,*,Male,0,0,70,North America,<=50K
20545,"[50, 60[", Self-emp-inc,175070,Professional Education,15,Married-civ-spouse,Technical, Husband,*,Male,0,0,45,North America,>50K
20546,"[40, 50[", Self-emp-not-inc,34007,Undergraduate,13,Married-civ-spouse,Other, Husband,*,Male,0,0,70,North America,>50K
20547,"[30, 40[", Private,121195,High School,9,Never-married,Technical, Not-in-family,*,Male,0,0,50,North America,<=50K
20548,"[20, 30[", Federal-gov,216853,Professional Education,11,Married-civ-spouse,Nontechnical, Husband,*,Male,0,0,25,North America,<=50K
20550,"[10, 20[", Private,212936,Undergraduate,10,Never-married,Other, Own-child,*,Male,0,0,15,North America,<=50K
20551,"[20, 30[", ?,213055,Undergraduate,10,Never-married,Other, Unmarried,*,Female,0,0,40,North America,<=50K
20552,"[30, 40[", Local-gov,220430,Undergraduate,13,Married-civ-spouse,Other, Husband,*,Male,0,0,70,North America,>50K
20553,"[30, 40[", Federal-gov,73514,Undergraduate,13,Never-married,Nontechnical, Other-relative,*,Female,0,0,45,North America,<=50K
20554,"[20, 30[", Private,307371,Undergraduate,10,Never-married,Other, Own-child,*,Male,0,0,15,North America,<=50K
20556,"[30, 40[", Private,119992,Undergraduate,10,Married-civ-spouse,Technical, Husband,*,Male,0,0,40,North America,<=50K
20557,"[30, 40[", Private,192002,Graduate,14,Married-civ-spouse,Nontechnical, Husband,*,Male,7298,0,60,North America,>50K
20558,"[20, 30[", Private,327518,Professional Education,11,Married-civ-spouse,Technical, Husband,*,Male,0,0,45,North America,<=50K
20559,"[20, 30[", Private,220323,Undergraduate,10,Married-civ-spouse,Technical, Husband,*,Male,0,0,40,North America,<=50K
20560,"[30, 40[", Private,421633,Undergraduate,10,Divorced,Other, Unmarried,*,Female,0,0,30,North America,<=50K
20561,"[40, 50[", Private,154210,High School,9,Married-civ-spouse,Other, Husband,*,Male,2829,0,60,Asia,<=50K
20562,"[40, 50[", Self-emp-not-inc,35034,Undergraduate,13,Married-civ-spouse,Technical, Husband,*,Male,0,0,21,North America,<=50K
20563,"[60, 70[", ?,378239,Graduate,14,Married-civ-spouse,Other, Husband,*,Male,0,0,2,North America,>50K
20564,"[30, 40[", State-gov,270218,Undergraduate,13,Never-married,Other, Own-child,*,Female,0,0,40,North America,<=50K
20565,"[20, 30[", Private,254933,High School,7,Married-civ-spouse,Other, Husband,*,Male,0,0,40,North America,<=50K
20566,"[40, 50[", Private,61751,High School,9,Married-civ-spouse,Other, Wife,*,Female,0,0,35,North America,<=50K
20567,"[20, 30[", Private,137876,Undergraduate,10,Never-married,Other, Not-in-family,*,Male,0,0,20,North America,<=50K
20568,"[70, 80[", Private,336007,Undergraduate,13,Married-civ-spouse,Technical, Husband,*,Male,0,2246,40,North America,>50K
20569,"[20, 30[", Private,222539,Undergraduate,10,Married-civ-spouse,Technical, Husband,*,Male,0,0,40,North America,>50K
20570,"[20, 30[", Private,233856,High School,9,Never-married,Technical, Other-relative,*,Male,0,0,45,North America,<=50K
20571,"[10, 20[", Private,198616,High School,8,Never-married,Technical, Own-child,*,Male,594,0,20,North America,<=50K
20572,"[30, 40[", Private,202027,Undergraduate,13,Married-civ-spouse,Nontechnical, Husband,*,Male,7298,0,35,North America,>50K
20573,"[20, 30[", Private,203182,Undergraduate,10,Separated,Nontechnical, Unmarried,*,Female,0,0,43,North America,<=50K
20574,"[20, 30[", Private,221317,Undergraduate,10,Married-civ-spouse,Nontechnical, Husband,*,Male,0,0,40,North America,<=50K
20575,"[30, 40[", Private,186934,Undergraduate,10,Married-civ-spouse,Technical, Husband,*,Male,0,0,45,North America,<=50K
20576,"[60, 70[", ?,351402,Graduate,16,Married-civ-spouse,Other, Husband,*,Male,0,0,70,North America,<=50K
20577,"[40, 50[", Local-gov,179580,High School,9,Married-civ-spouse,Other, Wife,*,Female,0,0,40,North America,<=50K
20578,"[30, 40[", Private,26803,Undergraduate,10,Married-civ-spouse,Technical, Husband,*,Male,0,0,84,North America,>50K
20579,"[40, 50[", Private,344624,High School,9,Married-civ-spouse,Other, Husband,*,Male,0,1902,50,North America,>50K
20580,"[30, 40[", State-gov,59969,High School,9,Married-civ-spouse,Other, Other-relative,*,Female,0,0,35,North America,<=50K
20582,"[50, 60[", Self-emp-not-inc,192654,Undergraduate,13,Divorced,Other, Not-in-family,*,Male,0,0,65,North America,<=50K
20583,"[60, 70[", Private,117681,High School,9,Divorced,Other, Not-in-family,*,Male,0,0,25,North America,<=50K
20584,"[60, 70[", Self-emp-not-inc,179285,Undergraduate,13,Married-civ-spouse,Nontechnical, Husband,*,Male,0,0,30,North America,<=50K
20585,"[40, 50[", Private,217161,High School,9,Divorced,Other, Not-in-family,*,Female,0,0,14,North America,<=50K
20586,"[60, 70[", Self-emp-inc,116517,Undergraduate,13,Widowed,Other, Unmarried,*,Female,0,0,35,North America,<=50K
20587,"[30, 40[", Private,170336,High School,9,Married-civ-spouse,Other, Wife,*,Female,0,0,19,North America,<=50K
20588,"[30, 40[", Local-gov,256529,High School,9,Separated,Other, Own-child,*,Female,0,0,80,North America,<=50K
20589,"[20, 30[", Local-gov,227886,Undergraduate,13,Married-civ-spouse,Other, Husband,*,Male,0,0,40,North America,<=50K
20590,"[20, 30[", Private,141706,Undergraduate,10,Never-married,Other, Not-in-family,*,Female,0,0,40,North America,<=50K
20591,"[30, 40[", Private,361888,Undergraduate,10,Divorced,Technical, Unmarried,*,Male,0,0,40,North America,<=50K
20592,"[50, 60[", Private,185407,High School,9,Married-civ-spouse,Technical, Husband,*,Male,7688,0,40,North America,>50K
20593,"[30, 40[", Self-emp-not-inc,176101,High School,9,Married-civ-spouse,Other, Husband,*,Male,0,0,80,North America,>50K
20594,"[10, 20[", Private,216730,High School,7,Never-married,Other, Own-child,*,Male,0,0,12,North America,<=50K
20595,"[50, 60[", ?,155755,High School,9,Divorced,Other, Not-in-family,*,Female,4416,0,25,North America,<=50K
20596,"[30, 40[", Private,609789,High School,7,Married-civ-spouse,Other, Husband,*,Male,0,0,60,North America,<=50K
20597,"[20, 30[", Private,136017,High School,6,Never-married,Technical, Not-in-family,*,Male,0,0,48,North America,<=50K
20598,"[40, 50[", Private,58880,Undergraduate,13,Married-civ-spouse,Technical, Wife,*,Female,7688,0,10,North America,>50K
20599,"[40, 50[", Private,285787,Professional Education,12,Married-civ-spouse,Technical, Husband,*,Male,0,0,40,North America,>50K
20600,"[40, 50[", Private,173243,Undergraduate,10,Married-civ-spouse,Technical, Husband,*,Male,5178,0,40,North America,>50K
20601,"[30, 40[", Private,160916,Professional Education,12,Married-civ-spouse,Technical, Wife,*,Female,0,0,45,North America,<=50K
20602,"[40, 50[", Private,227397,Undergraduate,13,Married-civ-spouse,Other, Wife,*,Female,0,0,40,North America,>50K
20603,"[40, 50[", Self-emp-not-inc,111066,Undergraduate,13,Married-civ-spouse,Technical, Husband,*,Male,0,0,50,North America,>50K
20604,"[20, 30[", Private,189924,Undergraduate,10,Never-married,Other, Own-child,*,Female,0,0,40,North America,<=50K
20605,"[30, 40[", Private,31740,High School,4,Married-civ-spouse,Other, Husband,*,Male,0,0,40,North America,<=50K
20606,"[40, 50[", Self-emp-not-inc,120837,High School,9,Married-civ-spouse,Technical, Husband,*,Male,0,2042,48,North America,<=50K
20607,"[30, 40[", Private,172304,Undergraduate,10,Married-civ-spouse,Technical, Husband,*,Male,0,0,50,North America,>50K
20609,"[30, 40[", Private,86492,Professional Education,11,Married-civ-spouse,Other, Husband,*,Male,0,0,30,North America,>50K
20611,"[20, 30[", Self-emp-not-inc,153546,Undergraduate,13,Never-married,Technical, Own-child,*,Female,0,0,40,North America,<=50K
20612,"[10, 20[", ?,189041,High School,9,Never-married,Other, Other-relative,*,Male,0,0,40,North America,<=50K
20613,"[30, 40[", Self-emp-not-inc,115932,High School,9,Never-married,Technical, Not-in-family,*,Male,99999,0,50,North America,>50K
20614,"[20, 30[", Local-gov,151626,High School,9,Never-married,Technical, Own-child,*,Female,0,0,40,North America,<=50K
20615,"[20, 30[", Self-emp-not-inc,37302,High School,7,Married-civ-spouse,Nontechnical, Husband,*,Male,0,0,50,North America,<=50K
20616,"[20, 30[", Private,109001,High School,9,Never-married,Technical, Not-in-family,*,Male,0,0,40,North America,<=50K
20617,"[40, 50[", Private,195488,High School,9,Never-married,Other, Own-child,*,Female,0,0,45,North America,<=50K
20619,"[20, 30[", Private,118497,High School,9,Married-civ-spouse,Other, Husband,*,Male,0,0,50,North America,<=50K
20620,"[40, 50[", Self-emp-not-inc,101233,Professional Education,11,Married-civ-spouse,Other, Wife,*,Female,0,0,15,North America,<=50K
20621,"[40, 50[", Private,349703,Professional Education,12,Married-civ-spouse,Other, Husband,*,Male,0,0,40,North America,<=50K
20622,"[30, 40[", Private,226883,High School,9,Married-civ-spouse,Technical, Husband,*,Male,0,0,40,Europe,<=50K
20623,"[20, 30[", Private,214635,High School,9,Never-married,Technical, Not-in-family,*,Male,0,0,40,North America,<=50K
20624,"[30, 40[", Private,169672,High School,7,Married-civ-spouse,Nontechnical, Husband,*,Male,0,0,65,North America,<=50K
20625,"[40, 50[", Private,71458,Undergraduate,10,Married-civ-spouse,Nontechnical, Husband,*,Male,0,0,50,North America,<=50K
20626,"[20, 30[", State-gov,142621,Undergraduate,13,Never-married,Technical, Not-in-family,*,Female,4101,0,40,North America,<=50K
20627,"[30, 40[", Private,125279,High School,9,Married-civ-spouse,Other, Husband,*,Male,0,0,40,North America,<=50K
20628,"[20, 30[", Private,197303,Undergraduate,13,Never-married,Technical, Own-child,*,Female,0,0,40,North America,<=50K
20629,"[40, 50[", Local-gov,148995,Undergraduate,13,Never-married,Technical, Own-child,*,Male,4787,0,45,North America,>50K
20630,"[30, 40[", Private,69251,Undergraduate,10,Married-civ-spouse,Other, Husband,*,Male,0,0,40,Asia,<=50K
20631,"[30, 40[", Private,160123,High School,9,Widowed,Other, Not-in-family,*,Female,0,0,40,North America,<=50K
20633,"[20, 30[", Private,323229,Undergraduate,13,Never-married,Other, Not-in-family,*,Male,0,0,40,North America,<=50K
20634,"[40, 50[", Private,138626,Professional Education,11,Divorced,Nontechnical, Not-in-family,*,Male,2174,0,50,North America,<=50K
20635,"[40, 50[", Private,102359,Undergraduate,13,Divorced,Technical, Not-in-family,*,Male,0,0,40,North America,<=50K
20637,"[30, 40[", Private,404661,Undergraduate,10,Never-married,Nontechnical, Not-in-family,*,Male,0,0,40,North America,<=50K
20639,"[30, 40[", Self-emp-not-inc,185325,High School,9,Married-civ-spouse,Nontechnical, Husband,*,Male,0,0,40,North America,>50K
20640,"[30, 40[", Self-emp-not-inc,230268,Undergraduate,10,Married-civ-spouse,Other, Husband,*,Male,0,0,40,North America,<=50K
20641,"[40, 50[", Self-emp-inc,38819,Undergraduate,13,Married-civ-spouse,Nontechnical, Husband,*,Male,0,0,50,North America,>50K
20642,"[30, 40[", Private,380614,Professional Education,12,Married-civ-spouse,Technical, Wife,*,Female,0,0,13,North America,>50K
20643,"[40, 50[", Private,319637,High School,9,Divorced,Other, Unmarried,*,Female,0,0,40,North America,<=50K
20645,"[40, 50[", Private,320984,Undergraduate,13,Married-civ-spouse,Nontechnical, Husband,*,Male,0,0,60,North America,>50K
20646,"[10, 20[", ?,117201,Undergraduate,10,Never-married,Other, Own-child,*,Male,0,0,22,North America,<=50K
20647,"[30, 40[", Private,81965,Professional Education,11,Never-married,Technical, Not-in-family,*,Female,0,0,40,North America,<=50K
20648,"[40, 50[", Local-gov,182302,High School,9,Married-civ-spouse,Technical, Husband,*,Male,0,0,40,North America,<=50K
20649,"[20, 30[", Private,53434,Professional Education,11,Married-civ-spouse,Nontechnical, Husband,*,Male,0,0,60,North America,>50K
20650,"[40, 50[", Private,216214,High School,7,Married-civ-spouse,Technical, Husband,*,Male,0,0,40,North America,<=50K
20651,"[50, 60[", Self-emp-inc,24127,Professional Education,11,Married-civ-spouse,Nontechnical, Husband,*,Male,0,0,54,North America,>50K
20652,"[30, 40[", Federal-gov,115066,High School,9,Married-civ-spouse,Technical, Husband,*,Male,0,0,40,North America,<=50K
20653,"[10, 20[", Private,120277,High School,9,Never-married,Other, Not-in-family,*,Female,0,0,30,North America,<=50K
20655,"[50, 60[", Private,26716,High School,6,Never-married,Other, Not-in-family,*,Male,0,0,60,North America,<=50K
20656,"[40, 50[", ?,174533,High School,7,Separated,Other, Unmarried,*,Male,0,0,40,North America,<=50K
20657,"[40, 50[", Self-emp-inc,175958,High School,8,Married-civ-spouse,Technical, Husband,*,Male,0,0,45,Unknown,<=50K
20659,"[60, 70[", Private,117746,Undergraduate,13,Married-civ-spouse,Nontechnical, Husband,*,Male,0,0,50,North America,>50K
20660,"[20, 30[", Private,206199,High School,9,Never-married,Other, Own-child,*,Male,0,0,40,North America,<=50K
20661,"[50, 60[", Self-emp-inc,89922,Professional Education,11,Married-civ-spouse,Nontechnical, Husband,*,Male,15024,0,40,North America,>50K
20662,"[60, 70[", Private,69867,Undergraduate,13,Married-civ-spouse,Technical, Husband,*,Male,0,0,55,North America,>50K
20663,"[30, 40[", Private,109020,Undergraduate,13,Never-married,Technical, Unmarried,*,Male,0,0,40,North America,<=50K
20665,"[20, 30[", Private,130302,High School,9,Married-civ-spouse,Technical, Husband,*,Male,0,0,40,North America,<=50K
20666,"[30, 40[", Private,156728,Undergraduate,13,Married-civ-spouse,Other, Husband,*,Male,0,0,56,North America,<=50K
20667,"[30, 40[", Private,424719,Undergraduate,13,Divorced,Nontechnical, Not-in-family,*,Female,0,0,40,North America,<=50K
20668,"[50, 60[", Federal-gov,217647,Undergraduate,10,Divorced,Technical, Not-in-family,*,Female,0,0,40,North America,<=50K
20669,"[20, 30[", Private,33087,Professional Education,11,Never-married,Other, Own-child,*,Male,0,0,40,North America,<=50K
20670,"[40, 50[", Federal-gov,241895,High School,9,Married-civ-spouse,Other, Husband,*,Male,0,0,40,North America,<=50K
20671,"[20, 30[", Private,38455,High School,6,Never-married,Other, Not-in-family,*,Male,0,0,40,North America,<=50K
20672,"[40, 50[", Local-gov,81054,Undergraduate,10,Divorced,Nontechnical, Unmarried,*,Female,0,0,25,North America,<=50K
20673,"[40, 50[", Private,163215,High School,8,Divorced,Technical, Unmarried,*,Female,0,0,40,North America,<=50K
20674,"[30, 40[", Private,156728,High School,9,Married-civ-spouse,Other, Husband,*,Male,0,0,40,North America,<=50K
20676,"[40, 50[", Federal-gov,227310,Undergraduate,10,Never-married,Other, Unmarried,*,Female,0,0,40,North America,<=50K
20677,"[20, 30[", Private,96844,Undergraduate,10,Never-married,Other, Not-in-family,*,Female,0,0,17,North America,<=50K
20678,"[10, 20[", Private,245199,Undergraduate,10,Never-married,Other, Own-child,*,Male,0,0,40,North America,<=50K
20679,"[30, 40[", Private,46385,High School,9,Married-civ-spouse,Technical, Husband,*,Male,0,0,40,North America,<=50K
20680,"[50, 60[", Private,186385,Graduate,16,Never-married,Technical, Not-in-family,*,Male,0,0,8,North America,<=50K
20681,"[50, 60[", Private,252714,Professional Education,11,Married-civ-spouse,Other, Husband,*,Male,0,0,40,North America,<=50K
20683,"[40, 50[", Private,320744,Undergraduate,13,Married-civ-spouse,Technical, Husband,*,Male,0,0,40,North America,>50K
20684,"[50, 60[", Private,138852,Graduate,14,Married-civ-spouse,Nontechnical, Husband,*,Male,15024,0,50,North America,>50K
20685,"[40, 50[", Private,102092,High School,9,Married-civ-spouse,Technical, Husband,*,Male,0,0,40,North America,<=50K
20686,"[40, 50[", ?,32533,Undergraduate,10,Never-married,Other, Not-in-family,*,Male,0,0,45,North America,<=50K
20687,"[40, 50[", Private,278151,High School,9,Married-civ-spouse,Other, Husband,*,Male,0,0,40,North America,<=50K
20688,"[40, 50[", Private,338290,Undergraduate,10,Married-civ-spouse,Technical, Husband,*,Male,0,0,40,North America,<=50K
20689,"[30, 40[", Private,34378,Undergraduate,10,Married-civ-spouse,Technical, Husband,*,Male,0,0,35,North America,<=50K
20690,"[40, 50[", Private,91959,Undergraduate,13,Married-civ-spouse,Nontechnical, Husband,*,Male,0,0,45,North America,>50K
20691,"[30, 40[", Private,265881,High School,9,Divorced,Technical, Unmarried,*,Female,0,0,40,North America,<=50K
20693,"[20, 30[", Private,193898,High School,9,Divorced,Technical, Not-in-family,*,Male,0,0,50,North America,<=50K
20694,"[30, 40[", Private,139364,Undergraduate,13,Married-civ-spouse,Nontechnical, Husband,*,Male,0,0,50,North America,>50K
20695,"[40, 50[", State-gov,306473,Professional Education,12,Married-civ-spouse,Other, Husband,*,Male,0,0,40,North America,<=50K
20696,"[30, 40[", Private,37232,Undergraduate,10,Never-married,Technical, Not-in-family,*,Male,0,0,80,North America,<=50K
20697,"[10, 20[", State-gov,56424,High School,8,Never-married,Other, Own-child,*,Male,0,0,20,North America,<=50K
20699,"[30, 40[", Private,153326,Undergraduate,13,Married-civ-spouse,Technical, Husband,*,Male,0,0,40,North America,>50K
20700,"[30, 40[", Private,106976,High School,9,Divorced,Other, Unmarried,*,Female,0,0,40,North America,<=50K
20701,"[50, 60[", Private,109015,Undergraduate,10,Divorced,Nontechnical, Not-in-family,*,Female,0,0,48,North America,<=50K
20703,"[30, 40[", Private,183739,High School,9,Married-civ-spouse,Technical, Own-child,*,Female,0,2002,40,North America,<=50K
20704,"[60, 70[", Private,367695,Professional Education,12,Married-civ-spouse,Other, Husband,*,Male,0,0,40,North America,>50K
20705,"[30, 40[", Local-gov,156015,Professional Education,11,Married-civ-spouse,Technical, Husband,*,Male,0,0,40,North America,<=50K
20706,"[40, 50[", Private,185132,Undergraduate,13,Never-married,Technical, Not-in-family,*,Female,0,0,45,North America,<=50K
20707,"[20, 30[", Self-emp-not-inc,188274,Undergraduate,10,Never-married,Technical, Own-child,*,Male,0,0,10,North America,<=50K
20708,"[20, 30[", Local-gov,50512,Undergraduate,13,Never-married,Technical, Not-in-family,*,Female,2202,0,50,North America,<=50K
20710,"[30, 40[", Private,414525,High School,8,Never-married,Other, Not-in-family,*,Male,0,0,60,North America,<=50K
20712,"[40, 50[", Private,176069,Undergraduate,13,Divorced,Technical, Not-in-family,*,Female,0,0,45,North America,<=50K
20713,"[50, 60[", State-gov,199713,Undergraduate,13,Married-civ-spouse,Technical, Husband,*,Male,0,0,15,North America,<=50K
20714,"[40, 50[", Private,297884,High School,9,Married-civ-spouse,Technical, Husband,*,Male,4064,0,50,North America,<=50K
20715,"[30, 40[", Private,204829,High School,9,Divorced,Other, Not-in-family,*,Male,0,0,45,North America,<=50K
20717,"[20, 30[", Local-gov,32950,Undergraduate,13,Never-married,Technical, Not-in-family,*,Male,0,0,35,North America,<=50K
20718,"[40, 50[", Private,233511,Undergraduate,13,Divorced,Technical, Not-in-family,*,Male,0,0,48,North America,<=50K
20719,"[20, 30[", Private,210781,Undergraduate,10,Never-married,Other, Own-child,*,Female,0,0,20,North America,<=50K
20721,"[20, 30[", Private,83315,High School,9,Never-married,Other, Unmarried,*,Male,0,0,40,North America,<=50K
20722,"[30, 40[", Self-emp-inc,343872,Undergraduate,10,Married-civ-spouse,Other, Husband,*,Male,0,0,35,North America,<=50K
20723,"[40, 50[", Private,185385,High School,9,Married-civ-spouse,Nontechnical, Husband,*,Male,0,0,65,North America,>50K
20724,"[60, 70[", ?,302142,High School,9,Married-civ-spouse,Other, Husband,*,Male,2961,0,30,North America,<=50K
20725,"[30, 40[", Private,80324,Undergraduate,10,Married-civ-spouse,Nontechnical, Husband,*,Male,0,1977,62,North America,>50K
20726,"[20, 30[", Private,357933,Undergraduate,10,Never-married,Other, Own-child,*,Female,0,0,15,North America,<=50K
20727,"[20, 30[", Private,211293,Undergraduate,10,Never-married,Nontechnical, Own-child,*,Female,0,0,14,North America,<=50K
20728,"[30, 40[", Self-emp-inc,199265,Undergraduate,10,Married-civ-spouse,Nontechnical, Husband,*,Male,0,0,50,North America,<=50K
20729,"[40, 50[", Private,202872,Undergraduate,10,Divorced,Other, Unmarried,*,Female,0,0,24,North America,<=50K
20730,"[20, 30[", Private,195075,Undergraduate,10,Never-married,Other, Own-child,*,Female,0,0,38,North America,<=50K
20731,"[30, 40[", Private,317378,Undergraduate,13,Never-married,Nontechnical, Own-child,*,Female,10520,0,40,North America,>50K
20732,"[40, 50[", Private,187802,Undergraduate,10,Divorced,Technical, Not-in-family,*,Male,0,0,50,North America,<=50K
20733,"[20, 30[", Private,97212,Professional Education,12,Married-civ-spouse,Other, Wife,*,Female,0,0,40,North America,<=50K
20734,"[40, 50[", Private,47902,High School,9,Married-civ-spouse,Nontechnical, Husband,*,Male,0,0,40,North America,<=50K
20735,"[30, 40[", State-gov,76767,Professional Education,15,Married-civ-spouse,Technical, Wife,*,Female,0,0,39,North America,>50K
20736,"[40, 50[", Private,172297,Graduate,14,Married-civ-spouse,Other, Husband,*,Male,0,1902,40,North America,>50K
20737,"[50, 60[", Private,274475,High School,5,Widowed,Nontechnical, Unmarried,*,Female,0,0,40,North America,<=50K
20738,"[20, 30[", Private,105244,Undergraduate,10,Never-married,Nontechnical, Not-in-family,*,Male,0,0,50,North America,<=50K
20739,"[50, 60[", Local-gov,165695,High School,9,Divorced,Other, Unmarried,*,Male,0,0,40,North America,<=50K
20740,"[20, 30[", Private,253801,High School,9,Never-married,Technical, Other-relative,*,Male,0,0,40,North America,<=50K
20741,"[30, 40[", Private,305597,High School,9,Divorced,Technical, Not-in-family,*,Male,0,0,40,North America,<=50K
20742,"[60, 70[", Self-emp-not-inc,352448,Undergraduate,13,Married-civ-spouse,Other, Husband,*,Male,0,0,60,North America,<=50K
20743,"[20, 30[", Private,242768,Undergraduate,13,Never-married,Technical, Not-in-family,*,Male,0,0,38,North America,<=50K
20744,"[40, 50[", Self-emp-inc,201080,Undergraduate,10,Divorced,Technical, Not-in-family,*,Male,0,0,55,North America,<=50K
20745,"[10, 20[", Local-gov,159032,High School,4,Never-married,Other, Own-child,*,Male,0,0,40,North America,<=50K
20746,"[30, 40[", Private,149568,High School,5,Never-married,Other, Other-relative,*,Male,0,0,40,North America,<=50K
20748,"[20, 30[", State-gov,155775,High School,9,Married-civ-spouse,Technical, Husband,*,Male,0,0,40,North America,<=50K
20749,"[30, 40[", Private,120074,High School,9,Never-married,Other, Not-in-family,*,Male,0,0,40,North America,<=50K
20750,"[30, 40[", Local-gov,257588,High School,9,Divorced,Other, Unmarried,*,Female,0,0,40,North America,<=50K
20751,"[30, 40[", Private,177907,Undergraduate,10,Married-civ-spouse,Technical, Husband,*,Male,0,0,65,North America,<=50K
20752,"[40, 50[", Private,309311,High School,9,Married-civ-spouse,Other, Husband,*,Male,0,0,40,North America,<=50K
20753,"[40, 50[", Self-emp-not-inc,138975,High School,9,Married-civ-spouse,Technical, Husband,*,Male,0,0,55,North America,<=50K
20754,"[40, 50[", Self-emp-not-inc,187778,High School,9,Married-civ-spouse,Technical, Husband,*,Male,0,0,20,North America,<=50K
20755,"[10, 20[", Private,35865,Undergraduate,10,Never-married,Nontechnical, Not-in-family,*,Female,0,0,35,North America,<=50K
20757,"[10, 20[", ?,151141,High School,6,Never-married,Other, Own-child,*,Male,0,0,30,North America,<=50K
20758,"[30, 40[", Private,144688,High School,9,Married-civ-spouse,Other, Wife,*,Female,0,0,50,North America,<=50K
20759,"[40, 50[", Private,248094,High School,9,Divorced,Technical, Unmarried,*,Male,0,0,40,North America,<=50K
20760,"[40, 50[", Private,248094,High School,9,Married-civ-spouse,Technical, Husband,*,Male,0,0,40,North America,<=50K
20761,"[40, 50[", Private,213821,Graduate,14,Never-married,Technical, Not-in-family,*,Male,0,0,40,North America,>50K
20762,"[30, 40[", State-gov,55849,Undergraduate,10,Never-married,Technical, Not-in-family,*,Male,0,0,40,North America,<=50K
20763,"[20, 30[", Private,121712,Undergraduate,13,Divorced,Technical, Not-in-family,*,Male,0,0,40,North America,<=50K
20764,"[30, 40[", Federal-gov,164552,Undergraduate,13,Never-married,Technical, Not-in-family,*,Male,0,1876,40,North America,<=50K
20765,"[50, 60[", Private,223127,High School,5,Married-civ-spouse,Other, Husband,*,Male,0,0,40,North America,<=50K
20766,"[50, 60[", Private,190514,High School,4,Married-civ-spouse,Other, Husband,*,Male,0,0,75,North America,<=50K
20767,"[20, 30[", Private,203797,Undergraduate,10,Married-civ-spouse,Nontechnical, Husband,*,Male,0,0,40,North America,<=50K
20768,"[20, 30[", Private,378460,Undergraduate,13,Never-married,Other, Not-in-family,*,Male,10520,0,60,North America,>50K
20769,"[30, 40[", Private,105908,High School,9,Married-civ-spouse,Technical, Husband,*,Male,0,0,40,North America,<=50K
20770,"[30, 40[", Private,232356,High School,9,Married-civ-spouse,Nontechnical, Husband,*,Male,0,1672,55,North America,<=50K
20771,"[20, 30[", Private,210526,High School,9,Never-married,Other, Own-child,*,Male,0,0,40,North America,<=50K
20773,"[20, 30[", ?,22966,Undergraduate,10,Married-civ-spouse,Other, Husband,*,Male,0,0,6,North America,<=50K
20774,"[20, 30[", Private,43535,Undergraduate,10,Never-married,Nontechnical, Not-in-family,*,Female,0,0,40,North America,<=50K
20776,"[20, 30[", ?,229997,Undergraduate,10,Married-spouse-absent,Other, Unmarried,*,Female,0,0,40,North America,<=50K
20777,"[40, 50[", Private,183013,High School,9,Married-civ-spouse,Other, Husband,*,Male,0,0,40,North America,<=50K
20778,"[30, 40[", Private,113364,Professional Education,12,Married-civ-spouse,Technical, Husband,*,Male,0,0,20,North America,<=50K
20779,"[20, 30[", Private,197380,Professional Education,12,Never-married,Technical, Not-in-family,*,Male,0,0,40,North America,<=50K
20781,"[20, 30[", Private,213385,Undergraduate,10,Never-married,Other, Not-in-family,*,Male,0,0,20,North America,<=50K
20782,"[30, 40[", ?,108464,Undergraduate,10,Married-civ-spouse,Other, Husband,*,Male,0,0,40,North America,<=50K
20783,"[10, 20[", Private,31007,High School,6,Never-married,Other, Own-child,*,Female,0,0,30,North America,<=50K
20784,"[20, 30[", Private,35917,Undergraduate,10,Never-married,Other, Not-in-family,*,Male,0,0,50,North America,<=50K
20785,"[40, 50[", Private,99385,High School,9,Divorced,Other, Not-in-family,*,Female,0,0,40,North America,<=50K
20786,"[50, 60[", Private,48358,High School,9,Married-civ-spouse,Technical, Husband,*,Male,7688,0,40,North America,>50K
20787,"[30, 40[", Private,241885,High School,9,Never-married,Other, Unmarried,*,Male,0,0,45,North America,<=50K
20789,"[50, 60[", Private,149686,High School,5,Widowed,Technical, Unmarried,*,Female,0,0,40,North America,<=50K
20790,"[20, 30[", State-gov,154432,Undergraduate,13,Never-married,Technical, Not-in-family,*,Male,0,0,35,North America,<=50K
20791,"[20, 30[", Private,331875,High School,8,Never-married,Nontechnical, Not-in-family,*,Male,0,0,40,North America,<=50K
20792,"[20, 30[", Private,259585,Undergraduate,10,Never-married,Nontechnical, Not-in-family,*,Male,0,0,24,North America,<=50K
20793,"[50, 60[", Private,104748,Undergraduate,10,Married-civ-spouse,Nontechnical, Husband,*,Male,0,0,45,North America,<=50K
20794,"[30, 40[", Local-gov,144949,High School,9,Married-civ-spouse,Other, Husband,*,Male,0,0,40,North America,<=50K
20795,"[40, 50[", State-gov,199512,Undergraduate,13,Married-civ-spouse,Nontechnical, Husband,*,Male,0,0,40,North America,>50K
20796,"[30, 40[", Private,302438,High School,9,Never-married,Technical, Not-in-family,*,Male,0,0,40,North America,<=50K
20797,"[40, 50[", ?,129155,High School,7,Widowed,Other, Other-relative,*,Female,0,0,40,North America,<=50K
20798,"[40, 50[", Federal-gov,115784,Undergraduate,10,Married-civ-spouse,Technical, Husband,*,Male,0,0,40,North America,<=50K
20799,"[40, 50[", Private,96509,Undergraduate,10,Married-civ-spouse,Technical, Husband,*,Male,0,0,40,North America,>50K
20800,"[60, 70[", Private,226733,High School,9,Married-civ-spouse,Other, Husband,*,Male,0,0,40,North America,>50K
20801,"[40, 50[", Self-emp-inc,244945,Undergraduate,13,Married-civ-spouse,Technical, Husband,*,Male,0,0,60,North America,<=50K
20803,"[40, 50[", ?,351161,Graduate,14,Married-civ-spouse,Other, Husband,*,Male,0,0,60,North America,>50K
20804,"[30, 40[", Private,186934,Undergraduate,13,Married-civ-spouse,Nontechnical, Husband,*,Male,0,0,50,North America,>50K
20805,"[20, 30[", Private,89813,High School,9,Never-married,Nontechnical, Own-child,*,Female,0,0,40,North America,<=50K
20806,"[50, 60[", Self-emp-inc,129432,Undergraduate,13,Married-civ-spouse,Nontechnical, Husband,*,Male,15024,0,40,North America,>50K
20807,"[50, 60[", Self-emp-not-inc,184702,High School,9,Married-civ-spouse,Nontechnical, Husband,*,Male,0,0,40,North America,<=50K
20808,"[20, 30[", Private,275291,Undergraduate,10,Never-married,Nontechnical, Own-child,*,Male,0,0,12,North America,<=50K
20809,"[20, 30[", Private,258298,Undergraduate,10,Never-married,Nontechnical, Own-child,*,Male,0,0,20,North America,<=50K
20810,"[30, 40[", Private,139743,High School,9,Separated,Other, Not-in-family,*,Female,0,0,20,North America,<=50K
20811,"[20, 30[", Private,102476,Undergraduate,13,Never-married,Technical, Own-child,*,Male,10520,0,64,North America,>50K
20812,"[20, 30[", Private,103840,High School,9,Never-married,Technical, Own-child,*,Female,0,0,42,North America,<=50K
20813,"[20, 30[", Private,274579,High School,9,Married-civ-spouse,Other, Husband,*,Male,0,0,60,North America,<=50K
20815,"[30, 40[", Private,101020,High School,8,Married-civ-spouse,Technical, Husband,*,Male,0,0,40,North America,<=50K
20816,"[40, 50[", Federal-gov,68729,Undergraduate,13,Married-civ-spouse,Nontechnical, Husband,*,Male,0,0,40,North America,>50K
20817,"[50, 60[", Private,141326,High School,9,Married-civ-spouse,Technical, Husband,*,Male,0,0,40,North America,>50K
20818,"[50, 60[", Self-emp-not-inc,168723,High School,9,Married-civ-spouse,Nontechnical, Husband,*,Male,0,0,40,North America,<=50K
20819,"[30, 40[", Private,347166,Undergraduate,13,Never-married,Technical, Not-in-family,*,Male,13550,0,45,North America,>50K
20820,"[30, 40[", Local-gov,213722,High School,9,Married-civ-spouse,Other, Husband,*,Male,0,0,57,North America,>50K
20821,"[40, 50[", Private,196797,High School,9,Never-married,Other, Unmarried,*,Female,0,0,38,North America,<=50K
20823,"[30, 40[", Federal-gov,199934,Undergraduate,10,Married-civ-spouse,Other, Husband,*,Male,0,0,40,North America,>50K
20824,"[20, 30[", Private,272185,Professional Education,11,Never-married,Technical, Own-child,*,Male,0,0,33,North America,<=50K
20825,"[20, 30[", ?,190650,Undergraduate,13,Never-married,Other, Unmarried,*,Male,0,0,25,Asia,<=50K
20827,"[40, 50[", Private,266281,High School,7,Never-married,Technical, Unmarried,*,Female,6849,0,40,North America,<=50K
20828,"[50, 60[", Private,96779,Primary School,3,Married-civ-spouse,Technical, Husband,*,Male,0,0,40,North America,<=50K
20830,"[30, 40[", Private,188352,Graduate,14,Never-married,Technical, Not-in-family,*,Male,0,0,50,North America,<=50K
20831,"[30, 40[", Private,359131,High School,9,Divorced,Technical, Unmarried,*,Female,0,0,48,North America,<=50K
20832,"[50, 60[", Private,198824,Undergraduate,13,Never-married,Nontechnical, Unmarried,*,Female,0,0,40,North America,<=50K
20833,"[20, 30[", State-gov,68393,Undergraduate,13,Never-married,Other, Not-in-family,*,Female,0,0,40,North America,<=50K
20834,"[40, 50[", Private,115613,High School,9,Married-civ-spouse,Technical, Husband,*,Male,0,0,50,North America,>50K
20835,"[40, 50[", Private,45363,Professional Education,12,Married-civ-spouse,Technical, Husband,*,Male,0,0,50,North America,<=50K
20836,"[30, 40[", Private,121590,Undergraduate,10,Never-married,Technical, Not-in-family,*,Male,4787,0,40,North America,>50K
20837,"[50, 60[", Local-gov,292379,Undergraduate,13,Married-civ-spouse,Nontechnical, Husband,*,Male,0,0,40,North America,<=50K
20838,"[20, 30[", Private,482732,High School,9,Never-married,Other, Other-relative,*,Male,0,0,24,North America,<=50K
20839,"[10, 20[", Private,198663,High School,9,Never-married,Technical, Other-relative,*,Male,0,0,40,North America,<=50K
20840,"[30, 40[", Private,230329,High School,9,Married-civ-spouse,Technical, Husband,*,Male,0,0,35,North America,<=50K
20841,"[50, 60[", Private,29887,High School,9,Divorced,Nontechnical, Not-in-family,*,Male,0,0,44,North America,<=50K
20843,"[50, 60[", Private,126368,Undergraduate,10,Never-married,Other, Not-in-family,*,Female,0,0,50,North America,>50K
20844,"[50, 60[", Private,108446,Undergraduate,10,Married-civ-spouse,Nontechnical, Husband,*,Male,0,0,40,North America,<=50K
20845,"[30, 40[", Private,220696,High School,9,Divorced,Technical, Not-in-family,*,Male,0,0,40,North America,<=50K
20846,"[30, 40[", Private,32008,Undergraduate,13,Never-married,Technical, Not-in-family,*,Female,0,0,72,North America,<=50K
20848,"[50, 60[", Private,185846,High School,9,Married-civ-spouse,Nontechnical, Husband,*,Male,0,0,55,North America,>50K
20849,"[70, 80[", Private,127016,High School,4,Widowed,Other, Not-in-family,*,Female,0,0,40,North America,<=50K
20850,"[40, 50[", Self-emp-not-inc,102308,Undergraduate,13,Married-civ-spouse,Nontechnical, Husband,*,Male,0,2415,40,North America,>50K
20851,"[20, 30[", Private,157894,Undergraduate,10,Never-married,Nontechnical, Own-child,*,Male,0,0,40,North America,<=50K
20852,"[20, 30[", Private,345405,High School,9,Married-civ-spouse,Nontechnical, Husband,*,Male,2885,0,40,North America,<=50K
20853,"[50, 60[", Self-emp-not-inc,94156,Professional Education,15,Married-civ-spouse,Technical, Husband,*,Male,0,1977,50,North America,>50K
20854,"[50, 60[", Private,145409,Undergraduate,13,Married-civ-spouse,Technical, Husband,*,Male,15024,0,40,North America,>50K
20855,"[20, 30[", Private,190968,Undergraduate,10,Married-civ-spouse,Technical, Husband,*,Male,2407,0,40,North America,<=50K
20856,"[20, 30[", Local-gov,212803,Undergraduate,13,Never-married,Technical, Not-in-family,*,Female,0,0,35,North America,<=50K
20857,"[50, 60[", Private,168660,High School,9,Married-civ-spouse,Nontechnical, Husband,*,Male,0,0,50,North America,<=50K
20858,"[50, 60[", Private,234481,High School,6,Married-civ-spouse,Other, Husband,*,Male,0,0,40,North America,<=50K
20859,"[30, 40[", Private,131461,High School,5,Married-civ-spouse,Other, Wife,*,Female,0,0,24,North America,<=50K
20860,"[40, 50[", Private,408773,Undergraduate,10,Married-civ-spouse,Technical, Husband,*,Male,0,0,40,North America,>50K
20862,"[40, 50[", Private,155489,Undergraduate,10,Married-civ-spouse,Nontechnical, Husband,*,Male,0,0,60,North America,>50K
20863,"[40, 50[", Private,296749,Undergraduate,10,Divorced,Technical, Not-in-family,*,Male,0,0,45,North America,<=50K
20864,"[40, 50[", State-gov,185832,Undergraduate,13,Married-civ-spouse,Other, Husband,*,Male,0,0,46,North America,>50K
20865,"[60, 70[", Private,43235,Undergraduate,13,Married-civ-spouse,Technical, Husband,*,Male,0,0,50,North America,>50K
20866,"[20, 30[", Private,213152,Undergraduate,10,Never-married,Nontechnical, Not-in-family,*,Male,0,0,40,North America,<=50K
20867,"[20, 30[", Local-gov,334267,Undergraduate,10,Married-civ-spouse,Nontechnical, Husband,*,Male,0,0,40,North America,>50K
20868,"[60, 70[", ?,253101,Undergraduate,13,Divorced,Other, Not-in-family,*,Female,0,0,24,North America,<=50K
20869,"[40, 50[", Private,64631,High School,9,Married-civ-spouse,Nontechnical, Husband,*,Male,15024,0,50,North America,>50K
20870,"[40, 50[", Local-gov,193882,Professional Education,11,Never-married,Technical, Not-in-family,*,Male,0,1340,40,North America,<=50K
20871,"[60, 70[", Private,71800,High School,4,Widowed,Other, Not-in-family,*,Female,0,0,41,North America,<=50K
20872,"[40, 50[", Local-gov,170092,Graduate,14,Never-married,Technical, Not-in-family,*,Female,0,0,43,North America,<=50K
20873,"[40, 50[", Private,198223,Undergraduate,10,Married-civ-spouse,Nontechnical, Husband,*,Male,0,0,40,North America,<=50K
20874,"[30, 40[", Private,359796,Undergraduate,10,Divorced,Nontechnical, Not-in-family,*,Male,0,0,40,North America,<=50K
20875,"[40, 50[", Private,110556,High School,9,Separated,Nontechnical, Unmarried,*,Female,0,0,40,North America,<=50K
20876,"[40, 50[", Private,196858,Graduate,14,Married-civ-spouse,Technical, Husband,*,Male,0,0,35,North America,>50K
20877,"[40, 50[", ?,112860,High School,6,Married-civ-spouse,Other, Wife,*,Female,0,0,35,North America,<=50K
20879,"[50, 60[", Federal-gov,271544,High School,9,Married-civ-spouse,Other, Husband,*,Male,0,1977,40,North America,>50K
20880,"[70, 80[", ?,142171,High School,4,Married-civ-spouse,Other, Husband,*,Male,1409,0,35,North America,<=50K
20881,"[40, 50[", Private,221172,High School,9,Never-married,Technical, Not-in-family,*,Male,0,0,30,North America,<=50K
20882,"[50, 60[", Private,256916,High School,9,Married-civ-spouse,Nontechnical, Husband,*,Male,0,0,45,North America,<=50K
20883,"[20, 30[", Private,157332,Undergraduate,10,Never-married,Technical, Own-child,*,Female,0,0,40,North America,<=50K
20884,"[40, 50[", Federal-gov,192894,High School,9,Married-civ-spouse,Other, Husband,*,Male,0,0,50,North America,>50K
20885,"[10, 20[", Private,240183,High School,9,Never-married,Other, Own-child,*,Female,0,0,20,North America,<=50K
20886,"[20, 30[", Private,204338,High School,6,Married-civ-spouse,Technical, Husband,*,Male,0,0,40,North America,<=50K
20887,"[20, 30[", Private,122166,Undergraduate,10,Never-married,Other, Own-child,*,Female,0,0,40,Asia,<=50K
20888,"[30, 40[", Local-gov,397877,Undergraduate,13,Married-civ-spouse,Other, Husband,*,Male,0,0,40,North America,>50K
20889,"[50, 60[", Private,115066,Undergraduate,10,Divorced,Other, Unmarried,*,Female,0,2547,40,North America,>50K
20890,"[30, 40[", Self-emp-not-inc,170174,High School,9,Married-civ-spouse,Technical, Husband,*,Male,7298,0,60,North America,>50K
20891,"[50, 60[", Private,171015,Undergraduate,10,Never-married,Other, Own-child,*,Female,0,0,34,North America,<=50K
20893,"[40, 50[", Local-gov,127678,Professional Education,11,Married-civ-spouse,Other, Husband,*,Male,0,0,60,North America,>50K
20894,"[10, 20[", Private,263338,High School,9,Never-married,Other, Own-child,*,Male,0,0,15,North America,<=50K
20895,"[20, 30[", Private,129508,High School,9,Never-married,Other, Own-child,*,Female,0,0,28,North America,<=50K
20896,"[40, 50[", Private,192107,Undergraduate,13,Married-civ-spouse,Technical, Husband,*,Male,0,0,40,North America,<=50K
20897,"[30, 40[", Self-emp-not-inc,93930,High School,9,Married-civ-spouse,Nontechnical, Husband,*,Male,0,0,40,North America,<=50K
20898,"[20, 30[", Federal-gov,207537,High School,9,Never-married,Other, Not-in-family,*,Female,0,0,40,North America,<=50K
20899,"[20, 30[", Private,138542,Undergraduate,10,Married-civ-spouse,Nontechnical, Husband,*,Male,0,0,35,North America,<=50K
20900,"[20, 30[", Self-emp-not-inc,116207,High School,9,Married-civ-spouse,Technical, Husband,*,Male,0,0,65,North America,>50K
20901,"[20, 30[", Private,198244,High School,9,Never-married,Other, Not-in-family,*,Female,0,0,39,North America,<=50K
20902,"[30, 40[", Private,90614,Professional Education,12,Married-civ-spouse,Technical, Husband,*,Male,0,2042,10,North America,<=50K
20903,"[20, 30[", Private,211160,High School,8,Married-civ-spouse,Nontechnical, Own-child,*,Male,0,0,40,North America,<=50K
20904,"[20, 30[", Private,194630,High School,9,Married-civ-spouse,Other, Husband,*,Male,3781,0,50,North America,<=50K
20905,"[20, 30[", Private,161478,Undergraduate,13,Never-married,Technical, Not-in-family,*,Female,0,0,40,North America,<=50K
20906,"[50, 60[", Private,144071,High School,9,Married-civ-spouse,Other, Husband,*,Male,0,0,40,North America,>50K
20907,"[40, 50[", Private,167005,Undergraduate,10,Married-civ-spouse,Technical, Husband,*,Male,4386,0,55,North America,<=50K
20908,"[50, 60[", Private,342121,Undergraduate,10,Married-civ-spouse,Technical, Husband,*,Male,0,0,40,North America,<=50K
20909,"[70, 80[", Self-emp-not-inc,71676,Undergraduate,10,Widowed,Other, Not-in-family,*,Female,0,1944,1,North America,<=50K
20910,"[40, 50[", Private,124692,Graduate,14,Married-civ-spouse,Nontechnical, Husband,*,Male,0,0,40,North America,>50K
20911,"[40, 50[", Private,147236,High School,9,Married-civ-spouse,Technical, Husband,*,Male,0,0,40,North America,>50K
20912,"[40, 50[", Private,145175,Undergraduate,10,Married-civ-spouse,Technical, Husband,*,Male,0,0,40,North America,<=50K
20913,"[40, 50[", Private,259323,Undergraduate,10,Married-civ-spouse,Technical, Husband,*,Male,0,0,40,North America,<=50K
20914,"[20, 30[", Private,154978,High School,9,Married-civ-spouse,Other, Husband,*,Male,0,0,40,North America,<=50K
20915,"[60, 70[", ?,163946,High School,5,Married-civ-spouse,Other, Husband,*,Male,0,0,40,North America,<=50K
20916,"[20, 30[", Private,127768,Undergraduate,10,Never-married,Technical, Not-in-family,*,Male,0,0,40,North America,<=50K
20917,"[50, 60[", Private,98588,High School,9,Married-civ-spouse,Technical, Husband,*,Male,0,0,40,North America,<=50K
20918,"[40, 50[", Private,192894,High School,9,Married-civ-spouse,Technical, Husband,*,Male,0,0,40,North America,>50K
20919,"[20, 30[", Private,194848,Undergraduate,10,Never-married,Technical, Own-child,*,Male,0,0,40,North America,<=50K
20920,"[20, 30[", Private,34446,High School,9,Never-married,Other, Not-in-family,*,Female,0,0,20,North America,<=50K
20921,"[20, 30[", Local-gov,177265,High School,9,Never-married,Other, Own-child,*,Female,0,0,45,North America,<=50K
20922,"[30, 40[", Private,142977,Undergraduate,10,Divorced,Technical, Not-in-family,*,Male,0,0,65,North America,<=50K
20923,"[40, 50[", Private,241350,High School,9,Married-civ-spouse,Nontechnical, Husband,*,Male,0,0,48,North America,>50K
20925,"[10, 20[", Private,60562,High School,5,Never-married,Other, Own-child,*,Female,0,0,20,North America,<=50K
20926,"[20, 30[", Private,142566,High School,9,Never-married,Nontechnical, Not-in-family,*,Male,0,0,40,North America,<=50K
20927,"[20, 30[", Private,176162,Undergraduate,13,Never-married,Nontechnical, Own-child,*,Male,0,0,40,North America,<=50K
20928,"[50, 60[", Private,186303,Undergraduate,10,Married-civ-spouse,Nontechnical, Husband,*,Male,15024,0,55,North America,>50K
20929,"[40, 50[", Private,237671,Undergraduate,10,Married-civ-spouse,Technical, Wife,*,Female,0,0,40,North America,>50K
20930,"[10, 20[", ?,184416,High School,6,Never-married,Other, Own-child,*,Male,0,0,30,North America,<=50K
20931,"[50, 60[", Private,68624,High School,9,Married-civ-spouse,Nontechnical, Husband,*,Male,0,0,45,North America,<=50K
20932,"[30, 40[", Private,229504,High School,9,Married-civ-spouse,Technical, Husband,*,Male,0,0,50,North America,<=50K
20933,"[50, 60[", Private,340591,High School,6,Married-civ-spouse,Nontechnical, Husband,*,Male,3942,0,40,North America,<=50K
20934,"[20, 30[", Private,262208,Undergraduate,10,Never-married,Other, Not-in-family,*,Female,0,0,30,North America,<=50K
20935,"[20, 30[", Private,236008,Professional Education,11,Divorced,Technical, Unmarried,*,Female,0,0,40,North America,<=50K
20937,"[30, 40[", Private,169496,Undergraduate,13,Married-civ-spouse,Nontechnical, Husband,*,Male,0,0,50,North America,>50K
20938,"[20, 30[", ?,205940,Undergraduate,10,Never-married,Other, Own-child,*,Female,0,0,40,North America,<=50K
20939,"[20, 30[", Private,195179,Undergraduate,10,Never-married,Nontechnical, Own-child,*,Male,0,0,24,North America,<=50K
20940,"[20, 30[", Private,469697,Undergraduate,10,Married-civ-spouse,Technical, Own-child,*,Male,0,0,40,North America,<=50K
20941,"[10, 20[", ?,140242,Undergraduate,10,Never-married,Other, Own-child,*,Female,0,0,20,North America,<=50K
20942,"[40, 50[", Private,214415,Undergraduate,10,Separated,Technical, Unmarried,*,Female,0,0,40,North America,<=50K
20943,"[30, 40[", Private,452283,High School,9,Divorced,Nontechnical, Own-child,*,Female,0,0,40,North America,<=50K
20944,"[40, 50[", Private,244172,High School,9,Married-civ-spouse,Nontechnical, Husband,*,Male,0,0,40,North America,<=50K
20945,"[10, 20[", Private,231972,High School,7,Never-married,Other, Own-child,*,Female,0,0,20,North America,<=50K
20946,"[30, 40[", Private,412296,High School,9,Married-civ-spouse,Technical, Husband,*,Male,0,0,35,North America,>50K
20947,"[30, 40[", Private,30497,Professional Education,11,Married-civ-spouse,Technical, Husband,*,Male,0,0,40,North America,<=50K
20948,"[50, 60[", Self-emp-not-inc,189216,High School,9,Divorced,Other, Not-in-family,*,Male,0,0,65,North America,<=50K
20949,"[30, 40[", Private,268292,High School,9,Married-civ-spouse,Technical, Husband,*,Male,0,0,41,North America,<=50K
20950,"[30, 40[", Private,69306,Undergraduate,10,Divorced,Technical, Unmarried,*,Female,0,0,40,North America,<=50K
20951,"[50, 60[", State-gov,111224,Undergraduate,13,Divorced,Technical, Not-in-family,*,Male,0,0,39,North America,<=50K
20952,"[20, 30[", State-gov,309348,Undergraduate,10,Never-married,Other, Not-in-family,*,Female,0,0,15,North America,<=50K
20953,>=80, ?,174995,High School,9,Married-civ-spouse,Other, Husband,*,Male,0,0,8,North America,<=50K
20954,"[20, 30[", Private,210781,Undergraduate,10,Never-married,Other, Own-child,*,Female,0,0,35,North America,<=50K
20955,"[40, 50[", Private,286750,High School,7,Separated,Technical, Not-in-family,*,Male,0,0,36,North America,<=50K
20956,"[30, 40[", Self-emp-not-inc,321274,Undergraduate,13,Married-civ-spouse,Other, Husband,*,Male,0,0,50,North America,<=50K
20957,"[20, 30[", Private,192936,High School,9,Divorced,Other, Unmarried,*,Female,0,0,40,North America,<=50K
20959,"[40, 50[", Private,187861,High School,9,Separated,Other, Unmarried,*,Female,0,0,44,North America,<=50K
20960,"[30, 40[", Private,179579,High School,9,Married-civ-spouse,Other, Husband,*,Male,0,0,40,North America,<=50K
20961,"[20, 30[", Private,663394,High School,9,Married-civ-spouse,Other, Husband,*,Male,0,0,40,North America,<=50K
20962,"[20, 30[", Private,302422,Undergraduate,10,Never-married,Technical, Own-child,*,Male,0,0,40,North America,<=50K
20963,"[20, 30[", ?,154373,High School,9,Married-civ-spouse,Other, Wife,*,Female,0,0,25,North America,<=50K
20964,"[40, 50[", Local-gov,37353,Graduate,14,Married-civ-spouse,Nontechnical, Husband,*,Male,0,0,40,North America,>50K
20966,"[40, 50[", Private,184402,High School,9,Divorced,Other, Not-in-family,*,Male,0,0,32,North America,<=50K
20967,"[20, 30[", Private,224640,Undergraduate,10,Never-married,Other, Own-child,*,Female,0,0,40,North America,<=50K
20968,"[10, 20[", Private,405526,High School,9,Never-married,Nontechnical, Own-child,*,Male,0,0,40,North America,<=50K
20969,"[30, 40[", Private,36385,Graduate,14,Never-married,Technical, Not-in-family,*,Male,0,2258,50,North America,<=50K
20970,"[20, 30[", Private,147884,High School,9,Never-married,Other, Own-child,*,Female,0,0,40,North America,<=50K
20971,"[20, 30[", Private,164231,High School,7,Separated,Technical, Own-child,*,Male,0,0,35,North America,<=50K
20972,"[20, 30[", Private,383306,Undergraduate,13,Never-married,Nontechnical, Not-in-family,*,Male,0,0,40,North America,<=50K
20973,"[20, 30[", Private,417668,High School,9,Never-married,Nontechnical, Own-child,*,Male,0,0,36,North America,<=50K
20974,"[20, 30[", Private,161007,High School,9,Never-married,Technical, Own-child,*,Male,0,0,40,North America,<=50K
20975,"[60, 70[", State-gov,99823,Undergraduate,10,Married-civ-spouse,Other, Husband,*,Male,0,0,32,North America,<=50K
20976,"[20, 30[", Private,37379,Undergraduate,13,Never-married,Technical, Not-in-family,*,Female,0,0,50,North America,<=50K
20977,"[20, 30[", Private,148645,High School,9,Never-married,Technical, Own-child,*,Female,0,0,40,North America,<=50K
20978,"[30, 40[", Private,180477,Graduate,14,Never-married,Technical, Not-in-family,*,Male,0,0,60,North America,>50K
20979,"[20, 30[", Private,123147,Undergraduate,10,Never-married,Technical, Not-in-family,*,Female,4865,0,40,North America,<=50K
20980,"[30, 40[", Private,111415,Undergraduate,13,Married-civ-spouse,Nontechnical, Husband,*,Male,0,0,45,North America,>50K
20981,"[40, 50[", Local-gov,107327,Professional Education,11,Divorced,Technical, Unmarried,*,Female,0,0,40,North America,<=50K
20982,"[50, 60[", Local-gov,146565,Professional Education,12,Divorced,Other, Not-in-family,*,Female,4865,0,30,North America,<=50K
20983,"[30, 40[", Private,267556,High School,9,Married-civ-spouse,Technical, Husband,*,Male,4064,0,40,North America,<=50K
20984,"[40, 50[", Private,284871,Undergraduate,13,Married-civ-spouse,Nontechnical, Husband,*,Male,0,1887,40,North America,>50K
20985,"[20, 30[", Private,194690,High School,5,Never-married,Other, Own-child,*,Male,0,0,50,North America,<=50K
20986,"[30, 40[", Federal-gov,145983,Undergraduate,10,Married-civ-spouse,Technical, Wife,*,Female,0,0,40,North America,<=50K
20987,"[50, 60[", Private,163998,High School,9,Married-civ-spouse,Nontechnical, Husband,*,Male,99999,0,45,North America,>50K
20988,"[50, 60[", Private,128478,High School,9,Married-civ-spouse,Other, Husband,*,Male,0,0,70,North America,<=50K
20990,"[60, 70[", Private,226949,High School,9,Divorced,Other, Unmarried,*,Female,0,0,37,North America,<=50K
20991,"[40, 50[", Private,157901,High School,7,Married-civ-spouse,Other, Husband,*,Male,0,0,36,North America,<=50K
20992,"[50, 60[", Self-emp-not-inc,33863,High School,9,Married-civ-spouse,Other, Husband,*,Male,0,0,60,North America,>50K
20993,"[30, 40[", Local-gov,40444,Graduate,14,Never-married,Technical, Not-in-family,*,Male,0,0,50,North America,<=50K
20994,"[60, 70[", Private,54373,Undergraduate,10,Married-civ-spouse,Nontechnical, Husband,*,Male,0,0,40,North America,<=50K
20995,"[20, 30[", Private,52753,High School,9,Never-married,Technical, Not-in-family,*,Male,0,1504,40,North America,<=50K
20996,"[20, 30[", Self-emp-not-inc,104423,Undergraduate,10,Married-civ-spouse,Nontechnical, Other-relative,*,Male,4386,0,45,North America,>50K
20997,"[30, 40[", Local-gov,305714,High School,9,Never-married,Other, Unmarried,*,Female,0,0,70,North America,<=50K
20998,"[30, 40[", Local-gov,167440,High School,9,Married-civ-spouse,Other, Husband,*,Male,0,0,20,North America,<=50K
20999,"[50, 60[", Private,291529,High School,6,Widowed,Technical, Not-in-family,*,Male,0,0,52,North America,<=50K
21000,"[40, 50[", Private,243380,Undergraduate,10,Married-civ-spouse,Other, Husband,*,Male,0,0,40,North America,<=50K
21001,"[10, 20[", Private,38619,High School,7,Never-married,Technical, Not-in-family,*,Male,0,0,10,North America,<=50K
21002,"[40, 50[", Private,230684,Undergraduate,13,Married-civ-spouse,Technical, Husband,*,Male,5013,0,40,North America,<=50K
21003,"[30, 40[", Private,132601,Undergraduate,10,Married-civ-spouse,Nontechnical, Husband,*,Male,0,0,45,North America,<=50K
21004,"[40, 50[", Private,193285,High School,9,Married-civ-spouse,Other, Wife,*,Female,5013,0,40,North America,<=50K
21005,"[50, 60[", Private,279156,High School,9,Married-civ-spouse,Nontechnical, Husband,*,Male,7298,0,40,North America,>50K
21006,"[20, 30[", Private,339372,Undergraduate,10,Never-married,Nontechnical, Not-in-family,*,Male,0,0,40,North America,<=50K
21007,"[60, 70[", Private,101265,Undergraduate,10,Divorced,Other, Unmarried,*,Female,0,0,43,North America,<=50K
21008,"[20, 30[", Private,117789,Undergraduate,13,Never-married,Technical, Not-in-family,*,Female,0,0,60,North America,<=50K
21009,"[30, 40[", Private,312667,High School,5,Married-civ-spouse,Technical, Husband,*,Male,0,0,40,North America,<=50K
21010,"[30, 40[", Self-emp-not-inc,255503,High School,7,Divorced,Nontechnical, Not-in-family,*,Male,0,0,55,North America,<=50K
21011,"[20, 30[", Private,221955,High School,5,Never-married,Nontechnical, Other-relative,*,Male,0,0,40,North America,<=50K
21012,"[20, 30[", Private,139190,High School,9,Never-married,Technical, Own-child,*,Male,0,0,50,North America,<=50K
21013,"[30, 40[", Private,185556,Graduate,14,Married-civ-spouse,Technical, Husband,*,Male,0,1887,40,North America,>50K
21014,"[50, 60[", Federal-gov,84278,Undergraduate,13,Married-civ-spouse,Nontechnical, Husband,*,Male,0,0,48,North America,>50K
21015,"[40, 50[", Private,114580,High School,9,Married-civ-spouse,Nontechnical, Wife,*,Female,0,0,24,North America,>50K
21016,"[30, 40[", Private,185405,High School,9,Married-civ-spouse,Other, Husband,*,Male,0,0,50,North America,>50K
21017,"[30, 40[", Self-emp-not-inc,199539,High School,9,Married-civ-spouse,Other, Husband,*,Male,0,0,65,North America,<=50K
21018,"[20, 30[", Private,346480,High School,9,Never-married,Other, Not-in-family,*,Female,0,0,50,North America,<=50K
21019,"[50, 60[", Local-gov,349431,High School,9,Married-civ-spouse,Technical, Husband,*,Male,4386,0,40,North America,>50K
21020,"[30, 40[", Private,219619,High School,9,Never-married,Nontechnical, Other-relative,*,Male,0,0,48,North America,<=50K
21021,"[20, 30[", Local-gov,127491,High School,9,Separated,Other, Not-in-family,*,Female,5721,0,40,North America,<=50K
21022,"[20, 30[", Self-emp-not-inc,253899,Undergraduate,13,Divorced,Nontechnical, Not-in-family,*,Male,0,0,40,North America,<=50K
21023,"[30, 40[", Private,155232,Undergraduate,13,Divorced,Other, Not-in-family,*,Male,0,0,60,North America,>50K
21024,"[40, 50[", Private,182437,Undergraduate,13,Never-married,Technical, Not-in-family,*,Male,0,0,45,North America,>50K
21025,"[10, 20[", Private,530454,High School,9,Never-married,Other, Not-in-family,*,Female,0,0,50,North America,<=50K
21026,"[40, 50[", Private,101430,High School,7,Divorced,Nontechnical, Unmarried,*,Female,0,0,40,North America,<=50K
21027,"[40, 50[", Local-gov,358668,Graduate,16,Married-civ-spouse,Technical, Husband,*,Male,0,0,45,North America,>50K
21028,"[30, 40[", Private,90668,High School,6,Never-married,Other, Not-in-family,*,Female,0,0,40,North America,<=50K
21029,"[40, 50[", Private,126141,Undergraduate,13,Married-civ-spouse,Nontechnical, Husband,*,Male,0,0,40,North America,>50K
21030,"[40, 50[", Private,238355,Primary School,3,Married-civ-spouse,Other, Husband,*,Male,0,0,40,North America,<=50K
21031,"[20, 30[", Private,194031,Undergraduate,10,Never-married,Other, Own-child,*,Female,0,0,15,North America,<=50K
21032,"[20, 30[", Private,117833,Undergraduate,13,Never-married,Technical, Not-in-family,*,Female,0,1876,40,North America,<=50K
21034,"[40, 50[", Self-emp-not-inc,219591,Undergraduate,10,Married-civ-spouse,Technical, Husband,*,Male,0,0,40,North America,<=50K
21035,"[20, 30[", Private,221757,High School,9,Married-civ-spouse,Technical, Husband,*,Male,0,0,40,North America,<=50K
21036,"[30, 40[", Private,80625,Undergraduate,13,Never-married,Nontechnical, Not-in-family,*,Male,0,0,40,North America,<=50K
21037,"[50, 60[", Private,185407,Undergraduate,13,Married-civ-spouse,Nontechnical, Husband,*,Male,0,0,60,North America,>50K
21038,"[30, 40[", Private,163110,Undergraduate,13,Married-civ-spouse,Technical, Husband,*,Male,0,0,45,North America,>50K
21039,"[30, 40[", ?,24504,High School,9,Never-married,Other, Not-in-family,*,Male,0,0,40,North America,<=50K
21040,"[30, 40[", Private,159187,Undergraduate,13,Married-civ-spouse,Technical, Husband,*,Male,0,1902,55,North America,>50K
21041,"[20, 30[", Private,100462,Professional Education,11,Never-married,Nontechnical, Own-child,*,Female,2174,0,60,North America,<=50K
21042,"[20, 30[", Private,192936,Undergraduate,13,Never-married,Technical, Not-in-family,*,Female,0,0,40,North America,<=50K
21043,"[20, 30[", Private,145011,Undergraduate,10,Never-married,Technical, Own-child,*,Male,0,0,40,North America,<=50K
21044,"[60, 70[", Self-emp-inc,181196,Undergraduate,10,Married-civ-spouse,Nontechnical, Husband,*,Male,0,0,40,North America,>50K
21045,"[30, 40[", Self-emp-not-inc,37778,Graduate,14,Married-civ-spouse,Other, Husband,*,Male,0,0,70,North America,<=50K
21046,"[20, 30[", Private,60288,Graduate,14,Never-married,Nontechnical, Own-child,*,Female,0,0,40,North America,<=50K
21047,"[50, 60[", Self-emp-not-inc,84231,Undergraduate,10,Married-civ-spouse,Other, Husband,*,Male,0,0,48,North America,<=50K
21049,"[60, 70[", Private,318763,Undergraduate,10,Divorced,Technical, Unmarried,*,Male,0,0,22,North America,<=50K
21050,"[20, 30[", Private,168138,Undergraduate,13,Married-civ-spouse,Other, Husband,*,Male,0,0,40,North America,>50K
21051,"[30, 40[", Private,113530,Undergraduate,13,Married-civ-spouse,Nontechnical, Husband,*,Male,0,0,40,North America,<=50K
21052,"[20, 30[", Private,321896,High School,9,Never-married,Other, Not-in-family,*,Male,0,0,40,North America,<=50K
21053,"[30, 40[", Private,145791,Professional Education,11,Divorced,Technical, Unmarried,*,Female,0,0,40,North America,<=50K
21054,"[30, 40[", Private,131425,Undergraduate,13,Married-civ-spouse,Technical, Husband,*,Male,0,0,40,North America,<=50K
21055,"[50, 60[", Private,145214,Undergraduate,10,Divorced,Other, Unmarried,*,Female,4650,0,20,North America,<=50K
21056,"[60, 70[", Local-gov,142166,High School,9,Married-civ-spouse,Technical, Husband,*,Male,0,0,99,North America,<=50K
21057,"[20, 30[", Private,494784,High School,9,Never-married,Nontechnical, Other-relative,*,Female,0,0,35,North America,<=50K
21058,"[40, 50[", Self-emp-not-inc,172479,High School,9,Married-civ-spouse,Other, Husband,*,Male,15024,0,60,North America,>50K
21059,"[30, 40[", Private,184655,High School,7,Divorced,Other, Not-in-family,*,Male,0,0,50,North America,<=50K
21060,"[40, 50[", Local-gov,26669,Undergraduate,10,Divorced,Nontechnical, Not-in-family,*,Female,0,0,40,North America,<=50K
21061,"[30, 40[", Private,191479,Undergraduate,10,Divorced,Nontechnical, Own-child,*,Female,0,0,40,North America,<=50K
21063,"[60, 70[", State-gov,111795,Undergraduate,13,Married-civ-spouse,Technical, Husband,*,Male,0,0,45,North America,>50K
21064,"[40, 50[", Private,242564,High School,4,Never-married,Nontechnical, Not-in-family,*,Male,0,2205,40,North America,<=50K
21066,"[40, 50[", Self-emp-not-inc,436107,Professional Education,12,Married-civ-spouse,Other, Husband,*,Male,0,0,50,North America,<=50K
21067,"[30, 40[", Private,272476,Professional Education,12,Married-civ-spouse,Other, Wife,*,Female,0,0,35,North America,>50K
21068,"[30, 40[", Federal-gov,47310,Undergraduate,10,Divorced,Nontechnical, Unmarried,*,Female,0,0,40,North America,>50K
21069,"[20, 30[", Private,283796,High School,8,Never-married,Technical, Other-relative,*,Male,0,0,30,North America,<=50K
21070,"[20, 30[", Private,161092,Undergraduate,10,Never-married,Other, Own-child,*,Male,0,0,14,North America,<=50K
21071,"[20, 30[", Local-gov,265230,Undergraduate,13,Never-married,Technical, Not-in-family,*,Female,0,0,40,North America,<=50K
21072,"[50, 60[", Federal-gov,61885,Undergraduate,13,Never-married,Other, Not-in-family,*,Male,0,2001,65,North America,<=50K
21073,"[40, 50[", Private,150471,Professional Education,12,Divorced,Other, Not-in-family,*,Female,0,0,40,North America,<=50K
21074,"[10, 20[", Private,183041,High School,7,Never-married,Nontechnical, Own-child,*,Male,0,0,24,North America,<=50K
21075,"[30, 40[", Private,176673,High School,9,Never-married,Technical, Not-in-family,*,Female,0,0,40,North America,<=50K
21077,"[40, 50[", Private,163287,High School,9,Married-civ-spouse,Technical, Husband,*,Male,7688,0,43,North America,>50K
21078,"[20, 30[", Private,164040,High School,9,Married-civ-spouse,Other, Husband,*,Male,0,0,40,North America,<=50K
21079,"[40, 50[", Local-gov,324561,Graduate,14,Married-civ-spouse,Technical, Wife,*,Female,0,0,45,North America,>50K
21080,"[40, 50[", Private,99127,Professional Education,12,Married-civ-spouse,Other, Husband,*,Male,0,0,45,North America,<=50K
21081,"[30, 40[", Private,334999,High School,9,Married-civ-spouse,Nontechnical, Husband,*,Male,0,0,45,North America,<=50K
21082,"[20, 30[", Private,543477,Undergraduate,10,Never-married,Other, Own-child,*,Female,0,0,40,North America,<=50K
21083,"[30, 40[", Private,65876,High School,9,Married-civ-spouse,Technical, Husband,*,Male,0,0,40,North America,<=50K
21084,"[50, 60[", Local-gov,105866,Undergraduate,13,Married-civ-spouse,Other, Husband,*,Male,0,0,30,North America,<=50K
21085,"[20, 30[", Private,214858,High School,9,Married-civ-spouse,Other, Own-child,*,Male,0,0,40,North America,<=50K
21086,"[40, 50[", Private,154076,Undergraduate,10,Married-civ-spouse,Nontechnical, Husband,*,Male,0,0,40,North America,>50K
21087,"[70, 80[", Private,280307,Undergraduate,13,Married-civ-spouse,Nontechnical, Husband,*,Male,0,0,20,North America,<=50K
21088,"[30, 40[", Private,97723,High School,9,Never-married,Technical, Own-child,*,Male,0,0,45,North America,<=50K
21089,"[20, 30[", Private,233499,Undergraduate,10,Married-civ-spouse,Other, Husband,*,Male,0,0,40,North America,>50K
21090,"[70, 80[", Local-gov,259612,High School,9,Married-civ-spouse,Other, Husband,*,Male,0,0,15,North America,<=50K
21091,"[20, 30[", Private,236977,High School,9,Separated,Technical, Own-child,*,Male,0,0,40,North America,<=50K
21092,"[30, 40[", Private,347814,Professional Education,12,Never-married,Other, Own-child,*,Female,0,0,56,North America,<=50K
21093,"[30, 40[", Local-gov,197495,Undergraduate,13,Divorced,Technical, Unmarried,*,Female,0,0,40,North America,<=50K
21094,"[20, 30[", Private,227594,High School,8,Never-married,Technical, Own-child,*,Female,0,0,40,North America,<=50K
21095,"[60, 70[", Private,165441,High School,4,Divorced,Technical, Unmarried,*,Female,0,0,40,North America,<=50K
21096,"[20, 30[", ?,337488,Undergraduate,10,Never-married,Other, Own-child,*,Male,0,0,30,North America,<=50K
21097,"[50, 60[", Private,167552,Primary School,2,Married-civ-spouse,Technical, Husband,*,Male,0,0,40,North America,>50K
21098,"[20, 30[", Private,396722,Undergraduate,10,Never-married,Nontechnical, Not-in-family,*,Female,0,0,40,North America,<=50K
21099,"[20, 30[", Federal-gov,146538,High School,9,Never-married,Other, Own-child,*,Male,0,0,40,North America,<=50K
21100,"[20, 30[", Private,51973,Undergraduate,13,Never-married,Technical, Own-child,*,Female,0,0,20,North America,<=50K
21101,"[40, 50[", Private,144778,High School,9,Married-civ-spouse,Technical, Husband,*,Male,0,0,40,North America,<=50K
21102,"[30, 40[", Private,169672,Undergraduate,10,Married-civ-spouse,Technical, Husband,*,Male,0,0,40,North America,<=50K
21103,"[20, 30[", Private,240137,Primary School,3,Never-married,Nontechnical, Not-in-family,*,Male,0,0,55,North America,<=50K
21104,"[50, 60[", State-gov,103179,Graduate,16,Married-civ-spouse,Nontechnical, Husband,*,Male,0,1902,50,North America,>50K
21105,"[10, 20[", Private,172050,High School,7,Never-married,Nontechnical, Own-child,*,Male,0,0,16,North America,<=50K
21106,"[40, 50[", Private,178976,High School,9,Never-married,Other, Unmarried,*,Female,0,0,40,North America,<=50K
21107,"[30, 40[", Private,176185,High School,8,Divorced,Technical, Not-in-family,*,Male,0,2258,42,North America,<=50K
21109,"[30, 40[", Federal-gov,172571,Undergraduate,10,Divorced,Other, Not-in-family,*,Male,0,0,40,North America,>50K
21110,"[50, 60[", Self-emp-not-inc,226735,High School,9,Married-civ-spouse,Other, Husband,*,Male,0,0,45,North America,<=50K
21111,"[30, 40[", Private,148015,High School,9,Never-married,Technical, Not-in-family,*,Female,0,0,52,North America,<=50K
21112,"[30, 40[", Private,199529,Undergraduate,10,Separated,Technical, Not-in-family,*,Male,0,1980,40,North America,<=50K
21113,"[60, 70[", Local-gov,35001,High School,4,Married-civ-spouse,Other, Husband,*,Male,2885,0,40,North America,<=50K
21114,"[20, 30[", ?,67586,Professional Education,11,Married-civ-spouse,Other, Wife,*,Female,0,0,35,North America,<=50K
21115,"[20, 30[", Private,88126,Undergraduate,13,Never-married,Nontechnical, Own-child,*,Male,0,0,40,North America,<=50K
21116,"[30, 40[", Private,226296,High School,9,Married-civ-spouse,Other, Husband,*,Male,0,0,40,North America,>50K
21117,"[10, 20[", Private,452452,High School,6,Never-married,Other, Own-child,*,Female,0,0,20,North America,<=50K
21118,"[20, 30[", Private,378546,High School,9,Never-married,Technical, Own-child,*,Male,0,0,25,North America,<=50K
21119,"[50, 60[", Federal-gov,186087,High School,9,Divorced,Technical, Unmarried,*,Male,0,0,40,North America,<=50K
21120,"[30, 40[", Private,27856,Undergraduate,10,Never-married,Other, Not-in-family,*,Female,0,0,40,North America,<=50K
21121,"[60, 70[", Self-emp-not-inc,234859,Undergraduate,10,Married-civ-spouse,Other, Husband,*,Male,0,0,30,North America,<=50K
21122,"[20, 30[", Private,71733,Undergraduate,10,Separated,Other, Unmarried,*,Female,0,0,15,North America,<=50K
21123,"[20, 30[", Private,207473,Undergraduate,10,Married-civ-spouse,Other, Husband,*,Male,0,0,40,North America,<=50K
21124,"[50, 60[", Private,179291,Undergraduate,10,Married-civ-spouse,Technical, Husband,*,Male,0,0,56,North America,>50K
21125,"[20, 30[", ?,253190,Undergraduate,10,Never-married,Other, Own-child,*,Male,0,0,48,North America,<=50K
21127,"[20, 30[", Private,209286,Undergraduate,10,Married-civ-spouse,Technical, Husband,*,Male,0,0,40,North America,<=50K
21128,"[30, 40[", Private,122889,Graduate,14,Married-civ-spouse,Technical, Husband,*,Male,0,0,50,Asia,>50K
21129,"[30, 40[", Private,112358,Undergraduate,10,Never-married,Other, Not-in-family,*,Male,0,0,32,North America,<=50K
21131,"[50, 60[", Private,247276,High School,4,Widowed,Other, Not-in-family,*,Female,0,0,30,North America,<=50K
21132,"[40, 50[", Private,276087,Professional Education,11,Married-civ-spouse,Technical, Husband,*,Male,0,0,24,North America,>50K
21133,"[60, 70[", Private,257557,High School,4,Married-civ-spouse,Other, Husband,*,Male,10566,0,40,North America,<=50K
21135,"[60, 70[", Self-emp-inc,106395,High School,9,Married-civ-spouse,Other, Husband,*,Male,0,0,40,North America,>50K
21136,"[60, 70[", Private,167138,High School,9,Divorced,Nontechnical, Not-in-family,*,Female,0,0,40,North America,<=50K
21137,"[30, 40[", Private,213887,Undergraduate,10,Married-civ-spouse,Technical, Husband,*,Male,0,0,40,North America,<=50K
21138,"[20, 30[", Private,185647,Undergraduate,10,Married-civ-spouse,Technical, Husband,*,Male,0,0,45,North America,<=50K
21139,"[10, 20[", Private,143360,High School,9,Never-married,Technical, Own-child,*,Female,0,0,34,North America,<=50K
21140,"[30, 40[", Self-emp-not-inc,176862,Undergraduate,10,Married-civ-spouse,Technical, Husband,*,Male,0,0,40,North America,<=50K
21141,"[30, 40[", Federal-gov,97614,Undergraduate,10,Never-married,Nontechnical, Not-in-family,*,Male,0,0,40,North America,<=50K
21144,"[40, 50[", Private,306183,High School,9,Never-married,Other, Unmarried,*,Female,0,0,37,North America,<=50K
21145,"[40, 50[", Self-emp-not-inc,343061,High School,4,Married-civ-spouse,Other, Husband,*,Male,4508,0,40,North America,<=50K
21146,"[40, 50[", ?,193047,High School,9,Married-civ-spouse,Other, Husband,*,Male,0,0,40,North America,>50K
21147,"[30, 40[", Private,348521,Undergraduate,10,Married-civ-spouse,Other, Husband,*,Male,0,2415,99,North America,>50K
21148,"[50, 60[", Private,195835,High School,4,Divorced,Other, Not-in-family,*,Male,0,0,40,North America,<=50K
21149,"[10, 20[", Private,106273,Undergraduate,10,Never-married,Nontechnical, Own-child,*,Female,0,0,38,North America,<=50K
21150,"[40, 50[", Private,222756,Undergraduate,10,Married-civ-spouse,Technical, Husband,*,Male,0,0,40,North America,>50K
21151,"[60, 70[", Self-emp-inc,110610,High School,6,Married-civ-spouse,Other, Husband,*,Male,0,0,50,North America,<=50K
21153,"[40, 50[", Private,247286,Undergraduate,10,Divorced,Nontechnical, Unmarried,*,Female,0,0,40,North America,<=50K
21154,"[20, 30[", Private,219042,High School,6,Never-married,Technical, Unmarried,*,Male,0,0,40,North America,<=50K
21155,"[30, 40[", Private,224566,Professional Education,12,Never-married,Technical, Not-in-family,*,Male,0,1669,45,North America,<=50K
21156,"[50, 60[", Private,204751,Undergraduate,10,Married-civ-spouse,Technical, Husband,*,Male,0,0,40,North America,>50K
21157,"[50, 60[", Private,113398,High School,9,Never-married,Other, Other-relative,*,Male,0,0,25,North America,<=50K
21158,"[20, 30[", ?,170428,Undergraduate,13,Never-married,Other, Not-in-family,*,Male,0,0,28,Asia,<=50K
21159,"[50, 60[", Private,258579,Undergraduate,10,Married-civ-spouse,Other, Husband,*,Male,3103,0,35,North America,>50K
21160,"[30, 40[", Private,162424,High School,9,Married-civ-spouse,Technical, Husband,*,Male,0,0,45,North America,<=50K
21162,"[40, 50[", Self-emp-inc,26502,Undergraduate,13,Divorced,Technical, Unmarried,*,Male,6497,0,45,North America,<=50K
21163,"[40, 50[", Private,369131,Professional Education,12,Married-civ-spouse,Nontechnical, Husband,*,Male,0,0,55,North America,>50K
21164,"[40, 50[", Local-gov,114859,Undergraduate,10,Married-civ-spouse,Other, Husband,*,Male,0,0,17,North America,<=50K
21165,"[40, 50[", Private,405309,High School,9,Married-civ-spouse,Nontechnical, Husband,*,Male,0,0,40,North America,<=50K
21166,"[40, 50[", Local-gov,323627,Undergraduate,10,Never-married,Nontechnical, Not-in-family,*,Female,0,0,12,North America,<=50K
21167,"[40, 50[", Private,106698,Professional Education,12,Divorced,Other, Unmarried,*,Female,0,0,40,North America,<=50K
21168,"[40, 50[", Private,51506,High School,8,Married-civ-spouse,Other, Husband,*,Male,0,0,40,North America,<=50K
21169,"[40, 50[", Private,117251,High School,9,Widowed,Other, Not-in-family,*,Female,0,0,32,North America,<=50K
21170,"[20, 30[", Private,106705,High School,9,Never-married,Nontechnical, Own-child,*,Male,0,0,28,North America,<=50K
21171,"[30, 40[", Private,217296,Professional Education,11,Married-civ-spouse,Other, Wife,*,Female,0,0,35,North America,<=50K
21172,"[50, 60[", Private,34788,Undergraduate,10,Married-civ-spouse,Nontechnical, Husband,*,Male,0,1887,40,North America,>50K
21173,"[40, 50[", Private,143368,High School,9,Divorced,Other, Not-in-family,*,Male,0,0,40,North America,<=50K
21174,"[50, 60[", Local-gov,86600,High School,9,Married-civ-spouse,Other, Husband,*,Male,0,0,40,North America,<=50K
21176,"[60, 70[", ?,104756,Undergraduate,10,Widowed,Other, Unmarried,*,Female,0,0,8,North America,<=50K
21177,"[40, 50[", Private,55720,Undergraduate,13,Married-civ-spouse,Technical, Husband,*,Male,0,0,40,North America,>50K
21179,"[20, 30[", ?,281668,High School,6,Never-married,Other, Own-child,*,Female,0,0,40,North America,<=50K
21180,"[30, 40[", Private,186145,Undergraduate,10,Married-civ-spouse,Nontechnical, Wife,*,Female,0,0,40,North America,>50K
21181,"[40, 50[", Self-emp-not-inc,96524,Undergraduate,13,Married-civ-spouse,Nontechnical, Husband,*,Male,0,0,40,North America,>50K
21182,"[20, 30[", Local-gov,187397,Undergraduate,10,Never-married,Other, Unmarried,*,Male,1151,0,40,North America,<=50K
21183,"[60, 70[", Private,181153,High School,9,Married-civ-spouse,Nontechnical, Husband,*,Male,0,0,35,North America,<=50K
21184,"[20, 30[", Local-gov,375170,Undergraduate,10,Never-married,Other, Own-child,*,Female,0,0,35,North America,<=50K
21185,"[30, 40[", Private,360743,Undergraduate,10,Married-civ-spouse,Technical, Husband,*,Male,0,0,40,North America,<=50K
21187,"[30, 40[", Private,137681,Undergraduate,10,Married-civ-spouse,Other, Husband,*,Male,0,0,40,North America,<=50K
21188,"[40, 50[", Private,28419,Professional Education,15,Married-civ-spouse,Technical, Husband,*,Male,99999,0,50,North America,>50K
21189,"[40, 50[", Private,101214,Undergraduate,13,Divorced,Nontechnical, Unmarried,*,Male,0,0,44,North America,>50K
21190,"[40, 50[", Local-gov,213019,Graduate,14,Never-married,Technical, Not-in-family,*,Female,0,0,40,North America,>50K
21192,"[50, 60[", Private,145333,Undergraduate,13,Divorced,Nontechnical, Not-in-family,*,Male,0,0,60,North America,<=50K
21193,"[40, 50[", Private,107306,Undergraduate,13,Married-civ-spouse,Nontechnical, Husband,*,Male,0,0,40,North America,>50K
21194,"[20, 30[", Private,195327,High School,9,Never-married,Nontechnical, Own-child,*,Male,0,0,40,North America,<=50K
21196,"[10, 20[", Private,175465,High School,6,Never-married,Other, Own-child,*,Female,0,0,14,North America,<=50K
21197,"[20, 30[", Private,197905,Undergraduate,10,Married-civ-spouse,Other, Husband,*,Male,0,0,40,North America,<=50K
21198,"[70, 80[", Self-emp-inc,118119,Undergraduate,10,Married-civ-spouse,Nontechnical, Husband,*,Male,20051,0,50,North America,>50K
21199,"[30, 40[", Private,172571,Undergraduate,13,Married-civ-spouse,Technical, Husband,*,Male,0,0,50,North America,<=50K
21200,"[10, 20[", Private,25051,High School,6,Never-married,Other, Own-child,*,Male,0,0,16,North America,<=50K
21201,"[20, 30[", Private,210714,High School,9,Married-civ-spouse,Other, Husband,*,Male,0,0,52,North America,>50K
21202,"[20, 30[", Private,183083,Undergraduate,10,Never-married,Technical, Not-in-family,*,Female,0,0,35,North America,<=50K
21203,"[50, 60[", Private,99185,Undergraduate,13,Married-civ-spouse,Nontechnical, Husband,*,Male,0,0,60,North America,>50K
21204,"[30, 40[", Private,283921,Undergraduate,10,Married-civ-spouse,Technical, Husband,*,Male,0,0,40,North America,<=50K
21205,"[40, 50[", Local-gov,396467,Professional Education,12,Married-civ-spouse,Nontechnical, Husband,*,Male,0,0,50,North America,>50K
21206,"[50, 60[", Private,158680,Graduate,14,Married-civ-spouse,Nontechnical, Husband,*,Male,0,0,50,North America,>50K
21207,"[20, 30[", Private,202091,High School,9,Married-civ-spouse,Other, Wife,*,Female,0,0,40,North America,<=50K
21208,"[20, 30[", Private,285127,High School,9,Never-married,Nontechnical, Not-in-family,*,Female,0,0,40,North America,<=50K
21209,"[50, 60[", Private,218630,High School,9,Married-civ-spouse,Technical, Husband,*,Male,0,0,40,North America,>50K
21210,"[30, 40[", Self-emp-inc,99309,High School,9,Married-civ-spouse,Nontechnical, Husband,*,Male,0,0,40,North America,>50K
21211,"[10, 20[", Private,165505,Undergraduate,10,Never-married,Nontechnical, Own-child,*,Female,0,0,20,North America,<=50K
21212,"[20, 30[", Private,122272,Undergraduate,13,Never-married,Other, Own-child,*,Female,0,0,35,North America,<=50K
21213,"[50, 60[", Private,147707,High School,9,Married-civ-spouse,Nontechnical, Husband,*,Male,15024,0,60,North America,>50K
21215,"[50, 60[", Self-emp-inc,194995,Undergraduate,10,Married-civ-spouse,Nontechnical, Husband,*,Male,0,0,45,North America,>50K
21216,"[40, 50[", State-gov,345969,Undergraduate,13,Married-civ-spouse,Nontechnical, Husband,*,Male,0,0,48,North America,>50K
21217,"[20, 30[", Private,31842,Undergraduate,13,Never-married,Nontechnical, Own-child,*,Male,0,0,40,North America,<=50K
21219,"[50, 60[", Private,161438,High School,9,Married-civ-spouse,Nontechnical, Husband,*,Male,0,0,50,North America,>50K
21220,"[20, 30[", Private,317019,Undergraduate,10,Never-married,Other, Not-in-family,*,Female,0,0,30,North America,<=50K
21221,"[40, 50[", Self-emp-not-inc,158451,Undergraduate,10,Divorced,Other, Not-in-family,*,Female,0,0,45,North America,<=50K
21222,"[60, 70[", Private,225883,Undergraduate,10,Widowed,Nontechnical, Unmarried,*,Female,0,0,27,North America,<=50K
21223,"[40, 50[", Self-emp-not-inc,176319,High School,9,Married-civ-spouse,Nontechnical, Own-child,*,Female,7298,0,40,North America,>50K
21224,"[50, 60[", Self-emp-inc,258883,Undergraduate,13,Married-civ-spouse,Technical, Husband,*,Male,0,0,60,North America,>50K
21225,"[60, 70[", Private,26966,Undergraduate,10,Widowed,Other, Not-in-family,*,Female,0,0,40,North America,<=50K
21227,"[50, 60[", Private,35411,High School,9,Widowed,Technical, Not-in-family,*,Female,0,0,40,North America,<=50K
21228,"[40, 50[", Private,190885,High School,9,Separated,Other, Unmarried,*,Female,0,0,40,North America,<=50K
21229,"[30, 40[", Private,182162,High School,9,Married-civ-spouse,Other, Wife,*,Female,0,0,37,North America,<=50K
21230,"[10, 20[", Private,352640,High School,9,Never-married,Other, Own-child,*,Female,0,0,40,North America,<=50K
21231,"[60, 70[", Self-emp-not-inc,213945,High School,9,Married-civ-spouse,Technical, Husband,*,Male,0,0,50,North America,<=50K
21232,"[50, 60[", Self-emp-not-inc,135102,High School,9,Married-civ-spouse,Other, Husband,*,Male,0,0,65,North America,<=50K
21233,"[40, 50[", Self-emp-not-inc,102583,Undergraduate,13,Never-married,Nontechnical, Not-in-family,*,Male,0,0,35,North America,<=50K
21235,"[30, 40[", Private,241802,High School,9,Married-civ-spouse,Other, Wife,*,Female,0,0,40,North America,<=50K
21236,"[30, 40[", Private,347434,High School,5,Married-civ-spouse,Nontechnical, Husband,*,Male,0,0,43,North America,<=50K
21237,"[30, 40[", Private,305259,Professional Education,12,Divorced,Nontechnical, Not-in-family,*,Female,0,0,48,North America,<=50K
21238,"[20, 30[", Private,140830,High School,9,Never-married,Other, Own-child,*,Female,0,0,40,North America,<=50K
21239,"[40, 50[", Private,291568,High School,9,Married-civ-spouse,Other, Husband,*,Male,0,0,40,North America,<=50K
21240,"[40, 50[", Private,203067,Professional Education,15,Married-civ-spouse,Technical, Husband,*,Male,0,0,40,North America,>50K
21241,"[40, 50[", Self-emp-not-inc,155106,High School,5,Married-civ-spouse,Technical, Husband,*,Male,0,0,40,North America,>50K
21242,"[10, 20[", ?,252752,High School,9,Never-married,Other, Own-child,*,Male,0,0,35,North America,<=50K
21243,"[60, 70[", ?,404601,High School,9,Married-civ-spouse,Other, Husband,*,Male,2414,0,30,North America,<=50K
21244,"[50, 60[", Local-gov,100226,Undergraduate,13,Married-civ-spouse,Other, Wife,*,Female,0,0,40,North America,>50K
21245,"[40, 50[", Private,63503,Undergraduate,13,Married-civ-spouse,Nontechnical, Husband,*,Male,0,0,40,North America,>50K
21246,"[60, 70[", Private,95929,High School,5,Divorced,Other, Not-in-family,*,Male,0,0,40,North America,<=50K
21247,"[30, 40[", Private,187618,High School,9,Married-civ-spouse,Nontechnical, Husband,*,Male,0,0,50,North America,<=50K
21248,"[60, 70[", Self-emp-not-inc,92178,High School,7,Married-civ-spouse,Other, Husband,*,Male,0,0,40,North America,<=50K
21249,"[30, 40[", Private,220362,Professional Education,11,Married-civ-spouse,Other, Husband,*,Male,0,0,84,North America,>50K
21250,"[30, 40[", Local-gov,209900,Undergraduate,13,Married-civ-spouse,Technical, Husband,*,Male,0,0,65,North America,>50K
21251,"[30, 40[", Private,272376,Professional Education,12,Never-married,Other, Not-in-family,*,Female,0,0,40,North America,<=50K
21252,"[30, 40[", Self-emp-not-inc,173854,Undergraduate,13,Divorced,Technical, Other-relative,*,Male,0,0,35,North America,>50K
21253,"[30, 40[", Private,278924,High School,9,Divorced,Nontechnical, Not-in-family,*,Male,0,0,40,North America,<=50K
21254,"[50, 60[", Private,324568,High School,7,Married-civ-spouse,Technical, Husband,*,Male,0,0,45,North America,<=50K
21255,"[50, 60[", Self-emp-inc,124963,Graduate,14,Married-civ-spouse,Nontechnical, Husband,*,Male,0,0,40,North America,>50K
21256,"[20, 30[", Private,211299,Professional Education,11,Never-married,Nontechnical, Not-in-family,*,Male,0,0,45,North America,<=50K
21257,"[40, 50[", Private,192791,High School,9,Married-civ-spouse,Technical, Husband,*,Male,0,0,40,North America,<=50K
21258,"[60, 70[", Private,182862,High School,9,Never-married,Other, Not-in-family,*,Male,15831,0,40,North America,>50K
21259,"[20, 30[", Private,46868,Graduate,14,Never-married,Technical, Not-in-family,*,Female,0,0,40,North America,<=50K
21260,"[50, 60[", Local-gov,31365,Undergraduate,13,Widowed,Technical, Not-in-family,*,Female,0,0,40,North America,>50K
21261,"[40, 50[", Private,148171,Professional Education,11,Married-civ-spouse,Technical, Husband,*,Male,15024,0,40,North America,>50K
21262,"[10, 20[", Private,142647,Undergraduate,10,Never-married,Other, Own-child,*,Female,0,0,20,North America,<=50K
21263,"[60, 70[", Private,116230,High School,4,Married-civ-spouse,Technical, Husband,*,Male,0,0,40,North America,<=50K
21265,"[10, 20[", Private,495982,Undergraduate,10,Never-married,Other, Own-child,*,Male,0,0,10,North America,<=50K
21266,"[10, 20[", Private,334026,High School,7,Never-married,Technical, Own-child,*,Male,0,0,25,North America,<=50K
21267,"[30, 40[", Private,268571,Undergraduate,10,Married-civ-spouse,Other, Husband,*,Male,0,0,40,North America,<=50K
21268,"[30, 40[", Private,213813,Undergraduate,10,Divorced,Technical, Unmarried,*,Female,0,0,40,North America,<=50K
21269,"[20, 30[", Private,241667,Graduate,14,Never-married,Technical, Not-in-family,*,Female,0,0,45,North America,<=50K
21270,"[30, 40[", Private,160920,Undergraduate,10,Married-civ-spouse,Nontechnical, Husband,*,Male,0,0,45,North America,<=50K
21271,"[50, 60[", Private,107265,High School,9,Married-civ-spouse,Other, Husband,*,Male,0,0,50,North America,>50K
21272,"[10, 20[", ?,41609,Undergraduate,10,Never-married,Other, Own-child,*,Male,0,0,10,North America,<=50K
21274,"[40, 50[", ?,109912,Undergraduate,13,Married-civ-spouse,Other, Wife,*,Female,0,0,7,North America,>50K
21275,"[20, 30[", Private,167424,Undergraduate,10,Never-married,Other, Own-child,*,Female,0,0,35,North America,<=50K
21276,"[40, 50[", Private,270079,High School,4,Married-civ-spouse,Technical, Husband,*,Male,0,0,40,North America,<=50K
21277,"[20, 30[", Private,325923,Undergraduate,10,Never-married,Technical, Own-child,*,Male,0,0,35,North America,<=50K
21278,"[10, 20[", Private,194905,Undergraduate,10,Never-married,Other, Own-child,*,Female,0,0,12,North America,<=50K
21279,"[40, 50[", Local-gov,183486,Undergraduate,13,Married-civ-spouse,Technical, Wife,*,Female,0,0,50,North America,>50K
21280,"[30, 40[", Federal-gov,153066,Graduate,14,Married-civ-spouse,Technical, Husband,*,Male,0,0,40,North America,>50K
21281,"[60, 70[", Self-emp-inc,56248,Undergraduate,13,Married-civ-spouse,Other, Husband,*,Male,0,2415,60,North America,>50K
21282,"[60, 70[", Private,105252,High School,9,Married-civ-spouse,Technical, Husband,*,Male,0,0,40,North America,>50K
21283,"[40, 50[", Self-emp-not-inc,168195,Professional Education,15,Married-civ-spouse,Technical, Husband,*,Male,0,1902,45,North America,>50K
21284,"[30, 40[", Private,167735,High School,7,Never-married,Technical, Own-child,*,Male,6849,0,40,North America,<=50K
21285,"[50, 60[", Private,146310,High School,5,Married-civ-spouse,Technical, Husband,*,Male,0,0,40,North America,<=50K
21286,"[20, 30[", Private,256504,Undergraduate,10,Never-married,Nontechnical, Own-child,*,Female,0,0,6,North America,<=50K
21287,"[10, 20[", Private,121425,High School,7,Never-married,Other, Own-child,*,Female,0,0,16,North America,<=50K
21288,"[30, 40[", Private,146440,Undergraduate,10,Married-civ-spouse,Technical, Husband,*,Male,0,1740,40,North America,<=50K
21289,"[50, 60[", ?,155259,Undergraduate,10,Divorced,Other, Not-in-family,*,Female,0,0,40,North America,<=50K
21290,"[50, 60[", Self-emp-not-inc,98829,Undergraduate,13,Married-civ-spouse,Technical, Husband,*,Male,0,0,50,North America,<=50K
21291,"[40, 50[", Self-emp-inc,239321,Undergraduate,13,Married-civ-spouse,Nontechnical, Husband,*,Male,0,0,40,North America,>50K
21292,"[60, 70[", Self-emp-inc,134768,Graduate,14,Married-civ-spouse,Nontechnical, Husband,*,Male,0,0,35,North America,<=50K
21293,"[30, 40[", Private,556902,High School,9,Divorced,Other, Not-in-family,*,Male,0,0,40,North America,<=50K
21294,"[20, 30[", Private,47907,Undergraduate,13,Never-married,Other, Not-in-family,*,Female,0,0,43,North America,<=50K
21295,"[20, 30[", Private,114357,High School,9,Never-married,Technical, Own-child,*,Male,0,0,50,North America,<=50K
21296,"[20, 30[", Private,189462,Graduate,14,Never-married,Technical, Not-in-family,*,Female,0,1504,45,North America,<=50K
21297,"[30, 40[", Private,90646,Professional Education,11,Divorced,Other, Unmarried,*,Female,0,0,40,North America,<=50K
21298,"[20, 30[", Private,232914,Undergraduate,13,Married-civ-spouse,Other, Wife,*,Female,0,0,38,North America,<=50K
21299,"[20, 30[", Private,192201,Undergraduate,10,Never-married,Nontechnical, Not-in-family,*,Female,0,0,20,North America,<=50K
21300,"[20, 30[", Private,27776,High School,9,Married-civ-spouse,Other, Husband,*,Male,0,0,40,North America,<=50K
21301,"[20, 30[", Private,137476,Undergraduate,13,Married-civ-spouse,Technical, Wife,*,Female,0,0,35,North America,>50K
21302,"[30, 40[", Private,100734,Undergraduate,13,Married-civ-spouse,Technical, Wife,*,Female,0,0,38,North America,<=50K
21304,"[30, 40[", Private,184833,High School,6,Separated,Technical, Unmarried,*,Female,0,0,40,North America,<=50K
21305,"[10, 20[", Private,414721,High School,7,Never-married,Other, Own-child,*,Male,0,1602,23,North America,<=50K
21306,"[20, 30[", Private,151780,Professional Education,11,Never-married,Nontechnical, Not-in-family,*,Female,0,0,35,North America,<=50K
21307,"[30, 40[", State-gov,203628,Undergraduate,13,Married-civ-spouse,Technical, Husband,*,Male,0,0,45,North America,>50K
21308,"[10, 20[", Private,137363,High School,8,Never-married,Other, Own-child,*,Female,0,0,20,North America,<=50K
21309,"[40, 50[", Private,172307,High School,5,Married-civ-spouse,Technical, Husband,*,Male,0,0,40,North America,<=50K
21310,"[20, 30[", Private,273403,Professional Education,11,Never-married,Other, Not-in-family,*,Female,0,0,50,North America,<=50K
21311,"[30, 40[", State-gov,37931,High School,9,Married-civ-spouse,Other, Husband,*,Male,0,0,48,North America,>50K
21312,"[60, 70[", Private,97030,Undergraduate,10,Divorced,Other, Not-in-family,*,Female,0,0,30,North America,<=50K
21313,"[30, 40[", Private,54608,Undergraduate,10,Married-civ-spouse,Technical, Husband,*,Male,0,0,48,North America,<=50K
21314,"[20, 30[", Private,108542,Undergraduate,10,Married-civ-spouse,Other, Husband,*,Male,0,0,40,North America,>50K
21315,"[20, 30[", Private,253814,Undergraduate,13,Married-civ-spouse,Technical, Wife,*,Female,0,0,40,North America,>50K
21316,"[40, 50[", Private,421412,High School,9,Married-civ-spouse,Technical, Husband,*,Male,0,0,45,North America,>50K
21317,"[40, 50[", Private,207140,High School,9,Divorced,Other, Not-in-family,*,Female,0,0,38,North America,<=50K
21318,"[10, 20[", Private,138153,Undergraduate,10,Never-married,Other, Own-child,*,Female,0,0,10,North America,<=50K
21319,"[20, 30[", Private,46987,High School,9,Never-married,Other, Not-in-family,*,Female,0,0,55,North America,<=50K
21320,"[50, 60[", Self-emp-inc,183173,High School,9,Married-civ-spouse,Nontechnical, Husband,*,Male,0,0,70,North America,>50K
21321,"[30, 40[", Local-gov,229531,Professional Education,12,Married-civ-spouse,Technical, Husband,*,Male,0,0,60,North America,<=50K
21322,"[40, 50[", Self-emp-not-inc,320744,High School,9,Married-civ-spouse,Nontechnical, Husband,*,Male,3908,0,45,North America,<=50K
21323,"[20, 30[", Private,257405,Primary School,3,Never-married,Other, Other-relative,*,Male,0,0,40,North America,<=50K
21324,"[20, 30[", State-gov,432052,Undergraduate,10,Never-married,Nontechnical, Not-in-family,*,Male,0,0,15,North America,<=50K
21325,"[40, 50[", Private,397280,Professional Education,12,Never-married,Technical, Not-in-family,*,Male,0,0,50,North America,>50K
21326,"[20, 30[", Private,38001,Undergraduate,10,Never-married,Other, Own-child,*,Female,0,0,20,North America,<=50K
21327,"[20, 30[", Private,101618,High School,9,Married-civ-spouse,Nontechnical, Husband,*,Male,0,0,50,North America,<=50K
21328,"[40, 50[", Federal-gov,332727,Undergraduate,10,Married-civ-spouse,Technical, Husband,*,Male,0,0,40,North America,>50K
21329,"[30, 40[", Private,115215,High School,9,Never-married,Other, Own-child,*,Male,0,0,40,North America,<=50K
21330,"[30, 40[", Private,178449,Undergraduate,10,Never-married,Other, Not-in-family,*,Male,0,0,49,North America,<=50K
21331,"[40, 50[", Private,185267,Professional Education,11,Married-civ-spouse,Other, Husband,*,Male,0,0,32,North America,<=50K
21332,"[20, 30[", Private,410439,High School,9,Never-married,Other, Own-child,*,Male,0,0,25,North America,<=50K
21333,"[20, 30[", Private,85572,Undergraduate,13,Married-civ-spouse,Nontechnical, Wife,*,Female,0,0,42,North America,>50K
21334,"[20, 30[", Private,83517,High School,9,Never-married,Other, Own-child,*,Male,0,0,60,North America,<=50K
21335,"[40, 50[", Self-emp-not-inc,194726,High School,9,Divorced,Technical, Own-child,*,Male,0,0,35,North America,<=50K
21336,"[20, 30[", Private,322674,Undergraduate,10,Never-married,Nontechnical, Not-in-family,*,Male,0,0,40,North America,<=50K
21337,"[40, 50[", Local-gov,34540,Graduate,14,Divorced,Technical, Unmarried,*,Female,0,0,44,North America,<=50K
21338,"[30, 40[", Local-gov,211073,Undergraduate,10,Married-civ-spouse,Other, Husband,*,Male,0,0,61,North America,>50K
21339,"[30, 40[", Private,194901,High School,9,Never-married,Nontechnical, Other-relative,*,Male,0,0,40,North America,<=50K
21340,"[50, 60[", Private,117059,High School,7,Married-civ-spouse,Other, Husband,*,Male,0,0,40,North America,<=50K
21341,"[60, 70[", Self-emp-not-inc,78875,Undergraduate,10,Married-civ-spouse,Nontechnical, Husband,*,Male,2290,0,40,North America,<=50K
21342,"[20, 30[", Private,51461,Graduate,14,Married-civ-spouse,Technical, Husband,*,Male,0,0,60,North America,<=50K
21343,"[70, 80[", Private,266119,Undergraduate,13,Married-civ-spouse,Nontechnical, Husband,*,Male,0,0,40,North America,<=50K
21344,"[40, 50[", Local-gov,92374,Graduate,14,Married-civ-spouse,Technical, Wife,*,Female,0,0,35,North America,>50K
21345,"[50, 60[", Private,175262,High School,4,Married-civ-spouse,Technical, Husband,*,Male,0,0,40,North America,<=50K
21346,"[20, 30[", Private,208249,High School,9,Married-civ-spouse,Nontechnical, Husband,*,Male,0,0,62,North America,<=50K
21347,"[30, 40[", Private,196385,Undergraduate,13,Married-civ-spouse,Technical, Husband,*,Male,15024,0,35,North America,>50K
21348,"[20, 30[", ?,110622,Undergraduate,13,Never-married,Other, Own-child,*,Female,0,0,15,Asia,<=50K
21349,"[30, 40[", Private,146980,High School,9,Married-spouse-absent,Other, Unmarried,*,Female,0,0,65,North America,<=50K
21350,"[10, 20[", Private,112974,High School,7,Never-married,Technical, Other-relative,*,Male,0,0,3,North America,<=50K
21351,"[40, 50[", Self-emp-not-inc,175943,Professional Education,11,Married-civ-spouse,Technical, Wife,*,Female,0,1977,15,North America,>50K
21352,"[20, 30[", Private,163265,High School,5,Married-civ-spouse,Nontechnical, Husband,*,Male,4508,0,40,North America,<=50K
21353,"[10, 20[", Private,210932,High School,9,Never-married,Other, Own-child,*,Female,0,0,40,North America,<=50K
21354,"[40, 50[", Private,145290,Undergraduate,10,Married-civ-spouse,Technical, Husband,*,Male,0,0,40,North America,<=50K
21355,"[20, 30[", Private,198992,High School,9,Never-married,Other, Own-child,*,Female,0,0,35,North America,<=50K
21356,"[70, 80[", ?,174887,Undergraduate,10,Married-civ-spouse,Other, Husband,*,Male,0,0,6,North America,<=50K
21357,"[40, 50[", Federal-gov,36651,Graduate,14,Married-civ-spouse,Nontechnical, Husband,*,Male,0,1848,40,North America,>50K
21358,"[40, 50[", Private,190072,Undergraduate,10,Divorced,Nontechnical, Not-in-family,*,Male,0,0,50,North America,>50K
21359,"[20, 30[", Private,49087,Undergraduate,13,Never-married,Technical, Not-in-family,*,Male,0,0,50,North America,<=50K
21360,"[40, 50[", Private,126622,High School,7,Divorced,Nontechnical, Unmarried,*,Female,0,0,40,North America,<=50K
21361,"[40, 50[", Private,174189,High School,5,Separated,Other, Not-in-family,*,Male,0,0,40,North America,<=50K
21362,"[30, 40[", Private,118605,Professional Education,12,Married-civ-spouse,Technical, Husband,*,Male,0,0,55,North America,<=50K
21363,"[40, 50[", Self-emp-not-inc,377622,Professional Education,12,Divorced,Nontechnical, Not-in-family,*,Male,0,0,50,North America,<=50K
21365,"[30, 40[", Private,78530,High School,9,Never-married,Nontechnical, Not-in-family,*,Male,0,0,40,North America,<=50K
21366,"[20, 30[", Private,190391,Undergraduate,13,Never-married,Nontechnical, Not-in-family,*,Male,0,0,40,North America,<=50K
21367,"[60, 70[", State-gov,162678,Undergraduate,13,Married-civ-spouse,Nontechnical, Husband,*,Male,0,0,40,North America,<=50K
21368,"[40, 50[", Private,103980,Undergraduate,10,Married-civ-spouse,Technical, Husband,*,Male,0,0,52,North America,<=50K
21369,"[20, 30[", Private,293726,Undergraduate,10,Never-married,Technical, Not-in-family,*,Male,0,0,40,North America,<=50K
21372,"[20, 30[", Federal-gov,41013,Professional Education,15,Never-married,Technical, Not-in-family,*,Female,0,0,55,North America,<=50K
21373,"[50, 60[", Private,188186,Graduate,14,Divorced,Nontechnical, Not-in-family,*,Female,0,1590,45,North America,<=50K
21374,"[40, 50[", Federal-gov,320071,High School,9,Married-civ-spouse,Technical, Husband,*,Male,0,0,40,North America,>50K
21375,"[20, 30[", Private,306908,Undergraduate,13,Married-civ-spouse,Technical, Husband,*,Male,0,0,45,North America,>50K
21377,"[50, 60[", Private,173580,Undergraduate,10,Widowed,Technical, Unmarried,*,Female,0,0,40,North America,<=50K
21378,"[30, 40[", Private,273612,Undergraduate,13,Never-married,Nontechnical, Not-in-family,*,Male,0,0,45,North America,<=50K
21379,"[20, 30[", Private,195555,Undergraduate,13,Never-married,Nontechnical, Not-in-family,*,Female,0,0,40,North America,<=50K
21381,"[20, 30[", Private,418405,Undergraduate,10,Married-civ-spouse,Technical, Husband,*,Male,0,0,40,North America,<=50K
21383,"[20, 30[", Private,183965,High School,9,Never-married,Technical, Not-in-family,*,Male,0,0,40,North America,<=50K
21384,"[20, 30[", Private,354784,Undergraduate,10,Never-married,Other, Own-child,*,Male,0,0,20,North America,<=50K
21385,"[40, 50[", Private,198096,Undergraduate,13,Married-civ-spouse,Nontechnical, Husband,*,Male,7688,0,40,North America,>50K
21386,"[30, 40[", Private,732102,Undergraduate,13,Never-married,Nontechnical, Not-in-family,*,Male,0,0,40,North America,<=50K
21387,"[60, 70[", Self-emp-not-inc,97847,Undergraduate,13,Married-civ-spouse,Nontechnical, Husband,*,Male,0,0,50,North America,<=50K
21389,"[10, 20[", Private,320014,Undergraduate,10,Never-married,Other, Own-child,*,Male,0,0,25,North America,<=50K
21390,"[50, 60[", Self-emp-inc,298215,Undergraduate,13,Married-civ-spouse,Nontechnical, Husband,*,Male,0,0,50,North America,>50K
21391,"[30, 40[", Private,295127,High School,9,Never-married,Technical, Not-in-family,*,Male,0,0,40,North America,<=50K
21392,"[30, 40[", Private,368140,Undergraduate,13,Married-civ-spouse,Nontechnical, Husband,*,Male,0,0,50,North America,>50K
21394,"[20, 30[", ?,121070,Undergraduate,10,Never-married,Other, Own-child,*,Male,0,0,35,North America,<=50K
21395,"[30, 40[", Private,212163,Undergraduate,10,Married-civ-spouse,Nontechnical, Husband,*,Male,0,0,25,North America,<=50K
21396,"[30, 40[", Self-emp-not-inc,108198,High School,9,Divorced,Technical, Own-child,*,Male,0,0,15,North America,<=50K
21397,"[40, 50[", Federal-gov,294431,Graduate,14,Married-civ-spouse,Technical, Husband,*,Male,0,0,40,North America,<=50K
21398,"[40, 50[", Federal-gov,202560,Undergraduate,13,Married-civ-spouse,Nontechnical, Wife,*,Female,0,0,40,North America,>50K
21399,"[20, 30[", Self-emp-inc,266070,Undergraduate,13,Divorced,Technical, Not-in-family,*,Female,0,0,80,North America,<=50K
21400,"[30, 40[", Private,346122,High School,9,Never-married,Technical, Not-in-family,*,Male,0,0,40,North America,<=50K
21401,"[30, 40[", Self-emp-inc,308686,Undergraduate,13,Married-civ-spouse,Technical, Husband,*,Male,0,0,70,North America,>50K
21403,"[30, 40[", Private,187711,High School,9,Married-civ-spouse,Technical, Husband,*,Male,0,0,40,North America,<=50K
21404,"[30, 40[", Private,238959,High School,9,Married-civ-spouse,Other, Wife,*,Female,0,0,40,North America,<=50K
21405,"[40, 50[", Private,93557,High School,9,Married-civ-spouse,Other, Husband,*,Male,0,0,40,North America,<=50K
21406,"[30, 40[", Private,329980,Undergraduate,10,Married-civ-spouse,Technical, Husband,*,Male,0,0,40,North America,<=50K
21407,"[20, 30[", Private,125010,Professional Education,11,Never-married,Other, Not-in-family,*,Female,0,0,30,North America,<=50K
21408,"[60, 70[", Self-emp-inc,90915,High School,7,Married-civ-spouse,Other, Husband,*,Male,0,0,40,North America,>50K
21409,"[30, 40[", Private,289731,Undergraduate,10,Married-civ-spouse,Technical, Husband,*,Male,0,0,40,North America,<=50K
21410,"[70, 80[", ?,33114,High School,6,Married-civ-spouse,Other, Husband,*,Male,1797,0,30,North America,<=50K
21411,"[60, 70[", Private,206052,High School,9,Married-civ-spouse,Technical, Husband,*,Male,0,0,40,North America,<=50K
21412,"[30, 40[", Private,191385,High School,7,Married-civ-spouse,Technical, Husband,*,Male,0,0,40,North America,<=50K
21413,"[40, 50[", ?,268804,High School,9,Married-civ-spouse,Other, Husband,*,Male,0,0,30,North America,<=50K
21414,"[40, 50[", Self-emp-inc,191429,Professional Education,15,Married-civ-spouse,Technical, Husband,*,Male,15024,0,40,North America,>50K
21415,"[30, 40[", Self-emp-not-inc,199753,Undergraduate,10,Married-civ-spouse,Other, Husband,*,Male,0,0,60,North America,<=50K
21416,"[50, 60[", Local-gov,92486,Undergraduate,10,Married-civ-spouse,Technical, Husband,*,Male,0,0,40,North America,<=50K
21417,"[10, 20[", Private,171088,Undergraduate,10,Never-married,Nontechnical, Own-child,*,Female,0,0,10,North America,<=50K
21418,"[30, 40[", Private,112820,Professional Education,11,Married-civ-spouse,Other, Husband,*,Male,0,0,40,North America,<=50K
21419,"[50, 60[", Self-emp-not-inc,32855,High School,4,Married-civ-spouse,Other, Husband,*,Male,0,0,70,North America,<=50K
21420,"[10, 20[", Private,142964,High School,7,Never-married,Other, Own-child,*,Male,0,0,20,North America,<=50K
21421,"[40, 50[", Private,89146,High School,9,Married-civ-spouse,Other, Husband,*,Male,0,0,40,North America,>50K
21422,"[50, 60[", ?,147015,Undergraduate,10,Divorced,Other, Not-in-family,*,Male,0,0,50,North America,<=50K
21423,"[20, 30[", Private,291968,Undergraduate,13,Never-married,Technical, Not-in-family,*,Male,0,0,40,North America,<=50K
21425,"[50, 60[", Private,238216,High School,9,Married-civ-spouse,Technical, Husband,*,Male,0,0,40,North America,<=50K
21426,"[30, 40[", State-gov,323726,Undergraduate,10,Never-married,Technical, Unmarried,*,Female,0,0,40,North America,<=50K
21427,"[50, 60[", Private,141663,High School,9,Married-civ-spouse,Other, Husband,*,Male,0,0,40,North America,>50K
21428,"[10, 20[", ?,218471,High School,9,Never-married,Other, Own-child,*,Female,0,1602,30,North America,<=50K
21429,"[30, 40[", Private,118551,Graduate,14,Never-married,Nontechnical, Not-in-family,*,Female,0,0,45,North America,>50K
21430,"[50, 60[", Local-gov,35092,Graduate,16,Married-civ-spouse,Nontechnical, Husband,*,Male,0,0,40,North America,>50K
21432,"[30, 40[", Federal-gov,206190,High School,9,Never-married,Nontechnical, Unmarried,*,Female,0,0,45,North America,<=50K
21433,"[50, 60[", Self-emp-not-inc,178353,High School,9,Married-civ-spouse,Nontechnical, Husband,*,Male,0,0,50,North America,>50K
21434,"[50, 60[", Federal-gov,169133,Undergraduate,13,Divorced,Technical, Unmarried,*,Male,0,0,40,North America,<=50K
21435,"[50, 60[", Self-emp-not-inc,103179,High School,9,Married-civ-spouse,Other, Husband,*,Male,0,0,60,North America,>50K
21436,"[30, 40[", Private,354464,High School,9,Married-civ-spouse,Other, Husband,*,Male,0,0,40,North America,<=50K
21437,"[10, 20[", ?,124651,High School,7,Never-married,Other, Own-child,*,Male,0,0,25,North America,<=50K
21438,"[30, 40[", Private,60426,High School,9,Married-civ-spouse,Other, Own-child,*,Female,0,0,40,North America,<=50K
21440,"[30, 40[", Private,133861,Professional Education,12,Divorced,Nontechnical, Not-in-family,*,Male,0,0,40,North America,<=50K
21442,"[30, 40[", Private,221324,Professional Education,11,Never-married,Technical, Unmarried,*,Female,0,0,40,North America,<=50K
21443,"[30, 40[", Private,325658,High School,9,Divorced,Technical, Unmarried,*,Male,0,0,40,North America,<=50K
21444,"[30, 40[", Private,210562,High School,9,Married-civ-spouse,Technical, Husband,*,Male,0,0,40,North America,<=50K
21445,"[40, 50[", Private,152249,High School,9,Married-spouse-absent,Other, Not-in-family,*,Male,0,0,35,North America,<=50K
21447,"[40, 50[", State-gov,48997,High School,9,Married-civ-spouse,Other, Husband,*,Male,0,0,40,North America,<=50K
21448,"[30, 40[", Private,243409,High School,9,Married-civ-spouse,Nontechnical, Husband,*,Male,0,0,60,North America,>50K
21449,"[30, 40[", Private,162442,High School,9,Married-civ-spouse,Other, Wife,*,Female,0,0,20,North America,>50K
21450,"[20, 30[", Private,203078,Undergraduate,13,Never-married,Other, Own-child,*,Male,0,0,24,North America,<=50K
21451,"[50, 60[", Self-emp-inc,155983,Graduate,14,Married-civ-spouse,Nontechnical, Husband,*,Male,0,0,65,North America,>50K
21453,"[30, 40[", ?,170276,Undergraduate,13,Married-civ-spouse,Other, Wife,*,Female,0,0,10,North America,>50K
21454,"[40, 50[", Private,105381,High School,9,Divorced,Nontechnical, Not-in-family,*,Female,0,0,40,North America,<=50K
21455,"[20, 30[", ?,256240,High School,4,Married-civ-spouse,Other, Own-child,*,Male,0,0,60,North America,<=50K
21456,"[40, 50[", Private,210275,Graduate,14,Divorced,Technical, Unmarried,*,Female,4687,0,35,North America,>50K
21457,"[50, 60[", Private,150980,Undergraduate,10,Married-civ-spouse,Technical, Husband,*,Male,3137,0,40,North America,<=50K
21458,"[30, 40[", Self-emp-inc,141584,High School,9,Divorced,Nontechnical, Unmarried,*,Male,0,0,55,North America,<=50K
21459,"[20, 30[", Private,113571,High School,9,Never-married,Other, Not-in-family,*,Male,0,0,70,North America,<=50K
21460,"[10, 20[", Private,154089,High School,7,Never-married,Nontechnical, Own-child,*,Male,0,0,20,North America,<=50K
21461,"[40, 50[", Private,50197,High School,6,Separated,Other, Not-in-family,*,Female,0,0,40,North America,<=50K
21462,"[20, 30[", Private,132572,Undergraduate,13,Never-married,Other, Own-child,*,Female,0,0,32,North America,<=50K
21463,"[40, 50[", Private,238185,Undergraduate,13,Divorced,Other, Not-in-family,*,Female,0,0,40,North America,<=50K
21464,"[20, 30[", Private,112754,Professional Education,11,Married-civ-spouse,Technical, Husband,*,Male,0,0,65,North America,>50K
21465,"[20, 30[", ?,357029,Undergraduate,10,Married-civ-spouse,Other, Wife,*,Female,2105,0,20,North America,<=50K
21466,"[30, 40[", State-gov,213389,Undergraduate,10,Divorced,Other, Unmarried,*,Female,0,1726,38,North America,<=50K
21467,"[40, 50[", Self-emp-inc,287647,Graduate,16,Married-civ-spouse,Technical, Husband,*,Male,7688,0,55,North America,>50K
21469,"[50, 60[", Self-emp-inc,143266,Undergraduate,13,Married-civ-spouse,Technical, Husband,*,Male,0,0,40,North America,<=50K
21470,"[50, 60[", Self-emp-not-inc,68006,High School,4,Never-married,Other, Other-relative,*,Female,0,0,60,North America,<=50K
21471,"[40, 50[", Private,287079,High School,9,Never-married,Other, Not-in-family,*,Male,0,0,55,North America,<=50K
21472,"[30, 40[", Private,223212,High School,9,Divorced,Technical, Unmarried,*,Male,0,0,40,North America,<=50K
21476,"[20, 30[", Private,157612,Undergraduate,13,Never-married,Technical, Not-in-family,*,Female,14344,0,40,North America,>50K
21477,"[20, 30[", Private,305472,Professional Education,12,Never-married,Technical, Own-child,*,Male,0,0,48,North America,<=50K
21478,"[50, 60[", Private,548256,High School,8,Married-civ-spouse,Other, Husband,*,Male,0,0,40,North America,<=50K
21479,"[20, 30[", Private,40295,High School,9,Married-civ-spouse,Technical, Husband,*,Male,0,0,40,North America,<=50K
21480,"[20, 30[", Private,112403,High School,9,Never-married,Technical, Unmarried,*,Male,2354,0,40,North America,<=50K
21481,"[50, 60[", Private,31137,High School,9,Married-civ-spouse,Technical, Husband,*,Male,0,0,40,North America,>50K
21482,"[30, 40[", Private,116138,Undergraduate,13,Never-married,Nontechnical, Not-in-family,*,Male,27828,0,60,North America,>50K
21483,"[20, 30[", ?,127833,High School,9,Never-married,Other, Unmarried,*,Female,0,0,40,North America,<=50K
21484,"[10, 20[", Private,201743,Undergraduate,10,Never-married,Other, Own-child,*,Female,0,0,20,North America,<=50K
21485,"[40, 50[", Private,240027,Undergraduate,10,Never-married,Nontechnical, Unmarried,*,Female,0,0,45,North America,<=50K
21486,"[20, 30[", Private,129882,Undergraduate,10,Never-married,Other, Unmarried,*,Female,0,0,40,North America,<=50K
21487,"[40, 50[", ?,355890,Undergraduate,13,Married-civ-spouse,Other, Husband,*,Male,0,0,55,North America,>50K
21488,"[20, 30[", Private,107658,Undergraduate,10,Never-married,Technical, Not-in-family,*,Female,0,0,10,North America,<=50K
21489,"[50, 60[", Private,136841,Undergraduate,13,Married-civ-spouse,Technical, Wife,*,Female,99999,0,35,North America,>50K
21490,"[10, 20[", Private,146679,Undergraduate,10,Never-married,Nontechnical, Own-child,*,Male,0,0,30,North America,<=50K
21491,"[70, 80[", ?,35724,High School,9,Widowed,Other, Not-in-family,*,Female,0,0,8,North America,<=50K
21492,"[20, 30[", Federal-gov,42251,Undergraduate,13,Never-married,Technical, Not-in-family,*,Female,0,0,30,North America,<=50K
21493,"[30, 40[", Private,113838,High School,9,Married-civ-spouse,Technical, Husband,*,Male,0,0,45,North America,<=50K
21494,"[20, 30[", Self-emp-not-inc,282398,High School,9,Divorced,Technical, Not-in-family,*,Male,0,0,35,North America,<=50K
21495,"[40, 50[", Private,33331,High School,9,Married-civ-spouse,Technical, Husband,*,Male,0,0,45,North America,<=50K
21496,"[20, 30[", Federal-gov,41031,Undergraduate,10,Never-married,Nontechnical, Not-in-family,*,Female,0,0,35,North America,<=50K
21497,"[40, 50[", Private,155489,High School,9,Married-civ-spouse,Technical, Husband,*,Male,0,0,43,North America,>50K
21498,"[30, 40[", Private,53042,High School,8,Never-married,Technical, Own-child,*,Male,0,0,40,North America,<=50K
21499,"[30, 40[", Private,174789,Undergraduate,10,Married-civ-spouse,Other, Husband,*,Male,0,0,50,North America,<=50K
21500,"[40, 50[", Local-gov,203067,Undergraduate,13,Divorced,Technical, Not-in-family,*,Male,0,0,50,North America,<=50K
21504,"[50, 60[", Self-emp-not-inc,188003,Undergraduate,13,Widowed,Technical, Not-in-family,*,Female,0,0,50,North America,>50K
21505,"[40, 50[", Local-gov,65535,Undergraduate,13,Married-civ-spouse,Nontechnical, Husband,*,Male,0,0,48,North America,>50K
21506,"[30, 40[", Private,366757,High School,9,Married-civ-spouse,Technical, Husband,*,Male,0,0,35,North America,<=50K
21507,"[20, 30[", Private,414545,Undergraduate,10,Never-married,Technical, Own-child,*,Male,0,0,40,North America,<=50K
21508,"[20, 30[", Private,295919,Professional Education,12,Never-married,Other, Unmarried,*,Female,0,0,40,North America,<=50K
21509,"[30, 40[", Private,34378,Primary School,2,Never-married,Other, Not-in-family,*,Male,0,0,40,North America,<=50K
21510,"[40, 50[", Self-emp-inc,58359,Undergraduate,10,Married-civ-spouse,Nontechnical, Husband,*,Male,15024,0,50,North America,>50K
21511,"[20, 30[", Private,476334,High School,9,Married-civ-spouse,Nontechnical, Husband,*,Male,0,0,48,North America,<=50K
21512,"[30, 40[", Private,255424,Undergraduate,13,Married-civ-spouse,Nontechnical, Husband,*,Male,0,0,60,North America,>50K
21513,"[30, 40[", Local-gov,175856,Undergraduate,10,Never-married,Technical, Not-in-family,*,Male,0,0,40,North America,<=50K
21514,"[40, 50[", Private,124692,Undergraduate,13,Married-civ-spouse,Nontechnical, Husband,*,Male,0,0,40,North America,>50K
21515,"[30, 40[", Private,118551,High School,9,Divorced,Other, Unmarried,*,Female,0,0,40,North America,<=50K
21516,"[70, 80[", ?,292019,High School,4,Married-civ-spouse,Other, Husband,*,Male,0,0,20,North America,<=50K
21517,"[30, 40[", Private,288566,Undergraduate,13,Married-civ-spouse,Technical, Husband,*,Male,0,0,43,North America,>50K
21519,"[20, 30[", Private,39432,High School,9,Married-civ-spouse,Technical, Husband,*,Male,0,0,40,North America,<=50K
21521,"[30, 40[", Private,709445,High School,9,Separated,Technical, Other-relative,*,Male,0,0,40,North America,<=50K
21522,"[30, 40[", Private,194809,High School,7,Divorced,Technical, Unmarried,*,Female,0,0,40,North America,<=50K
21523,"[50, 60[", Self-emp-inc,89041,Graduate,14,Married-civ-spouse,Nontechnical, Husband,*,Male,15024,0,60,North America,>50K
21524,"[30, 40[", ?,299090,High School,9,Divorced,Other, Not-in-family,*,Female,0,0,30,North America,<=50K
21525,"[10, 20[", Private,159561,High School,7,Never-married,Other, Own-child,*,Male,0,0,20,North America,<=50K
21526,"[30, 40[", Private,236328,High School,6,Married-civ-spouse,Technical, Husband,*,Male,0,0,48,North America,<=50K
21527,"[40, 50[", Private,269045,Professional Education,15,Married-civ-spouse,Technical, Husband,*,Male,0,0,40,North America,>50K
21528,"[20, 30[", ?,196627,High School,7,Never-married,Other, Own-child,*,Male,0,0,40,North America,<=50K
21529,"[40, 50[", Federal-gov,323798,Undergraduate,13,Married-civ-spouse,Nontechnical, Husband,*,Male,0,0,40,North America,>50K
21530,"[50, 60[", Private,463072,Undergraduate,13,Married-civ-spouse,Technical, Husband,*,Male,0,0,60,North America,>50K
21532,"[20, 30[", Self-emp-inc,98756,Undergraduate,10,Divorced,Other, Own-child,*,Female,0,0,50,North America,<=50K
21533,"[50, 60[", State-gov,161075,High School,9,Widowed,Technical, Unmarried,*,Female,0,0,40,North America,<=50K
21534,"[10, 20[", Private,192485,High School,8,Never-married,Nontechnical, Own-child,*,Male,0,0,20,North America,<=50K
21535,"[20, 30[", Private,201579,High School,5,Never-married,Technical, Not-in-family,*,Male,0,0,40,North America,<=50K
21536,"[20, 30[", Private,117606,Undergraduate,13,Never-married,Technical, Not-in-family,*,Female,0,0,40,North America,<=50K
21537,"[50, 60[", ?,177487,High School,9,Married-civ-spouse,Other, Husband,*,Male,0,0,40,North America,<=50K
21538,"[40, 50[", Self-emp-not-inc,237731,High School,9,Married-civ-spouse,Other, Husband,*,Male,2829,0,65,North America,<=50K
21539,"[30, 40[", Private,60313,High School,9,Never-married,Technical, Unmarried,*,Male,0,0,40,North America,<=50K
21540,"[30, 40[", Private,270059,Undergraduate,10,Divorced,Other, Unmarried,*,Female,25236,0,25,North America,>50K
21542,"[10, 20[", Private,240686,High School,7,Never-married,Nontechnical, Own-child,*,Female,0,0,25,North America,<=50K
21543,"[50, 60[", Local-gov,124793,High School,8,Married-civ-spouse,Technical, Husband,*,Male,0,0,40,North America,<=50K
21544,"[20, 30[", Self-emp-not-inc,113948,Professional Education,11,Married-civ-spouse,Other, Wife,*,Female,0,0,45,North America,<=50K
21545,"[10, 20[", ?,241021,High School,8,Never-married,Other, Own-child,*,Female,0,0,40,North America,<=50K
21546,"[20, 30[", Private,147655,High School,9,Never-married,Other, Own-child,*,Female,0,0,40,North America,<=50K
21547,"[40, 50[", Self-emp-not-inc,38876,Professional Education,11,Married-civ-spouse,Other, Husband,*,Male,0,0,60,North America,<=50K
21548,"[50, 60[", Private,117299,High School,9,Married-civ-spouse,Technical, Husband,*,Male,7688,0,40,North America,>50K
21549,"[20, 30[", ?,114813,High School,6,Separated,Other, Unmarried,*,Female,0,0,40,North America,<=50K
21550,"[20, 30[", Private,136310,Undergraduate,10,Married-civ-spouse,Technical, Husband,*,Male,0,0,40,North America,<=50K
21551,"[40, 50[", Federal-gov,153132,Undergraduate,13,Married-civ-spouse,Technical, Husband,*,Male,0,0,38,North America,>50K
21552,"[20, 30[", Private,197552,Undergraduate,10,Never-married,Nontechnical, Own-child,*,Female,0,0,35,North America,<=50K
21553,"[30, 40[", Private,69748,High School,9,Married-civ-spouse,Nontechnical, Wife,*,Female,0,0,40,North America,<=50K
21554,"[20, 30[", Private,175738,Undergraduate,13,Never-married,Nontechnical, Not-in-family,*,Female,0,0,45,North America,>50K
21557,"[40, 50[", Private,155659,Professional Education,11,Married-civ-spouse,Technical, Husband,*,Male,7688,0,40,North America,>50K
21558,"[10, 20[", Federal-gov,215891,Undergraduate,10,Never-married,Other, Own-child,*,Female,0,0,10,North America,<=50K
21559,"[40, 50[", Private,144928,Undergraduate,10,Divorced,Technical, Not-in-family,*,Male,0,0,40,North America,<=50K
21560,"[30, 40[", Private,33688,High School,9,Never-married,Other, Unmarried,*,Female,0,1669,70,North America,<=50K
21561,"[60, 70[", Private,262446,High School,7,Married-civ-spouse,Other, Husband,*,Male,0,0,20,North America,<=50K
21562,"[40, 50[", Federal-gov,191295,Undergraduate,13,Married-civ-spouse,Nontechnical, Husband,*,Male,0,0,48,North America,<=50K
21563,"[30, 40[", Private,279173,Undergraduate,13,Divorced,Nontechnical, Not-in-family,*,Male,0,0,45,North America,<=50K
21564,"[40, 50[", Private,153031,Undergraduate,10,Married-civ-spouse,Nontechnical, Husband,*,Male,0,0,65,North America,>50K
21565,"[20, 30[", Private,202239,High School,4,Married-civ-spouse,Technical, Husband,*,Male,0,0,55,North America,<=50K
21566,"[40, 50[", Federal-gov,469454,Professional Education,11,Married-civ-spouse,Other, Husband,*,Male,7298,0,48,North America,>50K
21567,"[30, 40[", Local-gov,164156,Professional Education,12,Divorced,Other, Unmarried,*,Female,0,0,55,North America,<=50K
21568,"[50, 60[", Private,196482,High School,9,Widowed,Other, Unmarried,*,Female,0,0,40,North America,<=50K
21570,"[30, 40[", Private,287315,High School,9,Divorced,Technical, Not-in-family,*,Male,0,0,40,North America,<=50K
21571,"[20, 30[", Private,117210,High School,9,Never-married,Nontechnical, Own-child,*,Male,0,0,40,North America,<=50K
21572,"[30, 40[", Private,41610,Undergraduate,13,Married-civ-spouse,Technical, Husband,*,Male,0,0,40,North America,<=50K
21573,"[50, 60[", Private,160703,Graduate,16,Married-civ-spouse,Technical, Husband,*,Male,0,0,65,North America,>50K
21574,"[30, 40[", Private,80511,Professional Education,12,Divorced,Technical, Not-in-family,*,Female,0,0,44,North America,<=50K
21575,"[30, 40[", Private,219155,High School,9,Married-civ-spouse,Technical, Husband,*,Male,0,0,43,North America,<=50K
21576,"[30, 40[", Private,106347,High School,9,Married-civ-spouse,Nontechnical, Husband,*,Male,0,0,45,North America,<=50K
21577,"[30, 40[", Self-emp-not-inc,68899,High School,9,Married-civ-spouse,Technical, Husband,*,Male,0,2129,40,North America,<=50K
21578,"[40, 50[", Self-emp-not-inc,163985,Professional Education,15,Married-civ-spouse,Technical, Husband,*,Male,0,0,32,North America,>50K
21579,"[20, 30[", Private,270887,Professional Education,12,Never-married,Nontechnical, Not-in-family,*,Male,0,0,65,North America,<=50K
21580,"[10, 20[", Private,205726,High School,7,Never-married,Nontechnical, Own-child,*,Female,0,0,15,North America,<=50K
21581,"[20, 30[", Private,218899,Undergraduate,13,Never-married,Nontechnical, Own-child,*,Female,0,0,60,North America,<=50K
21582,"[30, 40[", Private,186183,High School,9,Married-civ-spouse,Other, Husband,*,Male,15024,0,80,North America,>50K
21583,"[10, 20[", Private,248749,Undergraduate,10,Never-married,Nontechnical, Own-child,*,Male,0,0,20,North America,<=50K
21584,"[30, 40[", Private,197558,High School,9,Married-civ-spouse,Nontechnical, Husband,*,Male,0,0,40,North America,<=50K
21585,"[20, 30[", Private,176514,Undergraduate,13,Never-married,Other, Not-in-family,*,Female,0,0,40,North America,<=50K
21586,"[20, 30[", ?,116820,High School,9,Never-married,Other, Own-child,*,Male,0,0,50,North America,<=50K
21588,"[30, 40[", Private,215503,High School,9,Married-civ-spouse,Nontechnical, Husband,*,Male,4386,0,45,North America,>50K
21589,"[40, 50[", Private,226129,Professional Education,11,Married-civ-spouse,Technical, Husband,*,Male,0,0,50,North America,>50K
21590,"[30, 40[", Private,175856,Undergraduate,13,Married-civ-spouse,Nontechnical, Husband,*,Male,3103,0,55,North America,>50K
21591,"[40, 50[", Private,281138,High School,9,Separated,Technical, Not-in-family,*,Female,0,0,40,North America,<=50K
21592,"[40, 50[", Private,98061,High School,9,Divorced,Other, Not-in-family,*,Male,0,0,40,North America,<=50K
21593,"[30, 40[", Self-emp-not-inc,260560,High School,9,Never-married,Technical, Not-in-family,*,Male,0,0,50,North America,<=50K
21594,"[20, 30[", Private,289909,Undergraduate,10,Never-married,Other, Not-in-family,*,Male,0,0,45,North America,<=50K
21595,"[50, 60[", Private,59590,High School,9,Married-civ-spouse,Other, Wife,*,Female,0,0,20,North America,<=50K
21596,"[20, 30[", Private,236769,Professional Education,12,Never-married,Nontechnical, Own-child,*,Male,0,0,40,North America,<=50K
21597,"[30, 40[", Self-emp-not-inc,423616,High School,9,Married-civ-spouse,Nontechnical, Wife,*,Female,0,0,24,North America,>50K
21598,"[20, 30[", Private,291407,High School,9,Married-civ-spouse,Other, Husband,*,Male,0,0,40,North America,<=50K
21599,"[50, 60[", Self-emp-inc,100029,Graduate,16,Married-civ-spouse,Technical, Husband,*,Male,0,0,40,North America,>50K
21600,"[30, 40[", Private,204494,Undergraduate,10,Married-civ-spouse,Nontechnical, Husband,*,Male,0,0,56,North America,>50K
21601,"[20, 30[", Private,201680,High School,9,Never-married,Technical, Own-child,*,Male,0,0,40,North America,<=50K
21602,"[40, 50[", Private,154308,Graduate,14,Married-civ-spouse,Nontechnical, Husband,*,Male,0,0,40,North America,>50K
21603,"[30, 40[", Private,150324,High School,7,Divorced,Other, Not-in-family,*,Male,0,0,50,North America,<=50K
21605,"[20, 30[", Private,100829,Undergraduate,13,Married-civ-spouse,Nontechnical, Wife,*,Female,0,0,50,North America,>50K
21606,"[30, 40[", Private,203169,Professional Education,11,Married-civ-spouse,Technical, Husband,*,Male,0,0,50,North America,>50K
21607,"[20, 30[", Private,122075,Undergraduate,13,Never-married,Nontechnical, Not-in-family,*,Male,0,0,50,North America,<=50K
21608,"[20, 30[", Private,178778,Undergraduate,10,Never-married,Other, Not-in-family,*,Male,0,0,40,North America,<=50K
21609,"[20, 30[", Private,276345,High School,9,Never-married,Technical, Not-in-family,*,Female,0,0,50,North America,<=50K
21610,"[40, 50[", Private,233511,High School,9,Married-civ-spouse,Other, Husband,*,Male,0,0,50,North America,>50K
21612,"[30, 40[", Private,173350,High School,9,Never-married,Other, Not-in-family,*,Female,0,0,30,North America,<=50K
21613,"[30, 40[", Private,130589,Undergraduate,10,Divorced,Nontechnical, Not-in-family,*,Male,0,0,45,North America,<=50K
21614,"[60, 70[", Private,94318,Undergraduate,13,Married-civ-spouse,Technical, Husband,*,Male,0,0,50,North America,>50K
21615,"[20, 30[", Private,297531,Undergraduate,13,Never-married,Nontechnical, Own-child,*,Female,0,0,40,North America,<=50K
21616,"[50, 60[", Private,129762,High School,9,Divorced,Other, Unmarried,*,Female,0,0,40,North America,<=50K
21618,"[60, 70[", Private,120067,High School,5,Married-civ-spouse,Other, Husband,*,Male,0,0,45,North America,<=50K
21619,"[40, 50[", Private,182370,Professional Education,12,Divorced,Technical, Own-child,*,Male,0,0,40,North America,<=50K
21620,"[40, 50[", State-gov,60949,High School,9,Married-civ-spouse,Technical, Husband,*,Male,0,0,40,North America,<=50K
21621,"[30, 40[", Private,190511,High School,9,Married-civ-spouse,Technical, Husband,*,Male,0,0,40,North America,>50K
21622,"[40, 50[", Private,188195,Undergraduate,10,Married-civ-spouse,Technical, Husband,*,Male,0,0,40,North America,<=50K
21623,"[50, 60[", Private,89534,High School,9,Married-civ-spouse,Technical, Husband,*,Male,0,0,40,North America,<=50K
21624,"[40, 50[", Self-emp-inc,125831,High School,9,Married-civ-spouse,Nontechnical, Husband,*,Male,0,1887,55,North America,>50K
21625,"[20, 30[", Private,183358,High School,9,Never-married,Technical, Not-in-family,*,Male,0,0,40,North America,<=50K
21626,"[30, 40[", ?,75024,High School,4,Divorced,Other, Not-in-family,*,Female,0,0,40,North America,<=50K
21628,"[30, 40[", Private,108946,High School,9,Divorced,Technical, Unmarried,*,Female,0,0,40,North America,<=50K
21629,"[20, 30[", Private,93223,Undergraduate,10,Divorced,Technical, Unmarried,*,Female,0,0,35,North America,<=50K
21630,"[60, 70[", Private,147393,Professional Education,15,Married-civ-spouse,Nontechnical, Husband,*,Male,0,0,20,North America,<=50K
21631,"[70, 80[", ?,45801,High School,9,Married-civ-spouse,Other, Husband,*,Male,0,0,70,North America,<=50K
21632,"[30, 40[", State-gov,225385,High School,9,Divorced,Technical, Unmarried,*,Female,0,0,40,North America,<=50K
21633,"[30, 40[", Federal-gov,23892,High School,9,Divorced,Technical, Unmarried,*,Female,0,0,40,North America,<=50K
21635,"[20, 30[", Self-emp-not-inc,404998,Professional Education,11,Never-married,Technical, Own-child,*,Male,0,0,40,North America,<=50K
21638,"[40, 50[", Private,357540,Undergraduate,13,Married-civ-spouse,Nontechnical, Husband,*,Male,0,2002,55,North America,<=50K
21639,"[30, 40[", Private,185336,Professional Education,11,Married-civ-spouse,Other, Wife,*,Female,0,0,40,North America,<=50K
21640,"[20, 30[", State-gov,152503,Undergraduate,10,Never-married,Technical, Not-in-family,*,Male,0,0,40,North America,<=50K
21641,"[50, 60[", Private,167794,Graduate,16,Married-civ-spouse,Nontechnical, Husband,*,Male,0,0,38,North America,>50K
21642,"[40, 50[", Private,96552,Undergraduate,10,Divorced,Technical, Own-child,*,Female,0,0,17,North America,<=50K
21643,"[30, 40[", Private,169527,Undergraduate,10,Married-civ-spouse,Nontechnical, Wife,*,Female,4386,0,20,North America,<=50K
21644,"[50, 60[", State-gov,254285,Undergraduate,13,Married-civ-spouse,Technical, Husband,*,Male,0,0,40,North America,<=50K
21645,"[40, 50[", Private,32509,Undergraduate,10,Divorced,Other, Unmarried,*,Female,0,0,40,North America,<=50K
21646,"[40, 50[", Private,125492,Undergraduate,13,Divorced,Technical, Not-in-family,*,Female,0,0,40,North America,<=50K
21647,"[30, 40[", Self-emp-inc,186035,Undergraduate,10,Married-civ-spouse,Nontechnical, Husband,*,Male,0,0,60,North America,>50K
21648,"[60, 70[", ?,168794,High School,4,Married-civ-spouse,Other, Husband,*,Male,0,0,48,North America,<=50K
21649,"[30, 40[", Private,191856,Undergraduate,10,Married-civ-spouse,Nontechnical, Wife,*,Female,7298,0,40,North America,>50K
21650,"[30, 40[", Private,215503,High School,9,Never-married,Technical, Not-in-family,*,Male,0,0,65,North America,<=50K
21651,"[30, 40[", Private,187560,High School,9,Never-married,Other, Not-in-family,*,Male,2174,0,40,North America,<=50K
21652,"[30, 40[", Self-emp-not-inc,252752,High School,9,Married-civ-spouse,Other, Wife,*,Female,0,2415,40,North America,>50K
21653,"[30, 40[", Local-gov,210991,Undergraduate,13,Married-civ-spouse,Technical, Husband,*,Male,0,1740,40,North America,<=50K
21654,"[50, 60[", Local-gov,190748,Undergraduate,10,Divorced,Nontechnical, Unmarried,*,Female,0,0,35,North America,<=50K
21655,"[20, 30[", Private,117767,Professional Education,12,Never-married,Nontechnical, Own-child,*,Male,0,0,20,North America,<=50K
21656,"[30, 40[", Private,301070,High School,9,Divorced,Other, Unmarried,*,Male,0,0,45,North America,<=50K
21657,"[60, 70[", Self-emp-not-inc,204645,Undergraduate,10,Married-civ-spouse,Technical, Husband,*,Male,9386,0,72,North America,>50K
21658,"[30, 40[", Private,186183,Graduate,14,Married-civ-spouse,Technical, Husband,*,Male,0,0,40,North America,>50K
21659,"[30, 40[", Private,131808,Professional Education,11,Divorced,Technical, Unmarried,*,Male,0,0,40,North America,<=50K
21660,"[30, 40[", State-gov,156292,High School,9,Never-married,Nontechnical, Not-in-family,*,Male,0,0,40,North America,<=50K
21661,"[20, 30[", Private,124589,High School,9,Never-married,Nontechnical, Own-child,*,Female,0,0,40,North America,<=50K
21662,"[20, 30[", Private,262819,Undergraduate,10,Never-married,Other, Not-in-family,*,Female,0,0,20,North America,<=50K
21663,"[60, 70[", Private,95500,High School,9,Married-civ-spouse,Other, Husband,*,Male,0,0,40,North America,<=50K
21664,"[30, 40[", Private,241306,High School,9,Married-civ-spouse,Other, Husband,*,Male,0,0,45,North America,<=50K
21665,"[20, 30[", Private,238680,Undergraduate,10,Never-married,Nontechnical, Not-in-family,*,Male,0,0,55,North America,<=50K
21666,"[10, 20[", ?,42293,High School,6,Never-married,Other, Own-child,*,Female,0,0,30,North America,<=50K
21667,"[40, 50[", Local-gov,168071,High School,9,Divorced,Nontechnical, Own-child,*,Male,0,0,45,North America,<=50K
21668,"[40, 50[", Private,337629,High School,8,Married-civ-spouse,Technical, Husband,*,Male,0,0,60,Unknown,>50K
21669,"[50, 60[", Private,168001,Graduate,14,Divorced,Technical, Not-in-family,*,Female,0,0,40,North America,>50K
21670,"[30, 40[", Private,97759,High School,8,Never-married,Other, Unmarried,*,Female,0,0,17,North America,<=50K
21671,"[50, 60[", Self-emp-not-inc,107096,High School,9,Married-civ-spouse,Other, Husband,*,Male,0,0,50,North America,<=50K
21673,"[20, 30[", Private,70076,Undergraduate,10,Never-married,Technical, Own-child,*,Female,0,0,40,North America,<=50K
21674,"[20, 30[", Private,312017,Undergraduate,10,Never-married,Nontechnical, Not-in-family,*,Male,0,0,40,North America,<=50K
21675,"[20, 30[", Private,174138,Professional Education,12,Married-civ-spouse,Technical, Husband,*,Male,0,0,40,North America,<=50K
21676,"[40, 50[", Private,125892,Undergraduate,13,Divorced,Nontechnical, Other-relative,*,Male,0,0,40,North America,<=50K
21677,"[20, 30[", Private,210474,High School,9,Never-married,Other, Not-in-family,*,Female,0,0,40,North America,<=50K
21678,"[20, 30[", State-gov,157332,Undergraduate,10,Never-married,Other, Own-child,*,Female,0,0,15,North America,<=50K
21679,"[20, 30[", Private,30771,Undergraduate,10,Never-married,Other, Unmarried,*,Female,0,0,40,North America,<=50K
21681,"[30, 40[", Private,209101,Undergraduate,13,Married-civ-spouse,Nontechnical, Husband,*,Male,5178,0,55,North America,>50K
21682,"[20, 30[", Private,324609,High School,9,Never-married,Other, Not-in-family,*,Male,0,0,40,North America,<=50K
21683,"[40, 50[", Private,268234,High School,9,Divorced,Technical, Not-in-family,*,Male,0,0,50,North America,<=50K
21684,"[30, 40[", Local-gov,178109,High School,9,Married-civ-spouse,Other, Husband,*,Male,0,0,43,North America,<=50K
21685,"[30, 40[", Private,25955,High School,5,Never-married,Technical, Own-child,*,Male,0,0,35,North America,<=50K
21686,"[60, 70[", ?,123484,High School,9,Widowed,Other, Other-relative,*,Female,0,0,25,North America,<=50K
21687,"[50, 60[", Local-gov,129762,Undergraduate,10,Divorced,Other, Not-in-family,*,Female,0,0,35,North America,<=50K
21688,"[20, 30[", Self-emp-not-inc,108506,Professional Education,11,Never-married,Other, Not-in-family,*,Male,0,0,75,North America,<=50K
21689,"[20, 30[", Private,241607,Undergraduate,13,Never-married,Technical, Other-relative,*,Male,0,0,50,North America,<=50K
21690,"[20, 30[", Federal-gov,214385,High School,9,Never-married,Other, Not-in-family,*,Female,0,0,40,North America,<=50K
21691,"[30, 40[", Local-gov,183000,Graduate,14,Married-civ-spouse,Technical, Husband,*,Male,0,0,45,North America,<=50K
21692,"[30, 40[", Private,290763,Undergraduate,10,Never-married,Nontechnical, Not-in-family,*,Female,0,0,40,North America,<=50K
21693,"[50, 60[", Private,171924,Undergraduate,13,Married-civ-spouse,Technical, Husband,*,Male,0,0,43,North America,>50K
21694,"[10, 20[", Private,97189,Undergraduate,10,Never-married,Nontechnical, Own-child,*,Female,0,0,22,North America,<=50K
21695,"[40, 50[", Private,195096,High School,9,Married-civ-spouse,Nontechnical, Husband,*,Male,4064,0,40,North America,<=50K
21696,"[30, 40[", Federal-gov,329088,High School,9,Married-civ-spouse,Other, Husband,*,Male,0,0,40,North America,<=50K
21697,"[20, 30[", Private,58371,High School,9,Never-married,Other, Own-child,*,Male,0,0,40,North America,<=50K
21698,"[30, 40[", ?,256371,High School,8,Never-married,Other, Own-child,*,Female,0,0,40,North America,<=50K
21699,"[40, 50[", Private,35824,Undergraduate,10,Separated,Technical, Unmarried,*,Female,0,0,40,North America,<=50K
21700,"[40, 50[", Private,173271,High School,9,Divorced,Other, Unmarried,*,Female,0,0,40,North America,<=50K
21701,"[20, 30[", Private,391349,Undergraduate,13,Married-civ-spouse,Other, Wife,*,Female,0,0,40,North America,>50K
21702,"[20, 30[", Private,86153,Undergraduate,10,Never-married,Other, Not-in-family,*,Female,0,0,40,North America,<=50K
21703,"[30, 40[", Private,295855,High School,7,Divorced,Other, Not-in-family,*,Female,0,0,70,North America,<=50K
21704,"[30, 40[", Self-emp-not-inc,327902,High School,9,Married-civ-spouse,Other, Husband,*,Male,0,0,45,North America,<=50K
21706,"[50, 60[", Private,178353,High School,9,Married-civ-spouse,Technical, Husband,*,Male,0,0,50,North America,>50K
21707,"[40, 50[", Private,28119,High School,9,Married-civ-spouse,Other, Husband,*,Male,0,0,7,North America,<=50K
21708,"[40, 50[", Private,197522,Undergraduate,10,Separated,Technical, Unmarried,*,Female,0,0,40,North America,<=50K
21709,"[20, 30[", Private,108542,Undergraduate,13,Never-married,Nontechnical, Own-child,*,Male,0,0,35,North America,<=50K
21710,"[50, 60[", Private,179781,High School,9,Married-civ-spouse,Nontechnical, Husband,*,Male,0,0,40,North America,>50K
21711,"[20, 30[", Private,126974,High School,9,Never-married,Technical, Own-child,*,Male,0,0,40,North America,<=50K
21712,"[20, 30[", Private,180060,Undergraduate,13,Never-married,Technical, Own-child,*,Male,0,0,50,North America,<=50K
21713,"[30, 40[", Local-gov,38948,Undergraduate,10,Married-civ-spouse,Other, Husband,*,Male,0,0,50,North America,<=50K
21714,"[20, 30[", Private,271572,High School,5,Never-married,Other, Other-relative,*,Male,0,0,52,North America,<=50K
21715,"[40, 50[", Private,177305,Professional Education,12,Married-civ-spouse,Technical, Husband,*,Male,0,0,60,North America,>50K
21716,"[20, 30[", Private,238367,High School,9,Never-married,Technical, Not-in-family,*,Male,0,0,40,North America,<=50K
21717,"[30, 40[", Private,172232,High School,9,Divorced,Other, Not-in-family,*,Female,0,0,30,North America,<=50K
21718,"[20, 30[", Private,153805,High School,9,Never-married,Other, Unmarried,*,Male,0,0,20,North America,<=50K
21719,"[30, 40[", Private,26543,Undergraduate,13,Divorced,Other, Not-in-family,*,Male,0,0,40,North America,<=50K
21720,"[40, 50[", Private,109067,Undergraduate,13,Separated,Technical, Not-in-family,*,Male,0,0,40,North America,<=50K
21721,"[30, 40[", Private,213716,Professional Education,11,Divorced,Other, Not-in-family,*,Female,0,0,30,North America,<=50K
21723,"[20, 30[", Private,185670,Undergraduate,13,Married-civ-spouse,Nontechnical, Husband,*,Male,0,0,60,North America,>50K
21724,"[40, 50[", Federal-gov,233851,High School,9,Married-civ-spouse,Other, Wife,*,Female,0,0,40,North America,>50K
21725,"[60, 70[", ?,192052,Undergraduate,10,Married-civ-spouse,Other, Wife,*,Female,0,2457,40,North America,<=50K
21726,"[40, 50[", Private,193524,High School,9,Married-civ-spouse,Technical, Husband,*,Male,0,1485,40,North America,<=50K
21727,"[20, 30[", Private,213385,High School,9,Never-married,Other, Not-in-family,*,Male,0,0,40,North America,<=50K
21728,"[20, 30[", Private,38238,Undergraduate,13,Never-married,Other, Own-child,*,Male,0,0,40,North America,<=50K
21730,"[10, 20[", Private,202344,High School,6,Never-married,Other, Own-child,*,Male,0,0,25,North America,<=50K
21731,"[40, 50[", Self-emp-not-inc,43434,Undergraduate,13,Never-married,Nontechnical, Not-in-family,*,Female,0,0,40,North America,<=50K
21732,"[40, 50[", Private,102147,Professional Education,11,Divorced,Nontechnical, Not-in-family,*,Male,0,0,40,North America,>50K
21733,"[30, 40[", Private,231826,Undergraduate,10,Married-civ-spouse,Nontechnical, Husband,*,Male,0,0,40,North America,>50K
21734,"[40, 50[", State-gov,247378,Undergraduate,10,Divorced,Technical, Not-in-family,*,Female,0,0,20,North America,<=50K
21735,"[40, 50[", Private,78765,Undergraduate,10,Married-civ-spouse,Technical, Husband,*,Male,3103,0,45,North America,>50K
21736,"[20, 30[", Private,184078,High School,9,Never-married,Other, Other-relative,*,Female,0,0,40,North America,<=50K
21737,"[20, 30[", Local-gov,102942,Undergraduate,10,Never-married,Other, Not-in-family,*,Female,0,2001,40,North America,<=50K
21738,"[20, 30[", Private,258430,Undergraduate,10,Never-married,Other, Own-child,*,Female,0,0,19,North America,<=50K
21739,"[50, 60[", Private,244554,High School,7,Divorced,Other, Not-in-family,*,Female,0,0,35,North America,<=50K
21740,"[20, 30[", Private,252565,High School,6,Married-civ-spouse,Technical, Husband,*,Male,0,0,55,North America,<=50K
21742,"[30, 40[", Private,162572,High School,9,Married-civ-spouse,Other, Husband,*,Male,0,0,55,North America,>50K
21743,"[30, 40[", Private,65706,High School,9,Divorced,Other, Unmarried,*,Female,0,0,40,North America,<=50K
21744,"[40, 50[", Federal-gov,102569,High School,9,Married-civ-spouse,Technical, Husband,*,Male,0,0,40,North America,>50K
21745,"[60, 70[", Private,350498,Undergraduate,10,Married-civ-spouse,Nontechnical, Husband,*,Male,0,0,28,North America,<=50K
21747,"[30, 40[", Private,142383,Professional Education,12,Never-married,Nontechnical, Not-in-family,*,Male,0,0,36,North America,<=50K
21748,"[30, 40[", Private,229236,High School,9,Married-civ-spouse,Other, Husband,*,Male,0,0,40,North America,<=50K
21749,"[70, 80[", Private,56559,High School,9,Married-civ-spouse,Nontechnical, Husband,*,Male,0,0,12,North America,<=50K
21750,"[20, 30[", Private,27049,Undergraduate,10,Never-married,Other, Own-child,*,Female,0,0,12,North America,<=50K
21751,"[30, 40[", Private,36376,Undergraduate,10,Married-civ-spouse,Other, Husband,*,Male,0,0,60,North America,<=50K
21752,"[40, 50[", Private,194360,High School,9,Married-civ-spouse,Technical, Husband,*,Male,0,1887,40,North America,>50K
21753,"[20, 30[", Private,246965,Undergraduate,10,Never-married,Technical, Not-in-family,*,Male,0,0,12,North America,<=50K
21754,"[40, 50[", Self-emp-inc,191277,Undergraduate,10,Married-civ-spouse,Nontechnical, Husband,*,Male,15024,0,50,North America,>50K
21755,"[20, 30[", Private,268525,Undergraduate,13,Never-married,Other, Not-in-family,*,Male,0,0,32,North America,<=50K
21756,"[20, 30[", Private,456604,High School,7,Married-civ-spouse,Technical, Husband,*,Male,0,0,40,North America,<=50K
21757,"[20, 30[", Private,223464,Undergraduate,10,Married-civ-spouse,Other, Husband,*,Male,0,0,40,North America,<=50K
21758,"[50, 60[", Private,341797,High School,9,Divorced,Technical, Not-in-family,*,Male,0,0,40,North America,<=50K
21759,"[20, 30[", Private,174461,High School,9,Never-married,Other, Not-in-family,*,Female,0,0,40,North America,<=50K
21760,"[40, 50[", Private,392167,High School,6,Divorced,Nontechnical, Not-in-family,*,Male,0,0,48,North America,<=50K
21761,"[60, 70[", Private,210064,High School,9,Divorced,Other, Not-in-family,*,Male,0,0,40,North America,<=50K
21762,"[60, 70[", ?,233182,High School,9,Divorced,Other, Not-in-family,*,Female,0,0,7,North America,<=50K
21763,"[70, 80[", Local-gov,177550,Undergraduate,13,Married-civ-spouse,Other, Husband,*,Male,3818,0,14,North America,<=50K
21764,"[60, 70[", Private,143312,Undergraduate,10,Divorced,Other, Not-in-family,*,Female,0,0,60,North America,<=50K
21765,"[20, 30[", Private,326334,Undergraduate,10,Never-married,Technical, Own-child,*,Male,0,0,35,North America,<=50K
21766,"[30, 40[", Private,179088,Undergraduate,10,Divorced,Other, Not-in-family,*,Female,0,0,40,North America,<=50K
21767,"[10, 20[", Private,207637,High School,7,Never-married,Nontechnical, Own-child,*,Male,0,0,10,North America,<=50K
21769,"[30, 40[", Private,36069,High School,9,Never-married,Technical, Not-in-family,*,Male,0,0,35,North America,<=50K
21770,"[20, 30[", Federal-gov,53245,Undergraduate,13,Never-married,Technical, Not-in-family,*,Male,0,0,40,North America,<=50K
21771,"[20, 30[", Self-emp-inc,399904,High School,9,Never-married,Technical, Other-relative,*,Male,0,0,50,North America,<=50K
21772,"[30, 40[", Self-emp-inc,199346,Undergraduate,10,Married-civ-spouse,Nontechnical, Wife,*,Female,0,0,45,North America,<=50K
21773,"[20, 30[", Private,343019,High School,6,Never-married,Other, Not-in-family,*,Female,0,0,40,North America,<=50K
21774,"[20, 30[", State-gov,232742,Undergraduate,10,Never-married,Other, Unmarried,*,Female,0,0,40,North America,<=50K
21775,"[60, 70[", Self-emp-not-inc,390472,High School,9,Married-civ-spouse,Other, Husband,*,Male,0,0,40,North America,<=50K
21776,"[50, 60[", Private,290124,Primary School,3,Married-civ-spouse,Technical, Husband,*,Male,0,0,40,North America,<=50K
21777,"[20, 30[", Private,242912,Undergraduate,10,Never-married,Other, Own-child,*,Female,4650,0,40,North America,<=50K
21779,"[30, 40[", Local-gov,286405,Graduate,16,Married-civ-spouse,Nontechnical, Husband,*,Male,0,1887,50,North America,>50K
21780,"[20, 30[", Private,153841,Undergraduate,10,Never-married,Other, Own-child,*,Female,0,0,40,North America,<=50K
21781,"[20, 30[", Private,137367,Undergraduate,13,Never-married,Nontechnical, Unmarried,*,Male,0,0,44,Asia,<=50K
21782,"[60, 70[", Private,313255,Undergraduate,10,Married-civ-spouse,Nontechnical, Husband,*,Male,0,0,24,North America,<=50K
21783,"[30, 40[", Private,100734,Undergraduate,10,Married-civ-spouse,Other, Wife,*,Female,0,0,40,North America,<=50K
21784,"[30, 40[", Private,248584,High School,9,Never-married,Other, Own-child,*,Male,0,0,40,North America,<=50K
21785,"[40, 50[", Private,60001,Undergraduate,10,Married-civ-spouse,Nontechnical, Husband,*,Male,0,0,40,North America,>50K
21786,"[10, 20[", Private,335065,High School,4,Never-married,Nontechnical, Own-child,*,Male,0,0,30,North America,<=50K
21787,"[20, 30[", Private,219262,High School,7,Never-married,Technical, Not-in-family,*,Male,0,0,60,North America,<=50K
21788,"[20, 30[", Private,186830,High School,9,Never-married,Other, Other-relative,*,Male,0,0,45,North America,<=50K
21791,"[40, 50[", Private,307767,High School,9,Married-civ-spouse,Nontechnical, Husband,*,Male,0,0,60,North America,<=50K
21792,"[30, 40[", Private,217460,High School,9,Married-civ-spouse,Nontechnical, Husband,*,Male,0,0,60,North America,>50K
21793,"[30, 40[", Private,104052,High School,9,Never-married,Technical, Not-in-family,*,Male,0,1741,42,North America,<=50K
21795,"[20, 30[", Private,68358,Undergraduate,10,Never-married,Other, Own-child,*,Female,0,0,12,North America,<=50K
21796,"[40, 50[", Self-emp-not-inc,243636,Undergraduate,13,Married-civ-spouse,Nontechnical, Husband,*,Male,0,0,50,North America,>50K
21797,"[40, 50[", Self-emp-not-inc,71269,Undergraduate,13,Divorced,Nontechnical, Not-in-family,*,Male,0,0,40,North America,<=50K
21799,"[30, 40[", ?,212048,Professional Education,15,Divorced,Other, Not-in-family,*,Female,0,0,30,North America,<=50K
21800,"[30, 40[", Local-gov,115040,High School,9,Married-civ-spouse,Nontechnical, Other-relative,*,Male,0,0,25,North America,<=50K
21801,"[40, 50[", Private,111994,Undergraduate,10,Divorced,Nontechnical, Not-in-family,*,Male,4650,0,40,North America,<=50K
21802,"[20, 30[", Private,210794,Undergraduate,13,Never-married,Technical, Own-child,*,Female,0,0,40,North America,<=50K
21803,"[20, 30[", ?,88126,Undergraduate,10,Never-married,Other, Own-child,*,Male,0,0,40,North America,<=50K
21804,"[20, 30[", Private,570821,Undergraduate,10,Married-civ-spouse,Technical, Husband,*,Male,0,0,40,North America,<=50K
21805,"[60, 70[", ?,146196,Undergraduate,13,Married-civ-spouse,Other, Husband,*,Male,0,0,40,North America,<=50K
21806,"[50, 60[", State-gov,169482,High School,9,Married-civ-spouse,Other, Husband,*,Male,0,0,40,North America,>50K
21807,"[20, 30[", Private,63577,Undergraduate,10,Never-married,Other, Not-in-family,*,Female,0,0,30,North America,<=50K
21808,"[20, 30[", Private,208946,Undergraduate,10,Never-married,Technical, Not-in-family,*,Male,0,0,40,North America,<=50K
21809,"[40, 50[", Self-emp-not-inc,26598,High School,9,Divorced,Technical, Not-in-family,*,Male,0,0,40,North America,<=50K
21810,"[20, 30[", Private,189203,Professional Education,11,Never-married,Other, Not-in-family,*,Male,0,0,40,North America,<=50K
21811,"[30, 40[", Private,183892,High School,9,Married-civ-spouse,Technical, Husband,*,Male,0,0,40,North America,<=50K
21813,"[10, 20[", Private,188616,High School,7,Never-married,Nontechnical, Own-child,*,Male,0,0,15,North America,<=50K
21814,"[60, 70[", Private,116707,High School,7,Divorced,Other, Not-in-family,*,Male,0,0,40,North America,<=50K
21815,"[20, 30[", Private,99199,Undergraduate,10,Never-married,Nontechnical, Own-child,*,Male,0,0,20,North America,<=50K
21816,"[30, 40[", Local-gov,183620,Undergraduate,10,Never-married,Other, Not-in-family,*,Female,0,0,40,North America,>50K
21817,"[30, 40[", Private,110476,High School,9,Married-civ-spouse,Other, Husband,*,Male,0,0,40,North America,<=50K
21819,"[50, 60[", Private,150726,Undergraduate,10,Divorced,Other, Not-in-family,*,Female,0,0,40,North America,<=50K
21820,"[20, 30[", Private,214695,High School,9,Never-married,Nontechnical, Own-child,*,Male,0,0,60,North America,<=50K
21821,"[30, 40[", Private,172694,Undergraduate,10,Married-civ-spouse,Nontechnical, Husband,*,Male,0,0,50,North America,<=50K
21822,"[20, 30[", Private,344804,High School,9,Married-civ-spouse,Other, Husband,*,Male,0,0,50,North America,<=50K
21824,"[30, 40[", State-gov,327902,Undergraduate,13,Married-civ-spouse,Technical, Husband,*,Male,0,0,55,North America,<=50K
21825,"[30, 40[", Private,438176,Professional Education,11,Never-married,Other, Not-in-family,*,Female,0,0,65,North America,<=50K
21826,"[50, 60[", Private,197656,Undergraduate,10,Married-civ-spouse,Nontechnical, Husband,*,Male,0,0,45,North America,>50K
21827,"[30, 40[", Private,219838,High School,6,Married-civ-spouse,Other, Husband,*,Male,0,0,40,North America,<=50K
21828,"[50, 60[", Self-emp-not-inc,35561,High School,9,Married-civ-spouse,Other, Husband,*,Male,0,0,60,North America,>50K
21829,"[20, 30[", ?,156848,Undergraduate,10,Never-married,Other, Own-child,*,Male,0,0,40,North America,<=50K
21830,"[50, 60[", Private,190257,High School,4,Married-civ-spouse,Nontechnical, Husband,*,Male,0,0,40,North America,<=50K
21832,"[30, 40[", Private,65624,Undergraduate,13,Never-married,Technical, Not-in-family,*,Male,0,0,40,North America,<=50K
21833,"[40, 50[", Private,201699,High School,9,Married-civ-spouse,Technical, Husband,*,Male,0,0,40,North America,>50K
21834,"[50, 60[", Private,349910,High School,9,Married-civ-spouse,Other, Husband,*,Male,0,0,45,North America,>50K
21838,"[20, 30[", Private,188923,Undergraduate,10,Never-married,Nontechnical, Own-child,*,Female,0,0,55,North America,<=50K
21839,"[40, 50[", Private,114797,High School,9,Married-civ-spouse,Technical, Wife,*,Female,0,0,36,North America,<=50K
21840,"[50, 60[", Private,245215,Graduate,16,Married-civ-spouse,Technical, Husband,*,Male,0,0,50,North America,<=50K
21841,"[30, 40[", Self-emp-not-inc,36270,High School,9,Divorced,Other, Not-in-family,*,Male,0,0,60,North America,<=50K
21842,"[60, 70[", Self-emp-not-inc,107138,Undergraduate,10,Married-civ-spouse,Nontechnical, Husband,*,Male,0,0,40,North America,<=50K
21843,"[30, 40[", Private,77820,Undergraduate,10,Married-civ-spouse,Technical, Husband,*,Male,0,0,60,North America,<=50K
21844,"[20, 30[", Private,39477,Undergraduate,10,Never-married,Other, Not-in-family,*,Female,0,0,40,North America,<=50K
21845,"[30, 40[", Private,58305,High School,9,Married-civ-spouse,Technical, Husband,*,Male,0,1573,40,North America,<=50K
21847,"[10, 20[", ?,249147,High School,9,Never-married,Other, Own-child,*,Male,0,0,30,North America,<=50K
21848,"[10, 20[", Private,44797,Undergraduate,10,Never-married,Other, Not-in-family,*,Female,0,0,15,North America,<=50K
21849,"[20, 30[", Private,164488,Undergraduate,10,Never-married,Nontechnical, Own-child,*,Male,0,0,40,North America,<=50K
21850,"[50, 60[", Private,48413,High School,9,Married-civ-spouse,Technical, Husband,*,Male,0,0,40,North America,<=50K
21852,"[30, 40[", Self-emp-not-inc,36592,High School,9,Married-civ-spouse,Other, Husband,*,Male,0,0,91,North America,<=50K
21853,"[30, 40[", Private,280923,High School,4,Married-civ-spouse,Nontechnical, Husband,*,Male,0,0,40,North America,<=50K
21854,"[30, 40[", Federal-gov,29617,Undergraduate,10,Divorced,Other, Not-in-family,*,Male,0,0,40,North America,<=50K
21855,"[40, 50[", Self-emp-inc,208802,Professional Education,15,Divorced,Technical, Unmarried,*,Male,25236,0,36,North America,>50K
21856,"[30, 40[", Private,189240,Undergraduate,10,Divorced,Other, Unmarried,*,Female,0,0,40,North America,<=50K
21857,"[20, 30[", ?,37932,High School,9,Never-married,Other, Not-in-family,*,Male,0,0,40,North America,<=50K
21858,"[30, 40[", Private,181705,High School,7,Married-civ-spouse,Other, Husband,*,Male,0,0,40,North America,<=50K
21859,"[30, 40[", Private,147548,High School,9,Married-civ-spouse,Technical, Husband,*,Male,0,0,85,North America,<=50K
21860,"[50, 60[", Self-emp-not-inc,306784,High School,9,Married-civ-spouse,Nontechnical, Husband,*,Male,0,0,30,North America,<=50K
21861,"[40, 50[", ?,260953,Graduate,14,Married-civ-spouse,Other, Husband,*,Male,0,0,40,North America,<=50K
21862,"[40, 50[", State-gov,190406,Professional Education,15,Divorced,Technical, Unmarried,*,Male,25236,0,36,North America,>50K
21863,"[20, 30[", Private,230229,Primary School,3,Never-married,Technical, Other-relative,*,Male,0,0,40,North America,<=50K
21864,"[20, 30[", Private,46987,Professional Education,11,Never-married,Technical, Own-child,*,Female,2174,0,36,North America,<=50K
21865,"[60, 70[", Private,301108,High School,7,Married-civ-spouse,Nontechnical, Husband,*,Male,0,0,22,North America,<=50K
21866,"[30, 40[", Private,263081,High School,9,Married-civ-spouse,Technical, Husband,*,Male,0,0,60,North America,>50K
21867,"[20, 30[", Self-emp-not-inc,37741,Undergraduate,13,Married-civ-spouse,Nontechnical, Wife,*,Female,0,0,40,North America,<=50K
21868,"[30, 40[", Private,115834,Professional Education,11,Married-civ-spouse,Nontechnical, Wife,*,Female,7298,0,55,North America,>50K
21869,"[40, 50[", Private,150076,High School,9,Never-married,Other, Not-in-family,*,Male,0,0,30,North America,<=50K
21870,"[40, 50[", Self-emp-not-inc,148254,High School,9,Divorced,Other, Not-in-family,*,Female,0,0,28,North America,<=50K
21871,"[50, 60[", Private,183611,Primary School,2,Married-civ-spouse,Other, Husband,*,Male,0,0,40,North America,<=50K
21872,"[20, 30[", Private,258768,Undergraduate,13,Never-married,Nontechnical, Not-in-family,*,Male,0,0,40,North America,<=50K
21873,"[30, 40[", Private,287658,Undergraduate,10,Never-married,Other, Unmarried,*,Male,0,0,40,North America,<=50K
21874,"[50, 60[", Private,95946,Undergraduate,13,Married-civ-spouse,Technical, Husband,*,Male,0,0,50,North America,>50K
21875,"[40, 50[", Private,31267,High School,4,Married-civ-spouse,Technical, Husband,*,Male,0,0,40,North America,<=50K
21876,"[30, 40[", Local-gov,302149,Undergraduate,13,Married-civ-spouse,Nontechnical, Husband,*,Male,7298,0,40,Asia,>50K
21877,"[20, 30[", Private,250135,Undergraduate,10,Divorced,Nontechnical, Not-in-family,*,Female,0,0,40,North America,<=50K
21878,"[30, 40[", Private,176073,Undergraduate,10,Divorced,Technical, Not-in-family,*,Male,0,0,50,North America,<=50K
21879,"[60, 70[", Private,23580,Undergraduate,13,Divorced,Other, Not-in-family,*,Female,0,0,40,North America,<=50K
21880,"[20, 30[", Private,163665,Undergraduate,13,Never-married,Other, Own-child,*,Female,0,0,40,North America,<=50K
21881,"[30, 40[", Federal-gov,43953,Professional Education,12,Never-married,Technical, Not-in-family,*,Female,0,0,40,North America,<=50K
21882,"[30, 40[", Private,144860,High School,9,Married-civ-spouse,Technical, Husband,*,Male,0,0,65,North America,<=50K
21883,"[50, 60[", Self-emp-not-inc,61474,High School,9,Married-civ-spouse,Nontechnical, Husband,*,Male,0,0,55,North America,>50K
21884,"[50, 60[", Private,141570,Graduate,14,Married-civ-spouse,Nontechnical, Husband,*,Male,0,1977,40,North America,>50K
21885,"[40, 50[", Private,225660,Undergraduate,13,Married-civ-spouse,Nontechnical, Wife,*,Female,0,0,45,North America,>50K
21886,"[40, 50[", Private,336891,Undergraduate,10,Divorced,Other, Not-in-family,*,Female,0,0,40,North America,<=50K
21887,"[30, 40[", Self-emp-not-inc,210164,High School,9,Married-civ-spouse,Nontechnical, Husband,*,Male,0,0,40,North America,>50K
21888,"[10, 20[", Private,171080,High School,8,Never-married,Nontechnical, Own-child,*,Male,0,0,20,North America,<=50K
21889,"[40, 50[", Private,143342,Undergraduate,10,Divorced,Technical, Not-in-family,*,Female,0,0,40,North America,<=50K
21890,"[20, 30[", Private,281627,Graduate,14,Never-married,Technical, Not-in-family,*,Female,0,0,40,North America,<=50K
21891,"[40, 50[", Private,409922,Undergraduate,10,Married-civ-spouse,Technical, Husband,*,Male,7298,0,40,North America,>50K
21893,"[20, 30[", Private,157262,Graduate,14,Never-married,Nontechnical, Not-in-family,*,Female,0,0,45,North America,<=50K
21894,"[30, 40[", Private,144949,Undergraduate,13,Married-civ-spouse,Technical, Husband,*,Male,0,0,40,North America,>50K
21896,"[30, 40[", Private,104293,Undergraduate,13,Never-married,Other, Own-child,*,Female,0,0,40,North America,<=50K
21897,"[20, 30[", Private,195481,High School,9,Married-civ-spouse,Other, Other-relative,*,Male,0,0,40,North America,<=50K
21898,"[40, 50[", Private,193995,High School,9,Married-civ-spouse,Other, Husband,*,Male,0,0,30,North America,<=50K
21899,"[60, 70[", Private,105216,Undergraduate,10,Widowed,Other, Not-in-family,*,Female,0,0,25,North America,<=50K
21900,"[40, 50[", Private,147206,High School,9,Married-civ-spouse,Technical, Husband,*,Male,0,0,40,North America,>50K
21901,"[10, 20[", Private,173585,High School,9,Never-married,Nontechnical, Own-child,*,Female,0,0,18,North America,<=50K
21902,"[30, 40[", Private,187870,Undergraduate,13,Married-civ-spouse,Technical, Husband,*,Male,7298,0,50,North America,>50K
21903,"[30, 40[", Private,248919,High School,7,Married-civ-spouse,Technical, Husband,*,Male,0,0,40,North America,<=50K
21904,"[40, 50[", Private,280410,High School,9,Married-civ-spouse,Other, Husband,*,Male,0,0,40,North America,<=50K
21905,"[30, 40[", State-gov,170861,High School,9,Separated,Other, Own-child,*,Female,0,0,32,North America,<=50K
21907,"[50, 60[", Private,340171,High School,9,Married-civ-spouse,Other, Husband,*,Male,0,0,40,North America,<=50K
21908,"[30, 40[", Private,41017,Undergraduate,10,Married-civ-spouse,Nontechnical, Husband,*,Male,0,0,52,North America,>50K
21909,"[20, 30[", Private,416356,Undergraduate,10,Never-married,Technical, Unmarried,*,Male,0,0,40,North America,<=50K
21910,"[30, 40[", Private,261504,High School,8,Divorced,Other, Unmarried,*,Female,0,0,40,North America,<=50K
21912,"[40, 50[", Private,245317,Undergraduate,10,Married-civ-spouse,Technical, Husband,*,Male,0,0,56,North America,>50K
21913,"[30, 40[", Private,153685,High School,7,Divorced,Technical, Unmarried,*,Female,0,0,52,North America,<=50K
21914,"[10, 20[", ?,169758,Undergraduate,10,Never-married,Other, Own-child,*,Male,0,0,40,North America,<=50K
21915,"[30, 40[", Private,99374,High School,6,Married-civ-spouse,Other, Husband,*,Male,0,0,55,North America,<=50K
21916,"[50, 60[", Local-gov,139452,High School,9,Divorced,Other, Not-in-family,*,Female,0,0,16,North America,<=50K
21917,"[50, 60[", Private,227832,High School,8,Married-civ-spouse,Technical, Husband,*,Male,0,0,40,North America,<=50K
21918,"[10, 20[", Self-emp-not-inc,213024,Undergraduate,10,Never-married,Other, Own-child,*,Male,0,0,30,North America,<=50K
21919,"[20, 30[", ?,24008,Undergraduate,10,Never-married,Other, Own-child,*,Male,0,0,72,North America,<=50K
21920,"[60, 70[", Self-emp-not-inc,33487,High School,4,Married-civ-spouse,Technical, Husband,*,Male,0,0,40,North America,<=50K
21922,"[20, 30[", Private,421561,High School,7,Married-civ-spouse,Other, Other-relative,*,Male,0,0,25,North America,<=50K
21923,"[40, 50[", Private,109969,High School,7,Divorced,Other, Other-relative,*,Female,0,0,20,North America,<=50K
21924,"[20, 30[", Private,116830,High School,9,Never-married,Technical, Not-in-family,*,Male,0,0,40,North America,<=50K
21925,"[30, 40[", Private,117166,High School,6,Married-civ-spouse,Technical, Husband,*,Male,2635,0,40,North America,<=50K
21926,"[20, 30[", Private,106951,High School,9,Never-married,Nontechnical, Not-in-family,*,Male,0,0,42,North America,<=50K
21927,"[30, 40[", Private,89625,Undergraduate,10,Married-civ-spouse,Technical, Wife,*,Female,0,0,5,North America,>50K
21928,"[40, 50[", Private,194537,High School,9,Divorced,Technical, Unmarried,*,Female,0,0,40,North America,<=50K
21929,"[40, 50[", Private,144002,High School,9,Divorced,Other, Not-in-family,*,Male,0,0,50,North America,<=50K
21930,"[20, 30[", Private,202214,High School,9,Never-married,Technical, Not-in-family,*,Female,0,0,40,North America,<=50K
21931,"[40, 50[", Private,109762,Undergraduate,10,Divorced,Technical, Unmarried,*,Male,0,0,40,North America,<=50K
21932,"[30, 40[", Private,292570,High School,7,Never-married,Technical, Unmarried,*,Female,0,0,40,North America,<=50K
21934,"[60, 70[", Private,94552,Undergraduate,10,Divorced,Other, Not-in-family,*,Female,0,0,40,North America,<=50K
21935,"[50, 60[", Local-gov,46401,Undergraduate,13,Divorced,Technical, Unmarried,*,Female,0,0,50,North America,<=50K
21936,"[10, 20[", Private,151150,High School,6,Never-married,Other, Own-child,*,Male,0,0,27,North America,<=50K
21937,"[30, 40[", Private,197689,High School,9,Never-married,Other, Not-in-family,*,Female,0,0,38,North America,<=50K
21938,"[30, 40[", Self-emp-inc,180477,Undergraduate,10,Married-civ-spouse,Nontechnical, Husband,*,Male,0,0,50,North America,>50K
21939,"[20, 30[", Private,181761,High School,9,Never-married,Other, Own-child,*,Female,0,0,40,North America,<=50K
21940,"[30, 40[", Private,381153,High School,9,Married-civ-spouse,Other, Husband,*,Male,0,0,40,North America,<=50K
21941,"[20, 30[", Private,165474,High School,9,Married-civ-spouse,Other, Husband,*,Male,0,0,39,North America,<=50K
21942,"[30, 40[", Federal-gov,190174,High School,9,Divorced,Technical, Unmarried,*,Female,0,0,40,North America,<=50K
21943,"[10, 20[", Private,295991,High School,6,Never-married,Other, Own-child,*,Female,0,0,20,North America,<=50K
21944,"[50, 60[", Without-pay,198262,High School,9,Married-civ-spouse,Other, Wife,*,Female,0,0,30,North America,<=50K
21945,"[30, 40[", Private,190385,Graduate,14,Never-married,Technical, Not-in-family,*,Female,0,0,40,North America,>50K
21946,"[30, 40[", ?,411560,High School,9,Married-civ-spouse,Other, Husband,*,Male,0,0,40,North America,<=50K
21947,"[40, 50[", Private,262116,Professional Education,15,Married-civ-spouse,Technical, Husband,*,Male,0,0,48,North America,<=50K
21948,"[40, 50[", Private,178922,High School,5,Never-married,Other, Not-in-family,*,Female,0,0,15,North America,<=50K
21950,"[30, 40[", Self-emp-inc,209538,Undergraduate,13,Married-civ-spouse,Nontechnical, Husband,*,Male,0,0,50,North America,>50K
21952,"[10, 20[", Private,216086,High School,7,Never-married,Other, Own-child,*,Female,0,0,30,North America,<=50K
21953,"[20, 30[", Private,636017,Undergraduate,10,Never-married,Other, Own-child,*,Male,0,0,40,North America,<=50K
21954,"[30, 40[", Private,155781,Undergraduate,10,Married-civ-spouse,Nontechnical, Husband,*,Male,0,0,40,North America,<=50K
21955,"[20, 30[", Private,136873,Undergraduate,10,Never-married,Technical, Not-in-family,*,Male,0,0,40,North America,<=50K
21956,"[40, 50[", State-gov,122066,High School,9,Married-civ-spouse,Other, Husband,*,Male,0,0,35,North America,>50K
21957,"[20, 30[", State-gov,346406,Undergraduate,13,Never-married,Technical, Unmarried,*,Male,0,0,50,North America,<=50K
21960,"[50, 60[", Private,255364,Undergraduate,10,Married-civ-spouse,Nontechnical, Husband,*,Male,0,0,60,North America,>50K
21961,"[30, 40[", Private,703107,High School,9,Never-married,Technical, Not-in-family,*,Male,0,0,40,North America,<=50K
21962,"[30, 40[", Private,62374,High School,9,Never-married,Technical, Not-in-family,*,Male,0,0,48,North America,<=50K
21963,"[30, 40[", Private,96245,High School,9,Divorced,Other, Not-in-family,*,Male,0,0,40,North America,<=50K
21964,"[30, 40[", Private,348796,Undergraduate,13,Divorced,Other, Not-in-family,*,Male,0,0,40,North America,<=50K
21965,"[20, 30[", Private,136873,Undergraduate,10,Never-married,Technical, Own-child,*,Male,0,0,10,North America,<=50K
21966,"[30, 40[", Private,388252,Professional Education,11,Married-civ-spouse,Other, Husband,*,Male,0,0,40,North America,<=50K
21967,"[20, 30[", Private,47783,Undergraduate,10,Divorced,Other, Not-in-family,*,Female,0,0,30,North America,<=50K
21968,"[60, 70[", Private,194167,High School,9,Divorced,Technical, Not-in-family,*,Female,2174,0,40,North America,<=50K
21969,"[40, 50[", Federal-gov,544792,Undergraduate,10,Married-civ-spouse,Other, Husband,*,Male,0,0,40,North America,<=50K
21970,"[30, 40[", Private,434463,Undergraduate,13,Never-married,Technical, Not-in-family,*,Female,0,0,39,North America,<=50K
21971,"[30, 40[", Private,317219,Graduate,14,Never-married,Technical, Not-in-family,*,Female,0,1590,40,North America,<=50K
21973,"[20, 30[", Private,233711,High School,9,Married-civ-spouse,Other, Husband,*,Male,0,0,50,North America,<=50K
21974,"[30, 40[", Private,111567,High School,9,Never-married,Technical, Own-child,*,Male,0,0,48,North America,<=50K
21975,"[50, 60[", Private,79830,High School,9,Married-civ-spouse,Technical, Husband,*,Male,0,0,40,North America,<=50K
21976,"[30, 40[", Self-emp-not-inc,192259,Professional Education,15,Married-civ-spouse,Technical, Husband,*,Male,0,0,35,North America,>50K
21977,"[20, 30[", Private,239663,High School,6,Married-civ-spouse,Other, Husband,*,Male,0,0,40,North America,<=50K
21978,"[40, 50[", Local-gov,34987,Undergraduate,13,Married-civ-spouse,Technical, Husband,*,Male,0,0,35,North America,>50K
21979,"[30, 40[", Self-emp-not-inc,409189,High School,4,Married-civ-spouse,Nontechnical, Husband,*,Male,0,0,40,North America,<=50K
21980,"[40, 50[", Private,135525,Professional Education,12,Divorced,Other, Not-in-family,*,Female,0,0,40,North America,<=50K
21981,"[40, 50[", Private,152159,Undergraduate,13,Married-civ-spouse,Technical, Husband,*,Male,0,0,40,North America,<=50K
21982,"[10, 20[", Private,141363,Undergraduate,10,Never-married,Other, Not-in-family,*,Female,0,0,40,North America,<=50K
21983,"[30, 40[", Private,214816,Undergraduate,13,Married-civ-spouse,Nontechnical, Husband,*,Male,0,0,40,North America,>50K
21984,"[40, 50[", Private,42907,High School,9,Divorced,Technical, Unmarried,*,Male,0,0,48,North America,<=50K
21985,"[30, 40[", Private,161815,Undergraduate,10,Divorced,Other, Unmarried,*,Female,0,0,35,North America,<=50K
21986,"[40, 50[", Private,127314,Undergraduate,13,Married-civ-spouse,Technical, Husband,*,Male,0,0,45,North America,>50K
21987,"[40, 50[", Private,395368,Undergraduate,10,Divorced,Nontechnical, Other-relative,*,Male,0,0,40,North America,<=50K
21988,"[70, 80[", Private,184176,High School,9,Divorced,Other, Not-in-family,*,Female,0,0,28,North America,<=50K
21989,"[30, 40[", Private,112660,High School,5,Divorced,Technical, Own-child,*,Male,0,0,35,North America,<=50K
21991,"[30, 40[", Private,434114,High School,9,Married-civ-spouse,Nontechnical, Husband,*,Male,0,0,40,North America,<=50K
21992,"[50, 60[", Self-emp-not-inc,165315,Undergraduate,13,Married-civ-spouse,Technical, Husband,*,Male,99999,0,43,North America,>50K
21993,"[50, 60[", Private,190997,Undergraduate,13,Married-civ-spouse,Nontechnical, Husband,*,Male,0,0,50,North America,>50K
21994,"[20, 30[", Private,335533,High School,9,Never-married,Technical, Own-child,*,Male,0,0,20,North America,<=50K
21996,"[10, 20[", Private,272063,High School,9,Never-married,Nontechnical, Own-child,*,Male,0,0,35,North America,<=50K
21997,"[30, 40[", Private,169564,High School,9,Divorced,Technical, Unmarried,*,Female,0,0,40,North America,<=50K
21998,"[50, 60[", Private,188856,Undergraduate,13,Never-married,Nontechnical, Not-in-family,*,Female,8614,0,55,North America,>50K
21999,"[20, 30[", Private,69847,Undergraduate,13,Never-married,Other, Own-child,*,Female,0,0,40,North America,<=50K
22000,"[40, 50[", Self-emp-not-inc,198759,Professional Education,15,Married-civ-spouse,Technical, Husband,*,Male,0,2415,80,North America,>50K
22001,"[20, 30[", Private,175431,High School,9,Married-civ-spouse,Other, Husband,*,Male,0,0,20,North America,<=50K
22003,"[70, 80[", Self-emp-not-inc,284120,Undergraduate,10,Married-civ-spouse,Nontechnical, Husband,*,Male,0,0,40,North America,<=50K
22004,"[30, 40[", Private,109133,High School,9,Married-civ-spouse,Technical, Husband,*,Male,0,0,40,North America,<=50K
22005,"[20, 30[", Private,167336,High School,9,Married-civ-spouse,Nontechnical, Wife,*,Female,0,0,45,North America,>50K
22006,"[70, 80[", ?,42209,High School,5,Widowed,Other, Not-in-family,*,Male,0,0,25,North America,<=50K
22007,"[30, 40[", Private,282951,High School,9,Married-civ-spouse,Technical, Husband,*,Male,0,0,40,North America,<=50K
22008,"[40, 50[", Private,303155,Undergraduate,13,Married-civ-spouse,Nontechnical, Husband,*,Male,0,0,50,North America,>50K
22009,"[40, 50[", Private,261899,Undergraduate,10,Married-civ-spouse,Technical, Husband,*,Male,0,0,44,North America,<=50K
22010,"[30, 40[", Private,168030,Undergraduate,10,Married-civ-spouse,Technical, Wife,*,Female,7298,0,21,North America,>50K
22011,"[50, 60[", State-gov,71417,Graduate,16,Married-civ-spouse,Technical, Husband,*,Male,0,0,40,North America,<=50K
22012,"[20, 30[", Private,239130,Undergraduate,10,Never-married,Nontechnical, Not-in-family,*,Male,0,0,50,North America,<=50K
22013,"[60, 70[", Private,200560,Undergraduate,13,Married-civ-spouse,Nontechnical, Husband,*,Male,0,0,20,North America,<=50K
22014,"[20, 30[", Private,157541,Undergraduate,10,Never-married,Other, Own-child,*,Male,0,0,27,North America,<=50K
22015,"[30, 40[", Private,255004,Undergraduate,10,Never-married,Nontechnical, Not-in-family,*,Male,0,0,50,North America,<=50K
22016,"[40, 50[", Private,230136,High School,9,Married-civ-spouse,Other, Husband,*,Male,0,0,60,North America,>50K
22017,"[50, 60[", Local-gov,124963,High School,9,Married-civ-spouse,Technical, Husband,*,Male,0,1977,35,North America,>50K
22018,"[20, 30[", Private,39615,Undergraduate,10,Never-married,Technical, Not-in-family,*,Male,0,0,45,North America,<=50K
22019,"[20, 30[", Private,47678,High School,9,Never-married,Technical, Own-child,*,Male,0,0,40,North America,<=50K
22020,"[40, 50[", Local-gov,281315,Undergraduate,13,Never-married,Technical, Not-in-family,*,Male,0,0,50,North America,<=50K
22023,"[30, 40[", Private,235862,Undergraduate,10,Divorced,Nontechnical, Not-in-family,*,Female,0,0,45,North America,<=50K
22025,"[30, 40[", Private,38294,High School,9,Married-civ-spouse,Technical, Husband,*,Male,0,0,40,North America,<=50K
22026,"[40, 50[", Private,111483,Graduate,14,Married-civ-spouse,Nontechnical, Husband,*,Male,0,0,50,North America,>50K
22027,"[20, 30[", Private,189850,Undergraduate,10,Never-married,Technical, Own-child,*,Male,0,0,40,North America,<=50K
22028,"[30, 40[", State-gov,145874,Graduate,16,Married-civ-spouse,Technical, Husband,*,Male,0,0,20,Asia,<=50K
22030,"[30, 40[", Local-gov,211654,Graduate,14,Married-civ-spouse,Technical, Husband,*,Male,0,0,40,North America,>50K
22032,"[20, 30[", Private,104834,Graduate,14,Never-married,Technical, Not-in-family,*,Female,0,1669,40,North America,<=50K
22033,"[40, 50[", ?,195124,High School,9,Married-civ-spouse,Other, Husband,*,Male,0,0,60,North America,<=50K
22034,"[30, 40[", Private,32146,Graduate,14,Never-married,Technical, Not-in-family,*,Male,0,0,60,North America,<=50K
22035,"[50, 60[", Private,282674,High School,9,Married-civ-spouse,Other, Husband,*,Male,0,0,40,North America,>50K
22036,"[40, 50[", Private,190403,Undergraduate,10,Separated,Nontechnical, Not-in-family,*,Male,0,0,60,North America,<=50K
22037,"[20, 30[", Private,247025,Undergraduate,13,Never-married,Nontechnical, Not-in-family,*,Male,3325,0,48,North America,<=50K
22038,"[20, 30[", Private,198258,Undergraduate,13,Never-married,Nontechnical, Own-child,*,Male,0,0,35,North America,<=50K
22039,"[30, 40[", Self-emp-not-inc,172748,High School,4,Never-married,Technical, Own-child,*,Male,0,0,40,North America,<=50K
22040,"[20, 30[", State-gov,287988,Undergraduate,13,Never-married,Technical, Not-in-family,*,Male,10520,0,40,North America,>50K
22041,"[40, 50[", Self-emp-not-inc,122307,Undergraduate,13,Married-civ-spouse,Nontechnical, Husband,*,Male,0,1887,40,North America,>50K
22042,"[50, 60[", ?,175017,Undergraduate,13,Divorced,Other, Not-in-family,*,Male,0,0,25,North America,<=50K
22043,"[10, 20[", Private,170183,High School,9,Never-married,Other, Own-child,*,Female,0,0,20,North America,<=50K
22044,"[50, 60[", Private,150812,Undergraduate,10,Divorced,Other, Unmarried,*,Female,0,0,35,North America,<=50K
22045,"[20, 30[", Private,241185,High School,9,Never-married,Nontechnical, Not-in-family,*,Female,0,0,48,North America,<=50K
22046,"[50, 60[", Self-emp-inc,174864,High School,9,Married-civ-spouse,Nontechnical, Husband,*,Male,0,0,55,North America,>50K
22047,"[30, 40[", Private,30529,High School,9,Never-married,Other, Not-in-family,*,Male,0,0,40,North America,<=50K
22048,"[30, 40[", Private,301637,Professional Education,11,Never-married,Other, Own-child,*,Male,0,0,40,North America,<=50K
22049,"[40, 50[", Private,423222,Undergraduate,10,Married-civ-spouse,Technical, Husband,*,Male,3103,0,60,North America,>50K
22050,"[40, 50[", Private,214781,Graduate,14,Married-civ-spouse,Technical, Husband,*,Male,5178,0,40,North America,>50K
22051,"[20, 30[", Private,242912,High School,9,Never-married,Other, Other-relative,*,Female,0,0,35,North America,<=50K
22052,"[50, 60[", Private,191529,Undergraduate,10,Married-civ-spouse,Nontechnical, Husband,*,Male,0,1740,60,North America,<=50K
22053,"[20, 30[", Private,117363,Undergraduate,13,Never-married,Nontechnical, Own-child,*,Female,0,0,35,North America,<=50K
22054,"[20, 30[", Private,333158,High School,9,Never-married,Technical, Not-in-family,*,Female,0,0,48,North America,<=50K
22055,"[30, 40[", Private,193260,Undergraduate,10,Married-civ-spouse,Other, Husband,*,Male,0,0,25,North America,<=50K
22056,"[30, 40[", State-gov,278378,High School,9,Married-civ-spouse,Other, Husband,*,Male,0,0,40,North America,<=50K
22057,"[50, 60[", Private,111394,Undergraduate,13,Married-civ-spouse,Technical, Husband,*,Male,0,0,40,North America,>50K
22058,"[20, 30[", Private,102476,Undergraduate,13,Never-married,Other, Own-child,*,Male,0,0,25,North America,<=50K
22059,"[20, 30[", Private,26451,High School,9,Married-civ-spouse,Nontechnical, Husband,*,Male,0,0,40,North America,<=50K
22060,"[60, 70[", ?,209137,Undergraduate,13,Married-civ-spouse,Other, Husband,*,Male,0,0,40,North America,<=50K
22061,"[20, 30[", Private,210945,Professional Education,12,Married-civ-spouse,Other, Wife,*,Female,0,0,35,North America,<=50K
22062,"[60, 70[", Local-gov,115023,Undergraduate,10,Married-civ-spouse,Technical, Husband,*,Male,0,0,40,North America,<=50K
22063,"[50, 60[", Private,53833,Primary School,3,Married-civ-spouse,Other, Husband,*,Male,0,0,40,North America,>50K
22064,"[30, 40[", Private,150057,Undergraduate,10,Married-civ-spouse,Nontechnical, Husband,*,Male,0,0,65,North America,<=50K
22065,"[10, 20[", Private,128086,High School,8,Never-married,Nontechnical, Own-child,*,Male,0,0,18,North America,<=50K
22066,"[20, 30[", Private,28473,Professional Education,11,Married-civ-spouse,Technical, Husband,*,Male,0,0,40,North America,<=50K
22067,"[40, 50[", Private,155509,Undergraduate,10,Never-married,Technical, Not-in-family,*,Female,0,0,40,North America,<=50K
22069,"[30, 40[", Private,171889,Professional Education,15,Never-married,Technical, Own-child,*,Female,0,0,24,North America,<=50K
22070,"[40, 50[", Local-gov,185057,High School,9,Divorced,Nontechnical, Unmarried,*,Female,0,0,40,North America,<=50K
22071,"[50, 60[", Private,277034,High School,9,Divorced,Technical, Unmarried,*,Male,0,0,60,North America,>50K
22072,"[30, 40[", Private,166606,High School,7,Married-civ-spouse,Technical, Husband,*,Male,0,0,40,North America,<=50K
22073,"[30, 40[", Private,97453,High School,9,Divorced,Nontechnical, Unmarried,*,Female,0,0,54,North America,<=50K
22074,"[20, 30[", Private,136094,High School,9,Never-married,Nontechnical, Own-child,*,Male,0,0,40,North America,<=50K
22075,"[10, 20[", ?,61855,High School,9,Never-married,Other, Other-relative,*,Female,0,0,30,North America,<=50K
22077,"[40, 50[", Private,418961,Professional Education,11,Divorced,Nontechnical, Unmarried,*,Female,0,0,25,North America,<=50K
22078,"[30, 40[", Private,106961,High School,9,Married-civ-spouse,Nontechnical, Husband,*,Male,0,0,40,North America,>50K
22079,"[30, 40[", Private,81846,High School,9,Married-civ-spouse,Other, Husband,*,Male,0,0,40,North America,<=50K
22080,"[40, 50[", Private,105936,Professional Education,12,Divorced,Other, Unmarried,*,Female,0,0,40,North America,<=50K
22081,"[30, 40[", Private,36425,High School,9,Never-married,Other, Not-in-family,*,Female,0,0,40,North America,<=50K
22082,"[20, 30[", Private,595088,Undergraduate,10,Married-civ-spouse,Technical, Husband,*,Male,0,0,63,North America,<=50K
22083,"[30, 40[", Private,149018,High School,9,Married-civ-spouse,Technical, Husband,*,Male,0,0,40,North America,<=50K
22084,"[20, 30[", Private,229613,High School,9,Divorced,Technical, Not-in-family,*,Female,0,0,40,North America,<=50K
22085,"[40, 50[", Private,33521,Undergraduate,10,Married-civ-spouse,Nontechnical, Husband,*,Male,0,0,40,North America,>50K
22086,"[40, 50[", Private,70539,Undergraduate,10,Married-civ-spouse,Nontechnical, Husband,*,Male,4386,0,50,North America,<=50K
22087,"[50, 60[", State-gov,105728,High School,9,Married-civ-spouse,Other, Wife,*,Female,0,0,28,North America,>50K
22088,"[30, 40[", Private,193215,Undergraduate,10,Married-civ-spouse,Nontechnical, Own-child,*,Male,0,0,50,North America,<=50K
22089,"[10, 20[", Private,137363,High School,9,Never-married,Other, Own-child,*,Female,0,0,40,North America,<=50K
22090,"[40, 50[", Self-emp-inc,104892,High School,9,Married-civ-spouse,Other, Husband,*,Male,0,0,45,North America,<=50K
22091,"[30, 40[", Private,149427,High School,9,Never-married,Technical, Own-child,*,Male,0,0,35,North America,<=50K
22092,"[10, 20[", State-gov,176634,High School,9,Never-married,Other, Own-child,*,Female,0,0,40,North America,<=50K
22093,"[30, 40[", Private,183279,High School,9,Married-civ-spouse,Technical, Husband,*,Male,0,0,40,North America,<=50K
22094,"[10, 20[", ?,225775,Undergraduate,10,Never-married,Other, Own-child,*,Male,0,0,40,North America,<=50K
22095,"[20, 30[", Private,202091,Graduate,14,Never-married,Technical, Own-child,*,Female,0,0,60,North America,<=50K
22096,"[30, 40[", Private,123151,High School,7,Married-civ-spouse,Technical, Husband,*,Male,0,0,60,North America,<=50K
22097,"[20, 30[", Private,168187,Undergraduate,10,Never-married,Other, Unmarried,*,Female,0,0,50,North America,<=50K
22098,"[40, 50[", Federal-gov,33521,Undergraduate,13,Married-civ-spouse,Technical, Husband,*,Male,0,0,40,North America,<=50K
22099,"[30, 40[", State-gov,243678,Undergraduate,10,Never-married,Technical, Not-in-family,*,Female,0,0,40,North America,<=50K
22100,"[30, 40[", Private,164898,High School,9,Never-married,Technical, Not-in-family,*,Male,0,0,40,North America,<=50K
22101,"[20, 30[", ?,262280,Undergraduate,10,Married-civ-spouse,Other, Wife,*,Female,3781,0,40,North America,<=50K
22102,"[30, 40[", State-gov,290614,High School,9,Married-civ-spouse,Other, Husband,*,Male,0,0,40,North America,<=50K
22103,"[50, 60[", Self-emp-not-inc,199265,High School,9,Divorced,Technical, Not-in-family,*,Male,0,0,40,North America,<=50K
22104,"[30, 40[", Private,207668,Undergraduate,10,Never-married,Nontechnical, Own-child,*,Male,0,0,30,North America,<=50K
22105,"[10, 20[", State-gov,30687,Undergraduate,10,Never-married,Other, Own-child,*,Male,0,0,10,North America,<=50K
22107,"[10, 20[", Private,438996,High School,6,Never-married,Other, Other-relative,*,Male,0,0,40,North America,<=50K
22108,"[40, 50[", Private,152915,Undergraduate,10,Never-married,Other, Not-in-family,*,Female,0,0,40,North America,<=50K
22109,"[60, 70[", ?,186030,High School,4,Married-civ-spouse,Other, Husband,*,Male,0,0,32,North America,<=50K
22110,"[40, 50[", Local-gov,297759,Undergraduate,10,Divorced,Technical, Not-in-family,*,Female,0,0,40,North America,<=50K
22111,"[50, 60[", Private,171242,High School,9,Divorced,Nontechnical, Not-in-family,*,Male,0,0,60,North America,>50K
22112,"[20, 30[", Private,206088,Undergraduate,13,Never-married,Nontechnical, Not-in-family,*,Female,0,0,40,North America,<=50K
22113,"[30, 40[", Private,182792,High School,9,Divorced,Other, Unmarried,*,Female,0,0,40,North America,<=50K
22114,"[40, 50[", Private,167725,High School,9,Married-civ-spouse,Nontechnical, Husband,*,Male,0,0,24,North America,<=50K
22115,"[40, 50[", Private,160674,High School,9,Divorced,Nontechnical, Unmarried,*,Female,0,0,40,North America,<=50K
22116,"[40, 50[", Private,194710,Undergraduate,10,Never-married,Nontechnical, Not-in-family,*,Female,0,0,40,North America,<=50K
22117,"[30, 40[", Private,255027,Professional Education,11,Divorced,Nontechnical, Unmarried,*,Female,0,0,40,North America,<=50K
22118,"[20, 30[", Private,204641,High School,6,Never-married,Nontechnical, Unmarried,*,Male,0,0,50,North America,<=50K
22119,"[20, 30[", State-gov,177787,Undergraduate,10,Never-married,Other, Own-child,*,Female,0,0,20,North America,<=50K
22120,"[20, 30[", Private,54932,Undergraduate,10,Divorced,Technical, Unmarried,*,Male,0,0,35,North America,>50K
22121,"[50, 60[", Self-emp-not-inc,91506,Undergraduate,10,Married-civ-spouse,Nontechnical, Husband,*,Male,0,0,65,North America,<=50K
22122,"[30, 40[", Private,198634,Professional Education,11,Never-married,Other, Not-in-family,*,Female,0,0,40,North America,<=50K
22123,"[30, 40[", Private,227146,Undergraduate,13,Married-civ-spouse,Nontechnical, Husband,*,Male,0,0,40,North America,>50K
22124,"[50, 60[", Private,135647,High School,7,Married-civ-spouse,Nontechnical, Husband,*,Male,0,0,60,North America,<=50K
22125,"[40, 50[", Private,55508,High School,4,Divorced,Other, Unmarried,*,Female,0,0,40,North America,<=50K
22126,"[30, 40[", Private,174912,High School,9,Separated,Technical, Own-child,*,Male,0,0,40,North America,<=50K
22127,"[40, 50[", Private,175925,High School,9,Married-civ-spouse,Technical, Husband,*,Male,0,0,40,North America,<=50K
22128,"[50, 60[", Self-emp-not-inc,157486,Graduate,14,Married-civ-spouse,Technical, Husband,*,Male,7298,0,40,North America,>50K
22129,"[40, 50[", Local-gov,329144,Undergraduate,10,Married-civ-spouse,Other, Husband,*,Male,0,0,44,North America,>50K
22130,"[60, 70[", ?,81761,Graduate,14,Married-civ-spouse,Other, Husband,*,Male,0,0,2,North America,<=50K
22131,"[40, 50[", Self-emp-not-inc,102318,Professional Education,12,Divorced,Nontechnical, Not-in-family,*,Male,0,0,25,North America,<=50K
22132,"[30, 40[", Federal-gov,266463,High School,9,Married-civ-spouse,Other, Husband,*,Male,0,0,40,North America,>50K
22133,"[50, 60[", Federal-gov,107314,Undergraduate,10,Divorced,Other, Not-in-family,*,Female,0,0,40,North America,<=50K
22134,"[20, 30[", Private,114158,Undergraduate,10,Never-married,Technical, Not-in-family,*,Female,0,0,40,North America,<=50K
22135,"[30, 40[", Private,124052,High School,9,Married-civ-spouse,Technical, Husband,*,Male,0,0,40,North America,<=50K
22136,"[20, 30[", Private,144301,Undergraduate,10,Never-married,Nontechnical, Own-child,*,Male,0,0,42,North America,<=50K
22137,"[20, 30[", Private,176683,Professional Education,11,Married-civ-spouse,Technical, Husband,*,Male,0,0,70,North America,>50K
22138,"[20, 30[", Private,234663,High School,9,Never-married,Technical, Not-in-family,*,Male,0,0,40,North America,<=50K
22139,"[30, 40[", Self-emp-not-inc,178948,High School,9,Married-civ-spouse,Other, Wife,*,Female,0,0,50,North America,<=50K
22140,"[30, 40[", Self-emp-not-inc,607848,Undergraduate,13,Married-civ-spouse,Technical, Husband,*,Male,0,0,40,North America,>50K
22141,"[30, 40[", Private,202937,Graduate,14,Never-married,Technical, Not-in-family,*,Female,0,0,40,North America,>50K
22142,"[30, 40[", Federal-gov,83413,Undergraduate,13,Married-civ-spouse,Other, Husband,*,Male,0,0,35,North America,>50K
22143,"[20, 30[", Private,212798,Undergraduate,13,Never-married,Nontechnical, Not-in-family,*,Female,0,0,45,North America,<=50K
22144,"[50, 60[", Federal-gov,192258,Undergraduate,10,Divorced,Other, Own-child,*,Male,0,0,40,North America,<=50K
22145,"[30, 40[", Private,112497,High School,5,Married-civ-spouse,Nontechnical, Own-child,*,Male,0,0,50,North America,>50K
22146,"[30, 40[", Private,97521,Undergraduate,13,Married-civ-spouse,Nontechnical, Husband,*,Male,0,0,50,North America,>50K
22147,"[20, 30[", Private,160972,High School,9,Married-civ-spouse,Technical, Husband,*,Male,0,0,50,North America,<=50K
22148,"[20, 30[", Private,322931,Undergraduate,10,Never-married,Technical, Not-in-family,*,Male,0,0,55,North America,<=50K
22149,"[20, 30[", Private,403519,High School,9,Married-civ-spouse,Technical, Husband,*,Male,0,0,40,North America,<=50K
22150,"[40, 50[", Local-gov,330174,High School,9,Married-civ-spouse,Technical, Husband,*,Male,0,0,40,North America,<=50K
22151,"[20, 30[", Private,278155,Undergraduate,10,Never-married,Other, Own-child,*,Male,0,0,40,North America,<=50K
22152,"[30, 40[", Private,39054,High School,9,Married-civ-spouse,Nontechnical, Husband,*,Male,0,0,65,North America,>50K
22153,"[50, 60[", Private,170287,Graduate,14,Married-civ-spouse,Technical, Husband,*,Male,0,0,40,North America,>50K
22154,"[40, 50[", Private,336643,Professional Education,11,Separated,Technical, Unmarried,*,Female,0,0,40,North America,<=50K
22156,"[40, 50[", Local-gov,433705,High School,9,Married-civ-spouse,Other, Husband,*,Male,0,0,52,North America,>50K
22158,"[40, 50[", Private,165599,High School,9,Married-civ-spouse,Nontechnical, Husband,*,Male,0,0,40,North America,>50K
22159,"[20, 30[", Private,159759,Undergraduate,13,Never-married,Other, Own-child,*,Male,0,0,40,North America,<=50K
22160,"[20, 30[", Private,385092,Undergraduate,10,Divorced,Technical, Own-child,*,Female,0,0,36,North America,<=50K
22161,"[40, 50[", Private,188808,Undergraduate,13,Divorced,Other, Unmarried,*,Male,0,0,30,North America,<=50K
22162,"[30, 40[", Private,167476,High School,9,Married-civ-spouse,Other, Husband,*,Male,0,0,50,North America,<=50K
22163,"[20, 30[", State-gov,194096,Undergraduate,10,Never-married,Other, Own-child,*,Female,0,0,10,North America,<=50K
22164,"[50, 60[", Private,182460,High School,9,Married-civ-spouse,Nontechnical, Husband,*,Male,0,0,30,North America,>50K
22165,"[20, 30[", ?,102323,Undergraduate,10,Never-married,Other, Own-child,*,Male,0,0,30,North America,<=50K
22166,"[50, 60[", Private,232139,High School,9,Divorced,Other, Not-in-family,*,Male,0,0,40,North America,<=50K
22167,"[30, 40[", Private,341741,Primary School,1,Never-married,Other, Not-in-family,*,Female,0,0,12,North America,<=50K
22168,"[20, 30[", Private,206008,Undergraduate,10,Never-married,Other, Own-child,*,Male,0,0,50,North America,<=50K
22170,"[30, 40[", State-gov,372130,High School,9,Married-civ-spouse,Other, Husband,*,Male,0,0,40,North America,<=50K
22171,"[40, 50[", Private,27766,Undergraduate,13,Separated,Nontechnical, Unmarried,*,Male,0,0,60,North America,>50K
22172,"[20, 30[", Private,140764,Professional Education,11,Never-married,Other, Own-child,*,Female,0,0,15,North America,<=50K
22173,"[10, 20[", ?,161259,High School,6,Never-married,Other, Other-relative,*,Male,0,0,12,North America,<=50K
22174,"[40, 50[", Private,22201,Undergraduate,13,Married-civ-spouse,Nontechnical, Husband,*,Male,0,0,40,Asia,>50K
22175,"[30, 40[", Self-emp-inc,187046,Graduate,14,Married-civ-spouse,Other, Husband,*,Male,0,0,50,North America,<=50K
22176,"[20, 30[", Private,137591,Undergraduate,10,Never-married,Nontechnical, Own-child,*,Male,0,0,35,North America,<=50K
22177,"[50, 60[", Private,274276,High School,9,Divorced,Other, Not-in-family,*,Female,0,0,40,North America,<=50K
22178,"[40, 50[", Private,341757,Undergraduate,10,Never-married,Technical, Not-in-family,*,Female,0,0,40,North America,<=50K
22179,"[30, 40[", Private,218542,High School,9,Separated,Other, Unmarried,*,Female,0,0,40,North America,<=50K
22180,"[40, 50[", Local-gov,190020,Undergraduate,13,Married-civ-spouse,Technical, Husband,*,Male,0,0,50,North America,<=50K
22181,"[20, 30[", Private,221436,Undergraduate,13,Married-civ-spouse,Other, Wife,*,Female,0,0,40,North America,>50K
22182,"[30, 40[", Self-emp-not-inc,52187,High School,9,Married-civ-spouse,Nontechnical, Husband,*,Male,0,0,40,North America,<=50K
22183,"[50, 60[", Private,158776,High School,5,Married-civ-spouse,Technical, Husband,*,Male,0,0,40,North America,<=50K
22184,"[30, 40[", Local-gov,51543,Undergraduate,10,Never-married,Other, Not-in-family,*,Male,0,0,48,North America,<=50K
22185,"[10, 20[", Private,146329,High School,8,Never-married,Nontechnical, Own-child,*,Female,0,0,23,North America,<=50K
22186,"[30, 40[", Private,397467,High School,9,Married-civ-spouse,Technical, Husband,*,Male,0,0,40,North America,<=50K
22187,"[50, 60[", Private,105592,Undergraduate,10,Married-civ-spouse,Nontechnical, Husband,*,Male,0,0,12,North America,<=50K
22189,"[40, 50[", State-gov,55377,Undergraduate,13,Married-civ-spouse,Technical, Husband,*,Male,0,0,40,North America,>50K
22191,"[20, 30[", Private,38606,Undergraduate,13,Never-married,Nontechnical, Not-in-family,*,Male,0,1504,45,North America,<=50K
22192,"[10, 20[", Private,219841,High School,7,Never-married,Nontechnical, Own-child,*,Male,0,0,12,North America,<=50K
22193,"[40, 50[", Private,156926,Undergraduate,10,Married-civ-spouse,Nontechnical, Husband,*,Male,0,0,60,North America,>50K
22194,"[50, 60[", Private,160362,Undergraduate,13,Married-civ-spouse,Other, Husband,*,Male,0,0,40,North America,>50K
22195,"[40, 50[", Private,192161,Undergraduate,13,Divorced,Nontechnical, Not-in-family,*,Male,0,0,43,North America,<=50K
22196,"[50, 60[", Private,208570,High School,9,Married-civ-spouse,Nontechnical, Wife,*,Female,0,0,26,North America,<=50K
22198,"[40, 50[", Private,151089,Undergraduate,10,Married-civ-spouse,Other, Husband,*,Male,0,0,50,North America,<=50K
22199,"[50, 60[", Private,163002,High School,9,Separated,Other, Other-relative,*,Female,0,0,40,North America,<=50K
22201,"[20, 30[", Private,217530,High School,9,Married-civ-spouse,Technical, Husband,*,Male,0,0,40,North America,<=50K
22202,"[20, 30[", Private,244406,High School,9,Never-married,Other, Own-child,*,Female,0,0,40,North America,<=50K
22203,"[10, 20[", Local-gov,152182,High School,6,Never-married,Other, Own-child,*,Female,0,0,6,North America,<=50K
22204,"[30, 40[", Private,55717,High School,9,Married-civ-spouse,Technical, Husband,*,Male,0,1848,50,North America,>50K
22205,"[30, 40[", Private,201454,Undergraduate,10,Divorced,Other, Unmarried,*,Female,0,0,40,North America,<=50K
22206,"[40, 50[", Self-emp-inc,144371,Undergraduate,13,Married-civ-spouse,Technical, Husband,*,Male,0,0,15,North America,<=50K
22207,"[50, 60[", Private,277034,Undergraduate,10,Divorced,Other, Not-in-family,*,Male,0,0,40,North America,<=50K
22208,"[30, 40[", Self-emp-not-inc,462832,High School,9,Married-civ-spouse,Technical, Wife,*,Female,0,0,40,North America,>50K
22209,"[20, 30[", Private,200681,High School,9,Never-married,Technical, Own-child,*,Male,0,0,40,North America,<=50K
22210,"[50, 60[", State-gov,119565,Undergraduate,13,Married-civ-spouse,Nontechnical, Husband,*,Male,0,0,40,North America,>50K
22211,"[20, 30[", Private,192017,High School,9,Never-married,Other, Own-child,*,Male,0,0,40,North America,<=50K
22212,"[50, 60[", Local-gov,84808,High School,9,Divorced,Other, Unmarried,*,Female,0,0,40,North America,<=50K
22213,"[30, 40[", Private,100154,High School,6,Separated,Nontechnical, Not-in-family,*,Male,0,0,40,North America,<=50K
22214,"[40, 50[", Private,169383,Graduate,14,Married-civ-spouse,Technical, Husband,*,Male,0,0,40,North America,>50K
22215,"[10, 20[", Without-pay,43887,High School,9,Never-married,Other, Own-child,*,Male,0,0,10,North America,<=50K
22216,"[40, 50[", Private,54260,Undergraduate,10,Divorced,Technical, Unmarried,*,Male,0,0,99,North America,<=50K
22217,"[50, 60[", Self-emp-not-inc,159876,High School,9,Married-civ-spouse,Technical, Husband,*,Male,3103,0,72,North America,<=50K
22218,"[40, 50[", Private,160474,High School,9,Divorced,Other, Unmarried,*,Female,0,1590,43,North America,<=50K
22219,"[20, 30[", Private,476334,Undergraduate,10,Married-civ-spouse,Technical, Husband,*,Male,0,0,40,North America,<=50K
22221,"[30, 40[", Private,83671,High School,9,Never-married,Nontechnical, Own-child,*,Female,0,0,40,North America,<=50K
22222,"[40, 50[", Private,172960,Undergraduate,10,Divorced,Other, Not-in-family,*,Male,0,0,70,North America,<=50K
22223,"[40, 50[", Private,191957,High School,9,Married-civ-spouse,Nontechnical, Husband,*,Male,0,0,40,North America,>50K
22224,"[30, 40[", Local-gov,40955,Graduate,14,Never-married,Technical, Not-in-family,*,Male,0,0,43,North America,<=50K
22226,"[30, 40[", Private,175643,High School,9,Married-civ-spouse,Other, Husband,*,Male,0,0,30,North America,<=50K
22227,"[50, 60[", State-gov,197184,Graduate,14,Married-civ-spouse,Nontechnical, Husband,*,Male,0,0,70,North America,>50K
22228,"[50, 60[", Private,187295,Undergraduate,13,Married-civ-spouse,Technical, Husband,*,Male,0,0,40,North America,>50K
22229,"[10, 20[", Private,40822,High School,7,Never-married,Nontechnical, Own-child,*,Male,0,0,15,North America,<=50K
22230,"[40, 50[", Private,228729,High School,9,Married-civ-spouse,Technical, Husband,*,Male,0,0,40,Unknown,<=50K
22231,"[50, 60[", Private,240496,Undergraduate,10,Divorced,Technical, Not-in-family,*,Female,0,0,36,North America,<=50K
22232,"[20, 30[", Private,51961,Undergraduate,13,Never-married,Other, Not-in-family,*,Male,0,0,20,North America,<=50K
22233,"[30, 40[", Private,174887,Undergraduate,10,Never-married,Technical, Not-in-family,*,Female,0,0,40,North America,<=50K
22234,"[30, 40[", Private,95855,High School,7,Divorced,Nontechnical, Not-in-family,*,Female,0,0,40,North America,<=50K
22235,"[30, 40[", Private,362259,Undergraduate,13,Never-married,Nontechnical, Not-in-family,*,Female,0,0,40,North America,<=50K
22236,"[30, 40[", Self-emp-not-inc,30916,Professional Education,12,Married-civ-spouse,Nontechnical, Husband,*,Male,0,0,60,North America,<=50K
22237,"[60, 70[", Private,153148,High School,9,Divorced,Other, Not-in-family,*,Female,0,0,84,North America,<=50K
22238,"[40, 50[", Private,167915,High School,9,Married-civ-spouse,Technical, Husband,*,Male,0,0,40,North America,<=50K
22239,"[40, 50[", Private,45156,High School,9,Never-married,Technical, Not-in-family,*,Male,2174,0,41,North America,<=50K
22240,"[30, 40[", Private,98776,High School,9,Married-civ-spouse,Other, Husband,*,Male,0,0,15,North America,<=50K
22241,"[20, 30[", Private,209801,Undergraduate,10,Never-married,Other, Not-in-family,*,Female,0,0,45,Unknown,<=50K
22242,"[30, 40[", Private,183800,Professional Education,12,Married-civ-spouse,Other, Husband,*,Male,0,0,40,North America,<=50K
22243,"[30, 40[", Private,54595,High School,8,Never-married,Nontechnical, Not-in-family,*,Female,0,0,40,North America,<=50K
22244,"[30, 40[", Private,79637,Undergraduate,13,Never-married,Nontechnical, Own-child,*,Female,0,0,40,North America,<=50K
22245,"[50, 60[", Private,126566,High School,9,Married-civ-spouse,Nontechnical, Husband,*,Male,0,0,40,North America,<=50K
22246,"[20, 30[", Private,233796,Undergraduate,10,Married-civ-spouse,Other, Wife,*,Female,7298,0,32,North America,>50K
22247,"[60, 70[", Local-gov,191800,Undergraduate,13,Divorced,Other, Unmarried,*,Female,6360,0,35,North America,<=50K
22248,"[30, 40[", Self-emp-not-inc,527162,Undergraduate,10,Married-civ-spouse,Nontechnical, Husband,*,Male,0,0,30,North America,<=50K
22249,"[10, 20[", Private,139466,Undergraduate,10,Never-married,Nontechnical, Own-child,*,Female,0,0,25,North America,<=50K
22250,"[20, 30[", Private,64520,High School,9,Never-married,Other, Own-child,*,Male,0,0,30,North America,<=50K
22251,"[50, 60[", Private,97741,High School,9,Married-civ-spouse,Technical, Husband,*,Male,0,0,45,North America,>50K
22252,"[40, 50[", Local-gov,160173,Graduate,14,Married-civ-spouse,Nontechnical, Husband,*,Male,7688,0,50,North America,>50K
22253,"[10, 20[", Private,350995,High School,8,Never-married,Other, Own-child,*,Male,0,0,16,North America,<=50K
22254,"[50, 60[", ?,182836,High School,9,Married-civ-spouse,Other, Wife,*,Female,0,0,40,North America,>50K
22255,"[20, 30[", Private,143267,High School,9,Never-married,Other, Not-in-family,*,Female,0,0,48,North America,<=50K
22256,"[20, 30[", Private,346341,Undergraduate,10,Never-married,Technical, Not-in-family,*,Female,0,0,40,North America,<=50K
22257,"[50, 60[", Private,172175,Professional Education,15,Married-civ-spouse,Technical, Husband,*,Male,0,0,50,North America,>50K
22258,"[10, 20[", Private,153035,High School,6,Never-married,Nontechnical, Own-child,*,Female,0,0,20,North America,<=50K
22259,"[60, 70[", Private,200127,High School,9,Widowed,Other, Not-in-family,*,Female,0,0,40,North America,<=50K
22260,"[30, 40[", Local-gov,204470,Graduate,14,Never-married,Technical, Not-in-family,*,Male,0,0,43,North America,<=50K
22261,"[40, 50[", Private,353012,High School,9,Divorced,Other, Not-in-family,*,Male,0,0,40,North America,<=50K
22262,"[20, 30[", Private,194342,High School,9,Never-married,Technical, Own-child,*,Male,0,0,40,North America,<=50K
22263,"[20, 30[", Private,57898,High School,8,Never-married,Other, Own-child,*,Male,0,0,40,North America,<=50K
22266,"[50, 60[", Private,83922,Undergraduate,10,Married-civ-spouse,Technical, Husband,*,Male,0,0,40,North America,>50K
22267,"[40, 50[", Private,160647,High School,9,Never-married,Other, Unmarried,*,Female,0,0,46,North America,<=50K
22268,"[60, 70[", Private,125437,High School,9,Divorced,Other, Not-in-family,*,Female,0,0,32,North America,<=50K
22269,"[40, 50[", Private,246011,Undergraduate,13,Married-civ-spouse,Technical, Wife,*,Female,0,0,55,North America,<=50K
22270,"[10, 20[", Private,216937,High School,9,Never-married,Nontechnical, Other-relative,*,Female,0,0,60,North America,<=50K
22271,"[50, 60[", Self-emp-not-inc,66356,Undergraduate,10,Married-civ-spouse,Other, Husband,*,Male,0,0,50,North America,<=50K
22272,"[30, 40[", Private,154981,Undergraduate,13,Married-civ-spouse,Other, Husband,*,Male,0,1902,50,North America,>50K
22274,"[30, 40[", Private,301743,High School,9,Divorced,Other, Not-in-family,*,Female,0,0,35,North America,<=50K
22275,"[50, 60[", Self-emp-not-inc,401118,High School,9,Married-civ-spouse,Technical, Husband,*,Male,99999,0,50,North America,>50K
22276,"[30, 40[", Private,98776,Undergraduate,10,Divorced,Nontechnical, Not-in-family,*,Male,0,0,50,North America,>50K
22277,"[30, 40[", Self-emp-not-inc,32528,High School,9,Married-civ-spouse,Other, Husband,*,Male,0,0,50,North America,<=50K
22278,"[20, 30[", Private,177119,Undergraduate,10,Divorced,Other, Unmarried,*,Female,0,0,44,North America,<=50K
22279,"[40, 50[", Self-emp-inc,193524,Undergraduate,10,Married-civ-spouse,Other, Husband,*,Male,0,0,40,North America,>50K
22280,"[50, 60[", State-gov,192258,Graduate,16,Married-civ-spouse,Technical, Husband,*,Male,0,0,40,North America,>50K
22281,"[20, 30[", ?,145917,Undergraduate,10,Never-married,Other, Not-in-family,*,Female,0,0,15,North America,<=50K
22282,"[40, 50[", Federal-gov,214838,High School,9,Married-civ-spouse,Technical, Husband,*,Male,0,0,30,North America,>50K
22284,"[50, 60[", Self-emp-inc,147239,Graduate,16,Married-civ-spouse,Technical, Husband,*,Male,0,0,60,North America,>50K
22285,"[30, 40[", Private,159179,Undergraduate,10,Married-civ-spouse,Nontechnical, Husband,*,Male,0,1902,50,North America,>50K
22286,"[50, 60[", Private,155963,Undergraduate,13,Married-civ-spouse,Nontechnical, Husband,*,Male,0,0,30,North America,<=50K
22287,"[20, 30[", Private,360457,Undergraduate,10,Never-married,Nontechnical, Own-child,*,Female,0,0,30,North America,<=50K
22288,"[50, 60[", Federal-gov,114674,Undergraduate,10,Married-civ-spouse,Nontechnical, Husband,*,Male,0,0,40,North America,>50K
22289,"[40, 50[", Self-emp-not-inc,95708,Graduate,14,Never-married,Nontechnical, Not-in-family,*,Male,0,0,45,North America,>50K
22290,"[30, 40[", Local-gov,100734,High School,9,Divorced,Technical, Not-in-family,*,Female,0,0,55,North America,<=50K
22293,"[40, 50[", Self-emp-not-inc,28497,Undergraduate,13,Married-civ-spouse,Other, Husband,*,Male,0,1485,70,North America,>50K
22294,"[20, 30[", Private,180758,Graduate,14,Never-married,Technical, Not-in-family,*,Male,0,0,40,North America,<=50K
22295,"[50, 60[", Self-emp-not-inc,346635,Graduate,14,Divorced,Nontechnical, Unmarried,*,Female,0,2339,60,North America,<=50K
22296,"[20, 30[", Private,46645,Undergraduate,13,Never-married,Technical, Not-in-family,*,Female,0,0,25,North America,<=50K
22297,"[30, 40[", Private,203258,High School,9,Never-married,Other, Not-in-family,*,Female,0,0,35,North America,<=50K
22298,"[10, 20[", Private,134480,High School,7,Never-married,Other, Own-child,*,Female,0,0,25,North America,<=50K
22299,"[30, 40[", Local-gov,85548,Undergraduate,10,Separated,Other, Unmarried,*,Female,0,0,40,North America,<=50K
22300,"[20, 30[", Private,195994,Primary School,2,Never-married,Other, Not-in-family,*,Female,0,0,40,North America,<=50K
22301,"[40, 50[", State-gov,148316,Professional Education,11,Married-civ-spouse,Other, Husband,*,Male,0,0,40,North America,>50K
22302,"[40, 50[", Private,227466,High School,9,Never-married,Other, Other-relative,*,Male,0,0,40,North America,<=50K
22303,"[10, 20[", Private,68552,High School,9,Never-married,Nontechnical, Own-child,*,Male,0,0,30,North America,<=50K
22304,"[30, 40[", Private,252257,Professional Education,12,Never-married,Other, Not-in-family,*,Female,0,0,45,North America,<=50K
22305,"[40, 50[", Private,30126,Undergraduate,10,Divorced,Other, Unmarried,*,Female,0,0,40,North America,<=50K
22306,"[50, 60[", Private,304353,Undergraduate,10,Married-civ-spouse,Technical, Husband,*,Male,0,0,36,North America,>50K
22308,"[20, 30[", Private,205839,Undergraduate,10,Never-married,Nontechnical, Own-child,*,Male,0,0,40,North America,<=50K
22309,"[30, 40[", State-gov,218640,Undergraduate,10,Married-civ-spouse,Technical, Wife,*,Female,0,0,40,North America,>50K
22310,"[40, 50[", Private,150568,High School,9,Separated,Nontechnical, Unmarried,*,Female,0,0,45,North America,<=50K
22311,"[10, 20[", Private,382738,High School,9,Never-married,Other, Own-child,*,Female,0,0,40,North America,<=50K
22312,"[30, 40[", Self-emp-not-inc,138940,High School,7,Never-married,Other, Own-child,*,Male,0,0,37,North America,<=50K
22313,"[20, 30[", Self-emp-not-inc,258306,High School,6,Married-civ-spouse,Other, Husband,*,Male,0,0,99,North America,<=50K
22314,"[20, 30[", Local-gov,190107,High School,9,Never-married,Other, Own-child,*,Male,0,1719,16,North America,<=50K
22315,"[50, 60[", Private,152373,Undergraduate,10,Married-civ-spouse,Nontechnical, Husband,*,Male,0,0,40,North America,<=50K
22316,"[50, 60[", Local-gov,141875,High School,9,Married-civ-spouse,Other, Husband,*,Male,0,0,40,North America,<=50K
22319,"[30, 40[", Private,184498,High School,9,Married-civ-spouse,Other, Husband,*,Male,0,0,40,North America,<=50K
22320,"[40, 50[", Local-gov,109684,Graduate,14,Never-married,Technical, Not-in-family,*,Female,0,1741,35,North America,<=50K
22321,"[40, 50[", Private,199832,High School,9,Married-civ-spouse,Technical, Husband,*,Male,0,0,40,North America,<=50K
22322,"[40, 50[", Private,23545,Undergraduate,10,Married-civ-spouse,Nontechnical, Husband,*,Male,0,0,40,North America,<=50K
22323,"[20, 30[", Private,175710,Undergraduate,13,Married-civ-spouse,Nontechnical, Wife,*,Female,0,0,40,North America,>50K
22325,"[60, 70[", Self-emp-not-inc,315977,High School,9,Married-civ-spouse,Other, Husband,*,Male,0,0,40,North America,<=50K
22327,"[30, 40[", Private,251825,Professional Education,12,Never-married,Technical, Unmarried,*,Female,0,0,40,North America,<=50K
22328,"[50, 60[", Private,202115,High School,9,Married-civ-spouse,Technical, Wife,*,Female,0,0,40,North America,>50K
22330,"[60, 70[", Private,145656,Undergraduate,10,Widowed,Other, Not-in-family,*,Female,0,0,24,North America,<=50K
22331,"[30, 40[", Private,137076,High School,9,Married-civ-spouse,Other, Husband,*,Male,0,0,40,North America,>50K
22332,"[30, 40[", Private,152621,Undergraduate,10,Married-civ-spouse,Technical, Husband,*,Male,0,0,40,North America,>50K
22333,"[40, 50[", Self-emp-not-inc,27242,High School,7,Married-civ-spouse,Other, Husband,*,Male,0,0,60,North America,<=50K
22334,"[40, 50[", Federal-gov,358242,Undergraduate,13,Married-civ-spouse,Technical, Husband,*,Male,0,0,45,North America,>50K
22335,"[30, 40[", Private,184117,Undergraduate,13,Married-civ-spouse,Technical, Wife,*,Female,7688,0,20,North America,>50K
22336,"[20, 30[", Private,300290,High School,7,Divorced,Other, Own-child,*,Female,0,0,40,North America,<=50K
22337,"[20, 30[", Local-gov,149991,Undergraduate,13,Married-civ-spouse,Other, Husband,*,Male,0,0,42,North America,>50K
22338,"[30, 40[", Private,189759,Graduate,14,Married-civ-spouse,Nontechnical, Husband,*,Male,0,0,40,North America,>50K
22340,"[50, 60[", Private,100933,High School,9,Never-married,Nontechnical, Other-relative,*,Female,0,0,40,North America,<=50K
22341,"[20, 30[", Private,354558,High School,9,Married-civ-spouse,Nontechnical, Husband,*,Male,0,0,60,North America,<=50K
22342,"[30, 40[", Local-gov,162613,Graduate,14,Never-married,Technical, Not-in-family,*,Female,0,2258,60,North America,<=50K
22343,"[60, 70[", Private,285052,Undergraduate,10,Widowed,Nontechnical, Not-in-family,*,Female,0,0,10,North America,<=50K
22344,"[20, 30[", State-gov,175044,Undergraduate,10,Never-married,Other, Own-child,*,Male,0,0,40,North America,<=50K
22346,"[30, 40[", Private,173351,High School,9,Married-civ-spouse,Technical, Husband,*,Male,0,0,48,North America,<=50K
22347,"[20, 30[", Private,173611,Undergraduate,10,Never-married,Nontechnical, Own-child,*,Female,0,0,40,North America,<=50K
22349,"[20, 30[", Private,143062,High School,9,Never-married,Technical, Own-child,*,Male,0,0,40,North America,<=50K
22350,"[20, 30[", ?,137951,High School,6,Separated,Other, Other-relative,*,Female,0,0,40,North America,<=50K
22352,"[20, 30[", Private,377754,High School,9,Never-married,Technical, Not-in-family,*,Male,0,0,40,North America,<=50K
22353,"[50, 60[", Private,152373,High School,9,Married-civ-spouse,Technical, Husband,*,Male,2105,0,40,North America,<=50K
22354,"[30, 40[", Private,193477,High School,9,Married-civ-spouse,Technical, Husband,*,Male,0,0,55,North America,<=50K
22355,"[20, 30[", Local-gov,277323,High School,9,Never-married,Other, Unmarried,*,Male,0,0,45,North America,<=50K
22356,"[10, 20[", Private,69182,Undergraduate,10,Never-married,Other, Own-child,*,Female,0,0,27,North America,<=50K
22357,"[50, 60[", Private,219599,High School,9,Married-civ-spouse,Technical, Wife,*,Female,0,0,40,North America,<=50K
22359,"[20, 30[", Private,470875,High School,9,Married-civ-spouse,Nontechnical, Own-child,*,Male,0,0,32,North America,<=50K
22360,"[40, 50[", Private,201734,Undergraduate,10,Never-married,Nontechnical, Not-in-family,*,Male,0,0,48,North America,<=50K
22361,"[40, 50[", Private,58447,Graduate,16,Married-civ-spouse,Technical, Husband,*,Male,99999,0,55,North America,>50K
22362,"[50, 60[", Local-gov,91689,Undergraduate,10,Married-civ-spouse,Other, Husband,*,Male,0,0,40,North America,<=50K
22363,"[40, 50[", Private,166546,Undergraduate,10,Divorced,Other, Not-in-family,*,Female,0,0,24,North America,<=50K
22364,"[20, 30[", Private,293324,High School,9,Married-civ-spouse,Technical, Husband,*,Male,0,0,40,North America,<=50K
22365,"[20, 30[", Private,219262,High School,5,Never-married,Other, Not-in-family,*,Male,0,0,50,North America,<=50K
22366,"[30, 40[", Self-emp-not-inc,403391,Undergraduate,13,Married-civ-spouse,Nontechnical, Husband,*,Male,0,0,60,North America,<=50K
22367,"[40, 50[", Private,367749,Undergraduate,13,Never-married,Technical, Not-in-family,*,Female,0,0,45,North America,<=50K
22368,"[20, 30[", Private,128487,Undergraduate,13,Never-married,Other, Not-in-family,*,Female,0,0,40,North America,<=50K
22369,"[30, 40[", State-gov,111363,Professional Education,15,Married-civ-spouse,Technical, Husband,*,Male,0,0,75,North America,>50K
22370,"[40, 50[", Private,240869,High School,4,Never-married,Other, Other-relative,*,Male,0,0,35,North America,<=50K
22371,"[30, 40[", Private,163278,Graduate,14,Never-married,Technical, Not-in-family,*,Female,0,0,40,North America,<=50K
22372,"[30, 40[", Private,416415,High School,9,Separated,Other, Not-in-family,*,Male,0,0,45,North America,<=50K
22373,"[40, 50[", ?,280030,Primary School,3,Married-civ-spouse,Other, Husband,*,Male,0,0,40,North America,<=50K
22374,"[40, 50[", Private,251243,Undergraduate,10,Divorced,Nontechnical, Not-in-family,*,Female,0,0,40,North America,<=50K
22375,"[40, 50[", Local-gov,167159,Undergraduate,10,Married-civ-spouse,Other, Husband,*,Male,0,0,70,North America,>50K
22377,"[30, 40[", Private,160035,High School,9,Married-civ-spouse,Technical, Husband,*,Male,0,0,40,North America,<=50K
22378,"[40, 50[", ?,190205,High School,4,Married-civ-spouse,Other, Husband,*,Male,0,0,25,North America,<=50K
22379,"[20, 30[", ?,161290,Undergraduate,10,Never-married,Other, Own-child,*,Female,0,0,40,North America,<=50K
22380,"[20, 30[", Self-emp-not-inc,112403,Undergraduate,13,Never-married,Other, Own-child,*,Male,0,0,40,North America,<=50K
22381,"[40, 50[", Private,238726,High School,9,Widowed,Other, Unmarried,*,Female,0,0,40,North America,<=50K
22382,"[50, 60[", Private,164530,High School,7,Divorced,Technical, Not-in-family,*,Female,0,0,20,North America,<=50K
22383,"[10, 20[", Private,456572,High School,9,Never-married,Other, Other-relative,*,Male,0,0,35,North America,<=50K
22384,"[30, 40[", Self-emp-not-inc,177675,Undergraduate,13,Married-civ-spouse,Technical, Husband,*,Male,0,0,40,North America,>50K
22385,"[40, 50[", Private,246739,Undergraduate,13,Married-civ-spouse,Nontechnical, Husband,*,Male,99999,0,55,North America,>50K
22386,"[30, 40[", Private,102953,High School,9,Married-civ-spouse,Technical, Husband,*,Male,0,0,40,North America,<=50K
22387,"[20, 30[", ?,224238,Undergraduate,10,Never-married,Other, Own-child,*,Male,0,0,2,North America,<=50K
22388,"[40, 50[", Private,155489,Professional Education,12,Married-civ-spouse,Technical, Husband,*,Male,0,0,44,North America,>50K
22389,"[50, 60[", Self-emp-not-inc,156802,High School,9,Married-civ-spouse,Other, Husband,*,Male,3103,0,60,North America,>50K
22390,"[50, 60[", Private,168212,Graduate,14,Married-civ-spouse,Technical, Husband,*,Male,0,1902,45,North America,>50K
22392,"[40, 50[", Local-gov,261497,High School,9,Married-civ-spouse,Technical, Husband,*,Male,0,0,35,North America,<=50K
22393,"[50, 60[", Private,365511,Undergraduate,10,Divorced,Technical, Not-in-family,*,Male,0,0,40,North America,<=50K
22394,"[30, 40[", Private,187999,High School,9,Married-civ-spouse,Technical, Husband,*,Male,0,0,40,North America,>50K
22395,"[20, 30[", Local-gov,190350,Undergraduate,13,Never-married,Technical, Own-child,*,Female,0,0,35,North America,<=50K
22396,"[10, 20[", ?,166759,High School,8,Never-married,Other, Own-child,*,Female,0,0,40,North America,<=50K
22397,"[40, 50[", Private,168262,High School,6,Divorced,Other, Not-in-family,*,Male,0,0,48,North America,<=50K
22398,"[30, 40[", State-gov,122011,Graduate,14,Married-civ-spouse,Technical, Wife,*,Female,5178,0,38,North America,>50K
22399,"[40, 50[", Private,165953,Undergraduate,13,Married-civ-spouse,Other, Husband,*,Male,0,0,45,North America,>50K
22400,"[20, 30[", Private,375980,High School,9,Separated,Nontechnical, Unmarried,*,Female,0,0,37,North America,<=50K
22401,"[40, 50[", Federal-gov,406463,Graduate,14,Never-married,Technical, Not-in-family,*,Female,0,0,40,North America,<=50K
22402,"[50, 60[", State-gov,231472,Graduate,16,Married-civ-spouse,Technical, Husband,*,Male,0,0,40,North America,>50K
22403,"[60, 70[", Self-emp-not-inc,78913,Undergraduate,10,Married-civ-spouse,Nontechnical, Husband,*,Male,0,0,50,North America,<=50K
22404,"[20, 30[", Private,69107,High School,9,Married-civ-spouse,Nontechnical, Husband,*,Male,0,0,40,North America,<=50K
22405,"[20, 30[", ?,182387,Undergraduate,10,Never-married,Other, Not-in-family,*,Female,0,0,12,Asia,<=50K
22406,"[30, 40[", Private,169002,High School,9,Married-civ-spouse,Nontechnical, Husband,*,Male,0,0,55,North America,<=50K
22407,"[40, 50[", Private,229967,High School,9,Divorced,Nontechnical, Not-in-family,*,Male,13550,0,50,North America,>50K
22408,"[30, 40[", Private,422836,High School,9,Divorced,Technical, Unmarried,*,Male,0,0,40,North America,<=50K
22410,"[40, 50[", Private,195892,Undergraduate,10,Divorced,Other, Not-in-family,*,Female,0,0,40,North America,<=50K
22411,"[60, 70[", Private,163346,High School,9,Widowed,Technical, Not-in-family,*,Female,0,0,32,North America,<=50K
22412,"[50, 60[", Private,82566,High School,9,Married-civ-spouse,Technical, Husband,*,Male,0,0,50,North America,<=50K
22413,"[50, 60[", Private,86505,High School,9,Married-civ-spouse,Technical, Husband,*,Male,0,0,20,North America,<=50K
22414,"[40, 50[", Private,178780,Professional Education,12,Married-civ-spouse,Nontechnical, Husband,*,Male,0,0,45,North America,>50K
22415,"[20, 30[", State-gov,173945,Undergraduate,13,Never-married,Technical, Own-child,*,Female,0,0,27,North America,<=50K
22416,"[40, 50[", Private,176810,High School,9,Married-civ-spouse,Other, Husband,*,Male,0,0,40,North America,<=50K
22417,"[40, 50[", Self-emp-inc,23813,Undergraduate,10,Married-civ-spouse,Technical, Husband,*,Male,2885,0,30,North America,<=50K
22418,"[50, 60[", Self-emp-inc,210736,High School,9,Never-married,Nontechnical, Not-in-family,*,Male,10520,0,40,North America,>50K
22419,"[30, 40[", Private,343789,High School,9,Married-civ-spouse,Technical, Husband,*,Male,5013,0,55,North America,<=50K
22420,"[30, 40[", Private,113838,Undergraduate,10,Married-civ-spouse,Nontechnical, Husband,*,Male,0,0,45,North America,>50K
22421,"[30, 40[", Local-gov,121055,High School,9,Married-civ-spouse,Technical, Husband,*,Male,0,0,70,North America,>50K
22423,"[10, 20[", Private,566049,High School,6,Never-married,Other, Own-child,*,Male,0,0,8,North America,<=50K
22424,"[30, 40[", Private,67433,High School,9,Married-civ-spouse,Other, Wife,*,Female,0,0,40,North America,>50K
22425,"[20, 30[", Private,39014,High School,8,Married-civ-spouse,Other, Wife,*,Female,0,0,40,North America,<=50K
22426,"[10, 20[", Private,51939,High School,7,Never-married,Nontechnical, Own-child,*,Female,0,0,15,North America,<=50K
22427,"[30, 40[", Private,100669,Undergraduate,13,Married-civ-spouse,Other, Husband,*,Male,0,0,40,North America,>50K
22428,"[40, 50[", Private,155659,High School,7,Married-civ-spouse,Technical, Husband,*,Male,0,1902,40,North America,>50K
22430,"[40, 50[", Local-gov,32185,Graduate,14,Married-civ-spouse,Nontechnical, Husband,*,Male,0,0,40,North America,>50K
22432,"[50, 60[", Self-emp-not-inc,172281,High School,9,Married-civ-spouse,Nontechnical, Husband,*,Male,7688,0,50,North America,>50K
22433,"[40, 50[", Private,180505,High School,9,Married-civ-spouse,Technical, Husband,*,Male,0,0,40,North America,<=50K
22434,"[40, 50[", Private,168262,Graduate,14,Divorced,Technical, Not-in-family,*,Male,0,0,40,North America,<=50K
22435,"[20, 30[", Private,85126,High School,9,Never-married,Technical, Not-in-family,*,Female,0,0,40,North America,<=50K
22436,"[30, 40[", Private,113838,Undergraduate,13,Married-civ-spouse,Technical, Husband,*,Male,0,0,50,North America,<=50K
22437,"[30, 40[", Private,197457,High School,9,Divorced,Technical, Unmarried,*,Female,1471,0,38,North America,<=50K
22438,"[20, 30[", Private,197905,High School,9,Married-civ-spouse,Technical, Husband,*,Male,0,0,50,North America,<=50K
22439,"[30, 40[", Private,316589,Undergraduate,13,Married-civ-spouse,Nontechnical, Husband,*,Male,0,0,40,North America,>50K
22440,"[30, 40[", Private,336367,Professional Education,12,Never-married,Nontechnical, Unmarried,*,Male,0,0,50,North America,<=50K
22441,"[30, 40[", Self-emp-inc,143123,Professional Education,11,Married-civ-spouse,Technical, Husband,*,Male,0,2415,40,North America,>50K
22442,"[20, 30[", Private,209955,High School,9,Never-married,Technical, Not-in-family,*,Male,0,0,40,North America,<=50K
22443,"[40, 50[", Private,210013,High School,9,Married-civ-spouse,Other, Husband,*,Male,0,0,40,North America,>50K
22444,"[30, 40[", Private,224541,Undergraduate,10,Married-civ-spouse,Other, Husband,*,Male,0,0,40,North America,<=50K
22447,"[40, 50[", Federal-gov,195897,High School,9,Married-civ-spouse,Other, Husband,*,Male,7298,0,40,North America,>50K
22448,"[40, 50[", Private,43206,Professional Education,15,Never-married,Technical, Not-in-family,*,Female,0,0,55,North America,>50K
22449,"[30, 40[", Private,202950,High School,9,Married-civ-spouse,Other, Husband,*,Male,0,0,40,North America,>50K
22450,"[20, 30[", Private,154093,High School,9,Never-married,Other, Own-child,*,Male,0,0,40,North America,<=50K
22451,"[30, 40[", Private,112115,Professional Education,15,Married-civ-spouse,Technical, Husband,*,Male,0,1977,55,North America,>50K
22452,"[50, 60[", Private,355954,Undergraduate,10,Married-civ-spouse,Technical, Husband,*,Male,0,0,60,North America,>50K
22453,"[20, 30[", Private,379418,Undergraduate,10,Never-married,Other, Not-in-family,*,Female,0,0,40,North America,<=50K
22454,"[60, 70[", Self-emp-not-inc,286372,Undergraduate,13,Married-civ-spouse,Other, Husband,*,Male,0,0,40,North America,<=50K
22455,"[40, 50[", Private,48087,High School,9,Married-civ-spouse,Nontechnical, Husband,*,Male,7298,0,45,North America,>50K
22456,"[30, 40[", Private,387270,High School,9,Married-civ-spouse,Nontechnical, Wife,*,Female,0,0,40,North America,>50K
22457,"[20, 30[", Private,270043,Undergraduate,10,Never-married,Other, Own-child,*,Female,0,0,16,North America,<=50K
22458,"[30, 40[", Self-emp-not-inc,65738,Undergraduate,10,Married-civ-spouse,Other, Wife,*,Female,0,0,15,North America,>50K
22459,"[30, 40[", Private,159888,High School,7,Married-civ-spouse,Technical, Husband,*,Male,0,0,40,North America,<=50K
22460,"[40, 50[", Private,278039,High School,9,Divorced,Nontechnical, Not-in-family,*,Male,0,0,60,North America,<=50K
22461,"[20, 30[", Private,265434,Undergraduate,10,Never-married,Technical, Own-child,*,Female,0,0,30,North America,<=50K
22463,"[20, 30[", Private,208882,High School,9,Never-married,Technical, Not-in-family,*,Male,0,0,40,North America,<=50K
22464,"[20, 30[", Private,229393,High School,7,Never-married,Other, Unmarried,*,Male,2463,0,40,North America,<=50K
22465,"[20, 30[", Private,53513,Undergraduate,13,Never-married,Nontechnical, Own-child,*,Female,0,0,45,North America,<=50K
22466,"[40, 50[", Private,225193,High School,9,Married-civ-spouse,Nontechnical, Husband,*,Male,0,0,63,North America,<=50K
22468,"[40, 50[", Self-emp-not-inc,175674,High School,9,Married-civ-spouse,Nontechnical, Husband,*,Male,0,0,60,North America,<=50K
22469,"[40, 50[", Federal-gov,368947,Undergraduate,13,Never-married,Other, Not-in-family,*,Female,0,0,40,North America,<=50K
22470,"[30, 40[", Private,194901,High School,9,Married-civ-spouse,Nontechnical, Husband,*,Male,0,0,50,North America,>50K
22471,"[50, 60[", Private,203173,Professional Education,11,Married-civ-spouse,Nontechnical, Husband,*,Male,0,0,45,North America,<=50K
22472,"[20, 30[", Private,267431,Undergraduate,13,Never-married,Technical, Own-child,*,Female,0,0,55,North America,<=50K
22473,"[30, 40[", Private,111836,Undergraduate,10,Married-civ-spouse,Other, Husband,*,Male,0,0,50,North America,<=50K
22475,"[40, 50[", Self-emp-inc,149102,Undergraduate,13,Married-civ-spouse,Nontechnical, Husband,*,Male,0,0,35,North America,>50K
22476,"[50, 60[", Local-gov,121111,High School,9,Divorced,Other, Unmarried,*,Female,0,0,40,North America,<=50K
22477,"[20, 30[", Private,130397,High School,6,Never-married,Other, Unmarried,*,Male,0,0,40,North America,<=50K
22478,"[40, 50[", Private,212847,Undergraduate,10,Married-civ-spouse,Technical, Husband,*,Male,0,2179,40,North America,<=50K
22479,"[10, 20[", Private,184198,High School,7,Never-married,Nontechnical, Own-child,*,Female,0,0,13,North America,<=50K
22480,"[10, 20[", Private,121287,High School,5,Never-married,Technical, Own-child,*,Male,0,0,40,North America,<=50K
22482,"[40, 50[", Private,164678,Professional Education,12,Divorced,Technical, Unmarried,*,Female,0,0,32,North America,<=50K
22483,"[20, 30[", Private,388812,Undergraduate,10,Never-married,Nontechnical, Not-in-family,*,Male,0,0,35,North America,<=50K
22484,"[30, 40[", Private,294919,Undergraduate,10,Divorced,Other, Not-in-family,*,Male,0,0,40,North America,<=50K
22485,"[20, 30[", Private,101684,High School,6,Married-civ-spouse,Other, Husband,*,Male,0,0,40,North America,<=50K
22486,"[60, 70[", Private,36209,High School,6,Married-civ-spouse,Nontechnical, Husband,*,Male,0,0,22,North America,>50K
22488,"[30, 40[", Self-emp-not-inc,340001,High School,9,Married-civ-spouse,Technical, Husband,*,Male,0,0,40,North America,<=50K
22489,"[30, 40[", Self-emp-not-inc,203828,High School,9,Married-civ-spouse,Nontechnical, Husband,*,Male,0,0,45,North America,<=50K
22490,"[20, 30[", Private,183789,High School,9,Never-married,Nontechnical, Own-child,*,Male,0,0,40,North America,<=50K
22491,"[30, 40[", Private,305619,High School,9,Married-civ-spouse,Technical, Husband,*,Male,0,0,40,North America,>50K
22492,"[60, 70[", Self-emp-not-inc,174181,Undergraduate,13,Married-civ-spouse,Technical, Husband,*,Male,0,0,20,North America,<=50K
22493,"[50, 60[", Private,131869,High School,9,Widowed,Other, Not-in-family,*,Female,0,0,35,North America,<=50K
22494,"[40, 50[", Self-emp-not-inc,43479,Undergraduate,10,Married-civ-spouse,Technical, Husband,*,Male,0,0,40,North America,<=50K
22495,"[60, 70[", ?,203126,High School,5,Never-married,Other, Unmarried,*,Female,0,0,40,North America,<=50K
22496,"[10, 20[", Private,118792,High School,7,Never-married,Nontechnical, Own-child,*,Female,0,0,9,North America,<=50K
22497,"[20, 30[", Private,272913,High School,6,Married-civ-spouse,Nontechnical, Husband,*,Male,0,0,30,North America,<=50K
22498,"[40, 50[", Federal-gov,222011,Undergraduate,13,Married-civ-spouse,Nontechnical, Husband,*,Male,0,0,40,North America,<=50K
22499,"[40, 50[", Self-emp-inc,301007,Undergraduate,13,Married-civ-spouse,Technical, Husband,*,Male,0,0,60,North America,<=50K
22500,"[40, 50[", Private,197731,High School,9,Married-civ-spouse,Technical, Husband,*,Male,0,0,40,North America,<=50K
22501,"[20, 30[", Private,173736,High School,5,Never-married,Technical, Own-child,*,Male,0,0,40,North America,<=50K
22502,"[10, 20[", ?,182590,High School,6,Never-married,Other, Not-in-family,*,Female,0,0,38,North America,<=50K
22503,"[50, 60[", Local-gov,93211,Undergraduate,13,Married-civ-spouse,Nontechnical, Wife,*,Female,0,0,22,North America,>50K
22504,"[40, 50[", Private,24763,High School,9,Divorced,Other, Unmarried,*,Male,7443,0,40,North America,<=50K
22505,"[40, 50[", Local-gov,219021,Undergraduate,10,Divorced,Nontechnical, Unmarried,*,Male,0,0,48,North America,>50K
22506,"[30, 40[", Private,137229,Professional Education,11,Divorced,Nontechnical, Not-in-family,*,Male,0,0,45,North America,>50K
22507,"[30, 40[", Self-emp-not-inc,281030,High School,9,Married-civ-spouse,Technical, Husband,*,Male,0,0,45,North America,<=50K
22508,"[20, 30[", Private,234108,Undergraduate,10,Never-married,Nontechnical, Own-child,*,Male,0,0,40,North America,<=50K
22509,"[20, 30[", Private,46868,Undergraduate,13,Never-married,Technical, Not-in-family,*,Female,0,0,15,North America,<=50K
22510,"[20, 30[", ?,162667,High School,9,Never-married,Other, Other-relative,*,Male,0,0,40,North America,<=50K
22511,"[50, 60[", Private,173291,High School,9,Divorced,Other, Not-in-family,*,Female,0,0,40,North America,<=50K
22513,"[40, 50[", Private,212954,Undergraduate,10,Married-civ-spouse,Technical, Husband,*,Male,0,0,60,North America,>50K
22514,"[30, 40[", Local-gov,112284,Graduate,14,Divorced,Technical, Not-in-family,*,Female,0,0,40,North America,<=50K
22515,"[50, 60[", Private,164198,Professional Education,12,Married-civ-spouse,Nontechnical, Husband,*,Male,15024,0,45,North America,>50K
22516,"[40, 50[", Private,152958,High School,9,Married-civ-spouse,Technical, Husband,*,Male,0,0,40,North America,>50K
22517,"[20, 30[", Private,145389,Undergraduate,10,Never-married,Technical, Not-in-family,*,Female,0,0,25,North America,<=50K
22518,"[50, 60[", Self-emp-inc,119570,Professional Education,12,Married-civ-spouse,Nontechnical, Husband,*,Male,0,0,50,North America,>50K
22519,"[40, 50[", Private,272343,High School,9,Married-civ-spouse,Other, Wife,*,Female,0,0,40,North America,>50K
22520,"[40, 50[", Private,187720,High School,9,Married-civ-spouse,Technical, Husband,*,Male,0,0,41,North America,<=50K
22521,"[50, 60[", Private,145409,High School,9,Married-civ-spouse,Other, Husband,*,Male,0,0,50,North America,>50K
22522,"[40, 50[", Private,208726,Undergraduate,10,Divorced,Nontechnical, Unmarried,*,Female,0,0,45,North America,<=50K
22523,"[30, 40[", Private,203488,High School,9,Never-married,Technical, Not-in-family,*,Male,0,0,40,North America,<=50K
22524,"[40, 50[", Private,330416,Undergraduate,10,Married-civ-spouse,Other, Husband,*,Male,0,0,40,North America,<=50K
22525,"[30, 40[", Private,25803,High School,9,Married-civ-spouse,Technical, Husband,*,Male,0,0,40,North America,<=50K
22526,"[30, 40[", Private,171150,Professional Education,12,Married-civ-spouse,Technical, Husband,*,Male,0,0,40,North America,>50K
22527,"[30, 40[", Private,82576,Professional Education,15,Divorced,Technical, Not-in-family,*,Male,14084,0,36,North America,>50K
22528,"[30, 40[", Private,329425,High School,9,Married-civ-spouse,Technical, Husband,*,Male,0,0,40,North America,<=50K
22529,"[20, 30[", Private,185452,Undergraduate,13,Never-married,Nontechnical, Own-child,*,Female,0,0,40,North America,<=50K
22530,"[20, 30[", Private,201179,High School,9,Never-married,Other, Own-child,*,Male,0,0,40,North America,<=50K
22532,"[50, 60[", Self-emp-not-inc,95763,High School,9,Married-civ-spouse,Technical, Husband,*,Male,0,0,55,North America,<=50K
22534,"[20, 30[", Private,121407,Professional Education,11,Never-married,Other, Own-child,*,Female,0,0,36,North America,<=50K
22535,"[50, 60[", Private,373367,High School,7,Widowed,Technical, Not-in-family,*,Male,0,0,40,North America,<=50K
22536,"[60, 70[", Local-gov,165982,Graduate,14,Married-civ-spouse,Nontechnical, Husband,*,Male,0,0,50,North America,>50K
22537,"[40, 50[", Private,165484,Graduate,16,Married-civ-spouse,Technical, Husband,*,Male,0,0,50,North America,>50K
22538,"[30, 40[", Private,156890,High School,9,Married-civ-spouse,Technical, Husband,*,Male,0,0,45,North America,<=50K
22539,"[30, 40[", Private,156763,High School,9,Married-civ-spouse,Nontechnical, Husband,*,Male,2829,0,40,North America,<=50K
22540,"[40, 50[", Private,244172,High School,9,Married-civ-spouse,Technical, Husband,*,Male,0,0,35,Unknown,<=50K
22541,"[30, 40[", Private,219814,High School,5,Married-civ-spouse,Technical, Husband,*,Male,0,0,35,North America,<=50K
22542,"[40, 50[", Private,171841,Professional Education,15,Married-civ-spouse,Technical, Husband,*,Male,0,0,60,North America,<=50K
22544,"[60, 70[", Private,205643,Professional Education,15,Married-civ-spouse,Technical, Husband,*,Male,0,0,45,North America,>50K
22546,"[40, 50[", Private,102559,Professional Education,11,Married-civ-spouse,Technical, Husband,*,Male,0,0,40,North America,>50K
22547,"[40, 50[", Private,60267,Undergraduate,13,Married-civ-spouse,Nontechnical, Husband,*,Male,0,0,38,North America,>50K
22548,"[40, 50[", Private,388725,Professional Education,12,Married-civ-spouse,Nontechnical, Husband,*,Male,0,0,40,North America,<=50K
22549,"[20, 30[", Private,215712,Undergraduate,10,Never-married,Other, Not-in-family,*,Male,0,0,35,North America,<=50K
22550,"[40, 50[", Private,171722,High School,9,Separated,Other, Unmarried,*,Female,0,0,39,North America,<=50K
22551,"[20, 30[", Private,193051,High School,9,Never-married,Nontechnical, Own-child,*,Male,0,0,25,North America,<=50K
22552,"[20, 30[", Private,305446,Undergraduate,10,Never-married,Nontechnical, Not-in-family,*,Male,0,0,40,North America,<=50K
22553,"[20, 30[", Private,146949,Professional Education,11,Married-civ-spouse,Technical, Husband,*,Male,0,0,43,North America,<=50K
22554,"[20, 30[", Private,322144,Undergraduate,10,Never-married,Other, Not-in-family,*,Male,0,0,40,North America,<=50K
22555,"[40, 50[", Self-emp-inc,75742,Professional Education,15,Married-civ-spouse,Technical, Husband,*,Male,0,0,45,North America,>50K
22556,"[60, 70[", ?,380687,Undergraduate,13,Married-civ-spouse,Other, Wife,*,Female,0,0,8,North America,<=50K
22557,"[50, 60[", Self-emp-not-inc,95149,Undergraduate,10,Married-civ-spouse,Other, Husband,*,Male,0,0,99,North America,<=50K
22558,"[40, 50[", Private,68469,High School,9,Married-civ-spouse,Technical, Husband,*,Male,0,0,40,North America,<=50K
22559,"[60, 70[", Self-emp-not-inc,27653,High School,9,Married-civ-spouse,Other, Husband,*,Male,0,0,35,North America,<=50K
22560,"[20, 30[", Private,410439,Undergraduate,10,Never-married,Nontechnical, Own-child,*,Male,0,0,24,North America,<=50K
22562,"[40, 50[", Private,228570,High School,9,Married-civ-spouse,Nontechnical, Wife,*,Female,0,0,35,North America,<=50K
22563,"[20, 30[", Private,141453,High School,9,Never-married,Other, Own-child,*,Female,0,0,40,North America,<=50K
22565,"[50, 60[", Private,48641,High School,8,Never-married,Other, Not-in-family,*,Female,0,0,35,North America,<=50K
22566,"[40, 50[", Private,185385,High School,9,Married-civ-spouse,Technical, Husband,*,Male,0,0,40,North America,<=50K
22567,"[40, 50[", Private,341471,High School,9,Divorced,Other, Not-in-family,*,Female,0,0,4,North America,<=50K
22568,"[40, 50[", Private,163322,High School,7,Divorced,Nontechnical, Unmarried,*,Female,0,0,36,North America,<=50K
22569,"[30, 40[", Private,99357,Undergraduate,13,Married-civ-spouse,Nontechnical, Wife,*,Female,0,1977,30,North America,>50K
22570,"[40, 50[", Self-emp-inc,602513,Graduate,14,Married-civ-spouse,Nontechnical, Husband,*,Male,0,0,50,North America,>50K
22571,"[50, 60[", Local-gov,287192,Primary School,2,Married-civ-spouse,Other, Husband,*,Male,0,0,32,North America,<=50K
22572,"[30, 40[", Private,215047,Undergraduate,10,Never-married,Nontechnical, Not-in-family,*,Male,0,0,45,North America,<=50K
22573,"[40, 50[", Federal-gov,97863,Professional Education,11,Married-civ-spouse,Other, Husband,*,Male,5178,0,40,North America,>50K
22575,"[50, 60[", Private,137192,Undergraduate,13,Divorced,Nontechnical, Unmarried,*,Male,0,0,50,North America,<=50K
22576,"[30, 40[", Private,275369,High School,4,Separated,Nontechnical, Not-in-family,*,Male,0,0,35,North America,<=50K
22577,"[40, 50[", Private,99971,High School,9,Married-civ-spouse,Other, Husband,*,Male,0,0,50,North America,<=50K
22578,"[40, 50[", Self-emp-inc,103713,Graduate,14,Married-civ-spouse,Nontechnical, Husband,*,Male,0,0,40,North America,>50K
22579,"[40, 50[", Private,253770,Undergraduate,10,Divorced,Other, Unmarried,*,Female,0,0,40,North America,<=50K
22580,"[50, 60[", Private,162205,High School,9,Married-civ-spouse,Other, Husband,*,Male,5178,0,72,North America,>50K
22581,"[40, 50[", Self-emp-not-inc,31267,High School,9,Married-civ-spouse,Other, Husband,*,Male,0,0,50,North America,<=50K
22582,"[10, 20[", Private,198146,High School,7,Never-married,Nontechnical, Own-child,*,Female,0,0,16,North America,<=50K
22583,"[20, 30[", Private,178207,Undergraduate,10,Never-married,Nontechnical, Unmarried,*,Female,0,0,35,North America,<=50K
22584,"[20, 30[", Private,317175,High School,9,Never-married,Other, Not-in-family,*,Male,0,0,60,North America,<=50K
22585,"[50, 60[", Federal-gov,221791,High School,9,Divorced,Technical, Not-in-family,*,Male,0,0,40,North America,<=50K
22586,"[60, 70[", Self-emp-inc,187124,High School,9,Married-civ-spouse,Nontechnical, Husband,*,Male,0,0,20,North America,>50K
22587,"[50, 60[", State-gov,280519,High School,9,Divorced,Other, Own-child,*,Male,0,0,40,North America,<=50K
22588,"[30, 40[", Private,207568,High School,9,Married-civ-spouse,Technical, Husband,*,Male,0,0,50,North America,<=50K
22589,"[40, 50[", Local-gov,192684,Undergraduate,10,Divorced,Other, Unmarried,*,Female,0,0,38,North America,<=50K
22590,"[30, 40[", Private,103260,Undergraduate,13,Married-civ-spouse,Technical, Wife,*,Female,0,0,30,North America,>50K
22591,"[30, 40[", Private,191227,Undergraduate,13,Divorced,Nontechnical, Not-in-family,*,Female,13550,0,50,North America,>50K
22592,"[40, 50[", Self-emp-inc,382242,Graduate,16,Married-civ-spouse,Nontechnical, Wife,*,Female,0,0,40,North America,>50K
22593,"[40, 50[", Private,106900,Undergraduate,13,Married-civ-spouse,Technical, Husband,*,Male,0,0,38,North America,<=50K
22594,"[30, 40[", Private,48520,Professional Education,12,Married-civ-spouse,Technical, Husband,*,Male,0,2002,40,North America,<=50K
22595,"[50, 60[", Private,55527,Professional Education,12,Divorced,Technical, Not-in-family,*,Male,0,0,45,North America,<=50K
22596,"[50, 60[", Self-emp-not-inc,246820,High School,9,Married-civ-spouse,Technical, Husband,*,Male,7298,0,48,North America,>50K
22597,"[20, 30[", Private,33884,Undergraduate,10,Separated,Nontechnical, Unmarried,*,Female,0,0,40,North America,<=50K
22598,"[40, 50[", Private,29762,Undergraduate,10,Married-civ-spouse,Technical, Husband,*,Male,0,0,60,North America,<=50K
22599,"[40, 50[", Federal-gov,168109,High School,9,Married-civ-spouse,Other, Husband,*,Male,0,0,70,North America,<=50K
22600,"[50, 60[", Private,207449,Undergraduate,13,Married-civ-spouse,Nontechnical, Husband,*,Male,0,0,55,North America,<=50K
22601,"[60, 70[", Self-emp-inc,189098,High School,9,Married-civ-spouse,Other, Husband,*,Male,0,0,40,North America,<=50K
22602,"[50, 60[", Private,194259,Undergraduate,13,Divorced,Technical, Unmarried,*,Female,0,0,40,North America,<=50K
22603,"[20, 30[", Local-gov,194630,Undergraduate,10,Never-married,Other, Not-in-family,*,Male,0,0,40,North America,<=50K
22604,"[20, 30[", Local-gov,179681,High School,9,Never-married,Other, Own-child,*,Female,0,0,37,North America,<=50K
22605,"[40, 50[", State-gov,136996,Undergraduate,10,Married-civ-spouse,Other, Husband,*,Male,0,0,48,North America,<=50K
22606,"[30, 40[", Private,143604,High School,9,Divorced,Other, Not-in-family,*,Female,0,0,16,North America,<=50K
22607,"[10, 20[", Private,243373,High School,8,Never-married,Nontechnical, Other-relative,*,Male,1055,0,40,North America,<=50K
22608,"[30, 40[", Private,261799,Professional Education,11,Married-civ-spouse,Other, Husband,*,Male,0,0,45,North America,>50K
22609,"[40, 50[", Private,143281,High School,9,Widowed,Technical, Not-in-family,*,Female,0,0,48,North America,<=50K
22611,"[30, 40[", Private,111499,Professional Education,15,Never-married,Technical, Not-in-family,*,Female,0,0,50,North America,>50K
22612,"[40, 50[", Self-emp-not-inc,280433,Undergraduate,13,Married-civ-spouse,Technical, Husband,*,Male,0,0,50,North America,<=50K
22613,"[30, 40[", Private,37314,Graduate,14,Never-married,Nontechnical, Not-in-family,*,Male,0,0,50,North America,>50K
22615,"[20, 30[", Private,270151,Undergraduate,13,Never-married,Nontechnical, Not-in-family,*,Female,0,0,40,North America,<=50K
22616,"[20, 30[", State-gov,96748,Undergraduate,10,Never-married,Technical, Own-child,*,Male,0,0,10,North America,<=50K
22617,"[20, 30[", Private,164775,Primary School,3,Never-married,Nontechnical, Other-relative,*,Male,0,0,40,North America,<=50K
22619,"[20, 30[", Private,213115,High School,9,Never-married,Other, Own-child,*,Female,0,0,40,North America,<=50K
22620,"[40, 50[", Private,156926,Undergraduate,13,Married-civ-spouse,Nontechnical, Husband,*,Male,0,0,45,North America,>50K
22621,"[40, 50[", Private,112967,Undergraduate,10,Married-civ-spouse,Other, Husband,*,Male,0,0,40,North America,<=50K
22622,"[50, 60[", Private,35373,Undergraduate,10,Divorced,Other, Not-in-family,*,Male,0,0,30,North America,<=50K
22623,"[60, 70[", Self-emp-not-inc,220342,High School,7,Married-civ-spouse,Other, Husband,*,Male,0,0,35,North America,<=50K
22624,"[20, 30[", Private,163167,High School,9,Divorced,Nontechnical, Own-child,*,Male,0,0,40,North America,<=50K
22625,"[20, 30[", Private,404951,Undergraduate,13,Never-married,Nontechnical, Not-in-family,*,Female,0,0,38,North America,<=50K
22626,"[30, 40[", Private,122032,Professional Education,11,Never-married,Technical, Not-in-family,*,Male,0,0,40,North America,<=50K
22627,"[30, 40[", Private,143582,Professional Education,11,Never-married,Other, Not-in-family,*,Female,4101,0,35,North America,<=50K
22628,"[30, 40[", Private,108140,Undergraduate,13,Never-married,Nontechnical, Not-in-family,*,Male,2202,0,45,North America,<=50K
22629,"[40, 50[", Private,251508,High School,9,Divorced,Technical, Not-in-family,*,Female,0,0,36,North America,<=50K
22631,"[60, 70[", Self-emp-not-inc,36960,High School,9,Married-civ-spouse,Other, Husband,*,Male,0,0,40,North America,>50K
22632,"[30, 40[", Private,165930,Undergraduate,10,Married-civ-spouse,Technical, Husband,*,Male,0,0,40,North America,<=50K
22633,"[20, 30[", ?,178960,High School,7,Never-married,Other, Unmarried,*,Female,0,0,40,North America,<=50K
22634,"[40, 50[", Private,214503,Undergraduate,13,Married-civ-spouse,Technical, Husband,*,Male,0,0,44,North America,>50K
22636,"[20, 30[", Private,202125,High School,9,Never-married,Other, Not-in-family,*,Male,0,0,40,North America,<=50K
22637,"[50, 60[", Self-emp-not-inc,284329,Graduate,14,Divorced,Nontechnical, Not-in-family,*,Male,0,0,50,North America,>50K
22638,"[20, 30[", Private,192924,Professional Education,11,Divorced,Other, Not-in-family,*,Female,0,0,40,North America,<=50K
22640,"[30, 40[", Private,340614,Graduate,14,Married-civ-spouse,Technical, Husband,*,Male,0,0,50,North America,>50K
22641,"[20, 30[", Private,196678,High School,8,Never-married,Other, Own-child,*,Female,0,0,40,North America,<=50K
22642,"[10, 20[", Private,266489,Undergraduate,10,Never-married,Nontechnical, Not-in-family,*,Male,0,0,50,North America,<=50K
22643,"[50, 60[", Private,61474,Undergraduate,10,Married-civ-spouse,Nontechnical, Husband,*,Male,7688,0,45,North America,>50K
22644,"[40, 50[", ?,99127,Professional Education,11,Married-civ-spouse,Other, Husband,*,Male,0,0,40,North America,>50K
22645,"[20, 30[", Private,215955,Undergraduate,10,Married-civ-spouse,Other, Husband,*,Male,2829,0,40,North America,<=50K
22646,"[20, 30[", Self-emp-inc,215395,Professional Education,11,Never-married,Technical, Not-in-family,*,Male,0,0,50,North America,<=50K
22647,"[30, 40[", Self-emp-inc,183898,Undergraduate,13,Divorced,Nontechnical, Not-in-family,*,Male,0,0,60,North America,<=50K
22648,"[40, 50[", Private,97176,High School,9,Divorced,Other, Other-relative,*,Female,0,0,40,North America,<=50K
22649,"[40, 50[", Private,145160,Undergraduate,10,Married-civ-spouse,Technical, Husband,*,Male,0,0,43,North America,<=50K
22650,"[50, 60[", Private,357949,Undergraduate,13,Divorced,Technical, Not-in-family,*,Female,0,0,16,North America,<=50K
22651,"[50, 60[", Private,177120,High School,5,Married-civ-spouse,Other, Husband,*,Male,0,0,40,North America,<=50K
22653,"[30, 40[", Private,509060,Undergraduate,10,Divorced,Other, Not-in-family,*,Male,0,0,40,North America,<=50K
22654,"[30, 40[", Private,47932,High School,9,Married-civ-spouse,Nontechnical, Husband,*,Male,0,0,40,North America,<=50K
22655,"[30, 40[", Private,103925,High School,9,Married-civ-spouse,Other, Wife,*,Female,0,0,40,North America,>50K
22656,"[40, 50[", State-gov,183829,Undergraduate,13,Never-married,Other, Not-in-family,*,Female,0,0,38,North America,<=50K
22657,"[50, 60[", Private,138852,High School,9,Married-civ-spouse,Technical, Husband,*,Male,0,0,40,North America,<=50K
22659,"[20, 30[", Private,34616,Undergraduate,10,Never-married,Nontechnical, Not-in-family,*,Female,0,0,30,North America,<=50K
22660,"[10, 20[", Private,220819,High School,9,Never-married,Other, Own-child,*,Female,0,0,40,North America,<=50K
22661,"[30, 40[", Federal-gov,281540,Professional Education,12,Married-civ-spouse,Technical, Husband,*,Male,0,0,45,North America,<=50K
22662,"[50, 60[", Private,47396,High School,9,Married-civ-spouse,Technical, Husband,*,Male,0,0,40,North America,<=50K
22663,"[20, 30[", Private,141350,Undergraduate,13,Married-civ-spouse,Nontechnical, Husband,*,Male,0,0,45,North America,<=50K
22664,"[10, 20[", Private,331433,High School,9,Never-married,Other, Not-in-family,*,Male,0,0,32,North America,<=50K
22665,"[40, 50[", Federal-gov,346532,Undergraduate,10,Married-civ-spouse,Other, Husband,*,Male,0,0,40,North America,>50K
22666,"[20, 30[", Private,241367,Undergraduate,10,Never-married,Other, Own-child,*,Male,0,0,10,North America,<=50K
22668,"[40, 50[", Local-gov,153031,Graduate,14,Married-civ-spouse,Technical, Husband,*,Male,7298,0,35,North America,>50K
22670,"[10, 20[", Private,193166,High School,5,Never-married,Nontechnical, Own-child,*,Female,0,0,42,North America,<=50K
22671,"[30, 40[", Self-emp-inc,275094,Undergraduate,13,Married-civ-spouse,Nontechnical, Husband,*,Male,7688,0,55,North America,>50K
22672,"[50, 60[", Private,81548,High School,9,Married-civ-spouse,Technical, Husband,*,Male,0,0,40,North America,<=50K
22673,"[10, 20[", Private,167979,High School,7,Never-married,Nontechnical, Own-child,*,Male,0,0,15,North America,<=50K
22674,"[10, 20[", Private,67759,High School,9,Never-married,Technical, Own-child,*,Male,0,0,43,North America,<=50K
22675,"[50, 60[", Private,200190,Undergraduate,10,Divorced,Technical, Not-in-family,*,Male,0,0,40,North America,>50K
22676,"[40, 50[", Private,403112,High School,9,Divorced,Other, Unmarried,*,Female,0,0,32,North America,<=50K
22678,"[30, 40[", Private,142675,Undergraduate,10,Never-married,Nontechnical, Own-child,*,Male,0,0,40,North America,<=50K
22679,"[40, 50[", Self-emp-not-inc,88500,High School,9,Married-civ-spouse,Other, Husband,*,Male,0,0,35,North America,<=50K
22680,"[30, 40[", Local-gov,145308,Undergraduate,10,Married-civ-spouse,Other, Husband,*,Male,0,0,40,North America,<=50K
22681,"[40, 50[", Local-gov,204377,Undergraduate,10,Never-married,Other, Own-child,*,Female,0,0,20,North America,<=50K
22682,"[40, 50[", Self-emp-not-inc,260696,Graduate,14,Divorced,Technical, Not-in-family,*,Female,0,0,20,North America,<=50K
22683,"[50, 60[", Private,231181,Undergraduate,10,Never-married,Technical, Not-in-family,*,Male,0,0,21,North America,<=50K
22684,"[50, 60[", Private,260052,Graduate,14,Married-civ-spouse,Technical, Husband,*,Male,0,0,40,North America,>50K
22685,"[70, 80[", Local-gov,178665,High School,5,Married-civ-spouse,Other, Husband,*,Male,0,0,30,North America,<=50K
22686,"[30, 40[", Private,226267,High School,4,Never-married,Nontechnical, Not-in-family,*,Male,0,0,43,North America,<=50K
22687,"[10, 20[", Private,111232,High School,8,Never-married,Other, Own-child,*,Male,0,0,15,North America,<=50K
22688,"[40, 50[", Private,87928,Professional Education,11,Married-civ-spouse,Technical, Husband,*,Male,5013,0,40,North America,<=50K
22689,"[20, 30[", Private,212748,High School,9,Married-civ-spouse,Other, Husband,*,Male,0,0,40,North America,<=50K
22690,"[20, 30[", Private,110677,Undergraduate,10,Never-married,Other, Own-child,*,Female,0,0,15,North America,<=50K
22691,"[40, 50[", Private,139268,High School,9,Married-civ-spouse,Technical, Husband,*,Male,7298,0,40,North America,>50K
22692,"[20, 30[", Private,306779,Undergraduate,10,Never-married,Nontechnical, Not-in-family,*,Male,0,0,65,North America,<=50K
22693,"[40, 50[", Private,318331,High School,9,Never-married,Nontechnical, Own-child,*,Male,0,0,40,North America,<=50K
22694,"[30, 40[", State-gov,143385,Undergraduate,10,Married-civ-spouse,Other, Husband,*,Male,0,0,40,North America,<=50K
22695,"[30, 40[", Private,288273,High School,8,Separated,Other, Unmarried,*,Female,1471,0,40,North America,<=50K
22696,"[30, 40[", Private,167725,Undergraduate,13,Married-civ-spouse,Technical, Husband,*,Male,15024,0,48,Asia,>50K
22697,"[50, 60[", Private,94081,Undergraduate,13,Married-civ-spouse,Nontechnical, Husband,*,Male,0,0,44,North America,>50K
22698,"[20, 30[", Private,194723,Undergraduate,13,Never-married,Other, Own-child,*,Female,0,0,10,North America,<=50K
22699,"[40, 50[", Private,163985,High School,9,Married-civ-spouse,Technical, Husband,*,Male,0,0,40,North America,<=50K
22701,"[50, 60[", State-gov,195922,Graduate,14,Divorced,Technical, Not-in-family,*,Female,0,0,40,North America,<=50K
22702,"[30, 40[", Federal-gov,54159,Undergraduate,13,Married-civ-spouse,Nontechnical, Husband,*,Male,0,0,45,North America,<=50K
22703,"[40, 50[", Local-gov,166863,High School,9,Married-civ-spouse,Nontechnical, Husband,*,Male,0,0,40,North America,>50K
22705,"[30, 40[", Private,210626,High School,9,Divorced,Technical, Unmarried,*,Female,0,0,40,North America,<=50K
22706,"[20, 30[", Private,448026,Undergraduate,13,Never-married,Nontechnical, Own-child,*,Male,0,0,40,North America,<=50K
22707,"[10, 20[", Local-gov,170916,High School,6,Never-married,Other, Own-child,*,Female,0,1602,40,North America,<=50K
22708,"[50, 60[", Local-gov,283602,Graduate,14,Married-civ-spouse,Technical, Wife,*,Female,15024,0,40,North America,>50K
22709,"[20, 30[", Private,189749,Undergraduate,10,Never-married,Nontechnical, Own-child,*,Male,0,0,40,North America,<=50K
22710,"[20, 30[", Private,90934,Undergraduate,13,Never-married,Technical, Own-child,*,Male,0,0,64,Asia,>50K
22711,"[30, 40[", State-gov,253121,Undergraduate,13,Married-civ-spouse,Technical, Husband,*,Male,0,0,40,North America,<=50K
22712,"[20, 30[", Private,181776,Undergraduate,10,Never-married,Other, Not-in-family,*,Female,0,0,40,North America,<=50K
22713,"[60, 70[", Private,162397,Undergraduate,13,Married-civ-spouse,Nontechnical, Husband,*,Male,0,0,40,North America,>50K
22714,"[20, 30[", Private,70708,High School,9,Married-civ-spouse,Nontechnical, Husband,*,Male,0,0,60,North America,<=50K
22715,"[40, 50[", State-gov,103406,High School,9,Married-civ-spouse,Technical, Husband,*,Male,0,0,40,North America,<=50K
22716,"[40, 50[", Private,224658,Undergraduate,13,Married-civ-spouse,Nontechnical, Husband,*,Male,0,0,45,North America,>50K
22717,"[20, 30[", Local-gov,213451,Undergraduate,10,Never-married,Other, Own-child,*,Female,0,0,10,North America,<=50K
22718,"[50, 60[", Private,139671,Undergraduate,10,Married-civ-spouse,Technical, Husband,*,Male,0,0,40,North America,>50K
22719,"[20, 30[", Private,36201,Undergraduate,13,Never-married,Nontechnical, Not-in-family,*,Male,0,0,50,North America,<=50K
22720,"[30, 40[", Private,237713,Professional Education,15,Married-civ-spouse,Nontechnical, Husband,*,Male,0,2415,99,North America,>50K
22721,"[10, 20[", Local-gov,173497,High School,7,Never-married,Technical, Own-child,*,Male,0,0,15,North America,<=50K
22722,"[40, 50[", Private,375606,Graduate,16,Never-married,Technical, Not-in-family,*,Male,0,0,40,North America,>50K
22723,"[30, 40[", Private,203488,Undergraduate,13,Married-civ-spouse,Nontechnical, Husband,*,Male,15024,0,40,North America,>50K
22725,"[20, 30[", Private,216811,High School,9,Never-married,Other, Own-child,*,Female,0,0,16,North America,<=50K
22726,"[40, 50[", Private,288679,High School,9,Married-civ-spouse,Technical, Husband,*,Male,0,0,40,North America,<=50K
22727,"[20, 30[", Private,105516,Undergraduate,13,Never-married,Nontechnical, Not-in-family,*,Female,0,0,40,North America,<=50K
22728,"[20, 30[", Self-emp-not-inc,282972,Undergraduate,13,Never-married,Technical, Not-in-family,*,Female,0,0,4,North America,<=50K
22729,"[10, 20[", Self-emp-inc,117372,High School,7,Never-married,Nontechnical, Own-child,*,Male,0,0,15,North America,<=50K
22730,"[30, 40[", Private,112497,High School,9,Never-married,Technical, Not-in-family,*,Male,0,0,40,North America,>50K
22732,"[20, 30[", Private,192384,Undergraduate,13,Married-civ-spouse,Nontechnical, Husband,*,Male,0,0,40,North America,>50K
22733,"[40, 50[", Private,43348,Graduate,14,Never-married,Technical, Not-in-family,*,Male,0,0,40,North America,>50K
22734,"[20, 30[", Private,181822,Undergraduate,13,Never-married,Nontechnical, Not-in-family,*,Male,0,0,40,North America,<=50K
22735,"[40, 50[", Local-gov,216070,Graduate,14,Married-civ-spouse,Nontechnical, Wife,*,Female,0,0,50,North America,>50K
22736,"[30, 40[", State-gov,112062,Graduate,14,Never-married,Technical, Unmarried,*,Female,0,0,40,North America,<=50K
22737,"[30, 40[", Private,218551,Professional Education,11,Married-civ-spouse,Nontechnical, Husband,*,Male,0,0,45,North America,>50K
22738,"[20, 30[", Private,404616,Undergraduate,13,Married-civ-spouse,Nontechnical, Husband,*,Male,0,0,40,North America,>50K
22739,"[20, 30[", Private,169460,Undergraduate,13,Married-civ-spouse,Nontechnical, Husband,*,Male,0,0,40,North America,<=50K
22740,"[20, 30[", Private,240081,High School,9,Never-married,Nontechnical, Own-child,*,Male,0,0,40,North America,<=50K
22741,"[20, 30[", Private,147655,Undergraduate,10,Never-married,Other, Own-child,*,Female,0,0,40,North America,<=50K
22742,"[20, 30[", Private,90277,High School,9,Never-married,Other, Own-child,*,Male,0,0,40,Unknown,<=50K
22743,"[40, 50[", Private,60751,High School,9,Married-civ-spouse,Other, Husband,*,Male,0,0,40,North America,<=50K
22744,"[40, 50[", Self-emp-not-inc,194636,High School,9,Married-civ-spouse,Technical, Husband,*,Male,3137,0,50,North America,<=50K
22745,"[30, 40[", Self-emp-not-inc,154641,Professional Education,12,Married-civ-spouse,Other, Husband,*,Male,2105,0,50,North America,<=50K
22746,"[30, 40[", Private,491000,Undergraduate,13,Never-married,Nontechnical, Other-relative,*,Male,0,0,45,North America,<=50K
22747,"[30, 40[", Private,399088,High School,9,Divorced,Other, Unmarried,*,Female,0,0,40,North America,<=50K
22748,"[40, 50[", Self-emp-not-inc,186909,Graduate,14,Married-civ-spouse,Nontechnical, Wife,*,Female,0,1902,35,North America,>50K
22749,"[60, 70[", Private,105491,Undergraduate,13,Married-civ-spouse,Nontechnical, Husband,*,Male,99999,0,40,North America,>50K
22750,"[40, 50[", Private,34987,Undergraduate,13,Never-married,Nontechnical, Not-in-family,*,Male,0,0,53,North America,<=50K
22751,"[20, 30[", ?,167835,Undergraduate,13,Married-civ-spouse,Other, Wife,*,Female,0,0,20,North America,<=50K
22752,"[30, 40[", Private,288983,Undergraduate,10,Never-married,Other, Not-in-family,*,Male,0,0,40,North America,<=50K
22753,"[20, 30[", Private,266070,Undergraduate,10,Never-married,Nontechnical, Not-in-family,*,Female,0,0,40,North America,<=50K
22754,"[70, 80[", Private,110380,High School,9,Married-civ-spouse,Nontechnical, Husband,*,Male,0,2467,52,North America,<=50K
22755,"[20, 30[", Local-gov,31873,Undergraduate,13,Never-married,Other, Not-in-family,*,Female,0,0,40,North America,<=50K
22756,"[20, 30[", Private,294400,High School,4,Married-civ-spouse,Technical, Husband,*,Male,0,0,60,North America,<=50K
22758,"[30, 40[", Self-emp-not-inc,175769,Professional Education,15,Married-civ-spouse,Technical, Husband,*,Male,0,0,60,North America,<=50K
22759,"[50, 60[", Private,182273,High School,9,Married-civ-spouse,Technical, Husband,*,Male,0,0,40,North America,<=50K
22760,"[30, 40[", Private,106541,Undergraduate,10,Married-civ-spouse,Technical, Husband,*,Male,0,0,40,North America,<=50K
22761,"[30, 40[", Private,138192,Undergraduate,13,Married-civ-spouse,Technical, Husband,*,Male,0,0,40,North America,>50K
22762,"[30, 40[", Private,196791,Professional Education,15,Divorced,Technical, Not-in-family,*,Female,0,0,45,North America,>50K
22763,"[20, 30[", Private,223019,High School,9,Never-married,Other, Own-child,*,Female,0,0,20,North America,<=50K
22764,"[40, 50[", Private,109273,Undergraduate,10,Never-married,Technical, Not-in-family,*,Male,0,0,38,North America,<=50K
22765,"[60, 70[", Self-emp-not-inc,95490,High School,9,Married-civ-spouse,Nontechnical, Husband,*,Male,0,0,45,North America,<=50K
22766,"[60, 70[", Private,149131,High School,7,Divorced,Technical, Other-relative,*,Male,0,0,40,North America,<=50K
22768,"[50, 60[", Local-gov,82783,High School,9,Divorced,Nontechnical, Not-in-family,*,Male,0,0,40,North America,<=50K
22769,"[20, 30[", Private,214858,High School,9,Married-civ-spouse,Other, Husband,*,Male,0,0,40,North America,<=50K
22770,"[40, 50[", Private,170230,Undergraduate,13,Divorced,Nontechnical, Unmarried,*,Female,0,0,45,North America,<=50K
22772,"[30, 40[", Private,90406,High School,7,Married-civ-spouse,Nontechnical, Wife,*,Female,0,0,40,North America,<=50K
22773,"[40, 50[", Self-emp-inc,299813,High School,5,Married-civ-spouse,Nontechnical, Wife,*,Female,0,0,70,North America,<=50K
22774,"[20, 30[", Private,188064,High School,9,Married-civ-spouse,Technical, Husband,*,Male,0,0,35,North America,<=50K
22775,"[50, 60[", Private,246117,High School,9,Married-civ-spouse,Technical, Husband,*,Male,0,0,40,North America,<=50K
22776,"[20, 30[", Private,132749,Undergraduate,10,Never-married,Other, Own-child,*,Female,0,0,45,North America,<=50K
22777,"[20, 30[", Local-gov,201099,High School,9,Never-married,Other, Own-child,*,Female,0,0,40,North America,<=50K
22778,"[20, 30[", Private,97490,Undergraduate,10,Divorced,Technical, Unmarried,*,Female,0,0,40,North America,<=50K
22779,"[20, 30[", Private,221252,High School,9,Never-married,Other, Not-in-family,*,Female,0,0,8,North America,<=50K
22780,"[20, 30[", Private,116991,High School,9,Married-civ-spouse,Technical, Husband,*,Male,0,0,40,North America,>50K
22781,"[50, 60[", Private,161691,High School,9,Widowed,Nontechnical, Not-in-family,*,Female,0,0,35,North America,<=50K
22782,"[30, 40[", Private,107793,High School,9,Married-civ-spouse,Technical, Husband,*,Male,0,0,40,Europe,>50K
22784,"[30, 40[", Private,278502,High School,9,Divorced,Other, Unmarried,*,Female,0,0,62,North America,<=50K
22785,"[40, 50[", Private,343742,High School,9,Separated,Technical, Unmarried,*,Male,0,0,40,North America,<=50K
22786,"[20, 30[", ?,204074,High School,9,Never-married,Other, Not-in-family,*,Male,0,0,40,North America,<=50K
22787,"[50, 60[", Federal-gov,31965,Undergraduate,10,Married-civ-spouse,Other, Husband,*,Male,0,0,40,North America,<=50K
22788,"[20, 30[", Private,143604,Undergraduate,10,Never-married,Other, Own-child,*,Female,0,0,29,Unknown,<=50K
22789,"[30, 40[", Private,174308,Undergraduate,10,Never-married,Other, Own-child,*,Male,0,0,40,North America,<=50K
22791,"[30, 40[", Self-emp-inc,372525,Graduate,14,Married-civ-spouse,Nontechnical, Husband,*,Male,0,0,60,North America,>50K
22792,"[30, 40[", Private,75167,Undergraduate,13,Married-civ-spouse,Nontechnical, Husband,*,Male,0,0,55,North America,<=50K
22793,"[30, 40[", Private,176296,High School,9,Married-civ-spouse,Other, Husband,*,Male,0,1887,40,North America,>50K
22794,"[10, 20[", Private,93518,Undergraduate,10,Never-married,Nontechnical, Own-child,*,Female,0,0,20,North America,<=50K
22796,"[50, 60[", Self-emp-not-inc,25124,High School,9,Married-civ-spouse,Other, Husband,*,Male,0,0,60,North America,<=50K
22798,"[30, 40[", ?,58798,High School,4,Widowed,Other, Not-in-family,*,Female,0,0,44,North America,<=50K
22799,"[20, 30[", Self-emp-not-inc,21472,Undergraduate,10,Never-married,Other, Not-in-family,*,Female,0,0,22,North America,<=50K
22800,"[30, 40[", Private,90969,Professional Education,11,Married-civ-spouse,Other, Husband,*,Male,0,0,45,North America,>50K
22802,"[40, 50[", Private,52849,Undergraduate,10,Married-civ-spouse,Technical, Husband,*,Male,0,0,40,North America,<=50K
22803,"[30, 40[", Self-emp-not-inc,106347,Undergraduate,10,Divorced,Nontechnical, Unmarried,*,Male,0,0,47,North America,<=50K
22805,"[20, 30[", Private,488541,Undergraduate,10,Never-married,Other, Unmarried,*,Female,0,0,35,North America,<=50K
22806,"[40, 50[", Private,403911,Professional Education,11,Married-civ-spouse,Technical, Husband,*,Male,0,0,40,North America,>50K
22807,"[50, 60[", Private,172991,Undergraduate,10,Married-civ-spouse,Nontechnical, Husband,*,Male,0,0,25,North America,<=50K
22808,"[30, 40[", Federal-gov,210945,Undergraduate,10,Married-civ-spouse,Other, Husband,*,Male,0,0,70,North America,<=50K
22809,"[30, 40[", Private,157446,High School,9,Divorced,Technical, Unmarried,*,Male,0,0,45,North America,<=50K
22810,"[20, 30[", Private,109390,High School,9,Never-married,Other, Own-child,*,Male,0,0,70,North America,<=50K
22811,"[30, 40[", Private,134886,Undergraduate,10,Never-married,Other, Own-child,*,Female,99999,0,30,North America,>50K
22812,"[40, 50[", Private,144579,Undergraduate,13,Married-civ-spouse,Technical, Husband,*,Male,0,0,40,North America,>50K
22813,"[30, 40[", Federal-gov,203488,Professional Education,12,Never-married,Other, Not-in-family,*,Male,0,0,40,North America,<=50K
22814,"[20, 30[", Private,202871,High School,9,Never-married,Technical, Own-child,*,Male,0,0,20,North America,<=50K
22815,"[30, 40[", Private,175412,High School,5,Divorced,Technical, Unmarried,*,Male,114,0,55,North America,<=50K
22816,"[40, 50[", Private,336906,Undergraduate,10,Divorced,Other, Unmarried,*,Female,0,0,40,North America,<=50K
22817,"[30, 40[", Private,177596,Professional Education,11,Married-civ-spouse,Nontechnical, Wife,*,Female,0,0,40,North America,>50K
22818,"[30, 40[", Private,79448,Undergraduate,10,Divorced,Other, Unmarried,*,Female,0,0,10,North America,<=50K
22819,"[30, 40[", Local-gov,191731,Undergraduate,10,Never-married,Other, Unmarried,*,Female,0,0,40,North America,<=50K
22820,"[40, 50[", ?,233014,High School,9,Divorced,Other, Not-in-family,*,Female,0,0,40,North America,<=50K
22821,"[20, 30[", Private,133937,Undergraduate,13,Married-civ-spouse,Technical, Husband,*,Male,0,0,40,North America,>50K
22822,"[20, 30[", Private,219211,Undergraduate,10,Never-married,Other, Own-child,*,Male,0,0,20,North America,<=50K
22823,"[30, 40[", State-gov,94529,High School,9,Divorced,Other, Unmarried,*,Female,0,0,40,North America,<=50K
22824,"[30, 40[", Private,247547,High School,9,Separated,Technical, Other-relative,*,Female,0,0,40,North America,<=50K
22825,"[20, 30[", Private,29361,High School,9,Never-married,Other, Not-in-family,*,Female,0,0,38,North America,<=50K
22826,"[20, 30[", Private,166851,High School,9,Never-married,Technical, Other-relative,*,Male,0,0,40,North America,<=50K
22827,"[40, 50[", Federal-gov,197069,Undergraduate,13,Married-civ-spouse,Technical, Husband,*,Male,0,0,40,Asia,>50K
22828,"[30, 40[", Private,153588,High School,9,Married-civ-spouse,Technical, Husband,*,Male,0,0,40,North America,<=50K
22829,"[60, 70[", Federal-gov,151369,Professional Education,15,Married-civ-spouse,Technical, Husband,*,Male,0,0,50,North America,>50K
22830,"[40, 50[", Private,174112,Graduate,14,Never-married,Technical, Not-in-family,*,Female,0,0,40,North America,<=50K
22831,"[30, 40[", Private,520033,High School,8,Married-civ-spouse,Other, Wife,*,Female,0,0,40,North America,<=50K
22832,"[30, 40[", State-gov,194828,Undergraduate,10,Never-married,Technical, Own-child,*,Female,0,0,40,North America,<=50K
22833,"[30, 40[", ?,216908,High School,9,Married-civ-spouse,Other, Husband,*,Male,0,0,24,North America,<=50K
22834,"[20, 30[", Private,126613,Undergraduate,10,Never-married,Nontechnical, Own-child,*,Female,0,0,20,North America,<=50K
22835,"[60, 70[", Private,26254,High School,9,Divorced,Nontechnical, Not-in-family,*,Female,0,0,40,North America,<=50K
22836,"[20, 30[", Private,54042,Professional Education,11,Never-married,Other, Not-in-family,*,Female,2463,0,35,North America,<=50K
22837,"[20, 30[", Private,67804,High School,9,Never-married,Other, Own-child,*,Male,0,0,40,North America,<=50K
22838,"[50, 60[", Local-gov,53481,Graduate,14,Never-married,Technical, Not-in-family,*,Male,0,0,35,North America,<=50K
22839,"[40, 50[", Private,412379,High School,9,Married-civ-spouse,Nontechnical, Husband,*,Male,0,0,40,North America,<=50K
22840,"[50, 60[", Private,220187,Undergraduate,10,Married-civ-spouse,Nontechnical, Husband,*,Male,0,0,45,North America,>50K
22841,"[20, 30[", ?,256141,Undergraduate,10,Never-married,Other, Own-child,*,Female,0,0,40,North America,<=50K
22842,"[20, 30[", Private,268222,High School,9,Separated,Nontechnical, Unmarried,*,Female,0,0,40,North America,<=50K
22843,"[50, 60[", Private,99131,High School,9,Married-civ-spouse,Other, Wife,*,Female,0,0,40,North America,<=50K
22844,"[60, 70[", Self-emp-not-inc,115498,Undergraduate,13,Married-civ-spouse,Nontechnical, Husband,*,Male,3818,0,10,North America,<=50K
22845,"[50, 60[", Private,317847,Graduate,14,Divorced,Nontechnical, Not-in-family,*,Male,0,2824,50,North America,>50K
22846,"[30, 40[", Private,98389,Professional Education,12,Married-civ-spouse,Nontechnical, Husband,*,Male,0,0,44,North America,>50K
22847,"[40, 50[", Private,173704,Undergraduate,10,Married-civ-spouse,Nontechnical, Husband,*,Male,0,1887,50,North America,>50K
22848,"[10, 20[", ?,211177,High School,8,Never-married,Other, Other-relative,*,Male,0,0,20,North America,<=50K
22850,"[20, 30[", Private,65078,High School,9,Married-civ-spouse,Technical, Husband,*,Male,0,0,40,North America,>50K
22851,"[20, 30[", Private,24896,High School,9,Married-civ-spouse,Other, Wife,*,Female,0,0,20,North America,<=50K
22852,"[10, 20[", Private,184710,Undergraduate,10,Never-married,Technical, Own-child,*,Male,0,0,30,North America,<=50K
22854,"[30, 40[", Private,83893,Professional Education,11,Married-civ-spouse,Other, Husband,*,Male,0,0,40,North America,<=50K
22855,"[20, 30[", Private,113309,Undergraduate,10,Never-married,Other, Not-in-family,*,Male,0,0,40,North America,<=50K
22856,"[60, 70[", Private,160625,Undergraduate,10,Divorced,Technical, Not-in-family,*,Male,0,0,47,North America,<=50K
22857,"[10, 20[", Local-gov,340043,High School,8,Never-married,Other, Own-child,*,Female,0,0,12,North America,<=50K
22858,"[30, 40[", Local-gov,48976,Undergraduate,13,Never-married,Technical, Not-in-family,*,Female,4865,0,45,North America,<=50K
22860,"[30, 40[", Private,554206,High School,9,Separated,Other, Not-in-family,*,Male,0,0,20,North America,<=50K
22861,"[30, 40[", Private,361888,Undergraduate,10,Married-civ-spouse,Technical, Husband,*,Male,0,0,40,Unknown,>50K
22862,"[30, 40[", Self-emp-not-inc,205359,Undergraduate,10,Married-civ-spouse,Nontechnical, Wife,*,Female,0,0,15,North America,<=50K
22863,"[40, 50[", State-gov,167281,Undergraduate,13,Married-civ-spouse,Other, Husband,*,Male,0,0,40,North America,<=50K
22864,"[20, 30[", Private,35663,High School,9,Never-married,Other, Not-in-family,*,Female,0,0,40,North America,<=50K
22865,"[60, 70[", Private,357437,High School,9,Married-civ-spouse,Other, Husband,*,Male,0,0,40,North America,<=50K
22866,"[50, 60[", Private,390856,Primary School,3,Married-civ-spouse,Other, Husband,*,Male,0,0,45,North America,<=50K
22867,"[30, 40[", Federal-gov,331615,Graduate,16,Married-civ-spouse,Technical, Husband,*,Male,0,1848,40,North America,>50K
22868,"[50, 60[", Private,202415,High School,9,Married-civ-spouse,Technical, Husband,*,Male,0,0,40,North America,>50K
22869,"[40, 50[", Private,180032,Graduate,14,Never-married,Technical, Not-in-family,*,Female,0,1669,40,North America,<=50K
22870,"[40, 50[", Private,77247,High School,8,Married-civ-spouse,Technical, Husband,*,Male,0,0,50,North America,>50K
22871,"[40, 50[", Local-gov,101795,High School,9,Never-married,Other, Not-in-family,*,Male,0,0,42,North America,<=50K
22872,"[30, 40[", Private,272019,High School,7,Married-civ-spouse,Technical, Husband,*,Male,0,2057,40,North America,<=50K
22873,"[30, 40[", Private,198068,High School,7,Never-married,Other, Own-child,*,Male,0,0,40,North America,<=50K
22874,"[40, 50[", Self-emp-not-inc,199326,Undergraduate,10,Married-civ-spouse,Nontechnical, Husband,*,Male,0,0,50,North America,<=50K
22875,"[30, 40[", Private,178841,High School,9,Never-married,Other, Not-in-family,*,Female,0,0,40,North America,<=50K
22877,"[20, 30[", Self-emp-inc,109240,Undergraduate,13,Never-married,Nontechnical, Not-in-family,*,Male,0,0,50,North America,<=50K
22878,"[30, 40[", Self-emp-not-inc,128876,High School,4,Married-civ-spouse,Other, Husband,*,Male,0,0,40,North America,<=50K
22879,"[20, 30[", Private,103358,Undergraduate,10,Never-married,Technical, Own-child,*,Male,0,0,40,Asia,<=50K
22880,"[40, 50[", Private,354408,High School,8,Married-civ-spouse,Other, Husband,*,Male,0,0,40,North America,<=50K
22881,"[30, 40[", Private,206051,Undergraduate,10,Never-married,Other, Not-in-family,*,Male,0,0,35,North America,<=50K
22882,"[40, 50[", Private,155659,Undergraduate,13,Married-civ-spouse,Technical, Husband,*,Male,0,0,60,North America,>50K
22883,"[40, 50[", Private,143299,High School,9,Never-married,Technical, Not-in-family,*,Male,0,0,40,North America,<=50K
22884,"[30, 40[", Private,252210,Primary School,3,Never-married,Other, Own-child,*,Male,0,0,40,North America,<=50K
22885,"[20, 30[", ?,129240,Undergraduate,10,Never-married,Other, Own-child,*,Female,0,0,25,North America,<=50K
22886,"[20, 30[", Private,398918,High School,9,Never-married,Technical, Not-in-family,*,Male,0,0,40,North America,<=50K
22887,"[50, 60[", Self-emp-not-inc,240612,Undergraduate,13,Divorced,Technical, Not-in-family,*,Female,0,0,60,North America,<=50K
22888,"[20, 30[", Private,429346,High School,9,Never-married,Other, Other-relative,*,Male,0,0,40,North America,<=50K
22889,"[10, 20[", Private,123718,Undergraduate,10,Never-married,Nontechnical, Own-child,*,Female,0,0,20,North America,<=50K
22890,"[30, 40[", Private,455379,Undergraduate,13,Married-civ-spouse,Nontechnical, Husband,*,Male,0,0,63,North America,>50K
22891,"[20, 30[", Private,376416,High School,9,Never-married,Other, Own-child,*,Male,0,0,40,North America,<=50K
22892,"[20, 30[", Self-emp-inc,234663,Undergraduate,13,Never-married,Nontechnical, Own-child,*,Male,0,0,40,North America,<=50K
22894,"[40, 50[", State-gov,208049,High School,9,Divorced,Technical, Unmarried,*,Female,0,0,40,North America,<=50K
22897,"[20, 30[", Private,186452,High School,9,Never-married,Nontechnical, Not-in-family,*,Male,0,0,50,North America,<=50K
22899,"[40, 50[", Private,165267,High School,6,Married-civ-spouse,Other, Husband,*,Male,0,0,40,North America,<=50K
22900,"[40, 50[", Private,124733,Undergraduate,10,Married-civ-spouse,Technical, Husband,*,Male,0,0,40,Asia,<=50K
22901,"[30, 40[", Self-emp-inc,149726,High School,9,Married-civ-spouse,Technical, Husband,*,Male,0,0,50,North America,<=50K
22902,"[50, 60[", Private,41374,High School,9,Widowed,Other, Unmarried,*,Male,0,0,40,North America,<=50K
22903,"[30, 40[", Local-gov,329759,High School,9,Married-civ-spouse,Technical, Husband,*,Male,0,0,40,North America,<=50K
22904,"[30, 40[", Private,212433,High School,9,Never-married,Technical, Own-child,*,Male,0,0,40,North America,<=50K
22905,"[30, 40[", Private,185099,Professional Education,15,Married-civ-spouse,Technical, Husband,*,Male,0,0,55,North America,>50K
22906,"[40, 50[", Local-gov,126754,Graduate,14,Married-civ-spouse,Technical, Husband,*,Male,0,0,40,North America,>50K
22909,"[30, 40[", Local-gov,200892,Graduate,14,Married-civ-spouse,Technical, Husband,*,Male,0,0,40,North America,<=50K
22911,"[30, 40[", Self-emp-inc,84119,Undergraduate,13,Never-married,Nontechnical, Own-child,*,Male,0,0,43,North America,<=50K
22912,"[20, 30[", Local-gov,197918,Undergraduate,10,Never-married,Other, Own-child,*,Male,0,0,40,North America,>50K
22913,"[40, 50[", Self-emp-not-inc,150533,Professional Education,15,Married-civ-spouse,Technical, Husband,*,Male,0,0,50,North America,>50K
22914,"[50, 60[", Private,443742,Undergraduate,10,Divorced,Nontechnical, Not-in-family,*,Male,0,0,60,North America,<=50K
22915,"[20, 30[", Private,104423,Professional Education,12,Never-married,Other, Not-in-family,*,Male,0,0,40,North America,<=50K
22916,"[50, 60[", Private,169133,High School,9,Married-civ-spouse,Technical, Husband,*,Male,0,0,45,North America,<=50K
22917,"[20, 30[", Private,185551,High School,9,Never-married,Nontechnical, Own-child,*,Female,0,0,36,North America,<=50K
22918,"[60, 70[", Private,174486,High School,9,Widowed,Technical, Not-in-family,*,Female,0,0,40,North America,<=50K
22919,"[60, 70[", State-gov,50468,Professional Education,15,Married-civ-spouse,Other, Husband,*,Male,0,0,34,North America,>50K
22920,"[20, 30[", Private,196943,High School,9,Never-married,Nontechnical, Own-child,*,Male,0,0,40,North America,<=50K
22921,"[10, 20[", Private,120691,High School,9,Never-married,Nontechnical, Own-child,*,Male,0,0,25,North America,<=50K
22922,"[60, 70[", State-gov,198815,Professional Education,12,Married-civ-spouse,Technical, Husband,*,Male,0,0,20,North America,<=50K
22923,"[60, 70[", Private,22186,Undergraduate,10,Widowed,Technical, Not-in-family,*,Female,0,0,35,North America,<=50K
22924,"[30, 40[", Self-emp-inc,188069,Professional Education,11,Married-civ-spouse,Nontechnical, Husband,*,Male,0,0,60,North America,>50K
22925,"[50, 60[", Private,233149,Professional Education,12,Married-civ-spouse,Nontechnical, Husband,*,Male,0,0,45,North America,>50K
22926,"[50, 60[", Private,138358,High School,6,Divorced,Technical, Not-in-family,*,Female,0,0,35,North America,<=50K
22927,"[20, 30[", Private,338013,Undergraduate,10,Divorced,Technical, Not-in-family,*,Female,0,0,40,North America,<=50K
22928,"[10, 20[", ?,332666,High School,6,Never-married,Other, Own-child,*,Female,0,0,4,North America,<=50K
22929,"[30, 40[", Private,166339,Undergraduate,10,Divorced,Technical, Unmarried,*,Female,0,0,40,North America,<=50K
22930,"[70, 80[", Self-emp-not-inc,392886,High School,9,Widowed,Other, Not-in-family,*,Female,0,0,14,North America,<=50K
22931,"[20, 30[", State-gov,141838,Undergraduate,13,Married-civ-spouse,Nontechnical, Husband,*,Male,0,0,40,North America,>50K
22932,"[20, 30[", Private,520759,High School,9,Never-married,Other, Not-in-family,*,Male,0,0,30,North America,<=50K
22933,"[50, 60[", Self-emp-inc,37345,Professional Education,15,Married-civ-spouse,Technical, Husband,*,Male,0,0,36,North America,>50K
22934,"[20, 30[", Private,387779,High School,7,Never-married,Other, Own-child,*,Male,0,0,15,North America,<=50K
22935,"[30, 40[", Private,201531,High School,9,Married-civ-spouse,Other, Husband,*,Male,0,0,40,North America,<=50K
22936,"[40, 50[", Private,123598,Undergraduate,13,Married-civ-spouse,Nontechnical, Husband,*,Male,0,0,40,North America,<=50K
22937,"[30, 40[", Private,380614,Undergraduate,10,Divorced,Technical, Not-in-family,*,Female,0,0,45,North America,>50K
22938,"[40, 50[", Private,83859,High School,9,Widowed,Technical, Own-child,*,Female,0,0,30,North America,<=50K
22939,"[50, 60[", State-gov,24790,High School,9,Married-civ-spouse,Nontechnical, Husband,*,Male,0,0,40,North America,<=50K
22940,"[20, 30[", Private,266820,Primary School,1,Never-married,Other, Not-in-family,*,Male,0,0,35,North America,<=50K
22941,"[40, 50[", Private,85440,High School,9,Married-civ-spouse,Other, Husband,*,Male,0,0,45,North America,<=50K
22942,"[40, 50[", Private,421837,High School,9,Married-civ-spouse,Other, Husband,*,Male,0,0,40,North America,<=50K
22943,"[30, 40[", Self-emp-not-inc,404062,High School,9,Married-civ-spouse,Technical, Husband,*,Male,0,1977,15,North America,>50K
22944,"[30, 40[", Private,224566,Professional Education,11,Married-civ-spouse,Nontechnical, Husband,*,Male,0,0,50,North America,<=50K
22945,"[50, 60[", Private,294991,High School,6,Married-civ-spouse,Nontechnical, Husband,*,Male,0,0,40,North America,<=50K
22946,"[40, 50[", Federal-gov,189610,High School,9,Divorced,Other, Not-in-family,*,Female,0,0,52,North America,<=50K
22947,"[30, 40[", Private,219141,High School,7,Married-civ-spouse,Nontechnical, Husband,*,Male,7688,0,40,North America,>50K
22948,"[40, 50[", Federal-gov,20956,Undergraduate,13,Married-civ-spouse,Nontechnical, Husband,*,Male,15024,0,40,North America,>50K
22949,"[30, 40[", Private,70995,High School,9,Divorced,Technical, Not-in-family,*,Male,0,0,45,North America,<=50K
22950,"[20, 30[", Private,215232,Undergraduate,10,Never-married,Nontechnical, Own-child,*,Female,0,0,10,North America,<=50K
22952,"[30, 40[", Private,56201,Undergraduate,10,Married-civ-spouse,Other, Husband,*,Male,0,0,40,North America,<=50K
22953,"[60, 70[", Private,98076,Undergraduate,13,Married-civ-spouse,Nontechnical, Husband,*,Male,0,0,40,North America,>50K
22954,"[30, 40[", Private,351810,Undergraduate,13,Never-married,Technical, Not-in-family,*,Female,0,0,45,North America,<=50K
22955,"[50, 60[", Self-emp-not-inc,144351,High School,9,Married-civ-spouse,Other, Husband,*,Male,0,0,90,North America,<=50K
22956,"[30, 40[", State-gov,137613,Graduate,14,Married-civ-spouse,Technical, Husband,*,Male,0,0,20,Asia,<=50K
22957,"[10, 20[", Private,54257,High School,7,Never-married,Other, Own-child,*,Female,0,0,20,North America,<=50K
22958,"[10, 20[", Self-emp-not-inc,230373,High School,7,Never-married,Other, Own-child,*,Female,594,0,4,North America,<=50K
22959,"[30, 40[", Private,98389,High School,7,Married-civ-spouse,Other, Husband,*,Male,0,0,40,North America,<=50K
22960,"[20, 30[", Private,184135,High School,9,Never-married,Technical, Own-child,*,Male,0,0,1,North America,<=50K
22961,"[40, 50[", Self-emp-not-inc,140121,High School,9,Divorced,Technical, Own-child,*,Male,0,0,50,North America,<=50K
22962,"[30, 40[", Self-emp-not-inc,24504,Undergraduate,10,Married-civ-spouse,Technical, Husband,*,Male,0,0,60,North America,<=50K
22963,"[20, 30[", Private,129528,Undergraduate,10,Never-married,Nontechnical, Not-in-family,*,Female,0,0,40,North America,<=50K
22964,"[30, 40[", Private,415578,Undergraduate,10,Married-civ-spouse,Technical, Husband,*,Male,0,0,40,North America,>50K
22965,"[40, 50[", Private,97142,High School,4,Married-civ-spouse,Other, Husband,*,Male,0,0,40,North America,<=50K
22966,"[30, 40[", Private,201328,High School,9,Married-civ-spouse,Other, Husband,*,Male,0,0,50,North America,<=50K
22968,"[40, 50[", Federal-gov,96854,Undergraduate,13,Married-civ-spouse,Technical, Husband,*,Male,0,0,40,North America,>50K
22969,"[40, 50[", State-gov,141858,Professional Education,15,Married-civ-spouse,Technical, Husband,*,Male,15024,0,75,North America,>50K
22970,"[50, 60[", Federal-gov,20795,High School,9,Married-civ-spouse,Other, Husband,*,Male,7688,0,40,North America,>50K
22971,"[50, 60[", Private,95519,High School,9,Married-civ-spouse,Technical, Husband,*,Male,0,0,42,North America,>50K
22972,"[40, 50[", Private,112791,High School,9,Married-civ-spouse,Other, Husband,*,Male,0,0,40,North America,<=50K
22973,"[20, 30[", Private,291407,High School,7,Never-married,Nontechnical, Own-child,*,Male,0,0,40,North America,<=50K
22974,"[30, 40[", Private,239659,Undergraduate,10,Separated,Technical, Unmarried,*,Female,0,0,70,North America,<=50K
22975,"[20, 30[", Private,183151,High School,9,Married-civ-spouse,Technical, Husband,*,Male,0,0,50,North America,<=50K
22976,"[50, 60[", ?,97634,Primary School,3,Married-civ-spouse,Other, Husband,*,Male,0,0,40,North America,<=50K
22977,"[50, 60[", Private,143807,High School,9,Divorced,Nontechnical, Not-in-family,*,Female,0,0,40,North America,<=50K
22979,"[30, 40[", Private,170065,Undergraduate,10,Married-civ-spouse,Technical, Husband,*,Male,0,0,40,North America,<=50K
22980,"[30, 40[", Private,108328,Undergraduate,10,Never-married,Other, Not-in-family,*,Female,6849,0,50,North America,<=50K
22982,"[20, 30[", Private,204596,Undergraduate,10,Never-married,Other, Own-child,*,Female,0,0,20,North America,<=50K
22983,"[50, 60[", ?,32604,Undergraduate,10,Never-married,Other, Not-in-family,*,Female,0,0,40,North America,<=50K
22984,"[50, 60[", Private,193453,Undergraduate,13,Married-civ-spouse,Technical, Husband,*,Male,0,1902,65,North America,>50K
22985,"[40, 50[", Private,148995,Undergraduate,13,Married-civ-spouse,Technical, Husband,*,Male,15024,0,40,North America,>50K
22986,"[20, 30[", Private,85041,Undergraduate,10,Never-married,Nontechnical, Own-child,*,Female,0,0,20,North America,<=50K
22987,"[60, 70[", Local-gov,140851,High School,9,Married-civ-spouse,Other, Husband,*,Male,0,0,40,North America,>50K
22988,"[20, 30[", Private,196280,Undergraduate,13,Never-married,Nontechnical, Not-in-family,*,Female,0,0,30,North America,<=50K
22990,"[20, 30[", Private,39182,High School,9,Married-civ-spouse,Nontechnical, Husband,*,Male,0,0,40,North America,<=50K
22991,"[30, 40[", Private,198841,Graduate,14,Married-civ-spouse,Nontechnical, Husband,*,Male,0,0,40,North America,>50K
22992,"[40, 50[", Private,694812,Undergraduate,10,Never-married,Technical, Not-in-family,*,Male,0,0,40,North America,<=50K
22994,"[40, 50[", Private,294270,High School,5,Married-civ-spouse,Other, Husband,*,Male,0,0,35,North America,<=50K
22995,"[50, 60[", Private,195820,High School,9,Married-civ-spouse,Other, Husband,*,Male,0,0,40,North America,>50K
22996,"[20, 30[", Private,329426,Graduate,14,Never-married,Nontechnical, Not-in-family,*,Male,0,0,37,North America,<=50K
22997,"[10, 20[", ?,174871,Undergraduate,10,Never-married,Other, Own-child,*,Male,0,0,23,North America,<=50K
22998,"[40, 50[", Private,116103,Undergraduate,10,Never-married,Nontechnical, Not-in-family,*,Male,0,0,50,North America,<=50K
22999,"[20, 30[", Private,206903,Undergraduate,13,Never-married,Nontechnical, Unmarried,*,Male,0,0,35,North America,<=50K
23000,"[50, 60[", Private,217577,High School,9,Widowed,Technical, Unmarried,*,Female,0,0,40,North America,<=50K
23001,"[20, 30[", Private,337693,Primary School,3,Never-married,Other, Own-child,*,Female,0,0,40,North America,<=50K
23002,"[30, 40[", Private,204501,Undergraduate,13,Married-civ-spouse,Nontechnical, Husband,*,Male,0,0,55,North America,>50K
23003,"[30, 40[", Private,169186,High School,9,Never-married,Technical, Own-child,*,Male,0,0,60,North America,<=50K
23004,"[40, 50[", Private,109421,Undergraduate,13,Married-civ-spouse,Technical, Husband,*,Male,0,0,55,North America,<=50K
23005,"[30, 40[", Local-gov,267893,Professional Education,12,Married-civ-spouse,Technical, Husband,*,Male,7298,0,40,North America,>50K
23006,"[40, 50[", Private,200479,Professional Education,11,Married-civ-spouse,Technical, Husband,*,Male,0,0,40,North America,<=50K
23007,"[20, 30[", Local-gov,221317,High School,7,Married-civ-spouse,Technical, Husband,*,Male,0,0,40,North America,<=50K
23008,"[50, 60[", Self-emp-not-inc,132925,Graduate,14,Married-civ-spouse,Technical, Husband,*,Male,0,0,40,North America,>50K
23009,"[30, 40[", ?,283531,High School,9,Divorced,Other, Unmarried,*,Female,0,0,20,North America,<=50K
23010,"[30, 40[", Private,170769,High School,9,Married-civ-spouse,Other, Husband,*,Male,0,0,50,North America,>50K
23011,"[40, 50[", Self-emp-inc,186410,Professional Education,15,Never-married,Other, Not-in-family,*,Male,0,0,60,North America,>50K
23013,"[20, 30[", Private,380560,High School,5,Married-civ-spouse,Technical, Husband,*,Male,0,0,40,North America,<=50K
23014,"[30, 40[", Local-gov,147258,High School,9,Never-married,Other, Not-in-family,*,Male,0,0,40,North America,<=50K
23015,"[40, 50[", Private,212894,Undergraduate,13,Married-civ-spouse,Nontechnical, Husband,*,Male,0,1887,40,North America,>50K
23016,"[40, 50[", Private,124356,Undergraduate,13,Married-civ-spouse,Nontechnical, Husband,*,Male,0,0,60,North America,>50K
23017,"[50, 60[", Private,98791,Undergraduate,10,Married-civ-spouse,Technical, Husband,*,Male,0,0,40,North America,<=50K
23018,"[30, 40[", Private,216473,Undergraduate,10,Married-civ-spouse,Other, Husband,*,Male,0,0,50,North America,>50K
23020,"[30, 40[", Private,107303,High School,9,Married-civ-spouse,Technical, Husband,*,Male,0,0,40,North America,<=50K
23022,"[30, 40[", Self-emp-not-inc,100079,Undergraduate,13,Married-civ-spouse,Nontechnical, Husband,*,Male,0,0,55,Asia,<=50K
23024,"[20, 30[", Private,197613,Undergraduate,10,Never-married,Other, Not-in-family,*,Female,0,0,40,North America,<=50K
23025,"[20, 30[", Private,411068,Undergraduate,10,Never-married,Other, Own-child,*,Female,0,0,35,North America,<=50K
23026,"[40, 50[", Private,192984,Undergraduate,10,Widowed,Other, Unmarried,*,Female,0,0,40,North America,<=50K
23027,"[50, 60[", Private,66356,High School,4,Never-married,Other, Unmarried,*,Male,4865,0,40,North America,<=50K
23028,"[30, 40[", Federal-gov,137184,Professional Education,12,Divorced,Nontechnical, Unmarried,*,Male,0,0,50,North America,>50K
23029,"[60, 70[", Self-emp-not-inc,231105,Undergraduate,10,Married-civ-spouse,Technical, Husband,*,Male,0,0,35,North America,>50K
23030,"[10, 20[", Local-gov,146586,High School,9,Never-married,Other, Own-child,*,Male,0,0,60,North America,<=50K
23031,"[30, 40[", Private,32406,Undergraduate,13,Never-married,Technical, Not-in-family,*,Female,0,0,50,North America,<=50K
23032,"[30, 40[", Private,578701,Undergraduate,13,Married-civ-spouse,Nontechnical, Husband,*,Male,0,0,40,Unknown,<=50K
23033,"[10, 20[", Private,206777,High School,9,Never-married,Nontechnical, Other-relative,*,Male,0,0,40,North America,<=50K
23034,"[20, 30[", Local-gov,133495,High School,9,Never-married,Technical, Own-child,*,Male,0,0,40,North America,<=50K
23035,"[40, 50[", Private,34722,Undergraduate,10,Divorced,Other, Not-in-family,*,Male,0,0,48,North America,>50K
23036,"[30, 40[", Self-emp-not-inc,133299,Professional Education,12,Married-civ-spouse,Other, Husband,*,Male,0,0,40,North America,<=50K
23037,"[20, 30[", Private,24967,High School,9,Never-married,Other, Own-child,*,Male,0,0,47,North America,<=50K
23038,"[30, 40[", Self-emp-not-inc,171968,High School,9,Separated,Other, Not-in-family,*,Male,0,0,70,North America,<=50K
23039,"[20, 30[", Private,412156,Undergraduate,10,Never-married,Other, Own-child,*,Female,0,0,40,North America,<=50K
23040,"[40, 50[", Private,51290,Graduate,14,Married-civ-spouse,Technical, Husband,*,Male,0,0,50,North America,>50K
23041,"[30, 40[", Private,198265,Undergraduate,10,Married-civ-spouse,Technical, Husband,*,Male,3103,0,40,North America,>50K
23042,"[20, 30[", Private,293565,High School,6,Never-married,Nontechnical, Not-in-family,*,Male,0,0,40,North America,<=50K
23043,"[20, 30[", Private,226288,Undergraduate,13,Never-married,Other, Not-in-family,*,Male,0,0,40,North America,<=50K
23044,"[50, 60[", Self-emp-inc,110445,Undergraduate,10,Married-civ-spouse,Other, Husband,*,Male,0,0,60,North America,<=50K
23045,"[30, 40[", Private,160634,Undergraduate,10,Married-civ-spouse,Technical, Husband,*,Male,0,0,40,North America,>50K
23046,"[30, 40[", Private,174242,High School,9,Married-civ-spouse,Technical, Husband,*,Male,0,0,40,North America,<=50K
23047,"[20, 30[", Private,390316,High School,5,Married-civ-spouse,Technical, Husband,*,Male,0,0,40,North America,<=50K
23048,"[10, 20[", Private,298860,High School,7,Never-married,Nontechnical, Own-child,*,Male,0,0,20,North America,<=50K
23050,"[40, 50[", Self-emp-not-inc,232664,Undergraduate,13,Never-married,Nontechnical, Own-child,*,Female,0,0,40,North America,<=50K
23051,"[60, 70[", Private,63676,High School,6,Married-civ-spouse,Other, Husband,*,Male,0,0,40,North America,<=50K
23052,"[60, 70[", Private,170376,Undergraduate,13,Married-civ-spouse,Nontechnical, Husband,*,Male,0,0,40,North America,>50K
23053,"[50, 60[", Self-emp-not-inc,175964,Undergraduate,10,Divorced,Other, Not-in-family,*,Female,0,0,40,North America,<=50K
23054,"[60, 70[", Federal-gov,422013,High School,9,Divorced,Technical, Not-in-family,*,Female,0,3683,40,North America,<=50K
23055,"[30, 40[", Private,105813,Undergraduate,13,Married-civ-spouse,Technical, Husband,*,Male,0,0,48,North America,>50K
23056,"[50, 60[", Federal-gov,306707,High School,9,Never-married,Other, Unmarried,*,Female,0,0,12,North America,<=50K
23057,"[40, 50[", Private,177543,High School,9,Divorced,Other, Unmarried,*,Female,0,0,28,North America,<=50K
23058,"[40, 50[", Private,320277,Undergraduate,13,Married-civ-spouse,Nontechnical, Husband,*,Male,0,0,40,North America,<=50K
23059,"[30, 40[", Private,129495,Undergraduate,10,Separated,Other, Unmarried,*,Female,0,0,40,North America,<=50K
23060,"[30, 40[", Private,257042,High School,9,Divorced,Technical, Unmarried,*,Male,1506,0,40,North America,<=50K
23061,"[40, 50[", Private,275995,Undergraduate,13,Married-civ-spouse,Technical, Husband,*,Male,0,0,50,North America,>50K
23062,"[20, 30[", ?,86318,Undergraduate,10,Never-married,Other, Own-child,*,Female,0,0,10,North America,<=50K
23063,"[30, 40[", Private,280440,Professional Education,12,Never-married,Technical, Unmarried,*,Female,0,0,45,North America,<=50K
23064,"[20, 30[", Private,371556,Undergraduate,10,Never-married,Other, Not-in-family,*,Female,0,0,40,North America,<=50K
23065,"[30, 40[", Private,408229,Undergraduate,13,Never-married,Technical, Not-in-family,*,Female,0,0,32,North America,<=50K
23066,"[40, 50[", Private,149337,Undergraduate,13,Never-married,Other, Not-in-family,*,Male,0,0,60,North America,<=50K
23067,"[30, 40[", Private,209297,High School,9,Never-married,Technical, Not-in-family,*,Male,0,2001,40,North America,<=50K
23068,"[50, 60[", Private,355802,Undergraduate,10,Widowed,Nontechnical, Unmarried,*,Female,0,0,30,North America,<=50K
23069,"[30, 40[", Private,165949,Undergraduate,13,Divorced,Technical, Not-in-family,*,Female,0,1590,42,North America,<=50K
23070,"[40, 50[", Self-emp-not-inc,112507,Primary School,3,Married-civ-spouse,Technical, Husband,*,Male,0,0,40,North America,<=50K
23071,"[20, 30[", Private,462869,High School,9,Never-married,Nontechnical, Other-relative,*,Male,0,0,40,North America,<=50K
23072,"[30, 40[", Private,413648,Primary School,3,Never-married,Other, Unmarried,*,Male,0,0,36,North America,<=50K
23073,"[30, 40[", Private,29235,Professional Education,12,Divorced,Technical, Not-in-family,*,Female,0,0,40,North America,<=50K
23074,"[40, 50[", Private,149823,Undergraduate,10,Married-civ-spouse,Technical, Husband,*,Male,0,0,40,North America,<=50K
23075,"[40, 50[", Private,39530,High School,9,Divorced,Other, Not-in-family,*,Female,0,0,4,North America,<=50K
23076,"[20, 30[", Private,197387,High School,9,Never-married,Technical, Own-child,*,Male,0,0,37,North America,<=50K
23077,"[50, 60[", Local-gov,255406,High School,9,Divorced,Nontechnical, Not-in-family,*,Female,0,0,40,North America,<=50K
23078,"[50, 60[", Private,43764,Graduate,16,Married-civ-spouse,Technical, Husband,*,Male,15024,0,50,North America,>50K
23079,"[30, 40[", Private,168322,High School,9,Married-civ-spouse,Other, Husband,*,Male,0,0,60,North America,<=50K
23080,"[40, 50[", Private,278322,Professional Education,11,Married-civ-spouse,Nontechnical, Husband,*,Male,0,0,40,North America,>50K
23083,"[40, 50[", Private,289636,High School,9,Married-civ-spouse,Other, Husband,*,Male,0,0,46,North America,<=50K
23084,"[40, 50[", Private,101684,High School,9,Married-civ-spouse,Nontechnical, Husband,*,Male,0,0,40,North America,<=50K
23085,"[20, 30[", Private,133425,High School,9,Never-married,Nontechnical, Not-in-family,*,Female,0,0,50,North America,<=50K
23086,"[40, 50[", Private,349405,Professional Education,11,Married-civ-spouse,Technical, Wife,*,Female,0,0,36,North America,<=50K
23087,"[50, 60[", Private,124076,Graduate,16,Married-civ-spouse,Technical, Wife,*,Female,99999,0,37,North America,>50K
23089,"[30, 40[", Private,185099,Undergraduate,13,Married-civ-spouse,Technical, Husband,*,Male,0,0,48,North America,>50K
23090,"[40, 50[", Federal-gov,268281,Professional Education,12,Divorced,Other, Unmarried,*,Female,0,0,40,North America,<=50K
23091,"[50, 60[", Private,154949,High School,9,Widowed,Technical, Not-in-family,*,Female,0,0,40,North America,<=50K
23092,"[30, 40[", Private,176711,High School,9,Divorced,Other, Own-child,*,Male,0,0,40,North America,<=50K
23093,"[20, 30[", Private,165064,Undergraduate,10,Married-civ-spouse,Nontechnical, Husband,*,Male,0,0,40,North America,<=50K
23094,"[30, 40[", Private,213750,Professional Education,11,Never-married,Other, Not-in-family,*,Male,0,0,45,North America,<=50K
23095,"[40, 50[", Self-emp-not-inc,77132,Undergraduate,10,Never-married,Nontechnical, Not-in-family,*,Male,0,0,55,North America,<=50K
23096,"[20, 30[", Private,109667,Undergraduate,10,Never-married,Other, Own-child,*,Male,0,0,40,North America,<=50K
23097,"[30, 40[", Private,162164,High School,9,Married-civ-spouse,Technical, Husband,*,Male,0,0,44,North America,<=50K
23098,"[40, 50[", Private,219591,High School,6,Married-civ-spouse,Technical, Husband,*,Male,0,0,50,North America,<=50K
23099,"[20, 30[", ?,327462,High School,6,Divorced,Other, Not-in-family,*,Female,0,0,40,North America,<=50K
23100,"[60, 70[", Private,236943,High School,5,Divorced,Other, Not-in-family,*,Male,0,0,20,North America,<=50K
23101,"[40, 50[", Private,89226,Undergraduate,13,Married-civ-spouse,Nontechnical, Husband,*,Male,0,0,40,North America,>50K
23102,"[20, 30[", Private,124751,Undergraduate,10,Never-married,Other, Own-child,*,Female,0,0,24,North America,<=50K
23103,"[40, 50[", Local-gov,144122,Graduate,14,Divorced,Technical, Not-in-family,*,Female,0,0,40,North America,>50K
23104,"[20, 30[", Private,98769,Undergraduate,13,Never-married,Nontechnical, Not-in-family,*,Male,0,0,45,North America,<=50K
23106,"[50, 60[", Self-emp-inc,162439,High School,9,Married-civ-spouse,Nontechnical, Husband,*,Male,0,0,98,North America,>50K
23107,"[40, 50[", Private,22900,High School,9,Divorced,Other, Not-in-family,*,Female,0,0,40,North America,<=50K
23108,"[30, 40[", Local-gov,102130,Undergraduate,10,Married-civ-spouse,Technical, Husband,*,Male,0,0,40,North America,<=50K
23109,"[10, 20[", ?,215743,High School,7,Never-married,Other, Own-child,*,Male,0,0,40,North America,<=50K
23110,"[30, 40[", Private,381583,Undergraduate,10,Married-civ-spouse,Technical, Husband,*,Male,0,0,45,North America,>50K
23111,"[50, 60[", Local-gov,198277,High School,8,Never-married,Nontechnical, Not-in-family,*,Male,0,0,40,North America,<=50K
23112,"[20, 30[", Private,243178,High School,9,Never-married,Nontechnical, Own-child,*,Male,0,0,28,North America,<=50K
23113,"[30, 40[", Local-gov,177305,Undergraduate,13,Married-civ-spouse,Technical, Husband,*,Male,0,0,38,North America,<=50K
23114,"[10, 20[", Private,167149,Undergraduate,10,Never-married,Nontechnical, Own-child,*,Female,0,0,25,North America,<=50K
23117,"[40, 50[", Local-gov,277144,Undergraduate,13,Never-married,Technical, Own-child,*,Male,0,0,60,North America,<=50K
23118,"[20, 30[", State-gov,145651,Undergraduate,10,Never-married,Nontechnical, Own-child,*,Female,0,1602,12,North America,<=50K
23119,"[40, 50[", Private,171351,Undergraduate,10,Married-civ-spouse,Technical, Husband,*,Male,0,0,40,North America,<=50K
23120,"[10, 20[", Private,265099,High School,7,Never-married,Other, Own-child,*,Female,0,0,16,North America,<=50K
23121,"[20, 30[", Private,105617,High School,5,Never-married,Other, Own-child,*,Male,0,0,40,North America,<=50K
23122,"[30, 40[", Local-gov,217689,Undergraduate,10,Married-civ-spouse,Other, Husband,*,Male,0,0,32,North America,<=50K
23123,"[40, 50[", ?,81136,Professional Education,11,Divorced,Other, Unmarried,*,Male,0,0,30,North America,<=50K
23124,"[40, 50[", Self-emp-not-inc,73883,Undergraduate,13,Divorced,Nontechnical, Unmarried,*,Male,0,0,45,North America,<=50K
23125,"[30, 40[", Private,339482,Primary School,2,Married-civ-spouse,Technical, Husband,*,Male,0,0,40,North America,<=50K
23126,"[40, 50[", Private,326232,Undergraduate,10,Divorced,Other, Unmarried,*,Male,0,0,40,North America,>50K
23127,"[20, 30[", Private,106316,Professional Education,15,Divorced,Technical, Not-in-family,*,Female,0,0,12,North America,<=50K
23129,"[30, 40[", Federal-gov,126501,Professional Education,11,Never-married,Technical, Own-child,*,Male,0,0,40,North America,<=50K
23130,"[40, 50[", Private,233802,Graduate,14,Married-civ-spouse,Nontechnical, Husband,*,Male,0,0,45,North America,<=50K
23131,"[30, 40[", Self-emp-not-inc,204501,Undergraduate,13,Married-civ-spouse,Nontechnical, Husband,*,Male,0,0,20,North America,>50K
23132,"[20, 30[", Private,208249,Undergraduate,10,Divorced,Technical, Not-in-family,*,Male,0,0,24,North America,<=50K
23133,"[40, 50[", Private,188693,Undergraduate,10,Married-civ-spouse,Technical, Husband,*,Male,0,0,40,North America,<=50K
23134,"[60, 70[", Self-emp-inc,93272,High School,4,Married-civ-spouse,Nontechnical, Husband,*,Male,0,0,60,North America,<=50K
23135,"[10, 20[", Private,159299,High School,7,Never-married,Other, Own-child,*,Female,0,0,20,North America,<=50K
23136,"[20, 30[", ?,303588,Undergraduate,10,Never-married,Other, Own-child,*,Female,0,0,30,North America,<=50K
23137,"[40, 50[", Private,35136,High School,6,Divorced,Other, Own-child,*,Male,0,0,40,North America,<=50K
23138,"[10, 20[", Private,139576,High School,9,Never-married,Other, Own-child,*,Female,0,0,40,North America,<=50K
23139,"[20, 30[", Private,252355,High School,9,Never-married,Other, Not-in-family,*,Male,0,0,27,North America,<=50K
23140,"[40, 50[", Self-emp-not-inc,83812,Undergraduate,13,Divorced,Nontechnical, Not-in-family,*,Male,0,0,60,North America,<=50K
23141,"[30, 40[", Private,89718,High School,9,Married-civ-spouse,Nontechnical, Husband,*,Male,0,0,40,North America,<=50K
23143,"[20, 30[", Private,456618,High School,9,Never-married,Other, Not-in-family,*,Male,0,0,40,North America,<=50K
23144,"[20, 30[", Private,296158,High School,6,Married-civ-spouse,Other, Husband,*,Male,0,0,25,North America,<=50K
23145,"[40, 50[", Private,162140,High School,9,Divorced,Technical, Not-in-family,*,Male,0,2339,40,North America,<=50K
23146,"[20, 30[", Private,36601,Undergraduate,10,Never-married,Other, Unmarried,*,Female,0,0,35,North America,<=50K
23147,"[20, 30[", Private,195337,Undergraduate,10,Never-married,Technical, Not-in-family,*,Female,0,0,40,North America,<=50K
23148,"[10, 20[", State-gov,282721,Undergraduate,10,Never-married,Other, Not-in-family,*,Male,0,0,12,North America,<=50K
23149,"[40, 50[", Private,206049,Undergraduate,10,Married-civ-spouse,Other, Husband,*,Male,0,0,40,North America,<=50K
23150,"[10, 20[", Private,223392,High School,9,Never-married,Nontechnical, Own-child,*,Male,0,0,15,North America,<=50K
23151,"[40, 50[", Private,27821,Professional Education,11,Married-civ-spouse,Other, Husband,*,Male,2829,0,40,North America,<=50K
23152,"[30, 40[", Private,131827,High School,9,Never-married,Technical, Unmarried,*,Male,0,0,40,North America,<=50K
23153,"[30, 40[", Private,549413,Undergraduate,10,Married-civ-spouse,Other, Husband,*,Male,0,0,40,North America,>50K
23154,"[30, 40[", Private,69491,High School,9,Married-civ-spouse,Other, Husband,*,Male,0,0,40,North America,<=50K
23155,"[40, 50[", Local-gov,193755,Professional Education,12,Never-married,Other, Not-in-family,*,Male,0,0,40,North America,<=50K
23156,"[30, 40[", Private,598802,Undergraduate,10,Divorced,Other, Unmarried,*,Female,0,0,40,North America,<=50K
23157,"[70, 80[", Local-gov,259762,High School,9,Married-civ-spouse,Nontechnical, Husband,*,Male,2290,0,10,North America,<=50K
23158,"[10, 20[", Private,266255,High School,9,Never-married,Nontechnical, Own-child,*,Female,0,0,40,North America,<=50K
23159,"[50, 60[", Private,32954,Professional Education,11,Divorced,Technical, Not-in-family,*,Female,0,0,36,North America,<=50K
23160,"[40, 50[", Private,291808,High School,9,Divorced,Other, Not-in-family,*,Female,0,0,40,North America,<=50K
23161,"[30, 40[", Private,190728,High School,9,Divorced,Technical, Unmarried,*,Female,0,0,40,North America,<=50K
23162,"[20, 30[", Private,59184,Professional Education,12,Never-married,Other, Not-in-family,*,Male,0,0,45,North America,<=50K
23163,"[40, 50[", Private,196456,Graduate,14,Never-married,Technical, Not-in-family,*,Female,0,0,40,North America,<=50K
23164,"[50, 60[", Private,147989,Undergraduate,10,Married-civ-spouse,Technical, Husband,*,Male,0,0,50,North America,>50K
23165,"[50, 60[", Private,195784,High School,8,Divorced,Nontechnical, Unmarried,*,Male,0,0,40,North America,<=50K
23166,"[20, 30[", Private,202214,Professional Education,12,Never-married,Other, Not-in-family,*,Female,0,0,10,North America,<=50K
23167,"[40, 50[", Self-emp-inc,225165,High School,9,Married-civ-spouse,Nontechnical, Husband,*,Male,0,0,40,North America,<=50K
23168,"[20, 30[", Private,54825,High School,9,Never-married,Nontechnical, Not-in-family,*,Male,0,0,40,North America,<=50K
23170,"[10, 20[", Private,132636,High School,7,Never-married,Other, Own-child,*,Female,0,0,16,North America,<=50K
23171,"[40, 50[", Local-gov,228320,High School,4,Divorced,Other, Not-in-family,*,Male,0,0,40,North America,<=50K
23172,"[30, 40[", Private,415500,Undergraduate,10,Married-civ-spouse,Technical, Husband,*,Male,0,0,40,North America,>50K
23174,"[40, 50[", Private,255635,Primary School,3,Married-civ-spouse,Technical, Husband,*,Male,0,0,40,North America,<=50K
23175,"[40, 50[", Private,96080,High School,5,Separated,Technical, Unmarried,*,Female,0,0,40,North America,<=50K
23176,"[10, 20[", ?,78181,High School,9,Never-married,Other, Own-child,*,Female,0,0,20,North America,<=50K
23178,"[40, 50[", Self-emp-not-inc,126500,High School,4,Married-civ-spouse,Nontechnical, Husband,*,Male,0,0,40,North America,<=50K
23179,"[30, 40[", Private,511289,High School,9,Never-married,Other, Not-in-family,*,Male,2907,0,99,North America,<=50K
23180,"[30, 40[", Private,159574,High School,4,Married-civ-spouse,Other, Husband,*,Male,0,0,45,North America,<=50K
23181,"[20, 30[", Private,224105,High School,9,Married-civ-spouse,Technical, Husband,*,Male,7298,0,40,North America,>50K
23182,"[50, 60[", Self-emp-not-inc,128105,High School,9,Married-civ-spouse,Other, Husband,*,Male,0,0,35,North America,<=50K
23183,"[30, 40[", Local-gov,89508,High School,9,Married-civ-spouse,Technical, Husband,*,Male,0,0,40,North America,>50K
23184,"[20, 30[", Private,370242,Undergraduate,10,Married-civ-spouse,Technical, Husband,*,Male,0,0,40,North America,<=50K
23186,"[20, 30[", Private,62952,High School,9,Never-married,Technical, Own-child,*,Male,0,0,40,North America,<=50K
23187,"[20, 30[", Private,111058,Undergraduate,10,Never-married,Other, Not-in-family,*,Male,0,1980,40,North America,<=50K
23188,"[30, 40[", Private,29235,Undergraduate,10,Never-married,Other, Other-relative,*,Female,0,0,20,North America,<=50K
23189,"[50, 60[", State-gov,101119,High School,7,Married-civ-spouse,Other, Husband,*,Male,0,0,40,North America,<=50K
23190,"[50, 60[", Federal-gov,140516,Graduate,14,Married-civ-spouse,Technical, Husband,*,Male,0,0,40,North America,>50K
23191,"[30, 40[", Private,159888,Undergraduate,13,Never-married,Nontechnical, Not-in-family,*,Male,0,0,60,North America,>50K
23192,"[10, 20[", ?,45643,Undergraduate,10,Never-married,Other, Own-child,*,Female,0,0,25,North America,<=50K
23193,"[20, 30[", Private,166371,Undergraduate,10,Never-married,Technical, Own-child,*,Male,0,0,60,North America,<=50K
23194,"[30, 40[", State-gov,160910,Graduate,16,Married-civ-spouse,Technical, Husband,*,Male,0,0,45,North America,<=50K
23195,"[20, 30[", State-gov,257064,Undergraduate,10,Married-civ-spouse,Other, Husband,*,Male,0,0,38,North America,<=50K
23196,"[40, 50[", Self-emp-not-inc,181307,Professional Education,15,Married-civ-spouse,Technical, Husband,*,Male,15024,0,65,North America,>50K
23197,"[30, 40[", Private,83253,High School,9,Married-civ-spouse,Technical, Husband,*,Male,0,0,55,North America,<=50K
23198,"[40, 50[", Private,128700,Undergraduate,10,Divorced,Other, Unmarried,*,Female,0,0,40,North America,<=50K
23199,"[20, 30[", Private,243010,High School,9,Never-married,Technical, Other-relative,*,Male,0,0,32,North America,<=50K
23200,"[30, 40[", Self-emp-not-inc,37778,Professional Education,11,Married-civ-spouse,Other, Husband,*,Male,3103,0,55,North America,<=50K
23201,"[20, 30[", Private,132320,Undergraduate,13,Never-married,Nontechnical, Own-child,*,Male,0,0,45,North America,<=50K
23202,"[30, 40[", Private,234755,High School,9,Separated,Technical, Unmarried,*,Male,0,0,40,North America,<=50K
23203,"[30, 40[", Private,142616,High School,9,Separated,Other, Own-child,*,Female,0,0,30,North America,<=50K
23204,"[20, 30[", Private,148509,High School,9,Never-married,Other, Not-in-family,*,Female,0,0,40,North America,<=50K
23205,"[20, 30[", State-gov,240738,High School,9,Married-civ-spouse,Technical, Husband,*,Male,0,0,40,North America,>50K
23206,"[20, 30[", Private,32276,High School,9,Never-married,Technical, Own-child,*,Male,0,0,28,North America,<=50K
23207,"[50, 60[", Local-gov,163921,High School,4,Married-civ-spouse,Other, Husband,*,Male,0,0,40,North America,<=50K
23208,"[20, 30[", Private,464103,High School,9,Never-married,Other, Not-in-family,*,Male,0,0,50,North America,<=50K
23209,"[40, 50[", ?,271346,Undergraduate,13,Married-civ-spouse,Other, Husband,*,Male,15024,0,60,North America,>50K
23210,"[30, 40[", Local-gov,327825,High School,9,Divorced,Other, Own-child,*,Female,0,0,32,North America,<=50K
23211,"[30, 40[", Private,267085,Undergraduate,10,Married-civ-spouse,Other, Husband,*,Male,0,0,40,North America,<=50K
23212,"[50, 60[", Private,266945,High School,9,Married-civ-spouse,Technical, Wife,*,Female,3137,0,40,North America,<=50K
23213,"[20, 30[", Private,234663,High School,9,Never-married,Nontechnical, Own-child,*,Male,0,0,30,North America,<=50K
23214,"[40, 50[", Self-emp-not-inc,189123,High School,9,Married-civ-spouse,Technical, Husband,*,Male,5013,0,50,North America,<=50K
23215,"[50, 60[", Private,104996,High School,4,Married-civ-spouse,Other, Husband,*,Male,0,0,50,North America,<=50K
23217,"[20, 30[", Private,184975,High School,9,Married-spouse-absent,Other, Own-child,*,Female,0,0,3,North America,<=50K
23218,"[20, 30[", Private,246965,Professional Education,12,Never-married,Other, Not-in-family,*,Male,0,0,12,North America,<=50K
23219,"[40, 50[", Private,227065,High School,9,Never-married,Technical, Not-in-family,*,Male,4650,0,40,North America,<=50K
23221,"[20, 30[", Private,185948,Undergraduate,10,Never-married,Nontechnical, Own-child,*,Male,0,0,35,North America,<=50K
23222,"[50, 60[", Self-emp-inc,134854,High School,9,Married-civ-spouse,Nontechnical, Husband,*,Male,0,0,40,North America,>50K
23223,"[30, 40[", Private,281030,Professional Education,11,Married-civ-spouse,Nontechnical, Husband,*,Male,4064,0,40,North America,<=50K
23224,"[40, 50[", Private,126701,Undergraduate,13,Divorced,Other, Unmarried,*,Male,9562,0,45,North America,>50K
23225,"[50, 60[", Self-emp-not-inc,95949,Undergraduate,13,Married-civ-spouse,Technical, Husband,*,Male,0,0,50,North America,<=50K
23227,"[40, 50[", Private,24723,High School,6,Divorced,Nontechnical, Not-in-family,*,Female,0,0,45,North America,<=50K
23228,"[40, 50[", ?,171411,High School,5,Divorced,Other, Not-in-family,*,Male,0,0,40,North America,<=50K
23229,"[40, 50[", Private,184581,High School,9,Married-civ-spouse,Technical, Husband,*,Male,0,0,40,North America,<=50K
23230,"[40, 50[", Federal-gov,100067,Undergraduate,10,Widowed,Other, Unmarried,*,Female,0,0,40,North America,<=50K
23231,"[30, 40[", Private,182863,Undergraduate,13,Married-civ-spouse,Nontechnical, Husband,*,Male,0,0,50,North America,>50K
23232,"[20, 30[", Never-worked,462294,Undergraduate,10,Never-married,Other, Own-child,*,Male,0,0,40,North America,<=50K
23233,"[60, 70[", Private,85434,High School,9,Married-civ-spouse,Other, Husband,*,Male,0,0,40,North America,<=50K
23235,"[10, 20[", Private,104844,Undergraduate,10,Never-married,Nontechnical, Own-child,*,Female,0,0,15,North America,<=50K
23237,"[40, 50[", ?,89806,Undergraduate,10,Divorced,Other, Not-in-family,*,Female,0,0,35,North America,<=50K
23238,"[30, 40[", Private,106183,High School,9,Divorced,Other, Unmarried,*,Female,6849,0,40,North America,<=50K
23239,"[20, 30[", Private,89347,High School,7,Never-married,Technical, Not-in-family,*,Female,0,0,40,North America,<=50K
23241,"[10, 20[", Private,261259,High School,9,Never-married,Nontechnical, Own-child,*,Male,0,0,20,North America,<=50K
23242,"[20, 30[", Private,286166,High School,9,Never-married,Nontechnical, Not-in-family,*,Male,0,0,48,North America,<=50K
23243,"[20, 30[", Private,122272,High School,9,Never-married,Technical, Own-child,*,Female,0,0,40,North America,<=50K
23244,"[50, 60[", Private,248739,High School,9,Married-civ-spouse,Other, Husband,*,Male,0,0,53,North America,>50K
23245,"[20, 30[", Private,224238,High School,8,Never-married,Technical, Own-child,*,Male,0,0,40,North America,<=50K
23246,"[60, 70[", Private,138157,High School,9,Married-civ-spouse,Nontechnical, Husband,*,Male,0,0,12,North America,<=50K
23247,"[20, 30[", Private,148460,High School,9,Never-married,Other, Own-child,*,Female,4416,0,40,North America,<=50K
23248,"[60, 70[", Private,236627,Undergraduate,13,Married-civ-spouse,Technical, Husband,*,Male,0,0,2,North America,<=50K
23250,"[30, 40[", Private,353524,High School,9,Divorced,Nontechnical, Own-child,*,Female,1831,0,40,North America,<=50K
23252,"[20, 30[", Private,134997,High School,9,Divorced,Other, Unmarried,*,Female,0,0,80,North America,<=50K
23253,"[20, 30[", Private,392487,High School,9,Married-civ-spouse,Nontechnical, Wife,*,Female,0,0,40,North America,<=50K
23254,"[20, 30[", Private,216724,High School,9,Divorced,Nontechnical, Own-child,*,Male,0,0,40,North America,<=50K
23255,"[40, 50[", Self-emp-not-inc,174395,Graduate,16,Married-civ-spouse,Technical, Husband,*,Male,15024,0,55,North America,>50K
23256,"[60, 70[", Private,383058,Undergraduate,13,Married-civ-spouse,Nontechnical, Husband,*,Male,0,1848,40,North America,>50K
23257,"[60, 70[", Self-emp-not-inc,96073,High School,9,Married-civ-spouse,Technical, Husband,*,Male,0,0,30,North America,<=50K
23258,"[30, 40[", Self-emp-inc,103435,High School,9,Married-civ-spouse,Nontechnical, Husband,*,Male,0,0,50,North America,<=50K
23259,"[20, 30[", Self-emp-not-inc,96718,High School,9,Married-civ-spouse,Technical, Husband,*,Male,0,0,37,North America,<=50K
23260,"[30, 40[", Private,178948,Undergraduate,13,Married-civ-spouse,Nontechnical, Wife,*,Female,7688,0,45,North America,>50K
23261,"[50, 60[", Private,173987,High School,5,Married-civ-spouse,Nontechnical, Husband,*,Male,0,0,40,North America,<=50K
23262,"[40, 50[", Private,34419,Undergraduate,10,Married-civ-spouse,Nontechnical, Husband,*,Male,7298,0,40,North America,>50K
23263,"[20, 30[", Private,224849,High School,9,Married-civ-spouse,Technical, Husband,*,Male,0,0,40,North America,<=50K
23264,"[10, 20[", Private,249857,Undergraduate,10,Never-married,Other, Own-child,*,Male,0,0,20,North America,<=50K
23265,"[30, 40[", Private,340458,High School,9,Divorced,Technical, Unmarried,*,Female,0,0,40,North America,<=50K
23266,"[60, 70[", Self-emp-not-inc,427422,Graduate,16,Married-civ-spouse,Nontechnical, Husband,*,Male,0,2377,25,North America,>50K
23267,"[10, 20[", ?,440417,Undergraduate,10,Never-married,Other, Own-child,*,Female,0,0,15,North America,<=50K
23268,"[30, 40[", Private,175643,High School,9,Married-civ-spouse,Technical, Husband,*,Male,0,0,35,North America,<=50K
23269,"[30, 40[", Private,297485,Undergraduate,13,Divorced,Nontechnical, Unmarried,*,Female,0,0,40,North America,<=50K
23270,"[20, 30[", Private,232954,High School,9,Married-civ-spouse,Nontechnical, Husband,*,Male,0,0,45,North America,<=50K
23271,"[20, 30[", Private,326330,Undergraduate,10,Divorced,Nontechnical, Own-child,*,Female,1831,0,40,North America,<=50K
23272,"[20, 30[", Private,109419,High School,9,Never-married,Other, Own-child,*,Female,0,0,40,North America,<=50K
23273,"[20, 30[", Private,127768,Undergraduate,10,Never-married,Other, Own-child,*,Male,0,0,32,North America,>50K
23274,"[40, 50[", Private,252986,Undergraduate,10,Married-civ-spouse,Technical, Husband,*,Male,0,0,48,North America,>50K
23275,"[20, 30[", Private,380544,Professional Education,12,Never-married,Other, Own-child,*,Male,0,0,20,North America,<=50K
23276,"[50, 60[", Private,306108,High School,9,Married-civ-spouse,Technical, Husband,*,Male,0,0,40,North America,<=50K
23277,"[30, 40[", Private,232855,Undergraduate,10,Separated,Other, Unmarried,*,Female,0,0,37,North America,<=50K
23278,"[40, 50[", Private,130126,Professional Education,15,Divorced,Technical, Not-in-family,*,Male,0,0,45,North America,>50K
23279,"[50, 60[", Private,194231,Graduate,14,Divorced,Nontechnical, Not-in-family,*,Female,0,0,40,North America,>50K
23280,"[40, 50[", Self-emp-inc,197038,Undergraduate,13,Married-civ-spouse,Nontechnical, Husband,*,Male,0,0,50,North America,>50K
23281,"[30, 40[", ?,168223,Undergraduate,13,Never-married,Other, Own-child,*,Female,0,0,40,North America,<=50K
23283,"[20, 30[", Private,285671,High School,9,Never-married,Other, Other-relative,*,Male,0,0,25,North America,<=50K
23284,"[20, 30[", Private,153583,Undergraduate,10,Never-married,Other, Own-child,*,Female,0,0,40,Unknown,<=50K
23285,"[50, 60[", Self-emp-inc,103948,High School,9,Married-civ-spouse,Nontechnical, Husband,*,Male,0,0,60,North America,>50K
23286,"[40, 50[", Private,439919,Primary School,3,Married-civ-spouse,Other, Husband,*,Male,3411,0,40,North America,<=50K
23287,"[30, 40[", Private,40319,Undergraduate,10,Divorced,Nontechnical, Not-in-family,*,Female,0,0,42,North America,<=50K
23288,"[50, 60[", Local-gov,159028,High School,9,Married-civ-spouse,Other, Husband,*,Male,0,0,40,North America,<=50K
23289,"[10, 20[", Private,98675,High School,5,Never-married,Other, Unmarried,*,Female,0,0,20,North America,<=50K
23290,"[40, 50[", Private,90758,Undergraduate,13,Married-civ-spouse,Nontechnical, Husband,*,Male,0,0,55,North America,>50K
23291,"[40, 50[", Self-emp-not-inc,75435,High School,9,Divorced,Technical, Unmarried,*,Male,0,0,30,North America,<=50K
23292,"[10, 20[", Private,219189,High School,8,Never-married,Other, Own-child,*,Male,0,0,25,North America,<=50K
23293,"[30, 40[", Private,203463,High School,9,Divorced,Other, Own-child,*,Female,0,0,40,North America,<=50K
23295,"[30, 40[", Self-emp-not-inc,154641,High School,9,Divorced,Other, Not-in-family,*,Male,8614,0,50,North America,>50K
23296,"[30, 40[", Private,27153,High School,9,Married-civ-spouse,Other, Husband,*,Male,0,0,40,North America,<=50K
23297,"[30, 40[", Private,150324,Professional Education,12,Never-married,Technical, Unmarried,*,Male,0,0,40,North America,<=50K
23298,"[20, 30[", Private,83704,High School,8,Married-civ-spouse,Technical, Husband,*,Male,0,0,40,North America,<=50K
23299,"[20, 30[", Private,176262,Professional Education,11,Never-married,Other, Other-relative,*,Female,0,0,36,North America,<=50K
23300,"[20, 30[", Private,179423,Undergraduate,10,Never-married,Nontechnical, Own-child,*,Female,0,0,8,North America,<=50K
23301,"[40, 50[", Private,168038,Undergraduate,13,Divorced,Nontechnical, Not-in-family,*,Male,0,0,60,North America,>50K
23302,"[50, 60[", Private,108765,High School,9,Married-civ-spouse,Other, Husband,*,Male,0,0,50,North America,<=50K
23304,"[60, 70[", Local-gov,188220,High School,9,Widowed,Other, Unmarried,*,Female,0,0,35,North America,>50K
23305,"[30, 40[", Private,292855,Professional Education,11,Married-civ-spouse,Technical, Wife,*,Female,0,1887,35,North America,>50K
23306,"[20, 30[", Private,114870,Undergraduate,10,Divorced,Technical, Own-child,*,Male,0,0,40,North America,<=50K
23307,"[30, 40[", State-gov,77723,Undergraduate,13,Divorced,Nontechnical, Not-in-family,*,Female,0,0,40,North America,<=50K
23308,"[30, 40[", Private,284166,Undergraduate,13,Married-civ-spouse,Technical, Husband,*,Male,0,1902,50,North America,>50K
23309,"[50, 60[", Private,133902,High School,9,Widowed,Nontechnical, Unmarried,*,Female,0,0,45,North America,<=50K
23310,"[50, 60[", Private,191318,Graduate,14,Married-civ-spouse,Technical, Husband,*,Male,0,0,40,North America,>50K
23312,"[40, 50[", Self-emp-inc,357679,Undergraduate,13,Married-civ-spouse,Other, Husband,*,Male,15024,0,65,North America,>50K
23313,"[50, 60[", Private,117872,Professional Education,11,Married-civ-spouse,Technical, Husband,*,Male,0,0,40,North America,>50K
23314,"[20, 30[", Private,55929,Graduate,14,Never-married,Nontechnical, Not-in-family,*,Female,0,0,48,North America,<=50K
23315,"[20, 30[", ?,165065,Undergraduate,10,Never-married,Other, Own-child,*,Female,0,0,40,Europe,<=50K
23316,"[20, 30[", Self-emp-not-inc,34307,Professional Education,11,Never-married,Other, Own-child,*,Male,0,0,65,North America,<=50K
23317,"[30, 40[", Private,246038,Undergraduate,13,Married-civ-spouse,Technical, Husband,*,Male,0,0,40,North America,>50K
23318,"[30, 40[", Self-emp-not-inc,147258,Professional Education,11,Married-civ-spouse,Other, Husband,*,Male,0,0,60,North America,>50K
23319,"[40, 50[", Private,329144,Undergraduate,10,Married-civ-spouse,Nontechnical, Husband,*,Male,0,0,40,North America,>50K
23320,"[50, 60[", Local-gov,52953,Graduate,16,Divorced,Technical, Not-in-family,*,Female,0,1669,38,North America,<=50K
23321,"[20, 30[", Private,216181,Undergraduate,10,Never-married,Nontechnical, Own-child,*,Male,0,0,36,Asia,<=50K
23322,"[20, 30[", Private,391171,Undergraduate,10,Never-married,Other, Not-in-family,*,Male,0,0,25,North America,<=50K
23323,"[30, 40[", Local-gov,223242,Undergraduate,13,Divorced,Technical, Not-in-family,*,Male,0,0,40,North America,<=50K
23324,"[30, 40[", Private,103925,Undergraduate,13,Married-civ-spouse,Technical, Wife,*,Female,7688,0,32,North America,>50K
23325,"[40, 50[", Private,38240,High School,9,Divorced,Technical, Not-in-family,*,Male,0,0,40,North America,<=50K
23326,"[20, 30[", Private,148444,Undergraduate,10,Never-married,Nontechnical, Own-child,*,Female,0,0,25,North America,<=50K
23327,"[50, 60[", State-gov,110257,High School,9,Married-civ-spouse,Other, Husband,*,Male,0,0,40,North America,<=50K
23328,"[30, 40[", Federal-gov,101345,High School,9,Never-married,Nontechnical, Own-child,*,Female,0,0,40,North America,<=50K
23329,"[40, 50[", Private,268098,High School,8,Never-married,Other, Not-in-family,*,Male,0,0,36,North America,<=50K
23330,"[20, 30[", ?,369084,Undergraduate,10,Never-married,Other, Other-relative,*,Male,0,0,10,North America,<=50K
23331,"[30, 40[", Private,288825,High School,9,Married-civ-spouse,Nontechnical, Husband,*,Male,5013,0,40,North America,<=50K
23332,"[20, 30[", Private,162688,High School,9,Never-married,Nontechnical, Own-child,*,Male,0,0,38,North America,<=50K
23333,"[10, 20[", ?,48751,High School,7,Never-married,Other, Own-child,*,Female,0,0,40,North America,<=50K
23334,"[40, 50[", Federal-gov,184099,High School,9,Married-civ-spouse,Other, Husband,*,Male,0,0,40,North America,>50K
23335,"[10, 20[", Private,307496,Undergraduate,10,Never-married,Other, Own-child,*,Female,0,0,23,North America,<=50K
23336,"[70, 80[", ?,176986,High School,9,Widowed,Other, Unmarried,*,Male,0,0,24,North America,<=50K
23337,"[20, 30[", Private,267955,Undergraduate,10,Never-married,Nontechnical, Not-in-family,*,Female,0,0,40,North America,<=50K
23338,"[20, 30[", Private,283969,High School,9,Never-married,Technical, Own-child,*,Male,0,0,40,North America,<=50K
23339,"[20, 30[", State-gov,204516,Graduate,14,Married-civ-spouse,Technical, Husband,*,Male,0,0,15,North America,<=50K
23340,"[30, 40[", Private,167771,Undergraduate,10,Separated,Other, Not-in-family,*,Female,0,0,30,North America,<=50K
23341,"[40, 50[", Private,345073,High School,9,Divorced,Nontechnical, Not-in-family,*,Male,0,0,48,North America,>50K
23342,"[20, 30[", ?,380219,Undergraduate,10,Never-married,Other, Own-child,*,Female,0,0,40,North America,<=50K
23343,"[30, 40[", Self-emp-inc,306156,Undergraduate,10,Married-civ-spouse,Nontechnical, Husband,*,Male,15024,0,60,North America,>50K
23345,"[10, 20[", Private,185097,High School,9,Never-married,Nontechnical, Not-in-family,*,Female,0,0,37,North America,<=50K
23346,"[20, 30[", Private,144808,Undergraduate,10,Married-civ-spouse,Nontechnical, Own-child,*,Female,0,0,40,North America,<=50K
23347,"[30, 40[", Private,187203,Professional Education,12,Never-married,Nontechnical, Unmarried,*,Male,0,0,50,North America,<=50K
23348,"[20, 30[", Private,125089,Undergraduate,10,Never-married,Nontechnical, Not-in-family,*,Male,0,0,40,North America,<=50K
23349,"[30, 40[", Private,289458,Undergraduate,13,Never-married,Nontechnical, Not-in-family,*,Female,0,0,40,North America,<=50K
23350,"[30, 40[", Private,144798,Undergraduate,10,Never-married,Other, Not-in-family,*,Female,0,0,40,North America,<=50K
23351,"[20, 30[", ?,172152,Undergraduate,13,Never-married,Other, Not-in-family,*,Male,0,0,25,Asia,<=50K
23352,"[20, 30[", Private,207513,High School,9,Never-married,Nontechnical, Own-child,*,Male,0,0,48,North America,<=50K
23353,"[20, 30[", ?,164574,Undergraduate,10,Never-married,Other, Own-child,*,Male,0,0,40,North America,<=50K
23354,"[70, 80[", Private,199949,Undergraduate,13,Married-civ-spouse,Other, Husband,*,Male,20051,0,50,North America,>50K
23355,"[10, 20[", Private,213024,High School,8,Never-married,Nontechnical, Own-child,*,Male,0,0,40,North America,<=50K
23356,"[40, 50[", Private,213140,High School,6,Married-civ-spouse,Technical, Husband,*,Male,2829,0,40,North America,<=50K
23357,"[20, 30[", Self-emp-not-inc,83374,Undergraduate,10,Never-married,Technical, Not-in-family,*,Male,0,0,30,North America,>50K
23358,"[30, 40[", Private,192939,Undergraduate,13,Married-civ-spouse,Technical, Husband,*,Male,0,0,40,North America,>50K
23359,"[20, 30[", Private,424494,Undergraduate,13,Married-civ-spouse,Technical, Husband,*,Male,0,0,30,North America,<=50K
23360,"[20, 30[", Private,215243,Undergraduate,13,Never-married,Other, Not-in-family,*,Female,0,0,42,North America,<=50K
23361,"[40, 50[", Private,30682,High School,9,Married-civ-spouse,Technical, Husband,*,Male,0,0,45,North America,>50K
23362,"[20, 30[", Private,306639,Undergraduate,10,Never-married,Nontechnical, Own-child,*,Male,0,0,20,North America,<=50K
23363,"[20, 30[", Local-gov,218678,High School,7,Married-civ-spouse,Nontechnical, Husband,*,Male,0,0,40,North America,<=50K
23364,"[20, 30[", Private,219130,Undergraduate,10,Never-married,Other, Not-in-family,*,Female,0,0,40,North America,<=50K
23366,"[50, 60[", Local-gov,200190,Graduate,14,Married-civ-spouse,Technical, Husband,*,Male,0,1977,55,North America,>50K
23367,"[20, 30[", Private,194472,Undergraduate,10,Married-civ-spouse,Other, Own-child,*,Female,0,0,40,North America,<=50K
23368,"[50, 60[", Local-gov,205767,Graduate,14,Married-civ-spouse,Technical, Husband,*,Male,0,0,40,North America,>50K
23369,"[20, 30[", Private,249870,Professional Education,15,Never-married,Technical, Not-in-family,*,Male,0,0,50,North America,<=50K
23370,"[30, 40[", Private,211242,Professional Education,12,Married-civ-spouse,Nontechnical, Husband,*,Male,0,0,55,North America,>50K
23372,"[20, 30[", Private,85389,High School,9,Never-married,Technical, Own-child,*,Male,0,0,40,North America,<=50K
23373,"[10, 20[", ?,806316,High School,7,Never-married,Other, Own-child,*,Female,0,0,20,North America,<=50K
23374,"[30, 40[", Private,329980,Undergraduate,13,Never-married,Nontechnical, Not-in-family,*,Male,0,0,55,North America,<=50K
23375,"[40, 50[", ?,236612,High School,7,Divorced,Other, Own-child,*,Male,0,0,40,North America,<=50K
23376,"[20, 30[", Local-gov,249214,Undergraduate,10,Never-married,Other, Unmarried,*,Female,0,0,40,North America,<=50K
23377,"[50, 60[", Private,257126,High School,9,Married-civ-spouse,Technical, Husband,*,Male,0,0,40,North America,>50K
23378,"[50, 60[", Local-gov,204397,High School,9,Married-civ-spouse,Nontechnical, Husband,*,Male,0,0,60,North America,<=50K
23379,"[20, 30[", Private,291979,High School,9,Never-married,Other, Not-in-family,*,Male,0,0,40,North America,<=50K
23380,"[30, 40[", Private,138667,High School,9,Married-civ-spouse,Other, Husband,*,Male,0,0,50,North America,>50K
23381,"[50, 60[", Federal-gov,42298,Graduate,14,Married-civ-spouse,Nontechnical, Husband,*,Male,15024,0,40,North America,>50K
23382,"[30, 40[", Private,375452,Professional Education,15,Married-civ-spouse,Nontechnical, Wife,*,Female,15024,0,48,North America,>50K
23383,"[30, 40[", Private,94413,Undergraduate,10,Divorced,Other, Not-in-family,*,Male,0,0,30,North America,<=50K
23384,"[30, 40[", Federal-gov,166626,High School,9,Married-civ-spouse,Other, Husband,*,Male,0,0,40,North America,>50K
23385,"[30, 40[", State-gov,326566,Undergraduate,10,Never-married,Other, Own-child,*,Male,0,0,40,North America,<=50K
23386,"[30, 40[", Private,165503,Undergraduate,13,Never-married,Nontechnical, Own-child,*,Female,0,0,65,North America,<=50K
23387,"[40, 50[", Private,102597,Undergraduate,10,Separated,Other, Unmarried,*,Female,0,0,44,North America,<=50K
23389,"[30, 40[", Private,177277,High School,9,Married-civ-spouse,Technical, Husband,*,Male,0,0,45,North America,>50K
23390,"[30, 40[", Private,198103,High School,9,Never-married,Other, Own-child,*,Male,0,1980,40,North America,<=50K
23391,"[40, 50[", Private,260490,Graduate,14,Married-civ-spouse,Nontechnical, Husband,*,Male,0,0,50,North America,>50K
23392,"[30, 40[", Private,237478,High School,7,Divorced,Technical, Unmarried,*,Female,0,0,40,North America,<=50K
23393,"[40, 50[", Federal-gov,36885,Undergraduate,10,Never-married,Other, Not-in-family,*,Female,0,0,50,North America,<=50K
23394,"[10, 20[", Private,166242,High School,6,Never-married,Other, Own-child,*,Female,0,0,15,North America,<=50K
23395,"[10, 20[", ?,158603,High School,6,Never-married,Other, Own-child,*,Male,0,0,25,North America,<=50K
23396,"[20, 30[", Private,274228,High School,9,Married-civ-spouse,Technical, Husband,*,Male,0,0,84,North America,<=50K
23397,"[40, 50[", Private,185145,Undergraduate,10,Married-civ-spouse,Other, Husband,*,Male,0,0,57,North America,<=50K
23398,"[60, 70[", Private,28367,Undergraduate,13,Married-civ-spouse,Other, Other-relative,*,Male,0,0,99,North America,<=50K
23400,"[40, 50[", Private,191429,High School,4,Married-civ-spouse,Other, Husband,*,Male,0,0,25,North America,<=50K
23401,"[20, 30[", Private,459548,High School,9,Never-married,Nontechnical, Not-in-family,*,Male,0,0,20,North America,<=50K
23402,"[20, 30[", Private,65481,High School,9,Married-civ-spouse,Technical, Wife,*,Female,0,0,40,North America,>50K
23403,"[30, 40[", Private,186130,Professional Education,15,Married-civ-spouse,Nontechnical, Husband,*,Male,0,0,55,North America,>50K
23404,"[40, 50[", Self-emp-inc,350759,High School,9,Married-civ-spouse,Nontechnical, Husband,*,Male,0,0,40,North America,>50K
23405,"[30, 40[", Private,359678,High School,9,Never-married,Technical, Not-in-family,*,Female,0,0,48,North America,<=50K
23406,"[30, 40[", Private,220595,High School,9,Married-civ-spouse,Technical, Husband,*,Male,0,0,40,North America,<=50K
23407,"[20, 30[", Private,29599,High School,9,Never-married,Other, Not-in-family,*,Male,0,0,40,North America,<=50K
23408,"[20, 30[", State-gov,299153,Undergraduate,10,Never-married,Other, Own-child,*,Female,0,0,15,North America,<=50K
23409,"[40, 50[", Private,75256,High School,9,Married-civ-spouse,Other, Wife,*,Female,0,0,40,North America,<=50K
23410,"[40, 50[", Private,143583,High School,6,Married-civ-spouse,Nontechnical, Husband,*,Male,0,0,40,North America,<=50K
23411,"[30, 40[", State-gov,207505,Graduate,16,Married-civ-spouse,Technical, Husband,*,Male,0,1977,70,North America,>50K
23412,"[40, 50[", Private,308550,High School,9,Divorced,Technical, Unmarried,*,Female,0,0,60,North America,<=50K
23413,"[50, 60[", Private,145717,High School,9,Widowed,Other, Unmarried,*,Female,0,0,35,North America,<=50K
23414,"[30, 40[", Private,334366,High School,7,Separated,Nontechnical, Not-in-family,*,Female,0,0,32,North America,<=50K
23415,"[30, 40[", ?,76198,High School,9,Separated,Other, Own-child,*,Female,0,0,20,North America,<=50K
23416,"[40, 50[", Self-emp-not-inc,155489,High School,4,Married-civ-spouse,Nontechnical, Husband,*,Male,0,0,65,North America,>50K
23417,"[50, 60[", Private,197322,High School,7,Married-civ-spouse,Nontechnical, Husband,*,Male,0,0,50,North America,>50K
23418,"[50, 60[", Private,194259,High School,4,Married-civ-spouse,Nontechnical, Wife,*,Female,0,0,50,North America,<=50K
23419,"[40, 50[", Private,346189,Graduate,16,Married-civ-spouse,Technical, Husband,*,Male,0,0,40,North America,>50K
23420,"[50, 60[", Private,98361,Undergraduate,13,Married-civ-spouse,Nontechnical, Husband,*,Male,15024,0,55,North America,>50K
23421,"[60, 70[", ?,178556,High School,6,Married-civ-spouse,Other, Husband,*,Male,0,0,56,North America,>50K
23422,"[50, 60[", Self-emp-inc,162943,Professional Education,15,Married-civ-spouse,Technical, Husband,*,Male,0,0,40,North America,>50K
23423,"[30, 40[", Private,19302,Undergraduate,10,Married-civ-spouse,Technical, Husband,*,Male,7688,0,40,North America,>50K
23424,"[50, 60[", State-gov,67662,Graduate,14,Divorced,Technical, Not-in-family,*,Female,0,0,39,North America,<=50K
23425,"[30, 40[", Private,126675,High School,9,Married-civ-spouse,Nontechnical, Husband,*,Male,0,0,48,North America,<=50K
23426,"[50, 60[", Self-emp-not-inc,278228,High School,6,Married-civ-spouse,Nontechnical, Husband,*,Male,0,0,35,North America,<=50K
23427,"[30, 40[", Private,169152,High School,9,Never-married,Technical, Unmarried,*,Female,0,0,40,North America,<=50K
23428,"[30, 40[", Private,204052,High School,9,Never-married,Technical, Not-in-family,*,Male,0,0,40,North America,<=50K
23429,"[30, 40[", Private,215392,Professional Education,11,Married-civ-spouse,Technical, Wife,*,Female,0,0,40,North America,>50K
23430,"[40, 50[", Self-emp-inc,83348,High School,9,Married-civ-spouse,Technical, Husband,*,Male,0,0,60,North America,<=50K
23431,"[20, 30[", Local-gov,196816,Undergraduate,10,Never-married,Other, Not-in-family,*,Male,0,0,50,North America,<=50K
23432,"[30, 40[", Private,541343,High School,6,Married-civ-spouse,Other, Husband,*,Male,0,0,40,North America,<=50K
23433,"[30, 40[", Local-gov,55921,Professional Education,11,Never-married,Other, Not-in-family,*,Male,0,0,70,North America,<=50K
23435,"[20, 30[", Federal-gov,119848,Undergraduate,13,Never-married,Technical, Not-in-family,*,Female,0,0,40,North America,<=50K
23436,"[50, 60[", Private,160572,High School,9,Married-civ-spouse,Technical, Husband,*,Male,3137,0,47,North America,<=50K
23437,"[10, 20[", Private,25837,High School,7,Never-married,Technical, Own-child,*,Male,0,0,15,North America,<=50K
23438,"[20, 30[", Private,236592,High School,7,Never-married,Nontechnical, Own-child,*,Female,0,0,25,North America,<=50K
23439,"[40, 50[", State-gov,199326,Graduate,14,Married-civ-spouse,Technical, Husband,*,Male,0,0,45,North America,>50K
23441,"[40, 50[", Private,175958,Professional Education,15,Married-civ-spouse,Nontechnical, Husband,*,Male,0,0,40,North America,>50K
23442,"[40, 50[", Private,198965,High School,9,Married-civ-spouse,Technical, Husband,*,Male,0,0,40,North America,<=50K
23443,"[40, 50[", Local-gov,193537,High School,4,Married-spouse-absent,Other, Not-in-family,*,Female,0,0,35,North America,<=50K
23444,"[20, 30[", Private,438839,Undergraduate,13,Never-married,Nontechnical, Not-in-family,*,Male,0,0,40,North America,<=50K
23445,"[20, 30[", Private,298227,High School,9,Never-married,Nontechnical, Unmarried,*,Male,0,0,35,North America,<=50K
23446,"[20, 30[", Private,271466,High School,9,Married-civ-spouse,Nontechnical, Husband,*,Male,0,0,45,North America,>50K
23447,"[20, 30[", Private,335570,Undergraduate,10,Never-married,Nontechnical, Own-child,*,Male,0,0,35,North America,<=50K
23448,"[20, 30[", Private,206891,High School,4,Never-married,Other, Own-child,*,Female,0,0,38,North America,<=50K
23449,"[20, 30[", Private,162551,Undergraduate,13,Never-married,Other, Not-in-family,*,Female,0,0,20,North America,<=50K
23450,"[40, 50[", Private,145637,Undergraduate,10,Divorced,Other, Unmarried,*,Female,0,0,48,North America,<=50K
23451,"[40, 50[", Private,101290,High School,9,Divorced,Nontechnical, Unmarried,*,Female,0,0,40,North America,<=50K
23452,"[40, 50[", Federal-gov,229376,High School,9,Married-civ-spouse,Other, Husband,*,Male,0,0,40,North America,>50K
23453,"[30, 40[", Private,439592,Undergraduate,10,Never-married,Other, Own-child,*,Female,0,0,40,North America,<=50K
23454,"[30, 40[", Private,161141,High School,9,Never-married,Nontechnical, Not-in-family,*,Male,0,0,40,North America,<=50K
23456,"[20, 30[", Private,103277,High School,9,Never-married,Other, Not-in-family,*,Female,2597,0,40,North America,<=50K
23457,"[20, 30[", Local-gov,407672,Undergraduate,13,Never-married,Technical, Not-in-family,*,Female,0,0,40,North America,<=50K
23458,"[20, 30[", Private,73928,Professional Education,11,Never-married,Other, Own-child,*,Female,0,0,20,North America,<=50K
23459,>=80, Self-emp-inc,240150,High School,6,Married-civ-spouse,Other, Husband,*,Male,20051,0,50,North America,>50K
23461,"[30, 40[", Private,260093,High School,9,Never-married,Other, Unmarried,*,Female,0,0,40,North America,<=50K
23462,"[20, 30[", Private,96020,Undergraduate,13,Never-married,Nontechnical, Not-in-family,*,Female,0,0,40,North America,<=50K
23463,"[50, 60[", Private,104421,Undergraduate,10,Divorced,Other, Not-in-family,*,Female,0,0,40,North America,<=50K
23464,"[70, 80[", Private,152307,High School,9,Married-civ-spouse,Nontechnical, Husband,*,Male,0,2377,45,North America,>50K
23465,"[50, 60[", State-gov,93415,High School,9,Widowed,Other, Unmarried,*,Female,0,0,40,North America,<=50K
23467,"[40, 50[", Self-emp-not-inc,269733,Graduate,14,Married-civ-spouse,Nontechnical, Husband,*,Male,99999,0,80,North America,>50K
23468,"[20, 30[", Private,202871,High School,9,Never-married,Nontechnical, Own-child,*,Male,0,0,44,North America,<=50K
23469,"[20, 30[", Private,169683,Professional Education,11,Married-civ-spouse,Technical, Husband,*,Male,0,0,40,North America,<=50K
23470,"[20, 30[", Private,271603,High School,4,Never-married,Other, Not-in-family,*,Male,0,0,24,Unknown,<=50K
23471,"[30, 40[", Private,340917,Undergraduate,13,Never-married,Technical, Not-in-family,*,Male,0,0,50,North America,>50K
23472,"[30, 40[", Private,329874,Undergraduate,10,Never-married,Other, Not-in-family,*,Male,0,0,40,North America,<=50K
23473,"[30, 40[", Private,43770,Undergraduate,10,Separated,Other, Not-in-family,*,Female,4650,0,72,North America,<=50K
23474,"[50, 60[", State-gov,120781,Graduate,16,Married-civ-spouse,Technical, Husband,*,Male,0,0,40,Asia,>50K
23475,"[40, 50[", Private,138069,High School,9,Married-civ-spouse,Other, Husband,*,Male,0,0,45,North America,<=50K
23476,"[50, 60[", Self-emp-not-inc,33309,High School,9,Widowed,Other, Not-in-family,*,Male,0,0,80,North America,<=50K
23477,"[20, 30[", Private,76432,Undergraduate,10,Never-married,Other, Not-in-family,*,Female,0,0,40,North America,<=50K
23478,"[20, 30[", State-gov,277635,Undergraduate,10,Never-married,Other, Not-in-family,*,Female,0,0,50,North America,<=50K
23479,"[40, 50[", Local-gov,123088,Undergraduate,10,Married-civ-spouse,Nontechnical, Husband,*,Male,0,0,46,North America,<=50K
23481,"[20, 30[", Private,181820,High School,9,Separated,Technical, Own-child,*,Male,0,0,53,North America,<=50K
23482,"[40, 50[", Self-emp-not-inc,98985,High School,9,Divorced,Nontechnical, Not-in-family,*,Male,0,0,50,North America,<=50K
23484,"[40, 50[", Private,125120,Undergraduate,13,Divorced,Technical, Not-in-family,*,Female,0,0,50,North America,<=50K
23485,"[30, 40[", Private,243409,High School,9,Married-civ-spouse,Other, Husband,*,Male,0,0,50,North America,<=50K
23486,"[30, 40[", Private,58972,Professional Education,12,Divorced,Nontechnical, Unmarried,*,Male,1506,0,40,North America,<=50K
23487,"[40, 50[", Private,62857,Undergraduate,10,Married-civ-spouse,Technical, Husband,*,Male,0,0,60,North America,<=50K
23488,"[40, 50[", Private,283174,Professional Education,11,Married-civ-spouse,Other, Husband,*,Male,0,0,60,North America,<=50K
23489,"[40, 50[", Private,107373,High School,6,Married-civ-spouse,Other, Husband,*,Male,0,0,40,North America,>50K
23490,"[20, 30[", Private,201155,High School,5,Never-married,Nontechnical, Not-in-family,*,Female,0,0,48,North America,<=50K
23491,"[40, 50[", Private,187505,Undergraduate,10,Married-civ-spouse,Nontechnical, Husband,*,Male,0,0,50,North America,>50K
23492,"[30, 40[", Private,61778,Undergraduate,13,Never-married,Other, Not-in-family,*,Male,0,0,30,North America,<=50K
23493,"[10, 20[", Private,223648,High School,9,Never-married,Nontechnical, Not-in-family,*,Male,4101,0,48,North America,<=50K
23494,"[20, 30[", Private,149652,High School,6,Never-married,Other, Own-child,*,Female,0,0,30,North America,<=50K
23496,"[40, 50[", Private,165937,High School,9,Divorced,Other, Own-child,*,Male,0,0,60,North America,<=50K
23497,"[60, 70[", State-gov,114060,Undergraduate,10,Married-civ-spouse,Other, Husband,*,Male,0,0,40,North America,<=50K
23498,"[50, 60[", State-gov,58913,Graduate,14,Married-civ-spouse,Nontechnical, Husband,*,Male,0,0,42,North America,>50K
23499,"[30, 40[", State-gov,378916,High School,9,Married-civ-spouse,Other, Husband,*,Male,0,0,40,North America,<=50K
23500,"[30, 40[", Private,241885,High School,9,Married-civ-spouse,Other, Husband,*,Male,0,0,40,North America,<=50K
23502,"[30, 40[", ?,213771,High School,9,Widowed,Other, Unmarried,*,Female,0,0,36,North America,<=50K
23503,"[30, 40[", Private,315565,High School,9,Married-civ-spouse,Other, Husband,*,Male,0,0,40,North America,<=50K
23504,"[30, 40[", Local-gov,153005,Undergraduate,13,Married-civ-spouse,Technical, Husband,*,Male,0,0,40,North America,>50K
23505,"[40, 50[", Private,98211,Undergraduate,13,Married-civ-spouse,Nontechnical, Husband,*,Male,15024,0,45,North America,>50K
23506,"[10, 20[", Private,198606,High School,7,Never-married,Nontechnical, Own-child,*,Female,0,0,16,North America,<=50K
23507,"[10, 20[", Private,260333,High School,9,Never-married,Other, Own-child,*,Female,0,0,20,North America,<=50K
23508,"[20, 30[", Private,219510,Undergraduate,13,Never-married,Other, Not-in-family,*,Male,0,0,32,North America,<=50K
23509,"[60, 70[", Private,266624,High School,9,Married-civ-spouse,Other, Husband,*,Male,6418,0,40,North America,>50K
23510,"[30, 40[", Private,136862,Primary School,2,Never-married,Other, Other-relative,*,Female,0,0,40,North America,<=50K
23511,"[40, 50[", Self-emp-inc,215620,Graduate,14,Married-civ-spouse,Nontechnical, Husband,*,Male,15024,0,55,North America,>50K
23512,"[50, 60[", Private,187067,Undergraduate,13,Never-married,Technical, Not-in-family,*,Female,0,0,62,North America,<=50K
23513,"[20, 30[", Private,325921,Professional Education,11,Never-married,Technical, Not-in-family,*,Female,0,0,36,North America,<=50K
23514,"[30, 40[", Private,268127,High School,9,Never-married,Other, Unmarried,*,Female,0,0,40,North America,<=50K
23515,"[70, 80[", Private,142535,High School,9,Widowed,Other, Not-in-family,*,Male,0,0,6,North America,<=50K
23516,"[40, 50[", Private,177083,High School,9,Divorced,Nontechnical, Unmarried,*,Female,0,0,50,North America,<=50K
23517,"[20, 30[", Private,77009,High School,4,Divorced,Other, Unmarried,*,Female,0,0,50,North America,<=50K
23518,"[40, 50[", Private,306405,Undergraduate,10,Married-civ-spouse,Technical, Wife,*,Female,0,0,40,North America,<=50K
23519,"[40, 50[", Local-gov,303918,High School,9,Married-civ-spouse,Other, Husband,*,Male,7688,0,96,North America,>50K
23520,"[20, 30[", Federal-gov,262819,Undergraduate,10,Never-married,Other, Not-in-family,*,Female,0,0,40,North America,<=50K
23521,"[20, 30[", Private,49087,Professional Education,11,Married-civ-spouse,Nontechnical, Husband,*,Male,0,0,40,North America,<=50K
23522,"[20, 30[", Private,53833,High School,9,Never-married,Other, Unmarried,*,Male,0,0,40,North America,<=50K
23523,"[30, 40[", Private,1033222,Undergraduate,13,Never-married,Other, Not-in-family,*,Male,8614,0,40,North America,>50K
23524,"[20, 30[", Private,81145,High School,9,Never-married,Other, Not-in-family,*,Female,0,0,25,North America,<=50K
23525,"[40, 50[", Private,215479,Undergraduate,10,Never-married,Other, Not-in-family,*,Male,0,0,43,North America,<=50K
23526,"[20, 30[", Private,113464,High School,9,Never-married,Other, Other-relative,*,Male,0,0,40,North America,<=50K
23527,"[60, 70[", Private,109530,Professional Education,11,Married-civ-spouse,Technical, Husband,*,Male,7298,0,40,North America,>50K
23528,"[70, 80[", Federal-gov,217864,High School,9,Married-civ-spouse,Other, Husband,*,Male,0,0,40,North America,>50K
23529,"[40, 50[", Self-emp-inc,117721,Undergraduate,10,Married-civ-spouse,Other, Husband,*,Male,0,0,65,North America,<=50K
23530,"[10, 20[", Private,199484,Undergraduate,10,Never-married,Other, Own-child,*,Female,0,0,25,North America,<=50K
23531,"[20, 30[", Private,248851,Undergraduate,13,Never-married,Other, Own-child,*,Male,0,0,40,North America,<=50K
23532,"[20, 30[", Private,116968,Undergraduate,13,Never-married,Nontechnical, Not-in-family,*,Male,0,0,45,North America,<=50K
23533,"[50, 60[", Private,366618,High School,5,Married-civ-spouse,Other, Husband,*,Male,0,0,30,North America,<=50K
23534,"[10, 20[", Private,240143,High School,7,Never-married,Technical, Own-child,*,Male,0,0,30,North America,<=50K
23535,"[50, 60[", ?,424468,Undergraduate,13,Married-civ-spouse,Other, Husband,*,Male,0,0,40,North America,>50K
23537,"[20, 30[", Private,120238,Undergraduate,10,Married-civ-spouse,Nontechnical, Husband,*,Male,2885,0,43,North America,<=50K
23538,"[50, 60[", ?,194186,High School,9,Married-civ-spouse,Other, Husband,*,Male,0,0,60,North America,<=50K
23539,"[20, 30[", Private,247053,High School,9,Separated,Other, Not-in-family,*,Female,0,0,40,North America,<=50K
23540,"[40, 50[", Private,180599,High School,9,Married-civ-spouse,Technical, Husband,*,Male,0,0,55,North America,<=50K
23541,"[20, 30[", Local-gov,190330,Undergraduate,10,Never-married,Other, Own-child,*,Female,0,0,10,North America,<=50K
23542,"[20, 30[", State-gov,199450,Undergraduate,10,Divorced,Other, Unmarried,*,Male,0,0,40,North America,<=50K
23543,"[30, 40[", Local-gov,199539,Undergraduate,10,Married-civ-spouse,Other, Husband,*,Male,0,0,40,North America,>50K
23544,"[10, 20[", ?,94366,High School,6,Never-married,Other, Other-relative,*,Male,0,0,6,North America,<=50K
23545,"[50, 60[", Self-emp-not-inc,29231,High School,9,Married-civ-spouse,Nontechnical, Husband,*,Male,0,0,45,North America,>50K
23546,"[40, 50[", Private,33126,Undergraduate,10,Married-civ-spouse,Nontechnical, Husband,*,Male,0,0,50,North America,<=50K
23547,"[40, 50[", Private,102085,High School,9,Never-married,Technical, Unmarried,*,Female,0,0,40,North America,<=50K
23548,"[30, 40[", Private,212064,Undergraduate,13,Married-civ-spouse,Nontechnical, Wife,*,Female,0,0,40,North America,>50K
23550,"[60, 70[", Private,95303,High School,9,Married-civ-spouse,Nontechnical, Husband,*,Male,0,0,40,North America,>50K
23551,"[10, 20[", ?,379768,High School,9,Never-married,Other, Own-child,*,Female,0,0,40,North America,<=50K
23552,"[70, 80[", Self-emp-inc,247383,Undergraduate,10,Married-civ-spouse,Nontechnical, Husband,*,Male,0,0,40,North America,>50K
23553,"[50, 60[", Private,229465,Graduate,14,Married-civ-spouse,Nontechnical, Husband,*,Male,0,0,55,North America,>50K
23554,"[30, 40[", Private,135436,Undergraduate,13,Married-civ-spouse,Nontechnical, Husband,*,Male,0,1977,60,North America,>50K
23555,"[20, 30[", Private,180052,Undergraduate,10,Never-married,Other, Own-child,*,Male,0,0,30,North America,<=50K
23556,"[20, 30[", Private,214387,High School,9,Never-married,Technical, Own-child,*,Male,0,0,40,North America,<=50K
23557,"[40, 50[", State-gov,149337,High School,9,Divorced,Other, Unmarried,*,Male,0,0,38,North America,<=50K
23558,"[20, 30[", Private,208326,High School,9,Married-civ-spouse,Nontechnical, Husband,*,Male,3942,0,45,North America,<=50K
23559,"[30, 40[", Private,34374,Professional Education,15,Never-married,Technical, Not-in-family,*,Male,0,0,50,North America,<=50K
23560,"[40, 50[", Self-emp-not-inc,58683,Undergraduate,10,Married-civ-spouse,Other, Husband,*,Male,0,0,40,North America,<=50K
23561,"[30, 40[", Private,403037,High School,9,Separated,Other, Unmarried,*,Female,0,0,40,North America,<=50K
23562,"[50, 60[", Private,32365,Undergraduate,13,Married-civ-spouse,Nontechnical, Husband,*,Male,0,0,45,North America,>50K
23563,"[40, 50[", Private,155489,Graduate,14,Married-civ-spouse,Technical, Husband,*,Male,0,0,50,North America,>50K
23566,"[10, 20[", Private,101549,Undergraduate,10,Never-married,Other, Own-child,*,Male,0,0,15,North America,<=50K
23567,"[40, 50[", Self-emp-inc,51579,Undergraduate,13,Married-civ-spouse,Nontechnical, Husband,*,Male,0,0,60,North America,>50K
23568,"[40, 50[", Private,40151,Undergraduate,10,Divorced,Technical, Not-in-family,*,Male,0,0,40,North America,>50K
23569,"[20, 30[", Private,244721,Undergraduate,13,Married-civ-spouse,Technical, Husband,*,Male,0,0,35,North America,>50K
23570,"[40, 50[", Local-gov,228372,Graduate,14,Married-civ-spouse,Technical, Husband,*,Male,0,0,48,North America,>50K
23571,"[50, 60[", Local-gov,236873,Graduate,14,Married-civ-spouse,Nontechnical, Husband,*,Male,0,0,40,North America,>50K
23572,"[10, 20[", Private,250249,Undergraduate,10,Never-married,Other, Own-child,*,Female,0,0,10,North America,<=50K
23573,"[70, 80[", Private,93202,High School,9,Divorced,Other, Not-in-family,*,Female,0,0,16,North America,<=50K
23574,"[20, 30[", Private,176723,Undergraduate,10,Never-married,Nontechnical, Unmarried,*,Female,0,0,25,North America,<=50K
23575,"[40, 50[", Local-gov,175526,Undergraduate,10,Married-civ-spouse,Other, Husband,*,Male,0,0,40,North America,<=50K
23576,"[20, 30[", Private,91842,Undergraduate,13,Never-married,Nontechnical, Not-in-family,*,Female,0,0,30,North America,<=50K
23577,"[50, 60[", Private,71768,Undergraduate,10,Divorced,Other, Not-in-family,*,Female,0,0,40,North America,<=50K
23578,"[50, 60[", Private,181220,Undergraduate,13,Married-civ-spouse,Nontechnical, Husband,*,Male,0,0,40,North America,>50K
23579,"[20, 30[", Private,204516,High School,6,Never-married,Technical, Not-in-family,*,Male,0,0,40,North America,<=50K
23580,"[40, 50[", Self-emp-not-inc,89172,Undergraduate,13,Married-civ-spouse,Technical, Husband,*,Male,0,0,80,North America,<=50K
23581,"[30, 40[", Federal-gov,143547,Undergraduate,13,Never-married,Technical, Not-in-family,*,Female,0,0,40,North America,<=50K
23582,"[30, 40[", Private,310889,Professional Education,11,Married-civ-spouse,Nontechnical, Husband,*,Male,0,0,50,North America,>50K
23583,"[30, 40[", Local-gov,150324,High School,9,Married-civ-spouse,Technical, Husband,*,Male,0,0,40,North America,<=50K
23584,"[20, 30[", Private,216472,Undergraduate,10,Never-married,Nontechnical, Own-child,*,Female,0,0,25,North America,<=50K
23585,"[60, 70[", Private,212838,High School,9,Married-civ-spouse,Nontechnical, Husband,*,Male,0,0,65,North America,>50K
23586,"[40, 50[", Private,168283,High School,9,Married-civ-spouse,Other, Husband,*,Male,0,0,40,North America,<=50K
23587,"[40, 50[", Private,187702,Undergraduate,10,Never-married,Nontechnical, Not-in-family,*,Male,0,0,50,North America,>50K
23588,"[10, 20[", Private,60661,High School,9,Never-married,Nontechnical, Own-child,*,Male,0,0,52,North America,<=50K
23589,"[50, 60[", Private,115284,Undergraduate,13,Divorced,Nontechnical, Unmarried,*,Male,0,0,45,North America,>50K
23591,"[10, 20[", Private,195372,High School,7,Never-married,Other, Own-child,*,Female,0,0,20,North America,<=50K
23592,"[60, 70[", ?,81578,High School,9,Married-civ-spouse,Other, Husband,*,Male,0,0,40,North America,>50K
23593,"[30, 40[", Private,111567,Professional Education,11,Never-married,Technical, Not-in-family,*,Male,0,0,40,North America,<=50K
23594,"[50, 60[", Private,244572,High School,9,Separated,Other, Not-in-family,*,Female,0,0,37,North America,<=50K
23595,"[50, 60[", Private,230919,High School,9,Married-civ-spouse,Technical, Husband,*,Male,0,0,40,North America,<=50K
23596,"[20, 30[", Private,282604,Undergraduate,10,Married-civ-spouse,Other, Other-relative,*,Male,0,0,24,North America,<=50K
23598,"[40, 50[", Private,201466,Undergraduate,13,Married-civ-spouse,Nontechnical, Husband,*,Male,0,0,45,North America,>50K
23600,"[40, 50[", Private,599629,Undergraduate,10,Married-civ-spouse,Other, Wife,*,Female,0,0,40,North America,>50K
23602,"[30, 40[", State-gov,161631,Undergraduate,10,Divorced,Other, Unmarried,*,Female,0,0,40,North America,<=50K
23603,"[20, 30[", Private,202373,Professional Education,11,Never-married,Technical, Own-child,*,Male,0,0,40,North America,<=50K
23604,"[50, 60[", Private,169549,Undergraduate,10,Divorced,Nontechnical, Unmarried,*,Female,0,0,40,North America,<=50K
23605,"[20, 30[", Private,127185,Undergraduate,10,Never-married,Technical, Own-child,*,Female,0,0,15,North America,<=50K
23606,"[10, 20[", Private,184277,High School,9,Never-married,Nontechnical, Own-child,*,Female,0,0,25,North America,<=50K
23608,"[20, 30[", Private,294701,High School,9,Never-married,Other, Unmarried,*,Female,0,0,40,North America,<=50K
23609,"[20, 30[", Private,26842,Undergraduate,10,Never-married,Nontechnical, Not-in-family,*,Female,0,0,20,North America,<=50K
23610,"[40, 50[", State-gov,114537,Professional Education,11,Married-civ-spouse,Other, Husband,*,Male,0,0,40,North America,<=50K
23611,"[50, 60[", Private,126386,High School,9,Divorced,Technical, Own-child,*,Male,0,0,40,North America,<=50K
23613,"[40, 50[", Private,98211,Undergraduate,13,Married-civ-spouse,Nontechnical, Husband,*,Male,0,0,40,North America,>50K
23614,"[30, 40[", Private,175509,Undergraduate,13,Never-married,Technical, Not-in-family,*,Male,0,0,50,North America,<=50K
23615,"[40, 50[", Private,159854,Primary School,2,Married-civ-spouse,Other, Husband,*,Male,0,0,40,North America,<=50K
23616,"[50, 60[", Self-emp-inc,120920,Graduate,14,Divorced,Technical, Not-in-family,*,Female,0,0,35,North America,<=50K
23617,"[20, 30[", Private,187551,Undergraduate,10,Never-married,Other, Own-child,*,Female,0,0,20,North America,<=50K
23618,"[40, 50[", State-gov,27305,Graduate,14,Married-civ-spouse,Technical, Husband,*,Male,0,0,40,North America,>50K
23619,"[30, 40[", Private,216711,High School,9,Married-civ-spouse,Technical, Husband,*,Male,0,0,40,North America,>50K
23620,"[40, 50[", Local-gov,218596,Professional Education,11,Divorced,Other, Not-in-family,*,Female,0,0,40,North America,<=50K
23621,"[50, 60[", Private,280292,Undergraduate,10,Married-civ-spouse,Nontechnical, Husband,*,Male,0,0,32,North America,<=50K
23622,"[40, 50[", Private,200496,Undergraduate,13,Separated,Nontechnical, Not-in-family,*,Male,0,0,40,North America,<=50K
23623,"[50, 60[", Self-emp-not-inc,78090,Undergraduate,10,Divorced,Nontechnical, Unmarried,*,Female,0,0,48,North America,<=50K
23624,"[20, 30[", Private,118693,Professional Education,11,Never-married,Technical, Not-in-family,*,Male,0,0,40,North America,<=50K
23625,"[30, 40[", Self-emp-not-inc,203488,High School,9,Married-civ-spouse,Technical, Husband,*,Male,0,0,60,North America,<=50K
23626,"[20, 30[", Local-gov,172091,High School,9,Never-married,Technical, Unmarried,*,Male,0,0,40,North America,<=50K
23627,"[30, 40[", Private,113364,Undergraduate,13,Never-married,Technical, Not-in-family,*,Male,0,0,40,North America,>50K
23628,"[70, 80[", Self-emp-not-inc,139889,Undergraduate,10,Married-civ-spouse,Other, Husband,*,Male,0,0,74,North America,<=50K
23629,"[40, 50[", Local-gov,301638,High School,8,Married-civ-spouse,Other, Husband,*,Male,0,1579,40,North America,<=50K
23630,"[30, 40[", Private,110279,Professional Education,12,Divorced,Technical, Unmarried,*,Female,0,0,35,North America,<=50K
23632,"[10, 20[", Private,132986,High School,8,Never-married,Other, Own-child,*,Male,0,0,10,North America,<=50K
23634,"[40, 50[", Federal-gov,187462,Professional Education,11,Divorced,Other, Own-child,*,Female,0,0,40,North America,<=50K
23635,"[20, 30[", Private,264961,High School,9,Never-married,Technical, Own-child,*,Male,0,0,45,North America,<=50K
23636,"[70, 80[", ?,148065,Undergraduate,10,Married-civ-spouse,Other, Husband,*,Male,0,0,4,North America,>50K
23638,"[40, 50[", Private,47247,Undergraduate,10,Married-civ-spouse,Other, Wife,*,Female,0,0,40,North America,<=50K
23639,"[50, 60[", Local-gov,571017,Undergraduate,10,Married-civ-spouse,Other, Wife,*,Female,0,0,15,North America,<=50K
23640,"[20, 30[", Private,416577,High School,9,Married-civ-spouse,Technical, Husband,*,Male,2829,0,40,North America,<=50K
23641,"[50, 60[", State-gov,296991,Professional Education,15,Married-civ-spouse,Technical, Husband,*,Male,15024,0,40,North America,>50K
23643,"[40, 50[", Private,302711,High School,7,Divorced,Other, Unmarried,*,Female,0,0,40,North America,<=50K
23644,"[40, 50[", Self-emp-inc,50356,High School,9,Married-civ-spouse,Nontechnical, Husband,*,Male,0,0,40,North America,<=50K
23645,"[20, 30[", Private,199336,Undergraduate,10,Never-married,Technical, Own-child,*,Male,0,0,25,North America,<=50K
23646,"[40, 50[", Private,341178,Primary School,3,Married-civ-spouse,Other, Husband,*,Male,0,0,44,North America,<=50K
23647,"[40, 50[", Federal-gov,70240,Undergraduate,10,Divorced,Nontechnical, Unmarried,*,Female,0,0,40,North America,<=50K
23648,"[40, 50[", Private,229394,High School,9,Divorced,Nontechnical, Not-in-family,*,Female,0,0,40,North America,<=50K
23649,"[40, 50[", Private,390368,Undergraduate,10,Married-civ-spouse,Nontechnical, Husband,*,Male,15024,0,99,North America,>50K
23650,"[50, 60[", Private,82098,High School,9,Married-civ-spouse,Nontechnical, Husband,*,Male,0,0,55,North America,<=50K
23651,"[50, 60[", Private,170411,Undergraduate,13,Married-civ-spouse,Other, Husband,*,Male,0,0,40,North America,>50K
23652,"[20, 30[", Private,109532,High School,8,Never-married,Technical, Own-child,*,Male,0,0,40,North America,<=50K
23653,"[40, 50[", Private,142682,High School,9,Married-civ-spouse,Other, Husband,*,Male,0,0,30,North America,<=50K
23654,"[30, 40[", Self-emp-inc,127651,Undergraduate,13,Divorced,Other, Not-in-family,*,Male,0,0,60,North America,<=50K
23655,"[20, 30[", Local-gov,236472,Undergraduate,13,Divorced,Technical, Other-relative,*,Female,0,0,40,North America,<=50K
23656,"[20, 30[", Private,176047,High School,9,Never-married,Technical, Own-child,*,Female,2176,0,40,North America,<=50K
23657,"[30, 40[", Private,111499,Undergraduate,10,Never-married,Nontechnical, Not-in-family,*,Female,0,0,40,North America,<=50K
23658,"[40, 50[", Private,425199,Undergraduate,10,Divorced,Nontechnical, Unmarried,*,Male,0,0,45,North America,<=50K
23659,"[30, 40[", Private,229009,High School,9,Married-civ-spouse,Other, Husband,*,Male,0,0,45,North America,<=50K
23660,"[10, 20[", Private,232713,High School,6,Never-married,Technical, Not-in-family,*,Male,594,0,30,North America,<=50K
23661,"[70, 80[", Private,141742,Professional Education,11,Married-civ-spouse,Technical, Husband,*,Male,9386,0,50,North America,>50K
23662,"[30, 40[", Private,234807,High School,9,Divorced,Other, Unmarried,*,Female,0,0,37,North America,<=50K
23663,"[40, 50[", Private,738812,High School,9,Married-civ-spouse,Technical, Husband,*,Male,0,0,46,North America,<=50K
23664,"[50, 60[", Private,204816,High School,9,Married-civ-spouse,Nontechnical, Husband,*,Male,0,0,55,North America,>50K
23665,"[60, 70[", Private,342494,High School,9,Married-civ-spouse,Technical, Husband,*,Male,0,0,40,North America,<=50K
23666,"[30, 40[", Local-gov,226311,Undergraduate,10,Divorced,Other, Own-child,*,Female,0,0,38,North America,<=50K
23667,"[20, 30[", Private,143062,High School,9,Never-married,Nontechnical, Own-child,*,Male,0,0,40,North America,<=50K
23668,"[40, 50[", Local-gov,125155,High School,9,Married-civ-spouse,Other, Husband,*,Male,0,0,90,North America,<=50K
23669,"[20, 30[", Private,329925,Undergraduate,10,Never-married,Nontechnical, Own-child,*,Male,0,0,30,North America,<=50K
23670,"[20, 30[", ?,208994,Undergraduate,10,Never-married,Other, Own-child,*,Male,0,0,12,North America,<=50K
23671,"[50, 60[", Local-gov,212864,High School,9,Married-civ-spouse,Other, Husband,*,Male,0,0,40,North America,>50K
23672,"[40, 50[", Private,214242,Undergraduate,13,Married-civ-spouse,Technical, Husband,*,Male,0,1887,40,North America,>50K
23674,"[20, 30[", Private,118693,Undergraduate,10,Never-married,Nontechnical, Own-child,*,Male,0,0,40,North America,<=50K
23675,"[20, 30[", Private,253593,High School,9,Never-married,Technical, Own-child,*,Male,0,0,40,North America,<=50K
23677,"[70, 80[", Private,497280,High School,5,Widowed,Other, Unmarried,*,Female,0,0,20,North America,<=50K
23678,"[60, 70[", Self-emp-not-inc,240562,Professional Education,15,Married-civ-spouse,Technical, Husband,*,Male,99999,0,40,North America,>50K
23679,"[10, 20[", Private,140985,Undergraduate,10,Never-married,Other, Other-relative,*,Male,0,0,25,North America,<=50K
23680,"[20, 30[", Local-gov,191921,Undergraduate,13,Never-married,Technical, Own-child,*,Male,0,0,25,North America,<=50K
23681,"[50, 60[", Private,204049,Undergraduate,10,Married-civ-spouse,Nontechnical, Husband,*,Male,0,1848,50,North America,>50K
23682,"[40, 50[", Private,331651,Graduate,14,Never-married,Technical, Not-in-family,*,Female,8614,0,50,North America,>50K
23683,"[50, 60[", Private,142158,Undergraduate,13,Divorced,Nontechnical, Unmarried,*,Female,0,0,35,North America,<=50K
23684,"[20, 30[", Private,249046,Undergraduate,13,Never-married,Technical, Own-child,*,Male,0,0,40,North America,<=50K
23685,"[40, 50[", Private,213019,Professional Education,11,Married-civ-spouse,Technical, Wife,*,Female,0,0,38,North America,>50K
23686,"[40, 50[", Private,199599,High School,6,Married-civ-spouse,Nontechnical, Husband,*,Male,0,0,40,North America,>50K
23688,"[20, 30[", Private,28008,Professional Education,12,Divorced,Other, Unmarried,*,Female,0,0,40,North America,<=50K
23690,"[30, 40[", Private,117073,High School,9,Never-married,Technical, Own-child,*,Male,0,0,40,North America,<=50K
23691,"[40, 50[", Private,325786,High School,9,Married-civ-spouse,Technical, Husband,*,Male,0,0,40,North America,<=50K
23692,"[30, 40[", Private,37546,Undergraduate,13,Never-married,Technical, Not-in-family,*,Female,0,0,40,North America,<=50K
23693,"[20, 30[", Private,204226,High School,9,Never-married,Nontechnical, Own-child,*,Female,0,0,40,North America,<=50K
23694,"[30, 40[", Private,133299,Professional Education,11,Married-civ-spouse,Technical, Husband,*,Male,0,0,40,North America,<=50K
23695,"[40, 50[", Private,29702,High School,6,Married-civ-spouse,Technical, Husband,*,Male,0,0,40,North America,<=50K
23696,"[20, 30[", Private,307812,High School,9,Married-civ-spouse,Technical, Husband,*,Male,0,0,60,North America,<=50K
23697,"[20, 30[", Private,174545,High School,9,Never-married,Other, Unmarried,*,Female,0,0,46,North America,<=50K
23698,"[20, 30[", Private,233472,Undergraduate,13,Never-married,Nontechnical, Not-in-family,*,Male,0,0,40,North America,<=50K
23699,"[30, 40[", Private,184147,High School,9,Separated,Nontechnical, Unmarried,*,Female,0,0,20,North America,<=50K
23700,"[20, 30[", Private,198188,High School,9,Married-civ-spouse,Other, Husband,*,Male,2580,0,45,North America,<=50K
23701,"[30, 40[", Private,447066,Undergraduate,13,Married-civ-spouse,Nontechnical, Husband,*,Male,15024,0,50,North America,>50K
23703,"[30, 40[", Private,166585,Undergraduate,13,Divorced,Nontechnical, Not-in-family,*,Female,0,0,55,North America,<=50K
23705,"[30, 40[", Private,53569,Professional Education,11,Married-civ-spouse,Technical, Husband,*,Male,0,0,40,North America,<=50K
23706,"[50, 60[", Private,167065,Undergraduate,13,Married-civ-spouse,Nontechnical, Husband,*,Male,0,0,40,North America,>50K
23707,"[30, 40[", Private,113364,Undergraduate,10,Never-married,Other, Not-in-family,*,Male,0,0,30,North America,<=50K
23708,"[40, 50[", Federal-gov,219266,High School,9,Married-civ-spouse,Nontechnical, Husband,*,Male,0,0,40,North America,>50K
23709,"[50, 60[", Federal-gov,200042,Undergraduate,10,Married-civ-spouse,Nontechnical, Husband,*,Male,15024,0,40,North America,>50K
23710,"[20, 30[", Private,205975,High School,9,Never-married,Other, Own-child,*,Female,0,0,20,North America,<=50K
23711,"[60, 70[", ?,234083,High School,9,Divorced,Other, Not-in-family,*,Female,0,2205,40,North America,<=50K
23712,"[50, 60[", Private,65325,Undergraduate,13,Married-civ-spouse,Other, Husband,*,Male,0,0,50,North America,<=50K
23713,"[30, 40[", Local-gov,194740,Undergraduate,13,Married-civ-spouse,Other, Husband,*,Male,0,0,40,North America,<=50K
23714,"[30, 40[", Private,99065,Undergraduate,10,Divorced,Nontechnical, Unmarried,*,Female,0,0,39,North America,<=50K
23715,"[20, 30[", Private,212793,Professional Education,12,Never-married,Technical, Not-in-family,*,Male,0,0,50,North America,>50K
23716,"[30, 40[", Private,112941,High School,9,Married-civ-spouse,Technical, Husband,*,Male,0,0,40,North America,>50K
23717,"[40, 50[", State-gov,187322,Undergraduate,13,Never-married,Technical, Not-in-family,*,Male,0,0,40,North America,<=50K
23718,"[50, 60[", Private,283676,Undergraduate,10,Divorced,Technical, Not-in-family,*,Male,0,0,40,North America,<=50K
23719,"[40, 50[", Private,173682,Undergraduate,10,Married-civ-spouse,Other, Husband,*,Male,0,0,40,North America,<=50K
23720,"[20, 30[", Private,168470,Undergraduate,13,Never-married,Nontechnical, Not-in-family,*,Male,0,0,40,North America,<=50K
23721,"[20, 30[", Private,186454,Undergraduate,13,Never-married,Technical, Not-in-family,*,Male,13550,0,40,North America,>50K
23723,"[20, 30[", Private,245628,Undergraduate,10,Never-married,Technical, Own-child,*,Male,0,0,15,North America,<=50K
23724,"[30, 40[", Private,264864,High School,9,Married-civ-spouse,Technical, Wife,*,Female,0,0,40,North America,<=50K
23725,"[30, 40[", Private,262841,High School,9,Married-civ-spouse,Nontechnical, Husband,*,Male,0,0,50,North America,>50K
23726,"[50, 60[", Private,37438,Professional Education,11,Married-civ-spouse,Technical, Husband,*,Male,0,0,40,North America,>50K
23727,"[20, 30[", Private,170800,Professional Education,11,Never-married,Other, Own-child,*,Female,0,0,12,North America,<=50K
23730,"[40, 50[", Private,159580,High School,8,Divorced,Other, Not-in-family,*,Female,0,0,40,North America,<=50K
23731,"[60, 70[", Private,477209,High School,4,Married-civ-spouse,Other, Husband,*,Male,0,0,54,North America,<=50K
23732,"[30, 40[", Private,70985,Professional Education,11,Married-civ-spouse,Technical, Husband,*,Male,0,0,40,North America,<=50K
23733,"[30, 40[", Private,241998,Undergraduate,13,Married-civ-spouse,Nontechnical, Husband,*,Male,0,0,45,North America,>50K
23734,"[20, 30[", Private,249541,Undergraduate,10,Married-civ-spouse,Technical, Husband,*,Male,0,0,40,North America,<=50K
23736,"[30, 40[", Private,44675,Graduate,16,Married-civ-spouse,Technical, Husband,*,Male,0,0,65,North America,>50K
23737,"[40, 50[", State-gov,247992,High School,4,Never-married,Other, Not-in-family,*,Female,0,0,40,North America,<=50K
23738,"[20, 30[", Self-emp-not-inc,221626,High School,9,Married-civ-spouse,Other, Wife,*,Female,0,1579,20,North America,<=50K
23739,"[40, 50[", Self-emp-inc,48087,High School,9,Married-civ-spouse,Technical, Husband,*,Male,0,0,40,North America,<=50K
23740,"[60, 70[", Local-gov,114045,High School,9,Divorced,Other, Not-in-family,*,Female,0,0,35,North America,<=50K
23742,"[60, 70[", Private,192670,High School,9,Divorced,Nontechnical, Not-in-family,*,Female,0,0,20,North America,<=50K
23743,"[10, 20[", Private,268392,High School,9,Never-married,Nontechnical, Unmarried,*,Female,0,0,30,North America,<=50K
23744,"[50, 60[", ?,170994,High School,9,Never-married,Other, Not-in-family,*,Female,0,0,40,North America,<=50K
23745,"[40, 50[", Private,431513,High School,6,Married-civ-spouse,Technical, Husband,*,Male,0,0,65,North America,>50K
23746,"[10, 20[", State-gov,37332,High School,9,Never-married,Other, Not-in-family,*,Female,0,0,20,North America,<=50K
23747,"[10, 20[", Private,35865,Undergraduate,10,Never-married,Other, Not-in-family,*,Female,0,0,30,North America,<=50K
23748,"[40, 50[", Private,183891,High School,9,Divorced,Nontechnical, Unmarried,*,Female,0,0,40,North America,<=50K
23749,"[30, 40[", Private,150309,Graduate,16,Married-civ-spouse,Technical, Wife,*,Female,0,0,90,North America,<=50K
23751,"[30, 40[", Private,171814,High School,9,Never-married,Technical, Not-in-family,*,Female,0,0,40,North America,<=50K
23752,"[30, 40[", State-gov,183735,Graduate,14,Married-civ-spouse,Technical, Husband,*,Male,0,0,40,North America,>50K
23753,"[40, 50[", Private,353541,High School,9,Married-civ-spouse,Technical, Husband,*,Male,0,0,40,North America,<=50K
23754,"[30, 40[", Local-gov,152351,Undergraduate,10,Married-civ-spouse,Other, Husband,*,Male,3908,0,40,North America,<=50K
23756,"[30, 40[", Private,345705,Undergraduate,13,Married-civ-spouse,Nontechnical, Husband,*,Male,0,1977,50,North America,>50K
23757,"[20, 30[", Private,223751,Undergraduate,10,Never-married,Technical, Not-in-family,*,Male,0,0,45,North America,<=50K
23759,"[30, 40[", ?,281363,High School,6,Widowed,Other, Unmarried,*,Female,0,0,15,North America,<=50K
23760,"[50, 60[", Private,110747,High School,9,Married-civ-spouse,Technical, Husband,*,Male,0,1887,40,North America,>50K
23761,"[40, 50[", Private,34458,High School,9,Married-civ-spouse,Other, Husband,*,Male,0,0,40,North America,<=50K
23762,"[30, 40[", Private,254293,Undergraduate,10,Never-married,Technical, Not-in-family,*,Male,0,0,40,North America,<=50K
23763,"[40, 50[", Private,270147,Graduate,14,Never-married,Nontechnical, Not-in-family,*,Female,0,0,40,North America,>50K
23764,"[40, 50[", Private,195491,High School,9,Divorced,Nontechnical, Not-in-family,*,Female,0,0,30,North America,<=50K
23765,"[30, 40[", Local-gov,255454,Undergraduate,13,Never-married,Other, Not-in-family,*,Male,0,0,40,North America,<=50K
23766,"[10, 20[", Private,126125,High School,9,Never-married,Other, Own-child,*,Male,0,0,20,North America,<=50K
23767,"[30, 40[", Private,618191,High School,9,Never-married,Nontechnical, Not-in-family,*,Female,0,0,40,North America,<=50K
23768,"[30, 40[", Private,163110,Graduate,14,Married-civ-spouse,Nontechnical, Husband,*,Male,0,0,40,North America,<=50K
23769,"[50, 60[", Private,145409,Undergraduate,10,Married-civ-spouse,Technical, Husband,*,Male,3103,0,48,North America,>50K
23770,"[30, 40[", State-gov,235379,Professional Education,12,Divorced,Technical, Not-in-family,*,Female,0,0,40,North America,<=50K
23771,"[20, 30[", Private,55465,High School,9,Never-married,Other, Own-child,*,Male,0,0,35,North America,<=50K
23772,"[60, 70[", Local-gov,181220,Undergraduate,10,Divorced,Other, Not-in-family,*,Female,0,0,20,North America,<=50K
23773,"[40, 50[", Private,26672,Professional Education,11,Never-married,Other, Not-in-family,*,Female,0,0,60,North America,<=50K
23774,"[50, 60[", Private,98361,High School,7,Married-civ-spouse,Technical, Husband,*,Male,0,0,40,North America,<=50K
23775,"[30, 40[", Local-gov,219883,High School,9,Never-married,Other, Not-in-family,*,Male,0,0,40,North America,<=50K
23776,"[10, 20[", Private,376683,Undergraduate,10,Never-married,Other, Unmarried,*,Female,2036,0,30,North America,<=50K
23777,"[40, 50[", Private,33865,Undergraduate,10,Divorced,Nontechnical, Not-in-family,*,Female,0,0,48,North America,<=50K
23778,"[60, 70[", Private,168794,High School,4,Married-civ-spouse,Other, Husband,*,Male,0,0,30,North America,<=50K
23779,"[30, 40[", Private,94245,Undergraduate,10,Married-civ-spouse,Nontechnical, Husband,*,Male,0,0,40,North America,<=50K
23780,"[30, 40[", Private,34572,High School,9,Never-married,Nontechnical, Not-in-family,*,Male,0,0,60,North America,<=50K
23781,"[40, 50[", Private,348751,High School,4,Married-civ-spouse,Technical, Husband,*,Male,0,0,40,North America,<=50K
23782,"[30, 40[", Private,65382,Undergraduate,10,Married-civ-spouse,Technical, Husband,*,Male,0,0,40,North America,>50K
23783,"[60, 70[", Private,116707,Undergraduate,10,Married-civ-spouse,Nontechnical, Husband,*,Male,7298,0,40,North America,>50K
23785,"[20, 30[", Private,140001,Undergraduate,13,Never-married,Other, Not-in-family,*,Male,0,0,40,North America,<=50K
23786,"[10, 20[", Private,166889,Undergraduate,10,Never-married,Nontechnical, Own-child,*,Female,0,1602,35,North America,<=50K
23787,"[20, 30[", Private,117789,Undergraduate,13,Never-married,Nontechnical, Own-child,*,Female,0,0,40,North America,<=50K
23788,"[20, 30[", Private,238917,Primary School,3,Married-civ-spouse,Other, Husband,*,Male,0,0,40,North America,<=50K
23789,"[40, 50[", Local-gov,242923,High School,9,Married-civ-spouse,Technical, Wife,*,Female,0,1848,40,North America,>50K
23790,"[50, 60[", Local-gov,330799,High School,5,Married-civ-spouse,Other, Wife,*,Female,0,0,40,North America,<=50K
23791,"[40, 50[", Private,209460,High School,9,Divorced,Nontechnical, Not-in-family,*,Male,0,0,40,North America,<=50K
23792,"[40, 50[", Federal-gov,75313,Undergraduate,13,Married-civ-spouse,Technical, Husband,*,Male,7688,0,66,North America,>50K
23793,"[20, 30[", ?,339100,High School,7,Divorced,Other, Not-in-family,*,Female,3418,0,48,North America,<=50K
23794,"[20, 30[", Private,184779,Undergraduate,10,Never-married,Technical, Own-child,*,Female,0,0,20,North America,<=50K
23795,"[30, 40[", Private,139000,High School,9,Divorced,Nontechnical, Unmarried,*,Female,0,0,25,North America,<=50K
23796,"[30, 40[", Private,361742,Undergraduate,10,Married-civ-spouse,Nontechnical, Husband,*,Male,0,0,50,North America,<=50K
23798,"[50, 60[", Private,203435,High School,9,Never-married,Nontechnical, Own-child,*,Female,0,0,40,North America,<=50K
23801,"[40, 50[", Private,87250,Undergraduate,13,Separated,Technical, Unmarried,*,Female,0,0,40,North America,<=50K
23802,"[40, 50[", Private,264663,Undergraduate,10,Separated,Technical, Own-child,*,Female,0,3900,40,North America,<=50K
23803,"[20, 30[", Private,255817,Primary School,3,Never-married,Other, Other-relative,*,Female,0,0,40,North America,<=50K
23805,"[30, 40[", Self-emp-inc,544268,High School,9,Divorced,Nontechnical, Not-in-family,*,Female,0,0,50,North America,<=50K
23806,"[40, 50[", Self-emp-not-inc,98061,Professional Education,11,Married-civ-spouse,Nontechnical, Husband,*,Male,0,0,50,North America,<=50K
23808,"[40, 50[", Private,145868,High School,7,Divorced,Other, Unmarried,*,Female,0,0,40,North America,<=50K
23809,"[20, 30[", Private,65038,High School,9,Never-married,Nontechnical, Own-child,*,Male,0,0,40,North America,<=50K
23810,"[40, 50[", Local-gov,227734,Professional Education,11,Married-civ-spouse,Other, Husband,*,Male,0,0,22,North America,<=50K
23811,"[10, 20[", Local-gov,176831,Undergraduate,10,Never-married,Other, Own-child,*,Female,0,0,35,North America,<=50K
23812,"[20, 30[", Private,211678,High School,9,Never-married,Nontechnical, Own-child,*,Male,0,0,40,North America,<=50K
23813,"[40, 50[", Local-gov,157240,Undergraduate,13,Divorced,Technical, Unmarried,*,Female,0,0,70,North America,<=50K
23815,"[70, 80[", Self-emp-inc,66624,Undergraduate,13,Married-civ-spouse,Nontechnical, Husband,*,Male,0,2392,60,North America,>50K
23816,"[40, 50[", Private,76487,High School,9,Married-civ-spouse,Other, Husband,*,Male,0,0,45,North America,<=50K
23817,"[30, 40[", State-gov,557853,Undergraduate,13,Never-married,Other, Not-in-family,*,Male,0,0,47,North America,<=50K
23818,"[60, 70[", ?,262352,Undergraduate,10,Married-civ-spouse,Other, Husband,*,Male,0,0,32,North America,<=50K
23819,"[50, 60[", Self-emp-not-inc,118253,High School,9,Married-civ-spouse,Other, Husband,*,Male,0,0,70,North America,<=50K
23820,"[30, 40[", Private,146625,High School,7,Widowed,Other, Unmarried,*,Female,0,0,12,North America,<=50K
23821,"[30, 40[", Private,174201,High School,9,Married-civ-spouse,Other, Husband,*,Male,0,0,65,North America,<=50K
23822,"[20, 30[", ?,66695,Undergraduate,10,Never-married,Other, Own-child,*,Female,594,0,35,North America,<=50K
23823,"[40, 50[", Private,121130,High School,9,Never-married,Other, Not-in-family,*,Female,0,0,40,North America,<=50K
23824,"[30, 40[", Private,385847,Undergraduate,10,Married-civ-spouse,Technical, Husband,*,Male,0,0,40,North America,<=50K
23825,"[60, 70[", ?,83439,High School,4,Married-civ-spouse,Other, Husband,*,Male,0,0,40,North America,<=50K
23826,"[20, 30[", Private,114158,Undergraduate,13,Never-married,Technical, Own-child,*,Female,0,0,15,North America,<=50K
23827,"[20, 30[", Private,381789,High School,8,Married-civ-spouse,Other, Own-child,*,Male,0,0,55,North America,<=50K
23828,"[10, 20[", Private,82041,High School,7,Never-married,Nontechnical, Own-child,*,Male,0,0,40,North America,<=50K
23829,"[30, 40[", Self-emp-not-inc,115618,High School,9,Divorced,Nontechnical, Not-in-family,*,Male,0,0,50,North America,>50K
23830,"[40, 50[", Self-emp-not-inc,106110,Undergraduate,10,Married-civ-spouse,Other, Wife,*,Female,0,0,99,North America,<=50K
23831,"[40, 50[", Private,267521,Undergraduate,13,Divorced,Other, Unmarried,*,Female,0,0,40,North America,<=50K
23833,"[50, 60[", Private,57101,High School,5,Married-civ-spouse,Technical, Husband,*,Male,0,0,40,North America,<=50K
23834,"[40, 50[", Private,236913,High School,9,Widowed,Other, Not-in-family,*,Female,0,0,45,North America,<=50K
23835,"[60, 70[", Self-emp-not-inc,388625,High School,6,Married-civ-spouse,Technical, Husband,*,Male,0,0,10,North America,>50K
23836,"[50, 60[", Self-emp-not-inc,261207,High School,4,Divorced,Other, Not-in-family,*,Male,0,0,45,North America,<=50K
23837,"[40, 50[", Private,245487,High School,9,Married-civ-spouse,Technical, Husband,*,Male,0,0,40,North America,<=50K
23838,"[30, 40[", Private,262153,High School,9,Divorced,Technical, Unmarried,*,Male,0,0,35,North America,<=50K
23839,"[30, 40[", Private,225516,Professional Education,12,Never-married,Nontechnical, Not-in-family,*,Male,10520,0,43,North America,>50K
23840,"[20, 30[", Self-emp-not-inc,68729,High School,9,Never-married,Nontechnical, Other-relative,*,Male,0,0,50,North America,>50K
23841,"[30, 40[", Private,126954,Undergraduate,13,Married-civ-spouse,Nontechnical, Husband,*,Male,0,0,50,North America,>50K
23842,"[30, 40[", Private,85074,Professional Education,12,Divorced,Other, Unmarried,*,Female,0,0,40,North America,<=50K
23843,"[20, 30[", Private,383306,High School,8,Married-civ-spouse,Technical, Husband,*,Male,0,0,40,North America,<=50K
23844,"[50, 60[", Private,128143,Undergraduate,13,Married-civ-spouse,Technical, Husband,*,Male,0,1887,50,North America,>50K
23845,"[40, 50[", Private,185041,Undergraduate,10,Married-civ-spouse,Technical, Husband,*,Male,7298,0,40,North America,>50K
23846,"[40, 50[", Private,99373,High School,9,Divorced,Technical, Not-in-family,*,Female,0,0,40,North America,<=50K
23847,"[60, 70[", Local-gov,157942,High School,9,Widowed,Other, Not-in-family,*,Female,0,0,40,North America,<=50K
23848,"[40, 50[", Private,241928,High School,9,Separated,Other, Not-in-family,*,Female,0,0,32,North America,<=50K
23849,"[30, 40[", Private,348739,Undergraduate,13,Married-civ-spouse,Technical, Husband,*,Male,0,0,45,North America,>50K
23850,"[30, 40[", Private,95654,High School,6,Divorced,Nontechnical, Unmarried,*,Female,0,0,35,North America,<=50K
23851,"[20, 30[", Private,367306,Undergraduate,10,Never-married,Technical, Own-child,*,Female,0,0,40,North America,<=50K
23852,"[20, 30[", Private,270421,Undergraduate,13,Married-civ-spouse,Technical, Husband,*,Male,0,0,50,North America,>50K
23853,"[60, 70[", ?,221592,High School,9,Married-civ-spouse,Other, Husband,*,Male,0,0,40,North America,>50K
23854,"[50, 60[", Self-emp-not-inc,156951,Professional Education,12,Married-civ-spouse,Technical, Husband,*,Male,3103,0,40,North America,>50K
23855,"[40, 50[", State-gov,39239,Graduate,14,Never-married,Technical, Not-in-family,*,Male,0,0,70,North America,<=50K
23856,"[30, 40[", Private,72744,High School,9,Never-married,Technical, Own-child,*,Male,0,0,40,North America,<=50K
23857,"[40, 50[", State-gov,367292,Undergraduate,10,Married-civ-spouse,Other, Husband,*,Male,0,0,40,North America,>50K
23858,"[40, 50[", Self-emp-not-inc,408498,High School,9,Married-civ-spouse,Nontechnical, Husband,*,Male,0,0,50,North America,<=50K
23859,"[20, 30[", Private,361493,Undergraduate,13,Never-married,Nontechnical, Not-in-family,*,Male,3325,0,40,North America,<=50K
23860,"[60, 70[", Self-emp-inc,157403,High School,9,Married-civ-spouse,Nontechnical, Husband,*,Male,0,0,50,North America,<=50K
23861,"[30, 40[", Private,231263,Undergraduate,10,Married-civ-spouse,Technical, Husband,*,Male,0,0,50,North America,<=50K
23862,"[30, 40[", Private,244147,High School,9,Never-married,Technical, Unmarried,*,Male,0,0,10,North America,<=50K
23863,"[20, 30[", Private,220944,Undergraduate,10,Married-civ-spouse,Technical, Husband,*,Male,0,0,60,North America,<=50K
23864,"[50, 60[", Federal-gov,314007,High School,9,Divorced,Nontechnical, Not-in-family,*,Female,0,0,40,North America,<=50K
23865,"[60, 70[", ?,200862,High School,6,Never-married,Other, Not-in-family,*,Female,0,0,35,North America,<=50K
23866,"[20, 30[", Private,33374,High School,7,Married-spouse-absent,Other, Unmarried,*,Female,0,0,35,North America,<=50K
23867,"[30, 40[", Self-emp-inc,345489,Undergraduate,10,Married-civ-spouse,Nontechnical, Husband,*,Male,0,0,55,North America,>50K
23869,"[40, 50[", Private,162302,High School,9,Divorced,Other, Unmarried,*,Female,0,0,20,North America,<=50K
23870,"[20, 30[", Private,112847,High School,9,Never-married,Nontechnical, Not-in-family,*,Male,0,0,40,North America,<=50K
23871,"[20, 30[", Private,147344,Undergraduate,10,Never-married,Nontechnical, Own-child,*,Male,0,0,20,North America,<=50K
23872,"[50, 60[", State-gov,183657,Undergraduate,10,Married-civ-spouse,Technical, Husband,*,Male,0,0,35,North America,>50K
23873,"[40, 50[", Private,130760,Graduate,16,Married-civ-spouse,Technical, Husband,*,Male,0,0,45,North America,<=50K
23874,"[50, 60[", Private,163948,Graduate,14,Married-civ-spouse,Nontechnical, Husband,*,Male,0,0,40,North America,>50K
23876,"[50, 60[", Federal-gov,332243,High School,8,Married-civ-spouse,Other, Husband,*,Male,0,0,40,North America,<=50K
23877,"[50, 60[", Local-gov,195844,Undergraduate,10,Married-civ-spouse,Other, Husband,*,Male,0,0,40,North America,>50K
23878,"[50, 60[", Local-gov,387250,Undergraduate,13,Married-civ-spouse,Other, Husband,*,Male,0,0,50,North America,>50K
23879,"[30, 40[", State-gov,188303,Undergraduate,10,Married-civ-spouse,Other, Husband,*,Male,7688,0,40,North America,>50K
23880,"[60, 70[", ?,40956,Undergraduate,13,Married-civ-spouse,Other, Husband,*,Male,0,0,25,North America,<=50K
23881,"[10, 20[", Private,178953,High School,8,Never-married,Nontechnical, Own-child,*,Female,0,0,20,North America,<=50K
23882,"[30, 40[", Private,398988,Undergraduate,13,Never-married,Nontechnical, Not-in-family,*,Male,0,0,40,North America,<=50K
23883,"[20, 30[", Private,535978,Undergraduate,10,Married-civ-spouse,Technical, Husband,*,Male,0,0,45,North America,<=50K
23884,"[40, 50[", Private,296982,Undergraduate,10,Divorced,Nontechnical, Unmarried,*,Male,0,0,40,North America,<=50K
23885,"[40, 50[", Private,231991,High School,9,Divorced,Nontechnical, Unmarried,*,Female,0,0,40,North America,<=50K
23886,"[20, 30[", Private,295799,Undergraduate,10,Married-civ-spouse,Technical, Husband,*,Male,0,0,40,North America,<=50K
23887,"[20, 30[", State-gov,201569,Undergraduate,13,Never-married,Technical, Own-child,*,Female,0,0,20,North America,<=50K
23888,"[50, 60[", Private,193568,High School,7,Widowed,Other, Not-in-family,*,Female,0,0,40,North America,<=50K
23889,"[60, 70[", Private,97128,Undergraduate,13,Married-civ-spouse,Nontechnical, Husband,*,Male,0,0,45,North America,>50K
23890,"[40, 50[", Private,203393,Undergraduate,13,Married-civ-spouse,Technical, Wife,*,Female,0,0,35,North America,>50K
23892,"[40, 50[", Self-emp-inc,120277,Undergraduate,13,Married-civ-spouse,Nontechnical, Husband,*,Male,0,0,40,Unknown,<=50K
23893,"[40, 50[", Private,91949,High School,9,Divorced,Technical, Not-in-family,*,Female,0,0,40,North America,<=50K
23894,"[40, 50[", Private,228372,Undergraduate,13,Divorced,Nontechnical, Unmarried,*,Male,0,0,40,North America,>50K
23895,"[20, 30[", Private,132191,High School,9,Married-civ-spouse,Other, Husband,*,Male,0,0,45,North America,>50K
23896,"[30, 40[", Self-emp-not-inc,274683,Undergraduate,10,Married-civ-spouse,Nontechnical, Husband,*,Male,7688,0,50,North America,>50K
23897,"[50, 60[", Local-gov,196307,Undergraduate,10,Married-civ-spouse,Technical, Husband,*,Male,7688,0,40,North America,>50K
23899,"[40, 50[", Private,185399,High School,9,Married-civ-spouse,Other, Wife,*,Female,0,0,38,North America,<=50K
23900,"[70, 80[", Self-emp-not-inc,103684,High School,9,Married-civ-spouse,Other, Husband,*,Male,0,0,40,North America,<=50K
23901,"[40, 50[", Private,140559,High School,9,Married-civ-spouse,Other, Wife,*,Female,0,0,45,North America,<=50K
23902,"[30, 40[", Federal-gov,110188,Undergraduate,13,Married-civ-spouse,Technical, Husband,*,Male,0,0,40,Asia,<=50K
23903,"[30, 40[", Local-gov,668319,Undergraduate,13,Married-civ-spouse,Nontechnical, Husband,*,Male,0,1740,80,North America,<=50K
23904,"[30, 40[", Private,112358,Undergraduate,13,Married-civ-spouse,Other, Husband,*,Male,0,0,60,North America,>50K
23905,"[20, 30[", Private,151810,High School,6,Never-married,Other, Not-in-family,*,Male,0,0,40,North America,<=50K
23906,"[40, 50[", Private,48120,High School,9,Never-married,Other, Unmarried,*,Female,1506,0,40,North America,<=50K
23907,"[40, 50[", Private,144844,High School,9,Married-civ-spouse,Technical, Husband,*,Male,0,0,40,North America,<=50K
23908,"[20, 30[", Private,205839,Undergraduate,10,Never-married,Other, Not-in-family,*,Male,0,0,45,North America,<=50K
23909,"[20, 30[", Private,113760,High School,7,Never-married,Other, Own-child,*,Female,0,0,30,North America,<=50K
23910,"[50, 60[", Private,138358,High School,6,Separated,Other, Not-in-family,*,Female,0,0,47,North America,<=50K
23911,"[40, 50[", Self-emp-not-inc,216657,High School,9,Married-civ-spouse,Other, Husband,*,Male,0,0,60,North America,<=50K
23912,"[30, 40[", Private,278576,High School,9,Married-civ-spouse,Other, Husband,*,Male,0,0,50,North America,<=50K
23913,"[40, 50[", Private,174373,Professional Education,12,Married-civ-spouse,Technical, Husband,*,Male,0,0,40,North America,>50K
23914,"[70, 80[", Private,220019,High School,5,Widowed,Other, Unmarried,*,Female,0,0,9,North America,<=50K
23916,"[30, 40[", Private,303867,Undergraduate,13,Married-civ-spouse,Technical, Husband,*,Male,0,0,40,North America,>50K
23917,"[30, 40[", Private,154210,Undergraduate,10,Married-civ-spouse,Technical, Husband,*,Male,0,0,40,Asia,<=50K
23919,"[40, 50[", Private,202560,Undergraduate,10,Married-civ-spouse,Other, Wife,*,Female,0,0,40,North America,>50K
23920,"[20, 30[", ?,358783,Undergraduate,10,Never-married,Other, Own-child,*,Female,0,0,35,North America,<=50K
23921,"[20, 30[", Private,423024,Primary School,3,Married-civ-spouse,Other, Husband,*,Male,0,0,40,North America,<=50K
23922,"[20, 30[", Private,206671,Professional Education,11,Married-civ-spouse,Technical, Husband,*,Male,0,0,40,North America,<=50K
23923,"[20, 30[", State-gov,245310,Undergraduate,10,Never-married,Technical, Not-in-family,*,Male,0,0,35,North America,<=50K
23924,"[10, 20[", Private,31983,High School,8,Never-married,Other, Own-child,*,Female,0,0,20,North America,<=50K
23925,"[40, 50[", Private,124956,Undergraduate,13,Divorced,Nontechnical, Unmarried,*,Female,0,0,90,North America,>50K
23926,"[50, 60[", Private,118358,High School,9,Married-civ-spouse,Technical, Husband,*,Male,0,0,40,North America,>50K
23927,"[20, 30[", Private,491421,Primary School,3,Never-married,Other, Unmarried,*,Male,0,0,50,North America,<=50K
23928,"[50, 60[", Private,151580,Professional Education,12,Married-civ-spouse,Technical, Husband,*,Male,0,0,45,North America,<=50K
23929,"[20, 30[", Private,248990,Primary School,2,Never-married,Technical, Not-in-family,*,Male,0,0,24,North America,<=50K
23930,"[40, 50[", Private,157425,Undergraduate,13,Divorced,Nontechnical, Unmarried,*,Female,0,0,45,North America,<=50K
23931,"[30, 40[", Private,221650,Undergraduate,10,Married-civ-spouse,Technical, Husband,*,Male,0,0,40,Asia,<=50K
23932,"[60, 70[", Private,88055,Undergraduate,10,Married-civ-spouse,Other, Husband,*,Male,0,0,60,North America,>50K
23934,"[30, 40[", Private,682947,Undergraduate,13,Divorced,Nontechnical, Not-in-family,*,Male,0,0,55,North America,>50K
23935,"[40, 50[", Private,228124,High School,9,Married-spouse-absent,Other, Unmarried,*,Female,0,0,40,North America,<=50K
23936,"[10, 20[", ?,217194,High School,6,Never-married,Other, Own-child,*,Male,0,0,30,North America,<=50K
23937,"[40, 50[", Self-emp-not-inc,171540,Undergraduate,10,Married-civ-spouse,Other, Husband,*,Male,0,0,60,North America,<=50K
23938,"[60, 70[", Self-emp-inc,210827,Undergraduate,13,Married-civ-spouse,Technical, Husband,*,Male,7688,0,40,North America,>50K
23940,"[20, 30[", Private,163747,Undergraduate,13,Never-married,Nontechnical, Not-in-family,*,Female,0,0,55,North America,<=50K
23941,"[10, 20[", Private,108892,High School,7,Never-married,Nontechnical, Own-child,*,Male,0,0,12,North America,<=50K
23942,"[40, 50[", Private,180096,Professional Education,11,Married-civ-spouse,Technical, Husband,*,Male,0,0,50,North America,>50K
23944,"[20, 30[", Private,117480,High School,6,Never-married,Technical, Own-child,*,Male,0,0,44,North America,<=50K
23945,"[20, 30[", Private,163333,Undergraduate,10,Never-married,Other, Own-child,*,Female,0,0,35,North America,<=50K
23946,"[20, 30[", Self-emp-not-inc,306710,High School,9,Never-married,Other, Own-child,*,Male,0,0,40,North America,<=50K
23948,"[70, 80[", Private,123959,High School,9,Widowed,Other, Not-in-family,*,Female,0,0,32,North America,<=50K
23949,"[30, 40[", Private,24961,Professional Education,11,Married-civ-spouse,Technical, Husband,*,Male,0,0,40,North America,<=50K
23950,"[30, 40[", Local-gov,327120,Undergraduate,10,Married-civ-spouse,Other, Husband,*,Male,0,0,30,North America,<=50K
23951,"[20, 30[", Self-emp-not-inc,33798,High School,9,Married-civ-spouse,Other, Husband,*,Male,0,0,45,North America,<=50K
23952,"[50, 60[", Private,81929,Graduate,16,Married-civ-spouse,Technical, Husband,*,Male,0,2415,45,North America,>50K
23953,"[20, 30[", Private,298489,Undergraduate,10,Never-married,Technical, Own-child,*,Male,0,0,40,North America,<=50K
23954,"[30, 40[", ?,101697,Undergraduate,13,Married-civ-spouse,Other, Wife,*,Female,0,0,20,North America,<=50K
23955,"[30, 40[", Private,144064,High School,9,Married-civ-spouse,Technical, Husband,*,Male,0,0,48,North America,>50K
23956,"[50, 60[", Self-emp-not-inc,195835,High School,9,Married-civ-spouse,Nontechnical, Husband,*,Male,0,0,60,North America,<=50K
23957,"[20, 30[", Federal-gov,184723,Undergraduate,10,Never-married,Other, Not-in-family,*,Female,0,0,40,North America,>50K
23958,"[50, 60[", Private,265086,High School,9,Married-civ-spouse,Technical, Husband,*,Male,0,0,50,North America,>50K
23959,"[10, 20[", Private,235909,Undergraduate,10,Never-married,Other, Own-child,*,Female,0,0,20,North America,<=50K
23960,"[30, 40[", Private,42645,High School,9,Married-civ-spouse,Other, Husband,*,Male,0,0,40,North America,<=50K
23961,"[50, 60[", State-gov,279878,Graduate,14,Married-civ-spouse,Nontechnical, Husband,*,Male,0,0,40,North America,>50K
23962,"[40, 50[", Private,104892,Graduate,14,Married-civ-spouse,Nontechnical, Husband,*,Male,0,0,40,North America,>50K
23963,"[20, 30[", Private,137063,High School,9,Never-married,Nontechnical, Unmarried,*,Male,0,0,38,North America,<=50K
23964,"[30, 40[", Self-emp-not-inc,58972,High School,9,Married-civ-spouse,Nontechnical, Husband,*,Male,0,0,50,North America,<=50K
23965,"[30, 40[", Private,126675,Graduate,14,Married-civ-spouse,Technical, Husband,*,Male,0,1977,50,North America,>50K
23966,"[10, 20[", Private,286435,Undergraduate,10,Never-married,Technical, Own-child,*,Male,594,0,40,North America,<=50K
23967,"[40, 50[", Private,191389,High School,9,Married-civ-spouse,Nontechnical, Wife,*,Female,0,0,28,North America,>50K
23968,"[40, 50[", Private,183241,Graduate,14,Married-civ-spouse,Technical, Wife,*,Female,0,0,45,North America,>50K
23969,"[20, 30[", Private,91547,Undergraduate,10,Never-married,Nontechnical, Not-in-family,*,Female,0,0,40,North America,<=50K
23970,"[40, 50[", Private,52781,Undergraduate,13,Married-civ-spouse,Technical, Husband,*,Male,7688,0,40,North America,>50K
23971,"[20, 30[", Private,210959,Professional Education,12,Married-civ-spouse,Other, Husband,*,Male,0,0,40,North America,<=50K
23972,"[40, 50[", Private,365516,Graduate,14,Divorced,Technical, Unmarried,*,Female,0,0,40,North America,<=50K
23973,"[30, 40[", Private,112271,High School,7,Married-civ-spouse,Technical, Husband,*,Male,0,0,40,North America,>50K
23974,"[30, 40[", Private,269455,High School,9,Married-civ-spouse,Other, Husband,*,Male,0,0,45,North America,<=50K
23975,"[40, 50[", Private,164379,Undergraduate,13,Divorced,Nontechnical, Unmarried,*,Female,0,0,35,North America,>50K
23976,"[20, 30[", Private,109621,Professional Education,12,Married-civ-spouse,Other, Husband,*,Male,0,0,40,North America,<=50K
23977,"[30, 40[", Private,104858,Undergraduate,10,Married-civ-spouse,Other, Husband,*,Male,0,0,56,North America,>50K
23978,"[30, 40[", Private,99270,High School,9,Divorced,Other, Own-child,*,Female,0,0,40,North America,<=50K
23979,"[40, 50[", Private,193524,Undergraduate,10,Married-civ-spouse,Technical, Husband,*,Male,0,0,40,North America,<=50K
23980,"[70, 80[", ?,149040,High School,9,Widowed,Other, Not-in-family,*,Female,2964,0,12,North America,<=50K
23981,"[60, 70[", State-gov,313946,High School,9,Married-civ-spouse,Other, Husband,*,Male,0,0,40,North America,<=50K
23982,"[30, 40[", Private,162358,Undergraduate,13,Never-married,Nontechnical, Not-in-family,*,Female,0,0,50,North America,>50K
23983,"[50, 60[", Private,200700,Undergraduate,13,Married-civ-spouse,Technical, Husband,*,Male,0,0,48,North America,>50K
23984,"[20, 30[", Private,116489,Undergraduate,10,Never-married,Nontechnical, Own-child,*,Female,0,0,60,North America,<=50K
23985,"[20, 30[", Private,118310,Professional Education,12,Never-married,Technical, Own-child,*,Female,0,0,16,North America,<=50K
23986,"[30, 40[", Private,352465,Undergraduate,10,Married-civ-spouse,Nontechnical, Husband,*,Male,15024,0,50,North America,>50K
23987,"[40, 50[", Private,107433,Undergraduate,13,Married-civ-spouse,Nontechnical, Husband,*,Male,0,1977,50,North America,>50K
23988,"[30, 40[", Private,296538,High School,9,Married-civ-spouse,Nontechnical, Husband,*,Male,0,0,45,North America,>50K
23989,"[40, 50[", Local-gov,195897,Graduate,14,Married-civ-spouse,Technical, Husband,*,Male,0,0,60,North America,<=50K
23990,"[30, 40[", Self-emp-not-inc,216283,Professional Education,12,Married-civ-spouse,Other, Wife,*,Female,0,0,35,North America,>50K
23992,"[40, 50[", Private,216685,High School,9,Married-civ-spouse,Technical, Wife,*,Female,0,0,35,North America,<=50K
23993,"[20, 30[", Local-gov,210945,Undergraduate,13,Never-married,Technical, Not-in-family,*,Female,0,0,60,North America,<=50K
23994,"[40, 50[", Private,184321,High School,6,Married-civ-spouse,Technical, Husband,*,Male,0,1887,40,North America,>50K
23995,"[50, 60[", Self-emp-not-inc,322691,Graduate,14,Married-civ-spouse,Nontechnical, Husband,*,Male,3103,0,55,North America,>50K
23996,"[40, 50[", Private,192712,High School,9,Separated,Other, Unmarried,*,Female,0,0,25,North America,<=50K
23997,"[20, 30[", Private,178272,Undergraduate,13,Never-married,Technical, Not-in-family,*,Female,0,0,40,North America,<=50K
23998,"[50, 60[", Federal-gov,321333,Undergraduate,10,Married-civ-spouse,Other, Husband,*,Male,0,0,40,North America,>50K
23999,"[40, 50[", Self-emp-inc,120277,Undergraduate,13,Married-civ-spouse,Nontechnical, Husband,*,Male,99999,0,45,North America,>50K
24001,"[20, 30[", Private,112819,High School,9,Never-married,Technical, Own-child,*,Male,0,0,40,North America,<=50K
24002,"[40, 50[", Private,152636,High School,9,Divorced,Technical, Unmarried,*,Female,0,0,50,North America,<=50K
24003,"[60, 70[", ?,301611,High School,9,Married-civ-spouse,Other, Husband,*,Male,0,0,20,North America,<=50K
24005,"[40, 50[", Private,64216,High School,9,Divorced,Other, Not-in-family,*,Male,0,0,90,North America,<=50K
24007,"[20, 30[", Private,469572,Undergraduate,10,Never-married,Technical, Not-in-family,*,Male,8614,0,40,North America,>50K
24008,"[40, 50[", Self-emp-not-inc,282722,Professional Education,15,Married-civ-spouse,Technical, Husband,*,Male,99999,0,50,North America,>50K
24009,"[10, 20[", Private,231439,High School,7,Never-married,Nontechnical, Own-child,*,Male,0,0,30,North America,<=50K
24010,"[40, 50[", Self-emp-inc,120277,Graduate,14,Married-civ-spouse,Nontechnical, Husband,*,Male,0,0,40,North America,>50K
24011,"[20, 30[", Private,364685,High School,7,Never-married,Technical, Own-child,*,Female,0,0,35,North America,<=50K
24012,"[20, 30[", Private,18827,Undergraduate,10,Never-married,Other, Not-in-family,*,Male,0,0,40,North America,<=50K
24013,"[20, 30[", Private,169129,Undergraduate,10,Never-married,Technical, Not-in-family,*,Male,0,0,40,North America,<=50K
24014,"[30, 40[", Private,202051,Undergraduate,13,Married-civ-spouse,Nontechnical, Husband,*,Male,0,0,42,North America,>50K
24015,"[50, 60[", ?,353244,Undergraduate,13,Widowed,Other, Unmarried,*,Female,27828,0,50,North America,>50K
24016,"[10, 20[", Private,574271,High School,9,Never-married,Nontechnical, Own-child,*,Male,0,0,28,North America,<=50K
24017,"[60, 70[", State-gov,29276,High School,4,Widowed,Other, Other-relative,*,Female,0,0,24,North America,<=50K
24018,"[50, 60[", Self-emp-not-inc,104501,Undergraduate,10,Married-civ-spouse,Technical, Husband,*,Male,0,0,60,North America,>50K
24019,"[10, 20[", Private,394176,High School,6,Never-married,Nontechnical, Own-child,*,Male,0,0,20,North America,<=50K
24020,"[20, 30[", Private,85625,High School,9,Never-married,Other, Own-child,*,Male,0,0,22,North America,<=50K
24022,"[20, 30[", Private,149342,Undergraduate,13,Never-married,Nontechnical, Not-in-family,*,Female,0,0,40,North America,<=50K
24023,"[30, 40[", Private,73715,Undergraduate,10,Married-civ-spouse,Technical, Husband,*,Male,0,0,40,North America,>50K
24024,"[30, 40[", Private,143083,Professional Education,11,Married-civ-spouse,Other, Wife,*,Female,0,0,18,North America,<=50K
24025,"[40, 50[", Local-gov,290660,Professional Education,12,Divorced,Nontechnical, Not-in-family,*,Male,8614,0,50,North America,>50K
24026,"[40, 50[", Local-gov,98738,High School,9,Married-civ-spouse,Technical, Husband,*,Male,0,0,40,North America,>50K
24028,"[40, 50[", Private,309033,Professional Education,11,Married-civ-spouse,Technical, Wife,*,Female,15024,0,60,North America,>50K
24029,"[40, 50[", Self-emp-not-inc,96129,High School,7,Married-civ-spouse,Nontechnical, Husband,*,Male,0,0,60,North America,<=50K
24031,"[30, 40[", Private,171091,High School,9,Married-civ-spouse,Other, Husband,*,Male,0,0,50,North America,>50K
24032,"[30, 40[", Self-emp-not-inc,79303,Professional Education,11,Married-civ-spouse,Other, Husband,*,Male,0,0,60,North America,<=50K
24033,"[20, 30[", Local-gov,182380,High School,9,Never-married,Technical, Own-child,*,Male,0,0,40,North America,<=50K
24034,"[40, 50[", Private,36271,Undergraduate,13,Married-civ-spouse,Nontechnical, Husband,*,Male,0,0,40,North America,>50K
24035,"[60, 70[", Private,118197,Undergraduate,10,Married-civ-spouse,Technical, Husband,*,Male,0,0,65,North America,<=50K
24036,"[40, 50[", Private,269652,Undergraduate,10,Married-civ-spouse,Technical, Husband,*,Male,4386,0,38,North America,>50K
24037,"[30, 40[", Local-gov,193815,Undergraduate,10,Married-civ-spouse,Other, Husband,*,Male,0,0,40,North America,>50K
24038,"[20, 30[", Private,141957,Professional Education,12,Married-civ-spouse,Technical, Husband,*,Male,0,1887,70,North America,>50K
24039,"[20, 30[", Private,222637,High School,6,Never-married,Technical, Not-in-family,*,Male,0,0,55,North America,<=50K
24040,"[20, 30[", Private,118230,Undergraduate,10,Never-married,Other, Own-child,*,Female,0,0,40,North America,<=50K
24041,"[50, 60[", Private,174040,Undergraduate,10,Divorced,Technical, Unmarried,*,Male,0,0,40,North America,<=50K
24042,"[60, 70[", State-gov,105748,High School,9,Married-civ-spouse,Other, Husband,*,Male,0,0,40,North America,<=50K
24044,"[50, 60[", Private,205100,Undergraduate,10,Divorced,Nontechnical, Not-in-family,*,Female,0,0,45,North America,>50K
24045,"[30, 40[", Private,107916,High School,9,Married-civ-spouse,Other, Husband,*,Male,0,2002,40,North America,<=50K
24047,"[30, 40[", ?,361817,High School,9,Never-married,Other, Own-child,*,Male,0,0,25,North America,<=50K
24048,"[40, 50[", Self-emp-not-inc,235646,Graduate,14,Married-civ-spouse,Technical, Husband,*,Male,0,0,40,North America,>50K
24049,"[30, 40[", Private,53277,Graduate,14,Married-civ-spouse,Nontechnical, Husband,*,Male,0,0,60,North America,>50K
24050,"[20, 30[", Private,456460,Professional Education,12,Married-civ-spouse,Other, Wife,*,Female,0,0,40,North America,<=50K
24051,"[20, 30[", Private,293091,High School,9,Never-married,Nontechnical, Own-child,*,Male,0,0,30,North America,<=50K
24052,"[60, 70[", Private,210935,High School,9,Married-civ-spouse,Other, Husband,*,Male,0,0,20,North America,<=50K
24053,"[40, 50[", ?,199763,Undergraduate,10,Married-civ-spouse,Other, Wife,*,Female,0,0,20,North America,<=50K
24054,"[60, 70[", ?,223447,High School,8,Divorced,Other, Not-in-family,*,Male,0,0,40,North America,<=50K
24055,"[30, 40[", Self-emp-not-inc,233533,Undergraduate,13,Separated,Technical, Not-in-family,*,Male,0,0,65,North America,<=50K
24056,"[20, 30[", Private,95647,Undergraduate,13,Never-married,Technical, Own-child,*,Male,0,0,40,North America,<=50K
24057,"[40, 50[", Private,199763,Undergraduate,10,Divorced,Technical, Not-in-family,*,Female,0,0,35,North America,<=50K
24058,"[10, 20[", Private,74539,High School,6,Never-married,Nontechnical, Not-in-family,*,Male,0,0,20,North America,<=50K
24059,"[10, 20[", Private,84610,Undergraduate,10,Never-married,Other, Own-child,*,Female,0,0,30,North America,<=50K
24060,"[60, 70[", Self-emp-inc,96930,Professional Education,12,Married-civ-spouse,Nontechnical, Husband,*,Male,0,0,40,North America,>50K
24061,"[50, 60[", Private,115602,High School,9,Married-civ-spouse,Other, Wife,*,Female,0,0,40,North America,<=50K
24062,"[20, 30[", Private,237341,Undergraduate,10,Married-civ-spouse,Technical, Wife,*,Female,0,0,40,North America,>50K
24063,"[60, 70[", Private,143800,High School,6,Married-civ-spouse,Other, Husband,*,Male,0,0,50,North America,>50K
24064,"[50, 60[", Self-emp-inc,163921,High School,9,Married-civ-spouse,Nontechnical, Husband,*,Male,0,0,48,North America,>50K
24065,"[30, 40[", Private,68273,Undergraduate,13,Married-civ-spouse,Nontechnical, Husband,*,Male,0,0,40,North America,>50K
24066,"[20, 30[", Private,113163,Undergraduate,10,Never-married,Other, Own-child,*,Male,0,0,50,North America,<=50K
24067,"[30, 40[", Self-emp-inc,478829,Professional Education,15,Married-civ-spouse,Technical, Husband,*,Male,99999,0,50,North America,>50K
24068,"[30, 40[", Private,345705,Undergraduate,10,Married-civ-spouse,Nontechnical, Other-relative,*,Male,0,0,40,North America,<=50K
24069,"[20, 30[", Private,385077,High School,9,Never-married,Technical, Own-child,*,Male,2907,0,40,North America,<=50K
24070,"[30, 40[", Private,192286,Undergraduate,10,Divorced,Other, Not-in-family,*,Female,0,0,52,North America,<=50K
24071,"[30, 40[", Local-gov,236391,High School,9,Married-civ-spouse,Technical, Husband,*,Male,0,0,38,North America,>50K
24072,"[40, 50[", Private,106679,High School,9,Married-civ-spouse,Technical, Husband,*,Male,0,0,50,North America,>50K
24073,"[40, 50[", ?,308242,High School,9,Married-civ-spouse,Other, Husband,*,Male,0,0,40,North America,<=50K
24074,"[40, 50[", Local-gov,46094,Undergraduate,13,Divorced,Other, Not-in-family,*,Male,0,0,33,North America,<=50K
24075,"[20, 30[", Private,194940,Undergraduate,13,Married-civ-spouse,Nontechnical, Husband,*,Male,0,0,40,North America,<=50K
24076,"[30, 40[", Private,341643,Undergraduate,13,Never-married,Nontechnical, Not-in-family,*,Male,0,0,55,North America,<=50K
24077,"[20, 30[", Private,210474,Undergraduate,10,Never-married,Other, Own-child,*,Female,0,0,30,North America,<=50K
24078,"[20, 30[", Private,76313,Undergraduate,10,Married-civ-spouse,Technical, Husband,*,Male,0,0,60,North America,<=50K
24079,"[30, 40[", Private,115858,High School,9,Divorced,Other, Own-child,*,Female,0,0,40,North America,<=50K
24080,"[40, 50[", Private,55191,Undergraduate,10,Never-married,Other, Not-in-family,*,Female,0,0,40,North America,<=50K
24081,"[60, 70[", Self-emp-not-inc,364862,High School,9,Widowed,Other, Not-in-family,*,Female,0,0,30,North America,<=50K
24082,"[40, 50[", Private,334787,High School,9,Married-civ-spouse,Other, Husband,*,Male,0,0,40,North America,<=50K
24083,"[30, 40[", Private,205733,High School,9,Never-married,Other, Not-in-family,*,Female,0,0,40,North America,<=50K
24084,"[60, 70[", ?,120163,Undergraduate,13,Married-civ-spouse,Other, Husband,*,Male,0,0,40,North America,<=50K
24085,"[20, 30[", Private,333677,Undergraduate,13,Never-married,Nontechnical, Own-child,*,Male,2463,0,35,North America,<=50K
24086,"[20, 30[", Private,208591,High School,9,Never-married,Technical, Own-child,*,Male,0,0,40,North America,<=50K
24087,"[40, 50[", Private,341204,Undergraduate,10,Divorced,Nontechnical, Unmarried,*,Female,1831,0,30,North America,<=50K
24088,"[50, 60[", Self-emp-not-inc,115422,High School,9,Married-civ-spouse,Other, Husband,*,Male,0,0,40,North America,<=50K
24089,"[30, 40[", Self-emp-inc,111319,Professional Education,12,Married-civ-spouse,Nontechnical, Husband,*,Male,0,1887,45,North America,>50K
24090,"[50, 60[", Private,816750,High School,9,Married-civ-spouse,Technical, Husband,*,Male,0,2051,40,North America,<=50K
24091,"[20, 30[", Private,167835,Undergraduate,13,Never-married,Nontechnical, Not-in-family,*,Female,3325,0,40,North America,<=50K
24092,"[20, 30[", Private,92262,Undergraduate,13,Married-civ-spouse,Nontechnical, Husband,*,Male,0,0,40,North America,<=50K
24093,"[30, 40[", Private,91964,Undergraduate,13,Never-married,Nontechnical, Not-in-family,*,Male,0,0,40,North America,<=50K
24094,"[40, 50[", Private,107682,High School,9,Divorced,Other, Unmarried,*,Female,0,0,40,North America,<=50K
24095,"[50, 60[", State-gov,135388,High School,9,Married-civ-spouse,Technical, Husband,*,Male,5013,0,40,North America,<=50K
24097,"[10, 20[", Private,389942,High School,9,Never-married,Nontechnical, Not-in-family,*,Male,0,0,40,North America,<=50K
24098,"[20, 30[", Private,442274,High School,8,Never-married,Other, Unmarried,*,Male,0,0,40,North America,<=50K
24099,"[20, 30[", Private,595461,High School,4,Never-married,Technical, Not-in-family,*,Male,0,0,40,North America,<=50K
24100,"[50, 60[", Private,284329,Professional Education,11,Married-civ-spouse,Technical, Husband,*,Male,15024,0,40,North America,>50K
24101,"[30, 40[", Self-emp-not-inc,127894,Professional Education,15,Married-civ-spouse,Technical, Husband,*,Male,0,0,60,North America,>50K
24102,"[30, 40[", Private,196899,Undergraduate,13,Never-married,Nontechnical, Not-in-family,*,Female,0,0,50,North America,<=50K
24103,"[50, 60[", Private,212534,High School,9,Married-civ-spouse,Technical, Husband,*,Male,0,0,40,North America,<=50K
24104,"[60, 70[", Private,71209,High School,9,Married-civ-spouse,Technical, Husband,*,Male,0,0,45,North America,>50K
24105,"[30, 40[", Private,237943,Undergraduate,13,Married-civ-spouse,Nontechnical, Husband,*,Male,99999,0,70,North America,>50K
24106,"[30, 40[", Private,190759,High School,7,Married-civ-spouse,Technical, Husband,*,Male,0,0,40,North America,<=50K
24107,"[50, 60[", Private,100313,High School,9,Married-civ-spouse,Nontechnical, Husband,*,Male,0,1887,40,North America,>50K
24108,"[40, 50[", Private,344624,Undergraduate,13,Divorced,Nontechnical, Not-in-family,*,Male,0,0,50,North America,>50K
24109,"[20, 30[", ?,194024,High School,5,Separated,Other, Unmarried,*,Female,0,0,50,North America,<=50K
24110,"[10, 20[", Private,87497,High School,7,Never-married,Other, Other-relative,*,Male,0,0,10,North America,<=50K
24111,"[20, 30[", Private,236907,Undergraduate,10,Never-married,Nontechnical, Own-child,*,Male,0,0,20,North America,<=50K
24113,"[30, 40[", Private,105803,High School,9,Married-civ-spouse,Technical, Husband,*,Male,3103,0,45,North America,>50K
24114,"[30, 40[", Private,149507,High School,8,Married-civ-spouse,Technical, Husband,*,Male,0,0,43,North America,<=50K
24115,"[10, 20[", Private,294387,High School,7,Never-married,Nontechnical, Not-in-family,*,Male,0,0,40,North America,<=50K
24116,"[20, 30[", Private,161708,Undergraduate,10,Never-married,Nontechnical, Own-child,*,Female,0,0,35,North America,<=50K
24117,"[20, 30[", Private,282389,High School,9,Never-married,Other, Not-in-family,*,Male,0,0,60,North America,<=50K
24118,"[20, 30[", Private,64940,Undergraduate,10,Never-married,Other, Own-child,*,Female,0,0,30,North America,<=50K
24119,"[40, 50[", Private,195727,Undergraduate,13,Married-civ-spouse,Nontechnical, Husband,*,Male,0,0,40,North America,<=50K
24120,"[30, 40[", Local-gov,37931,High School,9,Married-civ-spouse,Other, Husband,*,Male,0,0,40,North America,>50K
24121,"[10, 20[", Private,170720,High School,9,Never-married,Nontechnical, Own-child,*,Male,0,0,20,North America,<=50K
24122,"[40, 50[", Private,152958,Undergraduate,13,Married-civ-spouse,Nontechnical, Husband,*,Male,7298,0,40,North America,>50K
24123,"[20, 30[", Private,312372,High School,9,Married-civ-spouse,Nontechnical, Husband,*,Male,15024,0,40,North America,>50K
24124,"[40, 50[", Private,39581,Undergraduate,10,Divorced,Other, Not-in-family,*,Female,0,0,24,North America,<=50K
24125,"[50, 60[", Private,206862,Graduate,14,Married-civ-spouse,Nontechnical, Husband,*,Male,0,0,65,North America,>50K
24127,"[20, 30[", Private,143062,Undergraduate,10,Never-married,Other, Own-child,*,Male,0,0,40,North America,<=50K
24128,"[40, 50[", Private,242391,Undergraduate,13,Married-civ-spouse,Nontechnical, Husband,*,Male,0,0,60,North America,>50K
24129,"[20, 30[", Private,165030,Undergraduate,10,Never-married,Nontechnical, Not-in-family,*,Female,0,0,50,North America,<=50K
24130,"[30, 40[", Private,199251,Undergraduate,10,Married-civ-spouse,Other, Wife,*,Female,0,0,40,North America,<=50K
24131,"[40, 50[", Self-emp-not-inc,353012,Graduate,16,Married-civ-spouse,Technical, Husband,*,Male,0,1902,50,North America,>50K
24132,"[60, 70[", Private,174491,High School,9,Married-civ-spouse,Nontechnical, Husband,*,Male,0,0,40,North America,<=50K
24133,"[30, 40[", ?,333305,Undergraduate,10,Married-civ-spouse,Other, Own-child,*,Female,0,0,40,North America,<=50K
24134,"[30, 40[", Private,203138,Undergraduate,13,Married-civ-spouse,Other, Wife,*,Female,0,0,50,North America,>50K
24135,"[20, 30[", Private,220220,High School,7,Never-married,Nontechnical, Own-child,*,Male,0,0,45,North America,<=50K
24136,"[50, 60[", Federal-gov,305850,Professional Education,15,Married-civ-spouse,Nontechnical, Husband,*,Male,15024,0,40,North America,>50K
24137,"[40, 50[", Local-gov,273402,High School,4,Married-civ-spouse,Other, Husband,*,Male,0,1902,40,North America,<=50K
24138,"[50, 60[", Private,201344,Undergraduate,10,Widowed,Technical, Unmarried,*,Female,0,0,38,North America,<=50K
24139,"[40, 50[", Self-emp-not-inc,218676,Graduate,14,Married-civ-spouse,Nontechnical, Husband,*,Male,0,0,45,North America,<=50K
24140,"[50, 60[", Self-emp-not-inc,141807,Undergraduate,13,Married-civ-spouse,Nontechnical, Husband,*,Male,0,0,40,North America,>50K
24141,"[40, 50[", State-gov,222434,Professional Education,12,Married-civ-spouse,Other, Husband,*,Male,0,0,40,North America,<=50K
24142,"[40, 50[", Private,266860,Undergraduate,10,Married-civ-spouse,Nontechnical, Husband,*,Male,0,0,65,North America,>50K
24143,"[40, 50[", Private,34113,High School,9,Never-married,Nontechnical, Not-in-family,*,Male,6849,0,43,North America,<=50K
24144,"[40, 50[", Private,159549,Undergraduate,13,Married-civ-spouse,Nontechnical, Husband,*,Male,0,0,40,North America,<=50K
24145,"[20, 30[", Private,195248,Undergraduate,10,Never-married,Nontechnical, Own-child,*,Female,0,0,20,North America,<=50K
24146,"[50, 60[", Private,109413,High School,9,Never-married,Nontechnical, Not-in-family,*,Male,0,0,40,North America,<=50K
24148,"[40, 50[", Private,185291,High School,7,Married-civ-spouse,Nontechnical, Husband,*,Male,0,0,45,North America,>50K
24149,"[20, 30[", ?,140012,Undergraduate,10,Never-married,Other, Own-child,*,Male,0,0,20,North America,<=50K
24150,"[30, 40[", Self-emp-not-inc,114366,Undergraduate,13,Married-civ-spouse,Technical, Husband,*,Male,0,0,40,North America,<=50K
24151,"[20, 30[", Private,169631,High School,9,Married-spouse-absent,Other, Own-child,*,Female,0,0,40,North America,<=50K
24152,"[20, 30[", Private,163870,High School,6,Married-civ-spouse,Other, Husband,*,Male,3908,0,40,North America,<=50K
24153,"[30, 40[", Private,312232,High School,9,Separated,Technical, Not-in-family,*,Male,0,0,50,North America,<=50K
24154,"[40, 50[", Private,229737,Undergraduate,13,Married-civ-spouse,Nontechnical, Husband,*,Male,0,0,50,Asia,>50K
24155,"[70, 80[", ?,306563,High School,9,Married-civ-spouse,Other, Husband,*,Male,0,0,40,North America,<=50K
24156,"[30, 40[", Private,161637,Graduate,16,Married-civ-spouse,Technical, Husband,*,Male,0,1902,40,Asia,>50K
24157,"[30, 40[", Private,106014,Undergraduate,10,Divorced,Technical, Not-in-family,*,Male,0,0,60,North America,<=50K
24158,"[20, 30[", Private,25265,Professional Education,11,Never-married,Technical, Not-in-family,*,Male,0,0,30,North America,<=50K
24159,"[20, 30[", Private,71860,High School,9,Married-civ-spouse,Other, Husband,*,Male,0,0,60,North America,<=50K
24160,"[40, 50[", Self-emp-inc,94113,Graduate,14,Married-civ-spouse,Nontechnical, Husband,*,Male,0,0,60,North America,>50K
24161,"[50, 60[", Self-emp-not-inc,208003,High School,9,Married-civ-spouse,Nontechnical, Husband,*,Male,0,0,40,North America,<=50K
24162,"[20, 30[", Private,113550,High School,9,Never-married,Other, Own-child,*,Female,0,0,40,North America,<=50K
24163,"[40, 50[", Private,83046,Undergraduate,13,Never-married,Nontechnical, Not-in-family,*,Male,0,0,40,North America,<=50K
24164,"[40, 50[", Self-emp-inc,277488,Professional Education,15,Married-civ-spouse,Technical, Husband,*,Male,15024,0,65,North America,>50K
24165,"[10, 20[", Private,205830,High School,9,Never-married,Other, Own-child,*,Female,0,0,40,North America,<=50K
24166,"[40, 50[", Private,273575,Undergraduate,13,Married-civ-spouse,Other, Husband,*,Male,15024,0,40,North America,>50K
24167,"[20, 30[", Private,245147,Undergraduate,10,Never-married,Nontechnical, Own-child,*,Male,0,0,40,North America,<=50K
24168,"[40, 50[", Private,274720,High School,9,Married-civ-spouse,Technical, Husband,*,Male,0,0,40,North America,<=50K
24169,"[50, 60[", Self-emp-not-inc,163047,Undergraduate,13,Divorced,Technical, Not-in-family,*,Female,0,0,40,North America,<=50K
24170,"[40, 50[", State-gov,47902,Undergraduate,13,Married-civ-spouse,Other, Husband,*,Male,0,0,50,North America,>50K
24171,"[50, 60[", Private,128798,Undergraduate,13,Married-civ-spouse,Technical, Husband,*,Male,0,0,40,North America,>50K
24172,"[70, 80[", Private,154205,High School,9,Widowed,Other, Not-in-family,*,Female,0,0,10,North America,<=50K
24173,"[20, 30[", Private,176683,Professional Education,11,Married-civ-spouse,Other, Husband,*,Male,0,0,60,North America,<=50K
24174,"[20, 30[", Self-emp-inc,104737,High School,9,Married-civ-spouse,Technical, Husband,*,Male,0,0,60,North America,<=50K
24176,"[30, 40[", State-gov,218249,Undergraduate,10,Separated,Technical, Unmarried,*,Female,0,0,37,North America,<=50K
24177,"[30, 40[", Private,281540,Undergraduate,10,Married-civ-spouse,Technical, Husband,*,Male,0,0,50,North America,<=50K
24178,"[30, 40[", Federal-gov,112847,Undergraduate,13,Married-civ-spouse,Technical, Husband,*,Male,0,0,40,North America,<=50K
24179,"[20, 30[", Local-gov,126613,Undergraduate,13,Never-married,Technical, Own-child,*,Female,0,0,20,North America,<=50K
24180,"[50, 60[", Self-emp-not-inc,145419,Graduate,14,Married-civ-spouse,Nontechnical, Husband,*,Male,7688,0,45,North America,>50K
24181,"[30, 40[", Self-emp-not-inc,34572,High School,9,Divorced,Other, Not-in-family,*,Male,0,0,65,North America,<=50K
24182,"[20, 30[", Private,104045,Undergraduate,13,Never-married,Nontechnical, Not-in-family,*,Female,0,0,40,North America,<=50K
24183,"[40, 50[", ?,57665,Undergraduate,13,Divorced,Other, Own-child,*,Female,0,0,40,North America,<=50K
24184,"[30, 40[", Private,359001,Professional Education,11,Married-civ-spouse,Technical, Husband,*,Male,0,0,42,North America,<=50K
24186,"[30, 40[", Private,201122,Undergraduate,10,Married-civ-spouse,Nontechnical, Husband,*,Male,0,0,40,North America,>50K
24187,"[30, 40[", Private,160035,High School,9,Married-civ-spouse,Technical, Husband,*,Male,0,0,55,North America,<=50K
24188,"[50, 60[", Private,167886,Undergraduate,10,Married-civ-spouse,Nontechnical, Husband,*,Male,0,0,40,North America,>50K
24189,"[10, 20[", Private,32059,High School,7,Never-married,Nontechnical, Own-child,*,Male,0,0,40,North America,<=50K
24190,"[50, 60[", Self-emp-inc,200453,Graduate,14,Married-civ-spouse,Nontechnical, Husband,*,Male,0,0,40,North America,<=50K
24191,"[50, 60[", Self-emp-not-inc,403072,Undergraduate,10,Married-civ-spouse,Technical, Husband,*,Male,0,0,50,North America,>50K
24192,"[30, 40[", Private,37210,High School,9,Never-married,Other, Own-child,*,Male,0,0,50,North America,<=50K
24193,"[30, 40[", Private,199416,Undergraduate,13,Married-civ-spouse,Technical, Husband,*,Male,0,0,40,North America,<=50K
24194,"[20, 30[", Private,413227,Undergraduate,13,Never-married,Other, Not-in-family,*,Male,0,0,35,North America,<=50K
24195,"[20, 30[", ?,188675,Undergraduate,10,Divorced,Other, Own-child,*,Male,0,0,40,North America,<=50K
24196,"[40, 50[", Private,226902,Undergraduate,13,Married-civ-spouse,Technical, Husband,*,Male,0,0,45,North America,>50K
24197,"[30, 40[", Private,195189,Undergraduate,10,Divorced,Other, Unmarried,*,Female,0,0,40,North America,<=50K
24198,"[30, 40[", Private,116608,High School,9,Divorced,Nontechnical, Not-in-family,*,Female,0,0,40,North America,<=50K
24200,"[30, 40[", Private,553405,Undergraduate,13,Married-civ-spouse,Nontechnical, Husband,*,Male,99999,0,50,North America,>50K
24201,"[50, 60[", Local-gov,186117,High School,9,Married-civ-spouse,Other, Husband,*,Male,0,0,56,North America,>50K
24203,"[30, 40[", Private,347960,Professional Education,15,Never-married,Technical, Not-in-family,*,Female,14084,0,35,North America,>50K
24204,"[30, 40[", Private,325374,Undergraduate,10,Never-married,Other, Not-in-family,*,Male,0,0,40,North America,<=50K
24205,"[60, 70[", Private,130413,Undergraduate,13,Widowed,Nontechnical, Not-in-family,*,Female,2346,0,15,North America,<=50K
24206,"[40, 50[", Private,111949,High School,9,Married-civ-spouse,Other, Wife,*,Female,0,0,35,North America,<=50K
24207,"[30, 40[", Private,278557,Professional Education,11,Married-civ-spouse,Technical, Husband,*,Male,0,1628,48,North America,<=50K
24208,"[10, 20[", Private,194905,Undergraduate,10,Never-married,Other, Own-child,*,Female,0,0,30,North America,<=50K
24209,"[60, 70[", Local-gov,195453,Professional Education,11,Married-civ-spouse,Nontechnical, Husband,*,Male,0,0,60,North America,>50K
24210,"[50, 60[", Private,282549,High School,9,Married-civ-spouse,Technical, Husband,*,Male,3137,0,40,North America,<=50K
24212,"[30, 40[", State-gov,252939,Professional Education,11,Never-married,Technical, Unmarried,*,Female,5455,0,40,North America,<=50K
24213,"[20, 30[", State-gov,506329,Undergraduate,10,Never-married,Other, Own-child,*,Male,0,0,40,Unknown,<=50K
24214,"[20, 30[", Private,316043,High School,7,Never-married,Other, Own-child,*,Male,594,0,20,North America,<=50K
24215,"[50, 60[", Federal-gov,319733,High School,9,Married-civ-spouse,Other, Husband,*,Male,0,0,70,North America,<=50K
24217,"[20, 30[", Private,204600,High School,9,Separated,Other, Other-relative,*,Male,0,0,40,North America,<=50K
24218,"[40, 50[", Private,173307,High School,6,Married-civ-spouse,Technical, Husband,*,Male,0,0,40,North America,<=50K
24219,"[40, 50[", Self-emp-not-inc,34446,High School,9,Married-civ-spouse,Other, Husband,*,Male,0,0,50,North America,<=50K
24220,"[40, 50[", Self-emp-not-inc,237293,Professional Education,15,Married-civ-spouse,Technical, Wife,*,Female,15024,0,40,North America,>50K
24221,"[40, 50[", Private,175642,Undergraduate,10,Never-married,Technical, Not-in-family,*,Female,0,0,40,North America,<=50K
24222,"[50, 60[", Private,203735,High School,9,Divorced,Nontechnical, Unmarried,*,Female,0,0,40,North America,<=50K
24223,"[40, 50[", Local-gov,171589,Professional Education,11,Married-civ-spouse,Technical, Husband,*,Male,7688,0,40,North America,>50K
24224,"[20, 30[", Private,197967,High School,9,Married-civ-spouse,Nontechnical, Husband,*,Male,0,0,65,North America,<=50K
24225,"[20, 30[", Private,413297,Professional Education,12,Never-married,Nontechnical, Not-in-family,*,Male,0,0,45,North America,<=50K
24226,"[40, 50[", Private,240841,Graduate,14,Never-married,Technical, Not-in-family,*,Female,0,0,40,North America,<=50K
24227,"[20, 30[", Private,152189,Professional Education,12,Never-married,Other, Not-in-family,*,Male,0,0,40,North America,<=50K
24228,"[30, 40[", State-gov,85874,High School,9,Divorced,Other, Unmarried,*,Female,0,0,40,North America,<=50K
24229,"[40, 50[", Self-emp-not-inc,176814,Graduate,16,Married-civ-spouse,Technical, Husband,*,Male,15024,0,40,North America,>50K
24230,"[50, 60[", Local-gov,133336,Graduate,14,Married-civ-spouse,Technical, Husband,*,Male,15024,0,40,North America,>50K
24231,"[20, 30[", Private,362623,High School,9,Never-married,Nontechnical, Own-child,*,Male,0,0,40,North America,<=50K
24232,"[60, 70[", ?,37170,High School,4,Divorced,Other, Not-in-family,*,Male,0,0,3,North America,<=50K
24233,"[20, 30[", Private,30912,High School,9,Married-civ-spouse,Other, Husband,*,Male,0,0,40,North America,<=50K
24234,"[20, 30[", Private,35448,Undergraduate,10,Never-married,Other, Unmarried,*,Female,0,0,25,North America,<=50K
24235,"[30, 40[", Private,173248,High School,9,Married-civ-spouse,Other, Husband,*,Male,0,0,35,North America,<=50K
24236,"[30, 40[", Private,49626,Professional Education,11,Married-civ-spouse,Technical, Husband,*,Male,0,0,43,North America,<=50K
24237,"[10, 20[", Private,102723,Undergraduate,10,Never-married,Other, Own-child,*,Female,0,0,40,North America,<=50K
24239,"[30, 40[", Private,168322,High School,7,Married-civ-spouse,Other, Husband,*,Male,0,0,40,North America,<=50K
24241,"[20, 30[", ?,210474,Undergraduate,10,Never-married,Other, Own-child,*,Female,0,0,15,North America,<=50K
24242,"[20, 30[", Private,110138,High School,9,Never-married,Other, Not-in-family,*,Male,0,0,40,North America,<=50K
24243,"[20, 30[", Private,107452,High School,9,Never-married,Technical, Other-relative,*,Male,0,0,40,North America,<=50K
24244,"[30, 40[", Private,160594,Undergraduate,10,Never-married,Other, Own-child,*,Male,0,0,35,North America,<=50K
24245,"[30, 40[", Local-gov,186784,Undergraduate,13,Married-civ-spouse,Technical, Wife,*,Female,5013,0,45,North America,<=50K
24246,"[70, 80[", Local-gov,334666,High School,9,Widowed,Other, Not-in-family,*,Female,0,0,12,North America,<=50K
24247,"[60, 70[", ?,191380,High School,6,Married-civ-spouse,Other, Husband,*,Male,9386,0,50,North America,>50K
24248,"[50, 60[", Private,104272,High School,7,Married-civ-spouse,Technical, Husband,*,Male,0,0,40,North America,<=50K
24249,"[30, 40[", Private,19491,Undergraduate,10,Never-married,Technical, Not-in-family,*,Male,0,0,40,North America,<=50K
24250,"[30, 40[", Private,128715,Undergraduate,13,Married-civ-spouse,Nontechnical, Husband,*,Male,0,0,60,North America,>50K
24251,"[30, 40[", Private,128063,High School,9,Divorced,Other, Unmarried,*,Female,0,0,36,North America,<=50K
24252,"[20, 30[", Self-emp-not-inc,37023,Undergraduate,10,Married-civ-spouse,Other, Husband,*,Male,0,0,78,North America,<=50K
24253,"[40, 50[", Private,68748,Undergraduate,10,Married-civ-spouse,Nontechnical, Husband,*,Male,0,0,48,North America,<=50K
24254,"[60, 70[", Private,140576,High School,4,Married-civ-spouse,Technical, Husband,*,Male,0,0,40,North America,<=50K
24255,"[30, 40[", Local-gov,327435,High School,9,Divorced,Technical, Unmarried,*,Female,0,0,40,North America,<=50K
24256,"[30, 40[", Private,202729,High School,9,Married-civ-spouse,Technical, Husband,*,Male,0,0,40,North America,>50K
24257,"[50, 60[", Private,277471,Professional Education,11,Married-civ-spouse,Technical, Husband,*,Male,0,0,40,North America,>50K
24258,"[30, 40[", Private,189670,High School,9,Married-civ-spouse,Technical, Wife,*,Female,0,0,50,North America,<=50K
24259,"[60, 70[", Private,204908,High School,5,Married-civ-spouse,Technical, Husband,*,Male,0,0,40,North America,<=50K
24260,"[40, 50[", Private,171841,Undergraduate,13,Married-civ-spouse,Nontechnical, Husband,*,Male,0,0,40,North America,>50K
24261,"[30, 40[", Private,78247,Undergraduate,10,Married-civ-spouse,Nontechnical, Husband,*,Male,0,0,40,North America,<=50K
24262,"[20, 30[", Private,68895,High School,9,Never-married,Other, Not-in-family,*,Male,0,0,50,North America,<=50K
24263,"[20, 30[", Private,56658,High School,9,Married-civ-spouse,Nontechnical, Husband,*,Male,0,0,8,North America,<=50K
24264,"[50, 60[", Local-gov,259216,High School,5,Divorced,Other, Not-in-family,*,Female,0,0,40,North America,<=50K
24265,"[30, 40[", State-gov,270278,High School,9,Divorced,Other, Unmarried,*,Female,0,0,12,North America,<=50K
24266,"[50, 60[", Private,238806,High School,4,Married-civ-spouse,Technical, Husband,*,Male,0,0,26,North America,<=50K
24267,"[30, 40[", Private,111128,Undergraduate,10,Separated,Nontechnical, Not-in-family,*,Male,0,0,60,North America,>50K
24268,"[20, 30[", Private,119429,High School,9,Never-married,Technical, Not-in-family,*,Male,0,0,40,North America,<=50K
24269,"[20, 30[", Private,73037,High School,6,Never-married,Other, Unmarried,*,Male,0,0,30,North America,<=50K
24270,"[60, 70[", Self-emp-not-inc,84409,Graduate,16,Married-civ-spouse,Technical, Husband,*,Male,0,0,40,North America,>50K
24271,"[60, 70[", Self-emp-not-inc,274451,High School,5,Married-civ-spouse,Other, Husband,*,Male,0,0,25,North America,>50K
24272,"[30, 40[", Private,246439,Undergraduate,10,Married-civ-spouse,Other, Husband,*,Male,7298,0,50,North America,>50K
24273,"[20, 30[", Private,124242,Professional Education,12,Never-married,Other, Own-child,*,Female,0,0,40,North America,<=50K
24274,"[60, 70[", Self-emp-not-inc,123393,High School,9,Married-civ-spouse,Other, Husband,*,Male,6418,0,58,North America,>50K
24276,"[20, 30[", Private,161415,Undergraduate,10,Never-married,Technical, Not-in-family,*,Male,0,0,50,North America,<=50K
24277,"[30, 40[", Private,157568,High School,9,Married-civ-spouse,Technical, Husband,*,Male,0,0,40,North America,<=50K
24278,"[30, 40[", Private,168030,High School,9,Divorced,Other, Unmarried,*,Female,0,0,32,North America,<=50K
24279,"[50, 60[", State-gov,349910,Undergraduate,13,Married-civ-spouse,Nontechnical, Husband,*,Male,10605,0,50,North America,>50K
24280,>=80, Self-emp-inc,130329,High School,4,Married-civ-spouse,Other, Husband,*,Male,0,0,50,North America,<=50K
24281,"[30, 40[", State-gov,56964,Graduate,16,Married-civ-spouse,Technical, Wife,*,Female,0,0,50,North America,>50K
24284,"[50, 60[", Self-emp-not-inc,56480,High School,9,Married-civ-spouse,Nontechnical, Husband,*,Male,0,0,1,North America,<=50K
24285,"[40, 50[", Private,115932,Undergraduate,10,Married-civ-spouse,Nontechnical, Husband,*,Male,99999,0,50,North America,>50K
24286,"[50, 60[", Private,154580,High School,6,Married-civ-spouse,Other, Husband,*,Male,2580,0,40,North America,<=50K
24287,"[20, 30[", Private,404421,Undergraduate,10,Never-married,Nontechnical, Not-in-family,*,Male,0,0,40,North America,<=50K
24288,"[30, 40[", Private,194901,High School,9,Never-married,Technical, Not-in-family,*,Male,0,0,45,North America,<=50K
24289,"[40, 50[", State-gov,164790,Undergraduate,10,Divorced,Other, Not-in-family,*,Male,0,0,50,North America,>50K
24291,"[60, 70[", Self-emp-not-inc,365020,High School,9,Married-civ-spouse,Nontechnical, Husband,*,Male,0,0,40,North America,<=50K
24292,"[20, 30[", Private,160512,High School,9,Separated,Other, Own-child,*,Female,0,0,40,North America,<=50K
24293,"[40, 50[", Private,170331,Undergraduate,13,Married-civ-spouse,Technical, Husband,*,Male,0,0,60,North America,<=50K
24294,"[30, 40[", Private,101266,High School,9,Married-civ-spouse,Other, Husband,*,Male,0,0,40,North America,<=50K
24295,"[30, 40[", Private,100252,Undergraduate,13,Divorced,Other, Not-in-family,*,Male,99999,0,70,North America,>50K
24298,"[50, 60[", Private,105281,High School,9,Widowed,Nontechnical, Not-in-family,*,Female,0,1974,40,North America,<=50K
24299,"[30, 40[", ?,361838,Undergraduate,13,Married-civ-spouse,Other, Wife,*,Female,0,0,6,North America,>50K
24300,"[40, 50[", State-gov,283917,Professional Education,11,Married-civ-spouse,Technical, Husband,*,Male,0,0,35,North America,>50K
24301,"[40, 50[", Private,39530,High School,9,Divorced,Other, Not-in-family,*,Female,0,0,40,North America,<=50K
24302,"[60, 70[", Self-emp-not-inc,212185,High School,4,Married-civ-spouse,Other, Husband,*,Male,0,0,48,North America,<=50K
24303,"[20, 30[", Self-emp-inc,90752,Undergraduate,13,Never-married,Nontechnical, Not-in-family,*,Female,0,0,50,North America,<=50K
24304,"[30, 40[", Private,202450,High School,9,Married-civ-spouse,Technical, Husband,*,Male,0,1573,40,North America,<=50K
24305,"[30, 40[", Private,168138,Professional Education,12,Divorced,Nontechnical, Not-in-family,*,Male,2597,0,48,North America,<=50K
24306,"[50, 60[", Private,159755,Undergraduate,13,Married-civ-spouse,Nontechnical, Husband,*,Male,7688,0,40,North America,>50K
24308,"[20, 30[", ?,210802,Undergraduate,10,Never-married,Other, Not-in-family,*,Female,0,0,35,North America,<=50K
24309,"[30, 40[", Private,340880,Professional Education,15,Married-civ-spouse,Technical, Husband,*,Male,0,0,60,North America,>50K
24310,"[40, 50[", Self-emp-not-inc,113211,High School,9,Married-civ-spouse,Nontechnical, Wife,*,Female,0,0,40,North America,<=50K
24311,"[40, 50[", Private,134509,Undergraduate,10,Never-married,Other, Unmarried,*,Female,0,0,40,North America,<=50K
24312,"[20, 30[", State-gov,147280,High School,9,Never-married,Other, Other-relative,*,Male,0,0,40,North America,<=50K
24313,"[40, 50[", Private,145441,Undergraduate,13,Married-civ-spouse,Technical, Husband,*,Male,0,0,40,North America,>50K
24314,"[60, 70[", Private,398001,High School,9,Widowed,Other, Not-in-family,*,Female,0,0,20,North America,<=50K
24315,"[50, 60[", Private,31588,Undergraduate,13,Married-civ-spouse,Technical, Husband,*,Male,0,0,52,North America,>50K
24316,"[50, 60[", Private,189975,Undergraduate,10,Married-civ-spouse,Technical, Husband,*,Male,0,1902,60,North America,>50K
24317,"[50, 60[", State-gov,231495,Graduate,16,Married-civ-spouse,Nontechnical, Husband,*,Male,7688,0,55,North America,>50K
24318,"[30, 40[", ?,121135,High School,9,Married-civ-spouse,Other, Husband,*,Male,0,0,40,North America,<=50K
24319,"[40, 50[", Private,186916,Graduate,14,Married-civ-spouse,Nontechnical, Husband,*,Male,0,0,50,North America,>50K
24320,"[40, 50[", Self-emp-inc,213140,High School,9,Married-civ-spouse,Nontechnical, Husband,*,Male,0,1902,60,North America,>50K
24321,"[40, 50[", Private,176893,High School,9,Divorced,Technical, Not-in-family,*,Male,8614,0,44,North America,>50K
24322,"[20, 30[", Private,115244,Professional Education,12,Married-civ-spouse,Technical, Wife,*,Female,0,0,40,North America,<=50K
24324,"[40, 50[", Local-gov,169995,Undergraduate,10,Divorced,Other, Not-in-family,*,Male,0,0,20,North America,<=50K
24325,"[10, 20[", Private,198459,High School,9,Never-married,Other, Own-child,*,Male,0,2001,40,North America,<=50K
24326,"[20, 30[", Local-gov,66824,Undergraduate,13,Never-married,Technical, Not-in-family,*,Female,3325,0,43,North America,<=50K
24327,"[40, 50[", Self-emp-not-inc,52240,Professional Education,11,Married-civ-spouse,Nontechnical, Wife,*,Female,0,0,25,North America,>50K
24328,"[50, 60[", Private,35305,High School,4,Never-married,Other, Own-child,*,Female,0,0,7,North America,<=50K
24329,"[60, 70[", State-gov,186451,Professional Education,15,Married-civ-spouse,Technical, Husband,*,Male,0,1902,40,North America,>50K
24330,"[40, 50[", Self-emp-not-inc,160724,Undergraduate,13,Married-civ-spouse,Nontechnical, Husband,*,Male,0,0,45,Asia,>50K
24331,"[20, 30[", Private,210464,High School,5,Married-civ-spouse,Technical, Husband,*,Male,0,0,40,North America,<=50K
24332,"[40, 50[", Private,207685,Undergraduate,10,Divorced,Other, Not-in-family,*,Male,0,0,21,North America,<=50K
24333,"[30, 40[", Private,233717,Undergraduate,10,Divorced,Nontechnical, Unmarried,*,Male,0,0,60,North America,<=50K
24334,"[30, 40[", Private,222205,Undergraduate,10,Married-civ-spouse,Technical, Wife,*,Female,0,0,40,North America,>50K
24335,"[30, 40[", Private,167613,High School,9,Married-civ-spouse,Other, Husband,*,Male,0,0,40,North America,<=50K
24336,"[50, 60[", Private,148773,High School,6,Married-civ-spouse,Technical, Husband,*,Male,0,0,40,North America,<=50K
24337,"[60, 70[", Local-gov,68268,High School,9,Married-civ-spouse,Other, Husband,*,Male,0,0,40,North America,<=50K
24338,"[40, 50[", Private,174533,High School,9,Married-civ-spouse,Technical, Husband,*,Male,0,0,40,North America,<=50K
24339,"[40, 50[", Private,273230,Undergraduate,10,Married-civ-spouse,Nontechnical, Husband,*,Male,0,0,50,North America,>50K
24340,"[20, 30[", Private,187502,High School,9,Never-married,Nontechnical, Own-child,*,Male,0,0,24,North America,<=50K
24341,"[40, 50[", Private,209320,High School,9,Separated,Other, Not-in-family,*,Female,0,0,40,North America,<=50K
24342,"[40, 50[", Self-emp-not-inc,56841,Undergraduate,13,Married-civ-spouse,Other, Husband,*,Male,0,0,70,North America,<=50K
24343,"[50, 60[", Private,254627,High School,9,Married-civ-spouse,Other, Husband,*,Male,0,0,40,North America,<=50K
24344,"[40, 50[", Private,42703,High School,9,Divorced,Other, Unmarried,*,Female,0,0,40,North America,<=50K
24345,"[40, 50[", Private,374137,High School,9,Divorced,Other, Own-child,*,Male,0,0,40,North America,<=50K
24346,"[30, 40[", Private,196385,Professional Education,11,Married-civ-spouse,Nontechnical, Husband,*,Male,0,0,40,North America,<=50K
24347,"[30, 40[", Private,192930,High School,9,Separated,Nontechnical, Unmarried,*,Female,0,0,10,North America,<=50K
24348,"[30, 40[", Private,99527,High School,9,Married-civ-spouse,Technical, Husband,*,Male,0,0,40,North America,>50K
24349,"[40, 50[", Private,185437,Professional Education,12,Divorced,Technical, Not-in-family,*,Female,0,0,55,North America,<=50K
24351,"[30, 40[", Federal-gov,131534,High School,9,Never-married,Nontechnical, Not-in-family,*,Female,0,0,40,North America,<=50K
24352,"[10, 20[", Private,184693,Undergraduate,10,Never-married,Other, Own-child,*,Female,0,0,20,North America,<=50K
24353,"[20, 30[", Private,704108,Graduate,14,Never-married,Technical, Not-in-family,*,Male,0,0,40,North America,<=50K
24354,"[50, 60[", Private,220262,Professional Education,12,Divorced,Technical, Not-in-family,*,Female,0,0,40,North America,<=50K
24355,"[30, 40[", Private,95654,High School,9,Married-civ-spouse,Other, Wife,*,Female,0,0,60,North America,<=50K
24356,"[60, 70[", Private,89346,Undergraduate,13,Married-civ-spouse,Technical, Husband,*,Male,0,0,40,North America,>50K
24357,"[20, 30[", Private,94392,High School,7,Separated,Other, Unmarried,*,Female,0,0,20,North America,<=50K
24358,"[20, 30[", Private,334113,High School,9,Never-married,Technical, Own-child,*,Male,0,0,40,North America,<=50K
24359,"[10, 20[", Private,32763,High School,6,Never-married,Other, Own-child,*,Male,0,0,15,North America,<=50K
24360,"[30, 40[", Private,136651,High School,9,Married-civ-spouse,Technical, Husband,*,Male,0,0,40,North America,<=50K
24362,"[20, 30[", Private,53271,Undergraduate,13,Married-civ-spouse,Nontechnical, Husband,*,Male,0,0,40,North America,>50K
24363,"[20, 30[", Private,31493,Undergraduate,13,Never-married,Technical, Own-child,*,Male,0,0,40,North America,>50K
24364,"[30, 40[", Private,195891,Professional Education,12,Married-civ-spouse,Technical, Husband,*,Male,0,0,45,North America,>50K
24365,"[30, 40[", Local-gov,209103,Undergraduate,10,Married-civ-spouse,Other, Husband,*,Male,3464,0,45,North America,<=50K
24366,"[20, 30[", Private,211424,Undergraduate,10,Married-civ-spouse,Nontechnical, Husband,*,Male,0,0,40,North America,>50K
24367,"[20, 30[", Local-gov,84657,Undergraduate,13,Divorced,Technical, Not-in-family,*,Female,0,0,40,North America,<=50K
24368,"[40, 50[", Private,151408,Graduate,14,Never-married,Technical, Not-in-family,*,Female,0,0,40,North America,<=50K
24369,"[50, 60[", Private,106819,High School,4,Never-married,Nontechnical, Own-child,*,Male,0,0,19,North America,<=50K
24370,"[60, 70[", Private,132917,Undergraduate,10,Married-civ-spouse,Other, Husband,*,Male,0,0,20,North America,<=50K
24371,"[50, 60[", Private,146834,High School,6,Married-civ-spouse,Technical, Husband,*,Male,0,0,60,North America,<=50K
24372,"[50, 60[", Private,164332,High School,9,Separated,Other, Not-in-family,*,Female,0,0,16,North America,<=50K
24373,"[20, 30[", Private,30656,High School,9,Never-married,Nontechnical, Not-in-family,*,Male,0,0,20,North America,<=50K
24375,"[10, 20[", Private,165316,High School,9,Never-married,Other, Own-child,*,Male,0,0,30,North America,<=50K
24376,"[20, 30[", Private,233955,Undergraduate,13,Never-married,Technical, Not-in-family,*,Female,14344,0,40,North America,>50K
24377,"[20, 30[", Private,126613,High School,9,Never-married,Nontechnical, Not-in-family,*,Female,0,0,40,North America,<=50K
24378,"[40, 50[", Self-emp-not-inc,361280,Undergraduate,10,Married-civ-spouse,Nontechnical, Husband,*,Male,0,0,80,Asia,>50K
24379,"[50, 60[", ?,123044,Graduate,14,Married-civ-spouse,Other, Husband,*,Male,0,0,60,North America,>50K
24380,"[30, 40[", Private,165472,Undergraduate,13,Married-civ-spouse,Technical, Husband,*,Male,0,0,40,North America,>50K
24381,"[30, 40[", Private,99452,Undergraduate,13,Married-civ-spouse,Technical, Husband,*,Male,0,0,50,North America,>50K
24382,"[20, 30[", Private,84977,High School,9,Married-civ-spouse,Technical, Husband,*,Male,0,0,40,North America,<=50K
24383,"[30, 40[", Private,240458,High School,7,Divorced,Technical, Not-in-family,*,Male,0,0,40,North America,<=50K
24384,"[50, 60[", Private,230858,Undergraduate,10,Married-civ-spouse,Technical, Husband,*,Male,0,1977,60,North America,>50K
24385,"[60, 70[", Private,123218,Undergraduate,10,Married-civ-spouse,Other, Husband,*,Male,0,0,40,North America,<=50K
24386,"[60, 70[", ?,191118,Undergraduate,10,Married-civ-spouse,Other, Husband,*,Male,7298,0,40,North America,>50K
24387,"[30, 40[", Private,115289,High School,9,Married-civ-spouse,Technical, Husband,*,Male,0,0,40,North America,<=50K
24388,"[30, 40[", Private,373895,Undergraduate,10,Separated,Nontechnical, Not-in-family,*,Male,0,0,35,North America,<=50K
24389,"[40, 50[", Private,152617,Undergraduate,10,Divorced,Other, Own-child,*,Female,0,0,40,North America,<=50K
24390,"[40, 50[", State-gov,72619,Undergraduate,10,Divorced,Other, Unmarried,*,Female,0,0,50,North America,<=50K
24391,"[10, 20[", Private,41865,High School,6,Never-married,Other, Own-child,*,Female,0,0,25,North America,<=50K
24392,"[30, 40[", Private,190228,High School,9,Never-married,Other, Not-in-family,*,Male,0,0,60,North America,<=50K
24393,"[20, 30[", Private,193090,Undergraduate,13,Never-married,Technical, Not-in-family,*,Female,0,0,38,North America,<=50K
24394,"[20, 30[", Private,138692,Undergraduate,13,Married-civ-spouse,Technical, Husband,*,Male,0,1887,40,North America,>50K
24396,"[20, 30[", Private,181896,Undergraduate,13,Never-married,Other, Own-child,*,Female,0,0,40,North America,<=50K
24397,"[40, 50[", Private,268183,Undergraduate,13,Married-civ-spouse,Nontechnical, Husband,*,Male,0,1485,60,North America,<=50K
24398,"[40, 50[", Local-gov,213668,High School,7,Never-married,Other, Not-in-family,*,Male,0,0,40,North America,<=50K
24399,"[20, 30[", Private,99369,Undergraduate,13,Never-married,Technical, Not-in-family,*,Female,0,0,50,North America,<=50K
24400,"[40, 50[", Private,104196,Graduate,14,Married-civ-spouse,Nontechnical, Husband,*,Male,0,0,45,North America,>50K
24401,"[60, 70[", Self-emp-not-inc,176839,Professional Education,15,Married-civ-spouse,Nontechnical, Husband,*,Male,0,0,45,North America,>50K
24402,"[30, 40[", Local-gov,99502,Professional Education,11,Divorced,Other, Unmarried,*,Female,0,0,40,North America,<=50K
24403,"[20, 30[", Private,183410,Undergraduate,10,Never-married,Nontechnical, Own-child,*,Female,0,0,17,North America,<=50K
24404,"[10, 20[", Private,25690,High School,6,Never-married,Other, Own-child,*,Female,0,0,10,North America,<=50K
24405,"[70, 80[", ?,201986,High School,7,Widowed,Other, Other-relative,*,Female,0,0,16,North America,<=50K
24406,"[30, 40[", Private,188961,Professional Education,12,Never-married,Technical, Own-child,*,Female,0,0,40,North America,<=50K
24407,"[50, 60[", Private,114971,Undergraduate,10,Married-civ-spouse,Technical, Husband,*,Male,0,0,40,North America,>50K
24408,"[30, 40[", Private,121468,Undergraduate,13,Never-married,Nontechnical, Own-child,*,Female,0,0,35,North America,<=50K
24409,"[70, 80[", Self-emp-inc,191540,Undergraduate,13,Married-civ-spouse,Nontechnical, Husband,*,Male,0,0,50,North America,>50K
24410,"[30, 40[", Private,146398,High School,9,Never-married,Other, Unmarried,*,Female,0,0,24,North America,<=50K
24411,"[40, 50[", Private,193553,High School,9,Divorced,Other, Not-in-family,*,Female,0,0,20,North America,<=50K
24412,"[60, 70[", Private,121127,High School,6,Widowed,Nontechnical, Not-in-family,*,Female,0,0,40,North America,<=50K
24413,"[20, 30[", Private,389856,High School,9,Never-married,Other, Not-in-family,*,Male,0,0,40,North America,<=50K
24414,"[20, 30[", Private,290504,High School,9,Never-married,Other, Other-relative,*,Male,0,0,40,North America,<=50K
24416,"[50, 60[", Local-gov,212685,High School,9,Married-civ-spouse,Other, Husband,*,Male,0,0,40,North America,<=50K
24417,"[20, 30[", Private,71475,Undergraduate,10,Never-married,Other, Own-child,*,Female,0,0,40,North America,<=50K
24418,"[20, 30[", Private,111450,Undergraduate,10,Never-married,Other, Other-relative,*,Male,0,0,22,North America,<=50K
24419,"[30, 40[", Private,225860,Professional Education,11,Married-civ-spouse,Technical, Husband,*,Male,0,0,40,North America,>50K
24420,"[40, 50[", Private,129853,High School,6,Never-married,Technical, Not-in-family,*,Male,0,0,40,North America,<=50K
24421,"[50, 60[", Private,99925,High School,9,Married-civ-spouse,Other, Husband,*,Male,0,0,32,North America,<=50K
24424,"[20, 30[", Private,100764,Undergraduate,13,Married-civ-spouse,Nontechnical, Husband,*,Male,0,0,45,North America,>50K
24425,"[40, 50[", Private,275095,Undergraduate,10,Divorced,Technical, Not-in-family,*,Female,0,0,40,North America,<=50K
24426,"[30, 40[", Private,147500,High School,9,Married-civ-spouse,Technical, Wife,*,Female,0,0,40,North America,<=50K
24427,"[60, 70[", Local-gov,150079,High School,9,Married-civ-spouse,Other, Wife,*,Female,0,0,35,North America,>50K
24428,"[20, 30[", Private,140863,High School,9,Never-married,Other, Not-in-family,*,Male,0,0,60,North America,<=50K
24429,"[60, 70[", ?,199198,High School,7,Divorced,Other, Not-in-family,*,Female,0,0,40,North America,<=50K
24430,"[30, 40[", Private,193372,Undergraduate,10,Never-married,Nontechnical, Own-child,*,Female,0,0,40,North America,<=50K
24431,"[20, 30[", Private,196771,High School,9,Never-married,Nontechnical, Not-in-family,*,Male,0,0,65,North America,<=50K
24432,"[30, 40[", Private,231826,High School,9,Married-civ-spouse,Other, Husband,*,Male,0,0,52,North America,<=50K
24433,"[40, 50[", Federal-gov,196456,Undergraduate,10,Never-married,Other, Own-child,*,Female,0,0,40,North America,<=50K
24434,"[40, 50[", Private,34037,Graduate,16,Never-married,Technical, Not-in-family,*,Male,0,0,50,North America,<=50K
24435,"[50, 60[", Private,174964,High School,9,Married-civ-spouse,Nontechnical, Husband,*,Male,0,0,40,North America,>50K
24436,"[40, 50[", Private,91608,Undergraduate,13,Married-civ-spouse,Other, Husband,*,Male,0,0,40,North America,>50K
24437,"[30, 40[", Private,403468,Undergraduate,10,Separated,Other, Unmarried,*,Female,0,0,50,North America,<=50K
24438,"[30, 40[", Private,112900,High School,9,Divorced,Other, Unmarried,*,Female,0,0,40,North America,<=50K
24439,"[50, 60[", Private,242670,High School,9,Never-married,Other, Unmarried,*,Female,0,0,40,North America,<=50K
24440,"[50, 60[", Local-gov,187830,High School,9,Divorced,Technical, Unmarried,*,Male,4934,0,36,North America,>50K
24441,"[20, 30[", Self-emp-not-inc,368115,Undergraduate,13,Never-married,Nontechnical, Not-in-family,*,Male,13550,0,35,North America,>50K
24442,"[50, 60[", Private,343242,Undergraduate,13,Married-civ-spouse,Nontechnical, Husband,*,Male,0,0,40,North America,>50K
24443,"[40, 50[", Private,113390,Graduate,14,Married-civ-spouse,Other, Husband,*,Male,0,1740,60,North America,<=50K
24444,"[20, 30[", Private,200733,High School,9,Married-civ-spouse,Technical, Husband,*,Male,0,0,40,North America,<=50K
24445,"[20, 30[", Self-emp-not-inc,236769,High School,4,Married-civ-spouse,Technical, Husband,*,Male,0,0,40,North America,<=50K
24446,"[30, 40[", Private,22494,Undergraduate,13,Never-married,Nontechnical, Not-in-family,*,Female,0,0,40,North America,<=50K
24447,"[60, 70[", Federal-gov,129379,Undergraduate,10,Married-civ-spouse,Technical, Husband,*,Male,0,0,40,North America,<=50K
24448,"[20, 30[", Private,239098,High School,9,Never-married,Other, Unmarried,*,Female,0,0,40,North America,<=50K
24449,"[20, 30[", Private,167501,Undergraduate,13,Never-married,Nontechnical, Own-child,*,Female,0,0,40,North America,<=50K
24450,"[30, 40[", Private,77146,Undergraduate,13,Married-civ-spouse,Nontechnical, Husband,*,Male,0,0,45,North America,>50K
24451,"[40, 50[", Private,82797,Undergraduate,13,Married-civ-spouse,Technical, Husband,*,Male,0,0,50,North America,<=50K
24452,"[30, 40[", Self-emp-not-inc,134886,Undergraduate,13,Married-civ-spouse,Technical, Wife,*,Female,0,0,50,North America,>50K
24453,"[40, 50[", Self-emp-inc,218558,Undergraduate,13,Married-civ-spouse,Nontechnical, Husband,*,Male,0,0,45,North America,>50K
24454,"[30, 40[", Private,207568,Undergraduate,13,Married-civ-spouse,Nontechnical, Husband,*,Male,5178,0,40,North America,>50K
24456,"[50, 60[", Self-emp-not-inc,200960,Undergraduate,13,Married-civ-spouse,Nontechnical, Husband,*,Male,0,0,50,North America,>50K
24457,"[30, 40[", Private,188069,Undergraduate,13,Married-civ-spouse,Technical, Husband,*,Male,0,0,40,Unknown,<=50K
24458,"[60, 70[", Private,232337,High School,4,Divorced,Technical, Not-in-family,*,Male,0,0,40,North America,<=50K
24459,"[30, 40[", Private,98656,Graduate,14,Never-married,Nontechnical, Not-in-family,*,Female,0,0,40,North America,<=50K
24460,"[10, 20[", State-gov,194260,Undergraduate,10,Never-married,Other, Own-child,*,Female,0,0,15,North America,<=50K
24461,"[40, 50[", ?,481987,High School,9,Married-civ-spouse,Other, Husband,*,Male,0,0,60,North America,<=50K
24462,"[30, 40[", Private,234976,High School,7,Never-married,Other, Unmarried,*,Female,0,0,48,North America,<=50K
24463,"[20, 30[", Private,349116,High School,9,Separated,Nontechnical, Unmarried,*,Female,0,0,25,North America,<=50K
24464,"[30, 40[", Private,175390,High School,9,Never-married,Nontechnical, Unmarried,*,Female,0,0,40,North America,<=50K
24466,"[20, 30[", Private,214637,High School,9,Divorced,Other, Unmarried,*,Female,0,0,35,North America,<=50K
24467,"[20, 30[", Private,185127,Professional Education,11,Never-married,Nontechnical, Own-child,*,Male,0,0,40,North America,<=50K
24468,"[50, 60[", Private,98752,High School,5,Widowed,Other, Unmarried,*,Female,0,0,40,North America,<=50K
24469,"[50, 60[", Local-gov,218382,Undergraduate,10,Divorced,Other, Unmarried,*,Female,0,0,40,North America,<=50K
24470,"[50, 60[", Private,153486,High School,9,Married-civ-spouse,Technical, Husband,*,Male,0,0,45,North America,>50K
24471,"[50, 60[", Federal-gov,174102,High School,9,Married-civ-spouse,Other, Husband,*,Male,0,0,40,North America,>50K
24472,"[40, 50[", Private,137142,High School,9,Married-civ-spouse,Nontechnical, Husband,*,Male,0,0,40,North America,>50K
24473,"[60, 70[", Private,241013,High School,4,Widowed,Other, Not-in-family,*,Male,0,0,40,North America,<=50K
24474,"[30, 40[", Private,267798,High School,9,Divorced,Technical, Unmarried,*,Male,0,0,40,North America,<=50K
24475,"[40, 50[", ?,152880,High School,9,Divorced,Other, Not-in-family,*,Female,0,0,28,North America,<=50K
24476,"[30, 40[", Private,263561,Graduate,14,Married-civ-spouse,Nontechnical, Husband,*,Male,0,0,40,North America,>50K
24477,"[40, 50[", Private,113324,High School,9,Married-civ-spouse,Technical, Husband,*,Male,0,1902,40,North America,>50K
24478,"[20, 30[", Private,39764,High School,9,Never-married,Nontechnical, Own-child,*,Male,0,0,40,North America,<=50K
24479,"[30, 40[", Private,172186,Undergraduate,10,Separated,Technical, Not-in-family,*,Male,0,0,40,North America,<=50K
24480,"[30, 40[", Private,460408,Undergraduate,10,Married-civ-spouse,Nontechnical, Husband,*,Male,0,1672,45,North America,<=50K
24481,"[40, 50[", Self-emp-not-inc,185129,Professional Education,15,Married-civ-spouse,Technical, Husband,*,Male,0,1887,40,North America,>50K
24482,"[50, 60[", Private,61270,High School,9,Married-civ-spouse,Nontechnical, Husband,*,Male,0,0,40,North America,>50K
24484,"[60, 70[", Self-emp-not-inc,76968,High School,5,Married-civ-spouse,Other, Husband,*,Male,0,0,25,North America,<=50K
24485,"[60, 70[", ?,310396,High School,5,Married-civ-spouse,Other, Husband,*,Male,5178,0,40,North America,>50K
24486,"[20, 30[", Federal-gov,37933,Undergraduate,10,Never-married,Other, Unmarried,*,Female,2174,0,40,North America,<=50K
24487,"[20, 30[", Private,38772,Undergraduate,10,Never-married,Nontechnical, Own-child,*,Male,0,0,20,North America,<=50K
24488,"[20, 30[", Private,172496,Undergraduate,13,Never-married,Technical, Not-in-family,*,Male,0,0,55,North America,<=50K
24489,"[50, 60[", Private,306164,High School,9,Married-civ-spouse,Other, Husband,*,Male,0,0,40,North America,<=50K
24490,"[40, 50[", Self-emp-not-inc,33795,High School,9,Married-civ-spouse,Technical, Husband,*,Male,0,0,45,North America,<=50K
24491,"[40, 50[", Private,47686,High School,7,Married-civ-spouse,Other, Wife,*,Female,0,0,40,North America,<=50K
24492,"[30, 40[", Private,193132,Undergraduate,13,Never-married,Technical, Not-in-family,*,Female,0,0,42,North America,<=50K
24493,"[50, 60[", Private,400004,Professional Education,11,Married-civ-spouse,Nontechnical, Husband,*,Male,0,0,40,North America,>50K
24494,"[30, 40[", Private,101283,Undergraduate,10,Never-married,Other, Not-in-family,*,Female,0,0,40,North America,<=50K
24495,"[20, 30[", Private,192384,High School,9,Never-married,Technical, Not-in-family,*,Male,0,0,40,North America,<=50K
24496,"[30, 40[", Private,113838,Undergraduate,10,Married-civ-spouse,Nontechnical, Husband,*,Male,0,0,40,North America,<=50K
24497,"[40, 50[", Private,278322,Undergraduate,10,Married-civ-spouse,Technical, Husband,*,Male,7688,0,40,North America,>50K
24498,"[50, 60[", Private,199713,High School,5,Married-civ-spouse,Technical, Husband,*,Male,0,0,40,North America,<=50K
24499,"[40, 50[", Private,236021,Undergraduate,10,Married-civ-spouse,Other, Husband,*,Male,0,0,40,North America,<=50K
24500,"[20, 30[", Private,138938,Undergraduate,10,Never-married,Technical, Own-child,*,Female,0,0,10,North America,<=50K
24501,"[30, 40[", Private,126946,Undergraduate,10,Separated,Technical, Not-in-family,*,Male,0,0,40,North America,<=50K
24502,"[40, 50[", Private,44791,Undergraduate,13,Never-married,Technical, Not-in-family,*,Male,0,0,40,North America,<=50K
24503,"[30, 40[", Private,31964,High School,5,Married-civ-spouse,Other, Husband,*,Male,0,0,40,North America,<=50K
24504,"[60, 70[", State-gov,352156,Professional Education,15,Married-civ-spouse,Technical, Husband,*,Male,0,0,40,North America,>50K
24506,"[20, 30[", Private,113106,Undergraduate,10,Never-married,Other, Own-child,*,Female,0,0,30,North America,<=50K
24507,"[50, 60[", Private,89182,High School,9,Widowed,Other, Not-in-family,*,Female,0,0,40,North America,<=50K
24508,"[30, 40[", Private,250782,High School,9,Married-civ-spouse,Technical, Husband,*,Male,0,0,48,North America,<=50K
24509,"[30, 40[", Private,193855,High School,9,Married-civ-spouse,Technical, Husband,*,Male,0,1902,50,North America,<=50K
24510,"[50, 60[", Self-emp-not-inc,132716,Professional Education,15,Married-civ-spouse,Nontechnical, Husband,*,Male,99999,0,50,North America,>50K
24511,"[60, 70[", Private,218637,Undergraduate,10,Married-civ-spouse,Nontechnical, Husband,*,Male,0,2377,55,North America,>50K
24512,"[20, 30[", Private,177955,High School,7,Married-civ-spouse,Other, Wife,*,Female,0,0,40,North America,<=50K
24513,"[30, 40[", Private,198660,Undergraduate,10,Married-civ-spouse,Technical, Husband,*,Male,0,0,40,North America,<=50K
24514,"[30, 40[", Private,207937,Professional Education,15,Divorced,Technical, Not-in-family,*,Male,10520,0,50,North America,>50K
24515,"[10, 20[", Private,168740,High School,7,Never-married,Nontechnical, Own-child,*,Male,0,0,30,North America,<=50K
24516,"[40, 50[", Private,199625,Undergraduate,10,Divorced,Technical, Unmarried,*,Female,0,0,20,North America,<=50K
24517,"[20, 30[", Private,213902,High School,9,Never-married,Other, Unmarried,*,Female,0,0,40,North America,<=50K
24518,"[30, 40[", Private,208379,Undergraduate,13,Never-married,Technical, Not-in-family,*,Female,0,0,8,North America,<=50K
24519,"[30, 40[", Private,113120,Professional Education,11,Divorced,Technical, Not-in-family,*,Female,0,0,40,North America,<=50K
24520,"[20, 30[", Private,57827,Undergraduate,13,Never-married,Other, Not-in-family,*,Male,0,0,40,North America,<=50K
24521,"[50, 60[", Private,515712,High School,4,Married-civ-spouse,Technical, Husband,*,Male,0,0,40,North America,<=50K
24522,"[40, 50[", Self-emp-inc,54190,Professional Education,15,Married-civ-spouse,Technical, Husband,*,Male,15024,0,40,North America,>50K
24523,"[50, 60[", Self-emp-inc,134793,Undergraduate,10,Married-civ-spouse,Nontechnical, Husband,*,Male,15024,0,50,North America,>50K
24524,"[10, 20[", Private,396270,High School,9,Never-married,Other, Own-child,*,Male,0,0,25,North America,<=50K
24525,"[30, 40[", Private,231620,Undergraduate,13,Never-married,Nontechnical, Not-in-family,*,Female,0,0,40,North America,<=50K
24526,"[50, 60[", Private,174655,Undergraduate,10,Married-civ-spouse,Nontechnical, Husband,*,Male,0,0,45,North America,>50K
24527,"[60, 70[", ?,97823,High School,7,Married-civ-spouse,Other, Husband,*,Male,0,0,40,North America,<=50K
24528,"[30, 40[", Self-emp-not-inc,344480,High School,9,Married-civ-spouse,Technical, Husband,*,Male,4064,0,40,North America,<=50K
24529,"[40, 50[", Private,176732,High School,5,Divorced,Nontechnical, Not-in-family,*,Female,0,0,40,North America,<=50K
24530,"[60, 70[", Private,143932,High School,9,Married-civ-spouse,Technical, Husband,*,Male,0,0,40,North America,<=50K
24532,"[30, 40[", ?,298577,High School,9,Never-married,Other, Own-child,*,Male,0,0,30,North America,<=50K
24533,"[30, 40[", Private,257942,Undergraduate,13,Married-civ-spouse,Nontechnical, Husband,*,Male,0,0,60,North America,>50K
24534,"[50, 60[", Local-gov,253062,Undergraduate,10,Married-civ-spouse,Technical, Husband,*,Male,0,0,40,North America,>50K
24535,"[10, 20[", Private,193748,High School,7,Never-married,Nontechnical, Own-child,*,Male,0,0,15,North America,<=50K
24536,"[40, 50[", Private,368561,Undergraduate,13,Married-civ-spouse,Nontechnical, Husband,*,Male,0,0,55,North America,>50K
24537,"[50, 60[", Private,192964,High School,9,Divorced,Nontechnical, Unmarried,*,Female,0,0,65,North America,<=50K
24538,"[30, 40[", Private,217304,Undergraduate,13,Never-married,Other, Not-in-family,*,Male,0,0,30,North America,<=50K
24539,"[10, 20[", Private,120029,High School,9,Never-married,Other, Own-child,*,Female,0,0,40,North America,<=50K
24540,"[30, 40[", Private,62124,High School,9,Separated,Other, Not-in-family,*,Male,0,0,40,North America,<=50K
24541,"[50, 60[", Private,94885,Undergraduate,13,Divorced,Technical, Not-in-family,*,Male,0,0,45,North America,>50K
24542,"[30, 40[", Private,192565,High School,7,Married-civ-spouse,Nontechnical, Husband,*,Male,0,0,55,North America,<=50K
24543,"[20, 30[", Local-gov,220912,Undergraduate,13,Never-married,Technical, Not-in-family,*,Female,0,0,40,North America,<=50K
24544,"[20, 30[", Private,184120,Undergraduate,13,Never-married,Technical, Not-in-family,*,Male,0,0,50,North America,<=50K
24545,"[40, 50[", Private,140782,Professional Education,12,Divorced,Technical, Not-in-family,*,Female,0,0,50,North America,<=50K
24546,"[40, 50[", Self-emp-inc,170785,Undergraduate,10,Married-civ-spouse,Nontechnical, Husband,*,Male,0,0,55,North America,<=50K
24547,"[30, 40[", Private,90705,High School,9,Married-civ-spouse,Other, Husband,*,Male,0,0,60,North America,>50K
24548,"[30, 40[", State-gov,108293,Professional Education,12,Divorced,Technical, Unmarried,*,Female,0,0,38,North America,<=50K
24549,"[40, 50[", Private,168283,Undergraduate,10,Married-civ-spouse,Other, Husband,*,Male,0,0,45,North America,>50K
24550,"[20, 30[", Private,339372,Undergraduate,13,Never-married,Other, Not-in-family,*,Male,0,1408,40,North America,<=50K
24551,"[40, 50[", Private,193672,High School,9,Married-civ-spouse,Technical, Husband,*,Male,0,0,40,North America,<=50K
24552,"[50, 60[", Local-gov,143865,High School,6,Widowed,Other, Not-in-family,*,Female,0,0,24,North America,<=50K
24553,"[30, 40[", Private,209317,High School,9,Never-married,Technical, Not-in-family,*,Male,0,0,50,North America,<=50K
24554,"[30, 40[", State-gov,204461,Graduate,14,Married-civ-spouse,Technical, Husband,*,Male,0,0,50,North America,>50K
24555,"[30, 40[", Private,137088,High School,9,Married-civ-spouse,Technical, Other-relative,*,Male,0,0,40,North America,<=50K
24556,"[40, 50[", Private,149102,Undergraduate,13,Married-civ-spouse,Nontechnical, Husband,*,Male,0,0,60,North America,>50K
24557,"[50, 60[", Private,182855,High School,6,Divorced,Other, Unmarried,*,Female,0,0,48,North America,<=50K
24559,"[10, 20[", Private,83451,High School,9,Never-married,Other, Own-child,*,Female,0,0,30,North America,<=50K
24561,"[40, 50[", Private,119225,Professional Education,11,Married-civ-spouse,Technical, Husband,*,Male,0,0,40,North America,<=50K
24562,"[20, 30[", Private,134888,Undergraduate,13,Never-married,Technical, Own-child,*,Female,0,0,35,North America,<=50K
24563,"[20, 30[", Private,745817,Undergraduate,10,Never-married,Technical, Own-child,*,Female,0,0,15,North America,<=50K
24564,"[40, 50[", Private,88368,High School,9,Never-married,Nontechnical, Not-in-family,*,Female,0,0,50,North America,<=50K
24565,"[40, 50[", State-gov,122066,Graduate,14,Married-civ-spouse,Technical, Husband,*,Male,0,0,45,North America,>50K
24566,"[20, 30[", Private,363219,Undergraduate,10,Never-married,Other, Not-in-family,*,Female,0,0,20,North America,<=50K
24567,"[40, 50[", Private,84402,Undergraduate,13,Divorced,Technical, Not-in-family,*,Male,0,0,45,North America,>50K
24568,"[50, 60[", Private,34626,Undergraduate,10,Divorced,Nontechnical, Not-in-family,*,Female,0,1980,40,North America,<=50K
24569,"[30, 40[", Private,150042,High School,9,Married-civ-spouse,Nontechnical, Wife,*,Female,0,0,40,North America,>50K
24570,"[30, 40[", Private,48014,Undergraduate,13,Separated,Nontechnical, Not-in-family,*,Female,0,0,35,North America,<=50K
24573,"[30, 40[", Private,422933,Undergraduate,13,Never-married,Other, Not-in-family,*,Male,0,0,37,North America,<=50K
24574,"[20, 30[", Private,131088,Undergraduate,10,Married-civ-spouse,Nontechnical, Husband,*,Male,0,0,40,North America,<=50K
24576,"[50, 60[", Self-emp-not-inc,129311,Undergraduate,10,Married-civ-spouse,Nontechnical, Husband,*,Male,0,0,95,North America,>50K
24577,"[40, 50[", Private,473171,High School,9,Married-civ-spouse,Technical, Husband,*,Male,0,0,40,North America,<=50K
24578,"[40, 50[", Private,236985,High School,9,Married-civ-spouse,Technical, Husband,*,Male,0,0,40,North America,<=50K
24579,"[30, 40[", ?,226379,High School,9,Married-civ-spouse,Other, Other-relative,*,Female,0,0,25,North America,<=50K
24580,"[20, 30[", ?,277700,Undergraduate,10,Never-married,Other, Own-child,*,Male,0,0,20,North America,<=50K
24581,"[30, 40[", Private,207568,High School,6,Never-married,Other, Own-child,*,Male,0,0,40,North America,<=50K
24582,"[30, 40[", Private,85708,High School,9,Married-civ-spouse,Other, Husband,*,Male,0,0,40,North America,<=50K
24583,"[40, 50[", Private,98765,High School,9,Never-married,Technical, Unmarried,*,Female,0,0,40,North America,<=50K
24584,"[20, 30[", Private,192283,Undergraduate,10,Never-married,Other, Other-relative,*,Female,0,0,20,North America,<=50K
24585,"[20, 30[", State-gov,271012,High School,6,Never-married,Other, Own-child,*,Female,0,0,40,North America,<=50K
24586,"[30, 40[", Private,189265,Undergraduate,13,Never-married,Nontechnical, Not-in-family,*,Female,0,0,40,North America,<=50K
24587,"[10, 20[", Private,321880,High School,6,Never-married,Other, Own-child,*,Male,0,0,15,North America,<=50K
24588,"[50, 60[", Private,177465,High School,9,Divorced,Nontechnical, Unmarried,*,Female,0,0,25,North America,<=50K
24589,"[20, 30[", Private,127647,Undergraduate,10,Separated,Other, Unmarried,*,Female,0,0,35,North America,<=50K
24590,"[30, 40[", State-gov,119033,High School,9,Married-civ-spouse,Other, Husband,*,Male,0,0,40,North America,>50K
24591,"[40, 50[", Private,289748,Undergraduate,13,Never-married,Nontechnical, Not-in-family,*,Female,4650,0,48,North America,<=50K
24593,"[30, 40[", Private,284531,Undergraduate,13,Never-married,Nontechnical, Not-in-family,*,Female,0,0,40,North America,<=50K
24594,"[30, 40[", Private,251120,High School,4,Never-married,Technical, Not-in-family,*,Male,0,0,38,North America,<=50K
24595,"[20, 30[", Private,113870,High School,9,Never-married,Other, Not-in-family,*,Male,0,0,40,North America,<=50K
24596,"[60, 70[", Without-pay,170114,Professional Education,12,Married-civ-spouse,Other, Husband,*,Male,0,0,50,North America,<=50K
24597,"[40, 50[", Local-gov,121124,Undergraduate,13,Married-civ-spouse,Other, Husband,*,Male,15024,0,40,North America,>50K
24598,"[30, 40[", Private,328199,Professional Education,11,Never-married,Technical, Not-in-family,*,Female,0,0,64,North America,<=50K
24599,"[20, 30[", Private,206307,High School,9,Married-civ-spouse,Technical, Husband,*,Male,0,0,40,North America,>50K
24600,"[40, 50[", Self-emp-inc,236021,Undergraduate,13,Married-civ-spouse,Technical, Husband,*,Male,15024,0,40,North America,>50K
24601,"[50, 60[", Federal-gov,170603,Undergraduate,10,Married-civ-spouse,Other, Husband,*,Male,0,0,40,North America,>50K
24602,"[50, 60[", Private,74275,Undergraduate,10,Married-civ-spouse,Nontechnical, Husband,*,Male,7298,0,45,North America,>50K
24603,"[30, 40[", Self-emp-not-inc,112271,Undergraduate,13,Married-civ-spouse,Nontechnical, Husband,*,Male,0,0,50,North America,>50K
24604,"[10, 20[", Private,118306,High School,9,Never-married,Nontechnical, Own-child,*,Male,0,0,16,North America,<=50K
24605,"[40, 50[", Private,126754,Undergraduate,13,Never-married,Nontechnical, Not-in-family,*,Male,0,0,45,North America,>50K
24607,"[30, 40[", Private,205359,High School,7,Married-civ-spouse,Other, Wife,*,Female,0,0,32,North America,<=50K
24608,"[30, 40[", Private,398662,High School,9,Never-married,Technical, Own-child,*,Male,0,0,40,North America,<=50K
24610,"[30, 40[", Private,105650,High School,9,Married-civ-spouse,Nontechnical, Wife,*,Female,0,0,50,North America,>50K
24612,"[20, 30[", Private,56582,High School,9,Never-married,Other, Not-in-family,*,Male,0,0,50,North America,<=50K
24613,"[40, 50[", Local-gov,51579,Undergraduate,10,Married-civ-spouse,Other, Husband,*,Male,0,0,50,North America,<=50K
24614,"[50, 60[", Self-emp-not-inc,152030,Undergraduate,10,Married-civ-spouse,Nontechnical, Wife,*,Female,0,0,25,North America,>50K
24615,"[40, 50[", Private,227310,Undergraduate,10,Divorced,Other, Unmarried,*,Female,0,0,40,North America,<=50K
24616,"[40, 50[", Private,55854,Undergraduate,13,Married-civ-spouse,Technical, Husband,*,Male,0,0,56,North America,>50K
24617,"[30, 40[", Local-gov,28996,High School,9,Married-civ-spouse,Other, Husband,*,Male,0,0,40,North America,<=50K
24618,"[30, 40[", Private,160634,Undergraduate,13,Married-civ-spouse,Other, Husband,*,Male,0,0,60,North America,<=50K
24620,"[30, 40[", Self-emp-inc,180419,High School,9,Married-civ-spouse,Other, Husband,*,Male,0,0,45,North America,<=50K
24621,"[60, 70[", Private,116084,High School,9,Married-civ-spouse,Technical, Husband,*,Male,2635,0,40,North America,<=50K
24622,"[10, 20[", Private,202521,High School,6,Never-married,Other, Own-child,*,Male,0,0,15,North America,<=50K
24623,"[20, 30[", Private,186014,Undergraduate,10,Never-married,Other, Own-child,*,Female,0,0,15,North America,<=50K
24624,"[40, 50[", Private,88368,Undergraduate,10,Divorced,Other, Unmarried,*,Female,914,0,40,North America,<=50K
24625,"[40, 50[", State-gov,190044,Undergraduate,13,Married-civ-spouse,Nontechnical, Husband,*,Male,15024,0,50,North America,>50K
24626,"[30, 40[", Self-emp-not-inc,35330,High School,9,Married-civ-spouse,Other, Husband,*,Male,0,0,42,North America,<=50K
24627,"[30, 40[", Federal-gov,84848,Undergraduate,10,Never-married,Nontechnical, Unmarried,*,Female,0,0,40,North America,<=50K
24628,"[50, 60[", Self-emp-not-inc,176280,High School,9,Divorced,Other, Not-in-family,*,Male,0,0,50,North America,<=50K
24629,"[50, 60[", Private,145271,Undergraduate,13,Married-civ-spouse,Technical, Husband,*,Male,0,0,40,North America,<=50K
24630,"[30, 40[", Local-gov,108320,Undergraduate,13,Married-civ-spouse,Technical, Husband,*,Male,0,0,45,North America,>50K
24631,"[40, 50[", State-gov,106377,Graduate,16,Married-civ-spouse,Technical, Husband,*,Male,0,0,65,North America,>50K
24633,"[30, 40[", Private,58305,Professional Education,11,Married-civ-spouse,Technical, Husband,*,Male,0,0,40,North America,<=50K
24635,"[30, 40[", Private,176648,High School,9,Divorced,Other, Not-in-family,*,Male,0,0,42,North America,<=50K
24636,"[20, 30[", ?,32616,Undergraduate,13,Divorced,Other, Not-in-family,*,Female,0,0,40,North America,<=50K
24638,"[40, 50[", Private,187454,High School,9,Married-civ-spouse,Nontechnical, Husband,*,Male,99999,0,65,North America,>50K
24639,"[10, 20[", Private,25837,High School,9,Never-married,Other, Not-in-family,*,Male,0,0,25,North America,<=50K
24640,"[20, 30[", Private,385077,High School,8,Never-married,Technical, Own-child,*,Male,0,0,40,North America,<=50K
24641,"[50, 60[", Private,68985,Graduate,14,Married-civ-spouse,Nontechnical, Husband,*,Male,0,0,55,North America,>50K
24642,"[10, 20[", Private,181572,Undergraduate,10,Never-married,Other, Own-child,*,Male,0,0,40,North America,<=50K
24643,"[50, 60[", Private,23698,High School,9,Married-civ-spouse,Technical, Husband,*,Male,0,0,46,North America,>50K
24644,"[30, 40[", ?,268127,High School,8,Separated,Other, Unmarried,*,Female,0,0,40,North America,<=50K
24645,"[20, 30[", Private,162298,High School,9,Never-married,Technical, Own-child,*,Male,0,0,40,North America,<=50K
24646,"[30, 40[", Private,144608,High School,9,Married-civ-spouse,Technical, Husband,*,Male,0,0,40,North America,<=50K
24647,"[20, 30[", Private,250630,Undergraduate,10,Never-married,Nontechnical, Not-in-family,*,Female,0,0,20,North America,<=50K
24648,"[30, 40[", Private,150441,Undergraduate,10,Divorced,Other, Not-in-family,*,Female,0,0,50,North America,<=50K
24651,"[40, 50[", Private,139126,Undergraduate,10,Married-civ-spouse,Technical, Husband,*,Male,0,0,40,North America,>50K
24652,"[20, 30[", Private,50132,Undergraduate,10,Divorced,Nontechnical, Not-in-family,*,Male,0,0,50,North America,<=50K
24653,"[30, 40[", Self-emp-not-inc,167691,Undergraduate,10,Never-married,Other, Unmarried,*,Female,0,0,50,North America,<=50K
24654,"[30, 40[", Private,77820,Undergraduate,10,Married-civ-spouse,Technical, Husband,*,Male,0,0,40,North America,>50K
24655,"[20, 30[", Private,156513,High School,9,Never-married,Nontechnical, Own-child,*,Male,0,0,40,North America,<=50K
24656,"[40, 50[", Private,248059,High School,9,Married-civ-spouse,Technical, Husband,*,Male,3464,0,40,North America,<=50K
24657,"[20, 30[", Private,283092,High School,7,Never-married,Technical, Not-in-family,*,Male,0,0,35,North America,<=50K
24658,"[20, 30[", Private,175883,High School,9,Never-married,Other, Own-child,*,Female,0,0,40,North America,<=50K
24659,"[60, 70[", Private,232308,Undergraduate,13,Married-civ-spouse,Nontechnical, Husband,*,Male,0,0,40,North America,>50K
24660,"[10, 20[", Private,269991,High School,9,Never-married,Other, Own-child,*,Male,0,0,40,North America,<=50K
24661,"[20, 30[", Private,305446,High School,9,Never-married,Other, Own-child,*,Male,0,0,30,North America,<=50K
24663,"[50, 60[", Private,78707,High School,9,Never-married,Other, Own-child,*,Female,0,0,40,North America,<=50K
24664,"[10, 20[", Private,351802,High School,9,Never-married,Technical, Own-child,*,Male,0,0,35,North America,<=50K
24665,"[30, 40[", Local-gov,196529,Graduate,14,Married-civ-spouse,Technical, Wife,*,Female,0,0,45,North America,>50K
24666,"[30, 40[", Self-emp-inc,175769,High School,9,Married-civ-spouse,Nontechnical, Husband,*,Male,0,0,65,North America,>50K
24667,"[10, 20[", Private,153021,High School,8,Never-married,Nontechnical, Own-child,*,Female,0,0,20,North America,<=50K
24668,"[30, 40[", Local-gov,331902,Undergraduate,10,Divorced,Other, Unmarried,*,Female,0,0,35,North America,<=50K
24669,"[50, 60[", Private,279461,Undergraduate,10,Married-civ-spouse,Other, Husband,*,Male,0,0,40,North America,>50K
24670,"[30, 40[", Private,145704,High School,9,Married-civ-spouse,Technical, Wife,*,Female,3942,0,35,North America,<=50K
24671,"[20, 30[", State-gov,205499,Graduate,16,Never-married,Technical, Not-in-family,*,Male,0,0,77,North America,<=50K
24672,"[20, 30[", Private,293926,High School,9,Married-civ-spouse,Technical, Husband,*,Male,0,1740,30,North America,<=50K
24674,"[20, 30[", Private,113099,High School,9,Separated,Technical, Not-in-family,*,Male,0,0,40,North America,<=50K
24677,"[10, 20[", Private,410543,High School,9,Never-married,Other, Not-in-family,*,Female,0,0,40,North America,<=50K
24678,"[40, 50[", Private,34446,Undergraduate,10,Married-civ-spouse,Other, Husband,*,Male,0,0,40,North America,<=50K
24679,"[30, 40[", Private,209101,Professional Education,15,Married-civ-spouse,Technical, Husband,*,Male,0,0,25,North America,>50K
24680,"[40, 50[", Federal-gov,95902,Professional Education,12,Married-civ-spouse,Technical, Wife,*,Female,0,0,40,North America,<=50K
24681,"[50, 60[", Self-emp-not-inc,214323,High School,7,Married-civ-spouse,Technical, Husband,*,Male,0,0,40,North America,<=50K
24682,"[40, 50[", Private,236323,High School,9,Divorced,Technical, Unmarried,*,Female,0,0,40,North America,<=50K
24683,"[40, 50[", Federal-gov,201127,Undergraduate,10,Married-civ-spouse,Technical, Husband,*,Male,0,0,56,North America,>50K
24684,"[40, 50[", Private,142886,Undergraduate,13,Widowed,Nontechnical, Unmarried,*,Female,0,0,40,North America,<=50K
24685,"[40, 50[", Private,77313,Undergraduate,10,Divorced,Other, Unmarried,*,Female,0,0,38,North America,<=50K
24686,"[10, 20[", ?,212125,High School,6,Never-married,Other, Own-child,*,Female,0,0,20,North America,<=50K
24687,"[30, 40[", Private,187098,High School,9,Divorced,Other, Unmarried,*,Female,0,0,40,North America,<=50K
24688,"[10, 20[", Private,196857,Undergraduate,10,Never-married,Nontechnical, Own-child,*,Female,0,0,20,North America,<=50K
24689,"[50, 60[", Local-gov,155314,High School,9,Married-civ-spouse,Other, Wife,*,Female,0,0,40,North America,>50K
24690,"[70, 80[", Self-emp-not-inc,203289,Undergraduate,10,Married-civ-spouse,Technical, Husband,*,Male,0,0,35,North America,<=50K
24691,"[40, 50[", Private,117059,Professional Education,11,Married-civ-spouse,Other, Husband,*,Male,0,0,60,North America,<=50K
24692,"[30, 40[", Private,178587,Undergraduate,10,Separated,Technical, Unmarried,*,Female,0,0,37,North America,<=50K
24694,"[10, 20[", ?,145258,High School,7,Never-married,Other, Other-relative,*,Female,0,0,25,North America,<=50K
24695,"[40, 50[", Private,185145,High School,9,Married-civ-spouse,Technical, Husband,*,Male,0,0,45,Unknown,>50K
24696,"[40, 50[", Private,72896,High School,5,Married-civ-spouse,Technical, Husband,*,Male,0,0,43,North America,<=50K
24697,"[30, 40[", Private,134886,High School,9,Never-married,Nontechnical, Own-child,*,Female,0,0,20,North America,<=50K
24698,"[30, 40[", Private,223212,Primary School,1,Married-civ-spouse,Technical, Husband,*,Male,0,0,40,North America,<=50K
24699,"[50, 60[", Self-emp-not-inc,174752,High School,9,Divorced,Technical, Not-in-family,*,Male,0,0,40,North America,<=50K
24700,"[20, 30[", Private,230563,High School,9,Never-married,Other, Own-child,*,Female,0,0,40,North America,<=50K
24701,"[40, 50[", State-gov,353824,High School,9,Married-civ-spouse,Other, Husband,*,Male,0,0,72,North America,>50K
24702,"[20, 30[", Private,117363,Undergraduate,10,Never-married,Other, Not-in-family,*,Female,0,0,35,North America,<=50K
24703,"[20, 30[", Private,285367,High School,9,Divorced,Other, Not-in-family,*,Male,0,0,50,North America,<=50K
24704,"[60, 70[", ?,139391,High School,9,Married-civ-spouse,Other, Husband,*,Male,0,0,42,North America,<=50K
24705,"[30, 40[", Private,198170,Professional Education,11,Married-civ-spouse,Nontechnical, Husband,*,Male,0,0,40,North America,<=50K
24706,"[30, 40[", Private,38948,High School,9,Married-civ-spouse,Other, Husband,*,Male,0,0,50,North America,<=50K
24707,"[40, 50[", Private,188515,Undergraduate,10,Divorced,Other, Unmarried,*,Female,0,0,40,North America,<=50K
24708,"[40, 50[", Self-emp-not-inc,177810,Undergraduate,13,Married-civ-spouse,Technical, Husband,*,Male,0,0,30,North America,<=50K
24709,"[40, 50[", Private,188432,High School,9,Married-civ-spouse,Technical, Husband,*,Male,3103,0,46,North America,>50K
24710,"[30, 40[", Private,178506,Undergraduate,10,Never-married,Other, Unmarried,*,Female,0,0,40,North America,<=50K
24711,"[40, 50[", Self-emp-not-inc,129298,High School,9,Married-civ-spouse,Other, Husband,*,Male,0,0,45,North America,<=50K
24712,"[20, 30[", Private,165315,High School,9,Divorced,Nontechnical, Unmarried,*,Female,0,0,37,North America,<=50K
24713,"[60, 70[", Private,117236,Undergraduate,13,Married-civ-spouse,Nontechnical, Husband,*,Male,20051,0,45,North America,>50K
24714,"[10, 20[", ?,172214,High School,9,Never-married,Other, Own-child,*,Female,0,0,20,North America,<=50K
24715,"[10, 20[", Private,63434,High School,8,Never-married,Other, Own-child,*,Female,0,0,30,North America,<=50K
24716,"[30, 40[", Self-emp-inc,140854,High School,9,Never-married,Other, Not-in-family,*,Male,0,0,60,North America,<=50K
24717,"[20, 30[", Private,133043,High School,9,Divorced,Other, Unmarried,*,Female,0,0,50,North America,<=50K
24718,"[50, 60[", Private,113176,High School,9,Divorced,Nontechnical, Not-in-family,*,Female,2597,0,40,North America,<=50K
24719,"[30, 40[", Private,259301,Undergraduate,10,Married-civ-spouse,Other, Husband,*,Male,0,0,41,North America,<=50K
24720,"[20, 30[", Private,196643,High School,9,Never-married,Nontechnical, Own-child,*,Male,0,0,40,North America,<=50K
24721,"[40, 50[", Self-emp-not-inc,364365,Undergraduate,13,Never-married,Nontechnical, Not-in-family,*,Female,0,0,35,North America,<=50K
24722,"[30, 40[", Private,269318,Undergraduate,13,Married-civ-spouse,Nontechnical, Husband,*,Male,0,0,50,North America,>50K
24723,"[30, 40[", Private,108454,Undergraduate,10,Married-civ-spouse,Nontechnical, Husband,*,Male,0,0,45,North America,<=50K
24724,"[30, 40[", Private,171637,Undergraduate,10,Never-married,Other, Own-child,*,Female,0,0,40,North America,<=50K
24725,"[10, 20[", Private,183589,Undergraduate,10,Never-married,Other, Own-child,*,Male,0,0,25,North America,<=50K
24726,"[20, 30[", Private,107801,High School,9,Never-married,Other, Own-child,*,Female,0,0,40,North America,<=50K
24727,"[30, 40[", Private,179877,Undergraduate,10,Married-civ-spouse,Technical, Husband,*,Male,0,0,40,North America,>50K
24728,"[30, 40[", Private,168981,High School,9,Never-married,Other, Other-relative,*,Female,0,0,35,North America,<=50K
24729,"[30, 40[", Private,120590,High School,9,Married-civ-spouse,Technical, Husband,*,Male,0,0,45,North America,>50K
24730,"[30, 40[", Private,310773,Undergraduate,10,Separated,Nontechnical, Unmarried,*,Female,0,0,40,North America,<=50K
24731,"[20, 30[", Private,197050,Undergraduate,10,Never-married,Other, Own-child,*,Female,0,0,35,North America,<=50K
24732,"[40, 50[", Private,159726,High School,9,Married-civ-spouse,Other, Husband,*,Male,0,0,85,North America,>50K
24733,"[20, 30[", Private,210797,Undergraduate,10,Married-civ-spouse,Technical, Husband,*,Male,0,0,40,North America,<=50K
24734,"[30, 40[", Private,55291,Graduate,14,Married-civ-spouse,Nontechnical, Husband,*,Male,0,0,40,North America,>50K
24736,"[10, 20[", Private,276718,High School,9,Never-married,Other, Own-child,*,Male,0,0,20,North America,<=50K
24737,"[60, 70[", Private,336163,High School,9,Married-civ-spouse,Nontechnical, Husband,*,Male,0,0,24,North America,<=50K
24738,"[50, 60[", Private,112840,Graduate,14,Married-civ-spouse,Technical, Husband,*,Male,0,0,55,North America,>50K
24740,"[50, 60[", Private,165745,High School,9,Married-civ-spouse,Technical, Husband,*,Male,0,0,40,North America,<=50K
24741,"[20, 30[", Self-emp-not-inc,259299,Undergraduate,10,Married-civ-spouse,Technical, Husband,*,Male,3103,0,50,North America,>50K
24742,"[20, 30[", State-gov,197731,High School,9,Married-civ-spouse,Other, Husband,*,Male,0,0,49,North America,>50K
24743,"[40, 50[", Self-emp-not-inc,197702,Undergraduate,10,Married-civ-spouse,Other, Husband,*,Male,0,0,40,North America,<=50K
24744,"[50, 60[", Private,162238,Graduate,14,Married-civ-spouse,Nontechnical, Husband,*,Male,0,1887,47,North America,>50K
24745,"[30, 40[", Private,213260,High School,9,Separated,Other, Not-in-family,*,Male,0,0,40,North America,<=50K
24746,"[50, 60[", Private,53833,High School,9,Married-civ-spouse,Technical, Husband,*,Male,0,0,46,North America,>50K
24747,"[10, 20[", Private,89419,High School,9,Never-married,Technical, Own-child,*,Female,0,0,10,North America,<=50K
24748,"[20, 30[", Private,119704,Undergraduate,10,Separated,Nontechnical, Unmarried,*,Female,0,0,40,North America,<=50K
24749,"[40, 50[", Private,433170,Undergraduate,10,Married-civ-spouse,Technical, Husband,*,Male,0,0,60,North America,>50K
24751,"[30, 40[", Private,172538,High School,9,Never-married,Technical, Unmarried,*,Male,0,0,40,North America,<=50K
24752,"[20, 30[", ?,220115,High School,9,Never-married,Other, Own-child,*,Male,0,0,12,North America,<=50K
24753,"[30, 40[", Private,158956,Undergraduate,10,Never-married,Other, Unmarried,*,Female,0,0,40,North America,<=50K
24754,"[20, 30[", Self-emp-not-inc,25631,Undergraduate,10,Never-married,Other, Own-child,*,Male,0,0,40,North America,<=50K
24755,"[20, 30[", Private,476558,High School,4,Never-married,Technical, Not-in-family,*,Male,0,0,40,North America,<=50K
24756,"[50, 60[", Federal-gov,35576,Undergraduate,10,Married-civ-spouse,Technical, Husband,*,Male,0,0,40,North America,<=50K
24757,"[30, 40[", Private,203463,Undergraduate,10,Divorced,Nontechnical, Not-in-family,*,Female,0,0,40,North America,<=50K
24758,"[30, 40[", State-gov,317647,High School,9,Never-married,Other, Own-child,*,Male,0,0,40,North America,<=50K
24759,"[50, 60[", Self-emp-not-inc,170411,High School,4,Married-civ-spouse,Other, Husband,*,Male,0,0,40,North America,<=50K
24760,"[20, 30[", ?,174182,High School,7,Married-civ-spouse,Other, Wife,*,Female,0,0,24,North America,<=50K
24761,"[50, 60[", Private,220055,Undergraduate,13,Widowed,Nontechnical, Unmarried,*,Female,0,0,40,North America,<=50K
24762,"[50, 60[", Private,231482,Undergraduate,13,Married-civ-spouse,Nontechnical, Husband,*,Male,0,0,40,North America,<=50K
24763,"[60, 70[", Private,335979,High School,9,Widowed,Nontechnical, Not-in-family,*,Female,991,0,18,North America,<=50K
24764,"[30, 40[", Private,279173,High School,9,Married-civ-spouse,Technical, Husband,*,Male,0,0,60,North America,<=50K
24765,"[30, 40[", Private,89559,High School,9,Married-civ-spouse,Other, Wife,*,Female,0,0,40,North America,<=50K
24767,"[50, 60[", Private,131068,High School,9,Divorced,Other, Not-in-family,*,Female,0,0,40,North America,<=50K
24768,"[40, 50[", Private,219632,High School,9,Married-civ-spouse,Other, Husband,*,Male,0,0,40,North America,<=50K
24769,"[10, 20[", Private,175507,High School,9,Never-married,Other, Not-in-family,*,Female,0,0,30,North America,<=50K
24770,"[50, 60[", Self-emp-inc,182062,Graduate,16,Married-civ-spouse,Technical, Husband,*,Male,0,0,24,North America,>50K
24771,"[20, 30[", Private,287476,High School,9,Never-married,Technical, Not-in-family,*,Male,3325,0,40,North America,<=50K
24772,"[30, 40[", Private,206253,Undergraduate,10,Never-married,Other, Not-in-family,*,Female,0,1617,40,North America,<=50K
24773,"[20, 30[", ?,189203,Professional Education,12,Never-married,Other, Not-in-family,*,Male,0,0,40,North America,<=50K
24774,"[50, 60[", Private,21698,High School,9,Never-married,Other, Not-in-family,*,Female,0,0,40,North America,<=50K
24775,"[40, 50[", Self-emp-not-inc,328051,Graduate,14,Never-married,Technical, Not-in-family,*,Female,0,0,60,North America,<=50K
24776,"[30, 40[", Private,356689,High School,9,Divorced,Other, Unmarried,*,Male,3887,0,40,North America,<=50K
24777,"[50, 60[", Private,121865,High School,9,Divorced,Other, Not-in-family,*,Female,0,0,40,North America,<=50K
24778,"[40, 50[", Self-emp-not-inc,420986,Undergraduate,13,Married-civ-spouse,Technical, Husband,*,Male,0,0,40,North America,>50K
24779,"[40, 50[", ?,218558,High School,9,Married-civ-spouse,Other, Husband,*,Male,0,0,40,North America,<=50K
24780,"[50, 60[", Private,288992,High School,6,Divorced,Technical, Unmarried,*,Male,14344,0,68,North America,>50K
24781,"[20, 30[", ?,189740,Undergraduate,10,Never-married,Other, Own-child,*,Female,0,0,32,North America,<=50K
24782,"[20, 30[", Local-gov,188909,Undergraduate,13,Never-married,Technical, Own-child,*,Female,0,0,42,North America,<=50K
24783,"[20, 30[", Private,213081,High School,7,Never-married,Other, Not-in-family,*,Female,0,0,40,North America,<=50K
24784,"[10, 20[", Self-emp-not-inc,157131,High School,7,Never-married,Nontechnical, Own-child,*,Female,0,0,40,North America,<=50K
24785,"[40, 50[", Private,98010,Undergraduate,13,Divorced,Technical, Not-in-family,*,Female,0,0,50,North America,<=50K
24786,"[40, 50[", Private,207677,High School,9,Divorced,Technical, Not-in-family,*,Male,0,0,30,North America,<=50K
24787,"[50, 60[", ?,361870,High School,9,Married-civ-spouse,Other, Husband,*,Male,0,0,30,North America,<=50K
24788,"[50, 60[", Private,266091,Undergraduate,13,Never-married,Technical, Not-in-family,*,Female,0,0,45,North America,<=50K
24789,"[40, 50[", Private,106627,Professional Education,12,Divorced,Nontechnical, Unmarried,*,Female,0,0,50,North America,<=50K
24790,"[50, 60[", Self-emp-inc,167793,Professional Education,15,Married-civ-spouse,Technical, Husband,*,Male,0,2415,60,North America,>50K
24791,"[70, 80[", Self-emp-not-inc,206682,Undergraduate,10,Married-civ-spouse,Technical, Husband,*,Male,0,1648,35,North America,<=50K
24792,"[30, 40[", Private,243165,High School,9,Married-civ-spouse,Nontechnical, Husband,*,Male,0,0,40,North America,<=50K
24793,"[60, 70[", Private,201928,High School,9,Widowed,Technical, Unmarried,*,Female,0,0,40,North America,<=50K
24794,"[10, 20[", Private,128346,High School,9,Never-married,Technical, Own-child,*,Female,0,0,40,North America,<=50K
24795,"[20, 30[", Private,197288,High School,9,Married-civ-spouse,Other, Wife,*,Female,0,0,40,North America,<=50K
24796,"[20, 30[", ?,169184,Undergraduate,10,Never-married,Other, Other-relative,*,Female,0,0,40,North America,<=50K
24797,"[30, 40[", Private,245521,High School,4,Married-civ-spouse,Other, Husband,*,Male,0,0,35,North America,<=50K
24798,"[30, 40[", Private,129591,High School,9,Never-married,Other, Not-in-family,*,Male,0,0,40,North America,<=50K
24800,"[30, 40[", Self-emp-not-inc,188563,Undergraduate,10,Married-civ-spouse,Nontechnical, Husband,*,Male,4386,0,50,North America,>50K
24801,"[20, 30[", Self-emp-not-inc,184710,High School,9,Married-civ-spouse,Technical, Husband,*,Male,0,0,40,North America,<=50K
24802,"[10, 20[", Private,63734,High School,6,Never-married,Nontechnical, Own-child,*,Male,0,0,20,North America,<=50K
24803,"[10, 20[", Private,111256,High School,9,Never-married,Other, Own-child,*,Female,0,0,20,North America,<=50K
24804,"[40, 50[", Self-emp-inc,111483,Undergraduate,13,Never-married,Technical, Own-child,*,Male,0,0,40,North America,<=50K
24805,"[20, 30[", Self-emp-inc,266639,Undergraduate,13,Never-married,Other, Not-in-family,*,Female,0,0,40,North America,<=50K
24806,"[40, 50[", Self-emp-not-inc,93853,Undergraduate,10,Married-civ-spouse,Technical, Husband,*,Male,0,0,45,North America,<=50K
24807,"[30, 40[", Private,184207,High School,9,Divorced,Technical, Not-in-family,*,Male,0,0,40,North America,<=50K
24808,"[30, 40[", Private,238002,High School,5,Married-civ-spouse,Other, Other-relative,*,Male,0,0,40,North America,<=50K
24809,"[20, 30[", ?,30237,Undergraduate,10,Never-married,Other, Unmarried,*,Female,0,0,40,North America,<=50K
24810,"[40, 50[", Private,196545,Undergraduate,13,Married-civ-spouse,Technical, Husband,*,Male,0,1902,40,North America,>50K
24811,"[40, 50[", Private,144844,High School,9,Married-civ-spouse,Technical, Husband,*,Male,0,0,40,North America,<=50K
24812,"[30, 40[", Private,280500,Undergraduate,10,Never-married,Technical, Own-child,*,Female,0,0,40,North America,<=50K
24813,"[70, 80[", ?,135601,Undergraduate,13,Married-civ-spouse,Other, Husband,*,Male,0,0,10,North America,<=50K
24814,"[30, 40[", Private,409189,High School,9,Married-civ-spouse,Other, Husband,*,Male,0,0,30,North America,<=50K
24815,"[50, 60[", Private,23686,Undergraduate,10,Married-civ-spouse,Other, Other-relative,*,Female,0,0,35,North America,>50K
24816,"[10, 20[", Private,229756,High School,9,Never-married,Nontechnical, Own-child,*,Male,0,0,50,North America,<=50K
24817,"[30, 40[", Local-gov,95530,Undergraduate,10,Married-civ-spouse,Other, Husband,*,Male,0,0,40,North America,<=50K
24818,"[40, 50[", Local-gov,73199,Professional Education,11,Divorced,Technical, Unmarried,*,Male,0,0,40,North America,<=50K
24819,"[20, 30[", Private,196745,Undergraduate,10,Never-married,Other, Own-child,*,Female,0,0,16,North America,<=50K
24820,"[20, 30[", Private,79481,Undergraduate,10,Never-married,Technical, Not-in-family,*,Female,0,0,40,North America,<=50K
24821,"[20, 30[", ?,116934,Undergraduate,10,Never-married,Other, Own-child,*,Female,0,0,40,North America,<=50K
24823,"[40, 50[", Local-gov,56651,Undergraduate,13,Married-civ-spouse,Nontechnical, Husband,*,Male,0,0,52,North America,<=50K
24824,"[10, 20[", Private,186954,High School,7,Never-married,Other, Own-child,*,Female,0,0,20,North America,<=50K
24825,"[20, 30[", Private,264874,Undergraduate,10,Never-married,Technical, Other-relative,*,Female,0,0,40,North America,<=50K
24826,"[30, 40[", State-gov,183092,Graduate,16,Divorced,Technical, Not-in-family,*,Female,0,0,40,North America,>50K
24828,"[20, 30[", ?,142443,Undergraduate,13,Married-civ-spouse,Other, Husband,*,Male,0,0,25,North America,<=50K
24829,"[20, 30[", Private,177526,Undergraduate,10,Never-married,Other, Own-child,*,Male,0,0,40,North America,<=50K
24830,"[40, 50[", Local-gov,31267,Undergraduate,13,Married-civ-spouse,Technical, Husband,*,Male,0,0,50,North America,<=50K
24831,"[20, 30[", Private,321666,Professional Education,12,Never-married,Technical, Own-child,*,Male,0,0,20,North America,<=50K
24833,"[20, 30[", Private,283515,Undergraduate,10,Never-married,Other, Not-in-family,*,Male,0,0,60,North America,<=50K
24834,"[30, 40[", Private,54608,Professional Education,12,Married-civ-spouse,Technical, Husband,*,Male,0,0,40,North America,<=50K
24835,"[50, 60[", Private,162238,Undergraduate,13,Married-civ-spouse,Technical, Husband,*,Male,0,0,38,North America,>50K
24836,"[30, 40[", Private,175931,High School,9,Married-civ-spouse,Technical, Husband,*,Male,0,0,40,North America,<=50K
24837,"[20, 30[", Private,236804,High School,9,Never-married,Other, Not-in-family,*,Male,0,0,40,North America,<=50K
24838,"[30, 40[", Private,168782,High School,9,Divorced,Nontechnical, Not-in-family,*,Male,0,0,40,North America,<=50K
24839,"[40, 50[", Private,227065,Undergraduate,13,Married-civ-spouse,Nontechnical, Husband,*,Male,0,0,40,North America,>50K
24840,"[40, 50[", Self-emp-inc,285335,Undergraduate,10,Married-civ-spouse,Nontechnical, Husband,*,Male,0,0,60,North America,>50K
24841,"[30, 40[", Private,259705,High School,9,Never-married,Other, Own-child,*,Female,0,0,40,North America,<=50K
24842,"[50, 60[", Private,24384,High School,4,Widowed,Other, Not-in-family,*,Female,0,0,10,North America,<=50K
24843,"[50, 60[", Private,322013,High School,9,Married-civ-spouse,Technical, Husband,*,Male,0,0,40,North America,<=50K
24844,"[40, 50[", Private,49797,High School,9,Married-civ-spouse,Technical, Husband,*,Male,0,0,40,North America,<=50K
24845,"[20, 30[", Private,52566,High School,9,Never-married,Other, Not-in-family,*,Female,0,0,40,North America,<=50K
24846,"[40, 50[", Private,266275,High School,9,Divorced,Other, Unmarried,*,Female,0,0,40,North America,<=50K
24847,"[70, 80[", Self-emp-not-inc,285408,Professional Education,15,Married-civ-spouse,Technical, Husband,*,Male,0,2246,28,North America,>50K
24848,"[20, 30[", Self-emp-not-inc,177858,Undergraduate,13,Divorced,Nontechnical, Not-in-family,*,Male,0,1876,38,North America,<=50K
24849,"[40, 50[", Federal-gov,183804,Undergraduate,10,Never-married,Other, Own-child,*,Male,0,0,40,North America,<=50K
24850,"[40, 50[", Private,107231,Professional Education,15,Married-civ-spouse,Nontechnical, Husband,*,Male,99999,0,50,North America,>50K
24851,"[20, 30[", Private,173679,Undergraduate,10,Never-married,Nontechnical, Not-in-family,*,Male,0,0,40,North America,<=50K
24852,"[20, 30[", Local-gov,163965,High School,9,Never-married,Other, Unmarried,*,Female,0,0,40,North America,<=50K
24854,"[20, 30[", Private,172009,Undergraduate,13,Never-married,Nontechnical, Not-in-family,*,Female,0,0,40,North America,<=50K
24855,"[20, 30[", Private,44363,High School,9,Never-married,Nontechnical, Not-in-family,*,Male,0,0,35,North America,<=50K
24856,"[40, 50[", Private,246392,High School,9,Never-married,Other, Unmarried,*,Female,0,0,30,North America,<=50K
24857,"[50, 60[", Private,167033,Undergraduate,10,Never-married,Nontechnical, Not-in-family,*,Female,0,0,40,North America,<=50K
24858,"[50, 60[", Private,143822,Undergraduate,10,Married-civ-spouse,Technical, Husband,*,Male,0,0,45,North America,>50K
24859,"[40, 50[", Private,37869,High School,9,Married-civ-spouse,Nontechnical, Husband,*,Male,0,1902,40,North America,>50K
24860,"[20, 30[", Private,447488,High School,5,Never-married,Technical, Other-relative,*,Male,0,0,35,North America,<=50K
24861,"[10, 20[", Private,239346,High School,6,Never-married,Other, Own-child,*,Male,0,0,18,North America,<=50K
24862,"[40, 50[", Private,245975,High School,9,Married-civ-spouse,Technical, Husband,*,Male,0,0,40,North America,<=50K
24864,"[50, 60[", Private,121362,Undergraduate,10,Widowed,Other, Unmarried,*,Female,0,2258,38,North America,>50K
24865,"[20, 30[", State-gov,24008,Undergraduate,10,Never-married,Technical, Own-child,*,Male,0,0,35,North America,<=50K
24866,"[40, 50[", Private,165492,Undergraduate,10,Married-civ-spouse,Nontechnical, Husband,*,Male,0,0,40,North America,>50K
24867,"[40, 50[", Private,326048,Professional Education,12,Divorced,Other, Not-in-family,*,Male,0,0,44,North America,<=50K
24868,"[40, 50[", Private,250821,Professional Education,15,Divorced,Other, Unmarried,*,Male,0,0,48,North America,<=50K
24869,"[30, 40[", Self-emp-not-inc,154641,High School,9,Never-married,Other, Not-in-family,*,Male,0,0,86,North America,<=50K
24870,"[30, 40[", Private,198202,High School,9,Never-married,Nontechnical, Not-in-family,*,Female,0,0,54,North America,<=50K
24871,"[20, 30[", Local-gov,170504,Undergraduate,13,Never-married,Other, Not-in-family,*,Female,0,0,40,North America,<=50K
24872,"[20, 30[", Private,191342,Undergraduate,10,Never-married,Nontechnical, Not-in-family,*,Male,0,0,40,Asia,<=50K
24873,"[10, 20[", Private,238969,High School,9,Never-married,Nontechnical, Own-child,*,Male,0,0,10,North America,<=50K
24874,"[60, 70[", Self-emp-not-inc,344128,Undergraduate,13,Married-civ-spouse,Nontechnical, Husband,*,Male,0,0,50,North America,>50K
24875,"[60, 70[", ?,148694,High School,9,Divorced,Other, Not-in-family,*,Female,0,0,40,North America,<=50K
24878,"[20, 30[", Private,203263,High School,8,Never-married,Other, Own-child,*,Male,0,0,35,North America,<=50K
24879,"[20, 30[", State-gov,89564,Undergraduate,13,Married-civ-spouse,Other, Husband,*,Male,0,0,50,North America,<=50K
24880,"[50, 60[", Private,97562,High School,9,Married-civ-spouse,Nontechnical, Wife,*,Female,0,0,38,North America,<=50K
24881,"[40, 50[", Private,336540,High School,9,Married-civ-spouse,Nontechnical, Husband,*,Male,0,0,40,North America,<=50K
24882,"[30, 40[", Private,139647,Undergraduate,10,Divorced,Nontechnical, Unmarried,*,Female,0,0,56,North America,<=50K
24883,"[30, 40[", Private,160192,High School,9,Married-civ-spouse,Technical, Husband,*,Male,0,2051,44,North America,<=50K
24884,"[50, 60[", Local-gov,320386,Professional Education,12,Divorced,Technical, Not-in-family,*,Female,0,0,40,North America,<=50K
24885,"[30, 40[", Private,32126,Undergraduate,13,Never-married,Technical, Not-in-family,*,Female,0,0,40,North America,<=50K
24886,"[40, 50[", Self-emp-not-inc,275445,Undergraduate,13,Divorced,Nontechnical, Unmarried,*,Male,0,0,50,North America,<=50K
24887,"[30, 40[", Self-emp-inc,54953,Undergraduate,10,Married-civ-spouse,Technical, Husband,*,Male,0,0,38,North America,<=50K
24892,"[60, 70[", Private,207385,Undergraduate,10,Married-civ-spouse,Nontechnical, Husband,*,Male,0,0,30,North America,<=50K
24893,"[20, 30[", Private,355287,High School,5,Never-married,Technical, Not-in-family,*,Male,0,0,48,North America,<=50K
24894,"[60, 70[", ?,141218,Graduate,14,Married-civ-spouse,Other, Husband,*,Male,0,0,30,North America,>50K
24895,"[40, 50[", Local-gov,207677,Undergraduate,13,Married-civ-spouse,Other, Husband,*,Male,0,0,40,North America,>50K
24896,"[40, 50[", Private,102114,Undergraduate,10,Never-married,Other, Unmarried,*,Female,0,0,40,North America,<=50K
24897,"[30, 40[", Self-emp-not-inc,60269,High School,9,Married-civ-spouse,Nontechnical, Husband,*,Male,0,0,60,North America,<=50K
24898,"[30, 40[", Private,278632,High School,5,Married-civ-spouse,Other, Husband,*,Male,0,0,40,North America,<=50K
24900,"[40, 50[", Private,246891,Undergraduate,13,Married-civ-spouse,Nontechnical, Husband,*,Male,0,0,72,North America,>50K
24901,"[10, 20[", Private,124486,High School,8,Never-married,Other, Own-child,*,Male,0,1602,20,North America,<=50K
24902,"[60, 70[", ?,202106,High School,9,Married-civ-spouse,Other, Husband,*,Male,0,1902,40,North America,>50K
24904,"[20, 30[", Private,184543,High School,9,Never-married,Nontechnical, Not-in-family,*,Female,0,0,40,North America,<=50K
24905,"[40, 50[", Private,122206,High School,9,Married-civ-spouse,Other, Husband,*,Male,0,0,40,North America,<=50K
24906,"[30, 40[", Private,229015,Undergraduate,13,Married-civ-spouse,Nontechnical, Husband,*,Male,0,0,50,North America,>50K
24907,"[20, 30[", Private,130067,Undergraduate,13,Married-civ-spouse,Technical, Wife,*,Female,0,0,40,North America,>50K
24908,"[40, 50[", Local-gov,306495,Undergraduate,13,Married-civ-spouse,Technical, Husband,*,Male,0,0,35,North America,<=50K
24909,"[30, 40[", Private,232855,High School,9,Never-married,Technical, Unmarried,*,Female,0,0,40,North America,<=50K
24911,"[60, 70[", Private,144182,High School,9,Widowed,Technical, Not-in-family,*,Female,0,0,23,North America,<=50K
24912,"[30, 40[", Private,102858,High School,9,Separated,Other, Unmarried,*,Male,0,0,40,North America,<=50K
24913,"[10, 20[", ?,199495,Undergraduate,10,Never-married,Other, Own-child,*,Male,0,0,60,North America,<=50K
24914,"[50, 60[", Private,209438,Undergraduate,10,Divorced,Other, Unmarried,*,Female,0,0,40,North America,<=50K
24915,"[40, 50[", Private,74895,Professional Education,12,Married-civ-spouse,Technical, Husband,*,Male,0,1485,55,North America,<=50K
24916,"[40, 50[", Private,184378,Professional Education,11,Married-civ-spouse,Nontechnical, Husband,*,Male,0,0,40,North America,<=50K
24917,"[30, 40[", Private,446512,Undergraduate,10,Separated,Other, Unmarried,*,Female,0,0,40,North America,<=50K
24918,"[30, 40[", Federal-gov,113688,High School,9,Never-married,Technical, Unmarried,*,Female,0,0,40,North America,<=50K
24919,"[30, 40[", Private,333305,Undergraduate,10,Married-civ-spouse,Nontechnical, Wife,*,Female,0,0,45,North America,>50K
24920,"[10, 20[", Private,118535,High School,8,Never-married,Nontechnical, Own-child,*,Female,0,0,18,North America,<=50K
24921,"[50, 60[", Private,76142,High School,9,Divorced,Other, Unmarried,*,Female,0,0,40,North America,<=50K
24922,"[50, 60[", Local-gov,38795,High School,5,Married-civ-spouse,Nontechnical, Husband,*,Male,0,0,40,North America,<=50K
24924,"[60, 70[", Private,203313,High School,9,Widowed,Other, Not-in-family,*,Female,991,0,18,North America,<=50K
24925,"[60, 70[", Private,247483,Undergraduate,10,Married-civ-spouse,Nontechnical, Husband,*,Male,0,0,40,North America,>50K
24926,"[60, 70[", State-gov,198686,High School,9,Married-civ-spouse,Other, Husband,*,Male,0,0,40,North America,<=50K
24927,"[30, 40[", Private,56118,High School,9,Divorced,Other, Unmarried,*,Female,0,0,40,North America,<=50K
24929,"[20, 30[", Private,231554,Undergraduate,10,Married-civ-spouse,Other, Husband,*,Male,0,0,50,North America,<=50K
24930,"[30, 40[", Private,34848,Undergraduate,10,Married-civ-spouse,Other, Husband,*,Male,0,0,40,North America,<=50K
24931,"[30, 40[", Private,199934,Undergraduate,10,Married-civ-spouse,Technical, Husband,*,Male,7298,0,40,North America,>50K
24932,"[20, 30[", Private,196243,High School,9,Never-married,Technical, Not-in-family,*,Female,0,0,40,North America,<=50K
24933,"[60, 70[", Self-emp-inc,66360,High School,7,Married-civ-spouse,Nontechnical, Husband,*,Male,6418,0,35,North America,>50K
24934,"[10, 20[", Private,189487,Undergraduate,10,Never-married,Nontechnical, Own-child,*,Female,0,0,35,North America,<=50K
24935,"[20, 30[", Private,194848,High School,9,Never-married,Other, Own-child,*,Male,0,0,40,North America,<=50K
24936,"[30, 40[", Private,167309,Undergraduate,13,Married-civ-spouse,Other, Husband,*,Male,0,1902,40,North America,>50K
24937,"[40, 50[", Private,192878,Undergraduate,13,Married-civ-spouse,Technical, Husband,*,Male,0,0,40,North America,>50K
24938,"[40, 50[", Private,70209,Undergraduate,10,Divorced,Technical, Unmarried,*,Female,0,0,20,North America,<=50K
24939,"[50, 60[", Federal-gov,123011,High School,9,Divorced,Other, Not-in-family,*,Male,0,0,45,North America,<=50K
24941,"[40, 50[", Federal-gov,497486,High School,9,Married-spouse-absent,Other, Unmarried,*,Female,1471,0,40,North America,<=50K
24942,"[20, 30[", Private,178478,Undergraduate,13,Never-married,Other, Own-child,*,Female,0,0,40,North America,<=50K
24943,"[40, 50[", Private,149909,Undergraduate,13,Married-civ-spouse,Nontechnical, Husband,*,Male,7688,0,50,North America,>50K
24944,"[30, 40[", Private,103323,High School,9,Never-married,Technical, Not-in-family,*,Male,0,0,40,North America,<=50K
24945,"[50, 60[", Private,239404,High School,6,Married-civ-spouse,Other, Husband,*,Male,0,0,45,North America,<=50K
24946,"[60, 70[", Private,165082,High School,9,Never-married,Other, Not-in-family,*,Female,0,0,38,North America,<=50K
24947,"[30, 40[", Private,389725,Undergraduate,10,Divorced,Other, Not-in-family,*,Male,0,0,45,North America,<=50K
24948,"[40, 50[", Private,374580,High School,9,Separated,Nontechnical, Not-in-family,*,Female,0,0,52,North America,<=50K
24949,"[30, 40[", ?,187983,High School,9,Never-married,Other, Unmarried,*,Female,0,0,40,North America,<=50K
24950,"[20, 30[", Private,259300,Undergraduate,13,Never-married,Nontechnical, Not-in-family,*,Female,0,0,16,North America,<=50K
24951,"[10, 20[", Private,277695,High School,5,Never-married,Other, Other-relative,*,Male,0,0,16,North America,<=50K
24952,"[20, 30[", Private,230248,High School,4,Separated,Technical, Own-child,*,Male,0,0,40,North America,<=50K
24953,"[30, 40[", Self-emp-not-inc,196342,Undergraduate,10,Never-married,Nontechnical, Own-child,*,Male,0,0,25,North America,<=50K
24954,"[10, 20[", Private,160968,High School,7,Never-married,Other, Own-child,*,Male,0,0,16,North America,<=50K
24955,"[20, 30[", Private,115438,Undergraduate,13,Never-married,Other, Own-child,*,Male,0,0,40,North America,<=50K
24956,"[30, 40[", Private,231043,Professional Education,11,Married-civ-spouse,Other, Husband,*,Male,3908,0,45,North America,<=50K
24957,"[30, 40[", Private,129597,Undergraduate,10,Married-civ-spouse,Nontechnical, Husband,*,Male,0,0,46,North America,<=50K
24958,"[20, 30[", Local-gov,387108,Undergraduate,10,Married-civ-spouse,Other, Husband,*,Male,0,0,40,North America,<=50K
24959,"[40, 50[", Private,105936,High School,9,Married-civ-spouse,Other, Wife,*,Female,0,0,35,North America,>50K
24961,"[50, 60[", Private,125000,Graduate,14,Divorced,Nontechnical, Unmarried,*,Male,0,0,40,North America,>50K
24962,"[20, 30[", Private,229456,Undergraduate,10,Never-married,Other, Own-child,*,Female,0,0,35,North America,<=50K
24963,"[20, 30[", Private,230113,Undergraduate,10,Never-married,Other, Own-child,*,Male,0,0,50,North America,<=50K
24964,"[40, 50[", Private,106698,High School,9,Divorced,Other, Unmarried,*,Female,0,0,40,North America,<=50K
24965,"[30, 40[", Private,133454,Professional Education,12,Never-married,Technical, Not-in-family,*,Male,0,0,40,North America,<=50K
24966,"[50, 60[", Private,295520,High School,5,Widowed,Nontechnical, Unmarried,*,Female,0,0,25,North America,<=50K
24968,"[50, 60[", Private,100313,Undergraduate,10,Married-civ-spouse,Other, Husband,*,Male,0,1902,40,North America,>50K
24969,"[20, 30[", Private,320294,High School,9,Never-married,Nontechnical, Not-in-family,*,Male,0,0,40,North America,<=50K
24970,"[50, 60[", Private,162381,Primary School,2,Married-civ-spouse,Other, Husband,*,Male,0,0,50,North America,<=50K
24971,"[30, 40[", Private,183898,High School,9,Divorced,Technical, Unmarried,*,Male,2354,0,40,North America,<=50K
24972,"[40, 50[", Self-emp-inc,32016,High School,9,Married-civ-spouse,Nontechnical, Husband,*,Male,0,0,62,North America,<=50K
24973,"[30, 40[", Private,117028,High School,9,Married-civ-spouse,Technical, Husband,*,Male,0,0,40,North America,<=50K
24974,"[50, 60[", Private,280278,High School,9,Widowed,Technical, Unmarried,*,Female,0,0,40,North America,<=50K
24975,"[50, 60[", Private,342906,High School,5,Married-civ-spouse,Nontechnical, Husband,*,Male,0,0,55,North America,>50K
24976,"[20, 30[", Private,181598,High School,7,Married-civ-spouse,Technical, Husband,*,Male,0,0,40,North America,<=50K
24977,"[20, 30[", Private,224059,High School,9,Married-civ-spouse,Technical, Husband,*,Male,0,0,40,North America,<=50K
24978,"[40, 50[", Private,148549,Undergraduate,13,Never-married,Nontechnical, Not-in-family,*,Male,0,0,50,North America,<=50K
24979,"[30, 40[", Private,97355,Undergraduate,10,Divorced,Nontechnical, Not-in-family,*,Female,0,0,60,North America,<=50K
24980,"[30, 40[", Private,154571,Undergraduate,10,Married-civ-spouse,Technical, Husband,*,Male,0,0,40,Unknown,<=50K
24981,"[40, 50[", Self-emp-inc,140988,Undergraduate,13,Married-civ-spouse,Nontechnical, Other-relative,*,Male,0,0,45,Asia,<=50K
24982,"[20, 30[", Private,148409,Undergraduate,10,Never-married,Nontechnical, Other-relative,*,Male,1055,0,20,North America,<=50K
24983,"[40, 50[", Local-gov,150755,Undergraduate,13,Married-civ-spouse,Technical, Husband,*,Male,99999,0,75,North America,>50K
24984,"[20, 30[", Private,87006,Undergraduate,10,Married-civ-spouse,Other, Wife,*,Female,0,1579,40,North America,<=50K
24985,"[30, 40[", Private,112158,High School,6,Married-civ-spouse,Technical, Husband,*,Male,0,0,40,North America,<=50K
24986,"[30, 40[", Private,121488,Undergraduate,13,Never-married,Nontechnical, Not-in-family,*,Female,0,0,40,North America,<=50K
24987,"[50, 60[", State-gov,283635,Undergraduate,10,Divorced,Technical, Not-in-family,*,Female,0,0,40,North America,<=50K
24988,"[40, 50[", Private,69758,Professional Education,12,Married-civ-spouse,Technical, Husband,*,Male,0,0,40,North America,<=50K
24989,"[40, 50[", Private,199900,Professional Education,12,Married-civ-spouse,Nontechnical, Husband,*,Male,0,1848,55,North America,>50K
24990,"[50, 60[", Private,88019,Undergraduate,10,Divorced,Other, Not-in-family,*,Male,0,0,55,North America,<=50K
24991,"[20, 30[", Private,31935,Undergraduate,10,Divorced,Other, Not-in-family,*,Female,0,0,40,North America,<=50K
24992,"[30, 40[", Private,323055,High School,9,Married-civ-spouse,Technical, Husband,*,Male,0,0,40,North America,<=50K
24993,"[40, 50[", Private,189498,High School,9,Married-civ-spouse,Nontechnical, Husband,*,Male,0,0,50,North America,>50K
24994,"[50, 60[", Private,89041,High School,9,Married-civ-spouse,Technical, Husband,*,Male,0,0,40,North America,<=50K
24995,"[40, 50[", Private,112507,High School,6,Married-civ-spouse,Other, Husband,*,Male,0,0,60,North America,<=50K
24996,"[10, 20[", Private,236940,High School,9,Never-married,Other, Own-child,*,Male,0,0,40,North America,<=50K
24997,"[30, 40[", Private,278514,High School,9,Divorced,Technical, Own-child,*,Female,0,0,42,North America,<=50K
24998,"[20, 30[", ?,433330,Undergraduate,10,Never-married,Other, Unmarried,*,Male,0,0,40,North America,<=50K
24999,"[20, 30[", Private,258379,Undergraduate,13,Married-civ-spouse,Technical, Wife,*,Female,0,0,32,North America,<=50K
25000,"[40, 50[", Private,162028,High School,7,Divorced,Nontechnical, Unmarried,*,Female,0,0,44,North America,<=50K
25001,"[20, 30[", Private,197997,Undergraduate,10,Never-married,Technical, Own-child,*,Male,0,0,40,North America,<=50K
25003,"[30, 40[", Private,165848,High School,9,Married-civ-spouse,Nontechnical, Husband,*,Male,0,0,50,North America,<=50K
25004,"[30, 40[", Private,178615,High School,9,Never-married,Nontechnical, Not-in-family,*,Male,0,0,40,North America,<=50K
25005,"[10, 20[", Private,228939,High School,9,Never-married,Nontechnical, Own-child,*,Male,0,0,35,North America,<=50K
25006,"[20, 30[", Private,210498,High School,9,Married-civ-spouse,Technical, Husband,*,Male,5178,0,40,North America,>50K
25007,"[50, 60[", Private,154891,High School,5,Married-civ-spouse,Other, Husband,*,Male,0,0,40,North America,<=50K
25008,"[40, 50[", Private,165937,Professional Education,11,Divorced,Technical, Unmarried,*,Male,0,0,40,North America,<=50K
25009,"[20, 30[", ?,138768,Undergraduate,13,Never-married,Other, Own-child,*,Male,2907,0,40,North America,<=50K
25011,"[30, 40[", Private,382368,High School,9,Married-civ-spouse,Nontechnical, Husband,*,Male,0,0,40,North America,<=50K
25012,"[50, 60[", Private,123011,Graduate,14,Married-civ-spouse,Nontechnical, Husband,*,Male,0,0,45,North America,>50K
25013,"[30, 40[", Private,119033,High School,5,Married-civ-spouse,Nontechnical, Husband,*,Male,0,0,40,North America,<=50K
25014,"[20, 30[", Private,496856,Undergraduate,10,Married-civ-spouse,Nontechnical, Wife,*,Female,0,0,40,North America,<=50K
25015,"[40, 50[", Private,194049,Undergraduate,10,Divorced,Other, Unmarried,*,Female,0,0,35,North America,<=50K
25016,"[30, 40[", Private,299223,Undergraduate,10,Divorced,Nontechnical, Unmarried,*,Female,0,0,40,North America,<=50K
25017,"[60, 70[", Private,174788,Undergraduate,10,Divorced,Other, Not-in-family,*,Female,0,0,20,North America,<=50K
25018,"[30, 40[", Private,176101,Undergraduate,13,Married-civ-spouse,Technical, Husband,*,Male,0,0,40,North America,<=50K
25019,"[30, 40[", Private,38948,High School,9,Married-civ-spouse,Technical, Husband,*,Male,0,0,50,North America,>50K
25020,"[30, 40[", Private,271933,High School,9,Married-civ-spouse,Nontechnical, Wife,*,Female,0,0,40,North America,<=50K
25021,"[10, 20[", Private,122041,High School,7,Never-married,Technical, Own-child,*,Male,0,0,20,North America,<=50K
25022,"[40, 50[", Private,115932,Undergraduate,13,Never-married,Nontechnical, Not-in-family,*,Male,0,0,60,North America,>50K
25023,"[40, 50[", Private,265105,Undergraduate,13,Married-civ-spouse,Technical, Husband,*,Male,0,0,50,North America,>50K
25024,"[10, 20[", Private,100828,High School,7,Never-married,Other, Not-in-family,*,Male,0,0,20,North America,<=50K
25026,"[60, 70[", Private,308028,Graduate,14,Married-civ-spouse,Technical, Husband,*,Male,5013,0,40,North America,<=50K
25027,"[40, 50[", Private,213214,Professional Education,12,Married-civ-spouse,Nontechnical, Husband,*,Male,0,0,40,North America,<=50K
25028,"[30, 40[", Private,348618,High School,5,Married-civ-spouse,Technical, Husband,*,Male,0,0,40,North America,<=50K
25029,"[30, 40[", Private,275632,High School,9,Married-civ-spouse,Other, Husband,*,Male,0,0,40,North America,<=50K
25030,"[40, 50[", Private,239161,Undergraduate,10,Married-civ-spouse,Nontechnical, Husband,*,Male,0,0,40,North America,<=50K
25031,"[20, 30[", Private,215495,High School,5,Never-married,Nontechnical, Other-relative,*,Female,0,0,40,North America,<=50K
25032,"[30, 40[", Private,214063,Undergraduate,10,Never-married,Other, Other-relative,*,Male,0,0,72,North America,<=50K
25033,"[30, 40[", Private,122493,High School,9,Married-civ-spouse,Other, Husband,*,Male,0,0,45,North America,<=50K
25034,"[30, 40[", ?,211699,Undergraduate,10,Divorced,Other, Unmarried,*,Female,0,0,40,North America,<=50K
25035,"[40, 50[", Self-emp-not-inc,175622,Undergraduate,13,Married-civ-spouse,Technical, Husband,*,Male,0,0,40,North America,>50K
25036,"[60, 70[", Private,153522,High School,9,Widowed,Other, Unmarried,*,Female,0,0,17,North America,<=50K
25037,"[30, 40[", Private,258339,Professional Education,15,Married-civ-spouse,Technical, Husband,*,Male,0,0,55,North America,>50K
25038,"[20, 30[", Private,119793,Undergraduate,13,Married-civ-spouse,Technical, Husband,*,Male,0,0,40,North America,<=50K
25039,"[30, 40[", Private,133503,High School,9,Married-civ-spouse,Nontechnical, Husband,*,Male,0,1977,45,North America,>50K
25040,"[10, 20[", Private,162840,High School,8,Never-married,Nontechnical, Own-child,*,Female,0,0,20,North America,<=50K
25041,"[40, 50[", Local-gov,67671,Graduate,14,Married-civ-spouse,Technical, Husband,*,Male,0,0,50,North America,<=50K
25042,"[30, 40[", Private,188888,Undergraduate,13,Never-married,Nontechnical, Not-in-family,*,Male,0,1340,40,North America,<=50K
25043,"[40, 50[", Private,140644,High School,9,Married-civ-spouse,Technical, Husband,*,Male,0,0,40,North America,<=50K
25044,"[10, 20[", ?,126154,Undergraduate,10,Never-married,Other, Own-child,*,Male,0,0,40,North America,<=50K
25045,"[30, 40[", Private,245659,Undergraduate,10,Separated,Other, Unmarried,*,Female,0,0,38,North America,<=50K
25047,"[40, 50[", Private,104068,High School,9,Divorced,Technical, Unmarried,*,Female,0,0,40,North America,<=50K
25048,"[30, 40[", Private,337908,Professional Education,12,Married-civ-spouse,Other, Wife,*,Female,0,0,20,North America,<=50K
25049,"[30, 40[", Private,161141,Professional Education,12,Married-civ-spouse,Technical, Husband,*,Male,0,0,40,North America,<=50K
25050,"[20, 30[", Private,162228,High School,9,Never-married,Nontechnical, Own-child,*,Male,0,0,30,North America,<=50K
25051,"[40, 50[", Private,116391,Undergraduate,13,Never-married,Technical, Not-in-family,*,Male,0,0,40,North America,<=50K
25053,"[60, 70[", ?,394534,High School,9,Married-civ-spouse,Other, Husband,*,Male,0,0,6,North America,<=50K
25054,"[20, 30[", Private,308136,Undergraduate,10,Married-civ-spouse,Technical, Husband,*,Male,0,0,40,North America,<=50K
25055,"[40, 50[", Private,194698,Undergraduate,10,Married-civ-spouse,Technical, Husband,*,Male,0,0,40,North America,>50K
25056,"[10, 20[", ?,67793,High School,9,Never-married,Other, Own-child,*,Female,0,0,60,North America,<=50K
25057,"[20, 30[", Local-gov,302422,Professional Education,11,Never-married,Other, Not-in-family,*,Male,0,1564,56,North America,>50K
25058,"[20, 30[", Private,289147,Undergraduate,13,Never-married,Technical, Own-child,*,Female,0,0,40,North America,<=50K
25059,"[20, 30[", Private,229826,Undergraduate,10,Married-civ-spouse,Technical, Husband,*,Male,0,0,20,North America,<=50K
25060,"[20, 30[", ?,154235,Undergraduate,10,Married-civ-spouse,Other, Wife,*,Female,3781,0,35,North America,<=50K
25061,"[40, 50[", Self-emp-inc,246739,Undergraduate,10,Married-civ-spouse,Technical, Husband,*,Male,0,0,45,North America,>50K
25062,"[30, 40[", Private,188041,Undergraduate,10,Married-civ-spouse,Nontechnical, Husband,*,Male,0,0,50,North America,<=50K
25063,"[40, 50[", Private,187440,High School,9,Married-civ-spouse,Technical, Husband,*,Male,5178,0,40,North America,>50K
25064,"[30, 40[", Local-gov,105266,Undergraduate,10,Married-civ-spouse,Other, Husband,*,Male,0,0,40,North America,<=50K
25065,"[30, 40[", Private,249208,Professional Education,11,Married-civ-spouse,Technical, Husband,*,Male,0,0,48,North America,>50K
25066,"[20, 30[", Private,203492,High School,9,Divorced,Technical, Not-in-family,*,Male,0,0,40,North America,<=50K
25067,"[10, 20[", ?,71076,High School,9,Never-married,Other, Own-child,*,Male,0,0,40,North America,<=50K
25068,"[50, 60[", Federal-gov,146477,Undergraduate,10,Married-civ-spouse,Technical, Husband,*,Male,0,0,45,North America,<=50K
25069,"[40, 50[", Private,201699,Professional Education,12,Married-civ-spouse,Nontechnical, Husband,*,Male,5178,0,50,North America,>50K
25071,"[70, 80[", Private,90245,High School,9,Widowed,Other, Unmarried,*,Female,0,0,5,North America,<=50K
25073,"[30, 40[", Private,126494,High School,9,Divorced,Technical, Unmarried,*,Female,0,0,40,North America,<=50K
25074,"[30, 40[", Private,257735,High School,5,Married-civ-spouse,Nontechnical, Husband,*,Male,0,0,40,North America,<=50K
25076,"[10, 20[", ?,257343,Undergraduate,10,Never-married,Other, Own-child,*,Male,0,0,40,North America,<=50K
25077,"[20, 30[", Private,221452,High School,9,Never-married,Other, Not-in-family,*,Male,0,0,40,North America,<=50K
25078,"[70, 80[", Private,260669,High School,6,Divorced,Other, Not-in-family,*,Female,0,0,1,North America,<=50K
25079,"[40, 50[", Private,192344,Undergraduate,13,Married-civ-spouse,Other, Husband,*,Male,0,0,40,North America,>50K
25080,"[30, 40[", Private,80479,Professional Education,11,Divorced,Nontechnical, Not-in-family,*,Male,0,0,40,North America,<=50K
25081,"[30, 40[", Self-emp-not-inc,108808,High School,9,Divorced,Technical, Not-in-family,*,Male,0,0,50,North America,<=50K
25082,"[40, 50[", Private,175674,Undergraduate,10,Married-civ-spouse,Nontechnical, Husband,*,Male,0,0,40,North America,>50K
25083,"[30, 40[", Private,272950,Undergraduate,10,Never-married,Nontechnical, Not-in-family,*,Male,0,0,50,North America,<=50K
25084,"[20, 30[", Self-emp-not-inc,160786,High School,6,Married-civ-spouse,Technical, Husband,*,Male,0,0,35,North America,>50K
25085,"[40, 50[", Self-emp-not-inc,122206,High School,9,Married-civ-spouse,Nontechnical, Husband,*,Male,0,0,50,North America,<=50K
25086,"[40, 50[", Private,121168,High School,9,Divorced,Technical, Not-in-family,*,Female,0,0,40,North America,<=50K
25087,"[40, 50[", Private,209547,Undergraduate,13,Married-civ-spouse,Technical, Husband,*,Male,0,0,60,North America,>50K
25088,"[20, 30[", Federal-gov,244473,Undergraduate,13,Married-civ-spouse,Nontechnical, Husband,*,Male,7688,0,40,North America,>50K
25089,"[30, 40[", Private,176296,Professional Education,12,Married-civ-spouse,Other, Husband,*,Male,0,0,60,North America,<=50K
25090,"[30, 40[", Private,91666,High School,9,Never-married,Nontechnical, Own-child,*,Male,0,0,60,North America,<=50K
25091,"[50, 60[", Local-gov,191025,Graduate,14,Divorced,Nontechnical, Not-in-family,*,Female,4650,0,70,North America,<=50K
25092,"[30, 40[", State-gov,63704,Undergraduate,13,Never-married,Technical, Not-in-family,*,Female,0,0,40,North America,<=50K
25093,"[20, 30[", Private,31659,Undergraduate,10,Married-civ-spouse,Technical, Husband,*,Male,0,0,45,North America,<=50K
25094,"[20, 30[", Private,191230,Undergraduate,10,Never-married,Nontechnical, Not-in-family,*,Male,0,0,25,North America,<=50K
25095,"[20, 30[", Private,56340,Undergraduate,13,Never-married,Technical, Not-in-family,*,Female,0,0,20,North America,<=50K
25096,"[20, 30[", Private,221157,High School,9,Never-married,Other, Own-child,*,Female,0,0,30,North America,<=50K
25097,"[50, 60[", Local-gov,143910,Undergraduate,13,Divorced,Nontechnical, Not-in-family,*,Male,0,0,40,North America,<=50K
25098,"[50, 60[", Local-gov,435836,Graduate,14,Divorced,Technical, Not-in-family,*,Female,0,0,40,North America,<=50K
25099,"[20, 30[", ?,61499,High School,9,Never-married,Other, Not-in-family,*,Female,0,0,40,North America,<=50K
25101,"[30, 40[", Self-emp-inc,107218,Undergraduate,10,Divorced,Nontechnical, Unmarried,*,Male,0,0,55,North America,<=50K
25102,"[50, 60[", Private,55500,High School,8,Married-civ-spouse,Other, Husband,*,Male,0,0,40,North America,<=50K
25103,"[30, 40[", Local-gov,357962,Professional Education,12,Never-married,Other, Not-in-family,*,Male,0,0,48,North America,<=50K
25104,"[40, 50[", Private,200355,High School,9,Married-civ-spouse,Other, Husband,*,Male,0,0,70,North America,>50K
25106,"[50, 60[", Local-gov,184542,High School,9,Married-civ-spouse,Technical, Husband,*,Male,0,0,40,North America,<=50K
25107,"[40, 50[", State-gov,206927,High School,9,Married-civ-spouse,Technical, Husband,*,Male,0,0,40,North America,<=50K
25108,"[40, 50[", Private,54310,Graduate,14,Married-civ-spouse,Technical, Husband,*,Male,7298,0,40,North America,>50K
25109,"[30, 40[", Private,208165,High School,9,Divorced,Nontechnical, Unmarried,*,Female,0,0,50,North America,<=50K
25110,"[40, 50[", Private,146908,High School,9,Married-civ-spouse,Technical, Husband,*,Male,0,1902,40,North America,>50K
25111,"[30, 40[", Private,318416,High School,6,Separated,Other, Own-child,*,Female,0,0,12,North America,<=50K
25112,"[40, 50[", Self-emp-inc,207540,High School,4,Married-civ-spouse,Technical, Husband,*,Male,0,0,40,Unknown,<=50K
25113,"[20, 30[", Private,69911,Primary School,1,Never-married,Other, Own-child,*,Female,0,0,15,North America,<=50K
25114,"[20, 30[", Private,305304,High School,7,Married-civ-spouse,Technical, Husband,*,Male,0,0,40,North America,<=50K
25115,"[20, 30[", Local-gov,295289,High School,9,Never-married,Technical, Own-child,*,Female,0,0,40,North America,<=50K
25117,"[30, 40[", Private,339773,High School,9,Never-married,Technical, Not-in-family,*,Male,0,0,45,North America,<=50K
25119,"[30, 40[", Self-emp-inc,51264,Professional Education,11,Married-civ-spouse,Nontechnical, Husband,*,Male,0,0,40,North America,>50K
25120,"[30, 40[", Private,49020,Undergraduate,13,Married-civ-spouse,Nontechnical, Husband,*,Male,3103,0,48,North America,>50K
25121,"[30, 40[", Private,178100,Graduate,14,Never-married,Nontechnical, Not-in-family,*,Female,0,0,40,North America,>50K
25122,"[40, 50[", ?,215943,High School,9,Married-civ-spouse,Other, Husband,*,Male,0,0,40,North America,<=50K
25123,"[20, 30[", Private,176178,Undergraduate,10,Never-married,Nontechnical, Own-child,*,Female,0,0,16,North America,<=50K
25124,"[20, 30[", State-gov,180884,Undergraduate,10,Married-civ-spouse,Other, Wife,*,Female,0,0,40,North America,<=50K
25125,"[60, 70[", State-gov,130466,High School,9,Widowed,Other, Unmarried,*,Female,0,0,40,North America,<=50K
25126,"[50, 60[", Private,328525,High School,9,Married-civ-spouse,Other, Husband,*,Male,2414,0,15,North America,<=50K
25127,"[20, 30[", Private,142712,High School,9,Never-married,Nontechnical, Own-child,*,Male,0,0,40,North America,<=50K
25128,"[20, 30[", Private,176321,Undergraduate,10,Never-married,Other, Unmarried,*,Female,0,0,40,North America,<=50K
25129,"[40, 50[", Private,145041,High School,9,Married-civ-spouse,Technical, Husband,*,Male,0,0,40,North America,>50K
25131,"[40, 50[", Self-emp-not-inc,215096,High School,5,Divorced,Other, Not-in-family,*,Female,0,0,20,North America,<=50K
25132,"[40, 50[", Local-gov,177599,Undergraduate,13,Divorced,Technical, Unmarried,*,Female,0,0,35,North America,<=50K
25133,"[30, 40[", Private,123920,Undergraduate,10,Never-married,Nontechnical, Not-in-family,*,Female,0,0,40,North America,<=50K
25134,"[20, 30[", ?,201490,Undergraduate,10,Never-married,Other, Own-child,*,Male,0,0,40,North America,<=50K
25135,"[40, 50[", Private,46990,Graduate,16,Married-civ-spouse,Technical, Wife,*,Female,0,1977,20,North America,>50K
25136,"[30, 40[", Private,388672,Undergraduate,10,Divorced,Nontechnical, Not-in-family,*,Male,0,0,16,North America,<=50K
25137,"[40, 50[", Private,149210,Undergraduate,13,Divorced,Nontechnical, Not-in-family,*,Male,0,0,40,North America,>50K
25138,"[20, 30[", Private,134787,Undergraduate,10,Never-married,Nontechnical, Own-child,*,Female,0,0,40,North America,<=50K
25139,"[50, 60[", Private,185407,Professional Education,11,Married-civ-spouse,Technical, Husband,*,Male,0,0,38,North America,>50K
25140,"[30, 40[", State-gov,86143,High School,9,Never-married,Other, Other-relative,*,Male,0,0,40,North America,<=50K
25141,"[20, 30[", Private,41721,Professional Education,11,Married-civ-spouse,Technical, Husband,*,Male,0,0,55,North America,>50K
25142,"[30, 40[", Private,195744,High School,9,Married-civ-spouse,Other, Husband,*,Male,0,0,40,North America,<=50K
25143,"[50, 60[", Local-gov,96062,High School,9,Married-civ-spouse,Other, Husband,*,Male,0,0,40,North America,<=50K
25144,"[30, 40[", Private,215150,High School,5,Divorced,Nontechnical, Not-in-family,*,Male,0,0,50,North America,<=50K
25145,"[50, 60[", Private,270728,High School,4,Married-civ-spouse,Other, Husband,*,Male,0,0,48,North America,<=50K
25146,"[40, 50[", Private,75012,High School,9,Married-civ-spouse,Other, Husband,*,Male,0,0,80,North America,<=50K
25147,"[40, 50[", Private,206139,Undergraduate,13,Married-civ-spouse,Technical, Husband,*,Male,0,0,50,North America,>50K
25148,"[30, 40[", Private,50700,High School,9,Married-civ-spouse,Technical, Husband,*,Male,0,0,40,North America,<=50K
25149,"[30, 40[", Private,224258,High School,4,Never-married,Other, Not-in-family,*,Male,0,0,40,North America,>50K
25150,"[30, 40[", Private,240441,Graduate,14,Never-married,Nontechnical, Not-in-family,*,Male,0,1564,40,North America,>50K
25151,"[40, 50[", Self-emp-not-inc,406811,Undergraduate,10,Married-civ-spouse,Technical, Wife,*,Female,0,0,40,North America,>50K
25152,"[20, 30[", Local-gov,34452,Professional Education,15,Married-civ-spouse,Technical, Husband,*,Male,0,0,40,North America,<=50K
25154,"[30, 40[", Private,78247,Professional Education,11,Married-civ-spouse,Technical, Husband,*,Male,0,0,50,North America,<=50K
25155,"[40, 50[", Private,106900,Undergraduate,13,Married-civ-spouse,Technical, Husband,*,Male,0,0,60,North America,<=50K
25157,"[20, 30[", Private,406641,Undergraduate,10,Never-married,Other, Own-child,*,Female,0,0,35,North America,<=50K
25158,"[50, 60[", Private,171467,High School,9,Divorced,Technical, Unmarried,*,Male,0,0,48,North America,>50K
25159,"[30, 40[", Private,341187,High School,4,Separated,Other, Not-in-family,*,Male,0,0,35,North America,<=50K
25160,"[30, 40[", Private,119177,High School,9,Married-civ-spouse,Nontechnical, Husband,*,Male,0,0,55,North America,>50K
25161,"[70, 80[", Private,104896,High School,9,Married-civ-spouse,Nontechnical, Husband,*,Male,2653,0,20,North America,<=50K
25162,"[10, 20[", Private,342752,High School,7,Never-married,Other, Own-child,*,Male,0,0,15,North America,<=50K
25164,"[20, 30[", Private,47541,Undergraduate,10,Never-married,Nontechnical, Own-child,*,Male,0,0,30,North America,<=50K
25165,"[20, 30[", Private,233461,Professional Education,12,Never-married,Technical, Not-in-family,*,Male,0,0,30,North America,<=50K
25166,"[20, 30[", Private,303954,Undergraduate,13,Married-civ-spouse,Nontechnical, Husband,*,Male,0,0,45,North America,<=50K
25167,"[10, 20[", Private,163015,Undergraduate,10,Never-married,Nontechnical, Own-child,*,Female,0,0,20,North America,<=50K
25168,"[20, 30[", Private,75763,Undergraduate,10,Married-civ-spouse,Nontechnical, Wife,*,Female,0,0,40,North America,<=50K
25169,"[10, 20[", Private,43003,Undergraduate,10,Never-married,Other, Own-child,*,Male,0,0,20,North America,<=50K
25170,"[40, 50[", Private,328239,Undergraduate,10,Never-married,Other, Not-in-family,*,Male,0,0,40,North America,<=50K
25171,"[20, 30[", Private,130856,High School,6,Married-civ-spouse,Technical, Husband,*,Male,0,0,36,North America,<=50K
25172,"[40, 50[", Self-emp-not-inc,190072,Undergraduate,10,Married-civ-spouse,Technical, Husband,*,Male,0,0,40,Asia,>50K
25173,"[50, 60[", Private,170148,Undergraduate,10,Divorced,Other, Unmarried,*,Female,0,0,32,North America,<=50K
25174,"[50, 60[", Private,104501,High School,9,Married-civ-spouse,Technical, Husband,*,Male,0,0,40,North America,>50K
25175,"[40, 50[", Self-emp-inc,213140,High School,9,Married-civ-spouse,Nontechnical, Husband,*,Male,0,0,80,North America,<=50K
25176,"[30, 40[", Local-gov,175509,High School,9,Married-civ-spouse,Other, Husband,*,Male,0,0,40,North America,<=50K
25177,"[20, 30[", Private,173611,Professional Education,12,Never-married,Nontechnical, Not-in-family,*,Female,0,0,40,North America,<=50K
25178,"[40, 50[", Private,148995,Graduate,16,Never-married,Technical, Not-in-family,*,Male,99999,0,30,North America,>50K
25179,"[20, 30[", Private,64520,High School,4,Never-married,Nontechnical, Own-child,*,Male,0,0,40,North America,<=50K
25180,"[30, 40[", Private,139822,High School,9,Married-civ-spouse,Other, Wife,*,Female,0,0,40,North America,>50K
25181,"[20, 30[", Private,258700,Primary School,3,Never-married,Other, Other-relative,*,Male,0,0,40,North America,<=50K
25182,"[20, 30[", Private,34796,High School,9,Never-married,Nontechnical, Not-in-family,*,Male,0,0,40,North America,<=50K
25183,"[20, 30[", Private,124963,High School,9,Never-married,Technical, Own-child,*,Male,0,0,30,North America,<=50K
25184,"[20, 30[", Private,65743,Undergraduate,13,Never-married,Other, Not-in-family,*,Female,0,0,30,North America,<=50K
25185,"[20, 30[", Private,161087,Undergraduate,10,Never-married,Nontechnical, Not-in-family,*,Female,0,0,45,North America,<=50K
25186,"[60, 70[", ?,424591,High School,9,Married-civ-spouse,Other, Husband,*,Male,0,0,40,North America,<=50K
25187,"[30, 40[", Federal-gov,203836,Undergraduate,10,Married-civ-spouse,Nontechnical, Husband,*,Male,0,0,50,North America,<=50K
25188,"[50, 60[", State-gov,110199,High School,4,Married-civ-spouse,Other, Husband,*,Male,0,0,40,North America,<=50K
25189,"[50, 60[", Private,316059,Undergraduate,10,Divorced,Nontechnical, Not-in-family,*,Female,0,0,36,North America,<=50K
25190,"[40, 50[", Private,255667,Undergraduate,10,Married-civ-spouse,Technical, Husband,*,Male,0,0,50,North America,>50K
25191,"[30, 40[", Private,193689,Undergraduate,10,Married-civ-spouse,Technical, Husband,*,Male,0,0,40,North America,<=50K
25192,"[20, 30[", Private,60722,Undergraduate,13,Never-married,Technical, Own-child,*,Female,0,0,40,North America,<=50K
25193,"[30, 40[", Private,187847,Undergraduate,10,Never-married,Technical, Not-in-family,*,Male,0,0,40,North America,<=50K
25194,"[20, 30[", Private,233275,Undergraduate,13,Never-married,Technical, Not-in-family,*,Male,0,0,45,North America,<=50K
25195,"[50, 60[", Private,215404,Undergraduate,13,Married-civ-spouse,Technical, Husband,*,Male,15024,0,40,North America,>50K
25197,"[40, 50[", Private,118889,Professional Education,11,Married-civ-spouse,Technical, Husband,*,Male,0,0,40,North America,<=50K
25198,"[20, 30[", State-gov,368739,Undergraduate,13,Never-married,Technical, Not-in-family,*,Female,0,0,40,North America,<=50K
25199,"[30, 40[", Private,123833,Undergraduate,10,Never-married,Other, Not-in-family,*,Male,0,1408,40,North America,<=50K
25201,"[30, 40[", Private,153976,Undergraduate,10,Married-civ-spouse,Technical, Husband,*,Male,0,0,40,North America,<=50K
25203,"[10, 20[", Private,167658,High School,8,Never-married,Nontechnical, Own-child,*,Female,0,0,6,North America,<=50K
25204,"[30, 40[", Private,348504,Undergraduate,13,Married-civ-spouse,Nontechnical, Husband,*,Male,0,0,50,North America,<=50K
25205,"[20, 30[", Private,258509,High School,9,Never-married,Other, Own-child,*,Male,0,0,24,North America,<=50K
25206,"[40, 50[", State-gov,108890,High School,9,Divorced,Other, Unmarried,*,Female,1831,0,38,North America,<=50K
25207,"[20, 30[", Private,188236,Undergraduate,10,Never-married,Other, Not-in-family,*,Female,0,0,40,North America,<=50K
25208,"[30, 40[", ?,355571,High School,9,Never-married,Other, Unmarried,*,Female,0,0,40,North America,<=50K
25209,"[40, 50[", Private,425049,High School,9,Married-civ-spouse,Other, Husband,*,Male,0,0,50,North America,>50K
25210,"[20, 30[", Private,142555,Graduate,14,Never-married,Technical, Not-in-family,*,Male,0,0,42,North America,<=50K
25211,"[40, 50[", Self-emp-not-inc,29320,Professional Education,15,Divorced,Technical, Unmarried,*,Male,0,0,60,North America,>50K
25212,"[50, 60[", Federal-gov,207841,Undergraduate,10,Married-civ-spouse,Other, Husband,*,Male,0,0,40,North America,<=50K
25213,"[30, 40[", Private,187329,Undergraduate,13,Never-married,Technical, Not-in-family,*,Female,0,0,40,North America,<=50K
25214,"[20, 30[", Private,270973,Professional Education,12,Never-married,Other, Own-child,*,Female,0,0,40,North America,<=50K
25215,"[40, 50[", Private,197332,Graduate,14,Married-civ-spouse,Technical, Husband,*,Male,7688,0,46,North America,>50K
25216,"[20, 30[", ?,175166,Undergraduate,10,Never-married,Other, Own-child,*,Female,2176,0,40,North America,<=50K
25217,"[40, 50[", Local-gov,160187,High School,9,Married-spouse-absent,Other, Unmarried,*,Female,0,0,40,North America,<=50K
25218,"[20, 30[", Private,197918,High School,9,Never-married,Other, Own-child,*,Male,0,0,40,North America,<=50K
25219,"[70, 80[", Private,192290,High School,6,Married-civ-spouse,Other, Husband,*,Male,0,0,20,North America,<=50K
25220,"[20, 30[", Private,241895,High School,9,Married-civ-spouse,Other, Other-relative,*,Male,0,0,40,North America,<=50K
25221,"[30, 40[", Local-gov,164515,High School,9,Divorced,Other, Unmarried,*,Female,0,0,40,North America,<=50K
25222,"[40, 50[", Private,147206,Undergraduate,10,Married-civ-spouse,Technical, Husband,*,Male,7688,0,45,North America,>50K
25223,"[20, 30[", Self-emp-inc,306868,Undergraduate,13,Never-married,Other, Not-in-family,*,Male,0,0,40,North America,<=50K
25224,"[30, 40[", Local-gov,169837,Professional Education,12,Divorced,Nontechnical, Not-in-family,*,Female,0,0,40,North America,<=50K
25225,"[60, 70[", ?,124648,High School,6,Divorced,Other, Not-in-family,*,Female,0,0,40,North America,<=50K
25226,"[40, 50[", Private,185057,High School,9,Divorced,Nontechnical, Not-in-family,*,Female,0,0,30,North America,>50K
25228,"[10, 20[", Private,164441,Undergraduate,10,Never-married,Other, Own-child,*,Female,0,0,38,North America,<=50K
25229,"[30, 40[", Private,179314,High School,9,Married-civ-spouse,Nontechnical, Husband,*,Male,0,0,40,North America,<=50K
25230,"[30, 40[", Private,319854,Undergraduate,13,Separated,Technical, Not-in-family,*,Male,4650,0,35,North America,<=50K
25232,"[20, 30[", Private,32950,Undergraduate,10,Never-married,Other, Not-in-family,*,Male,4101,0,40,North America,<=50K
25233,"[30, 40[", Private,206699,High School,9,Divorced,Technical, Own-child,*,Male,0,0,45,North America,<=50K
25234,"[20, 30[", Private,385646,High School,9,Never-married,Other, Own-child,*,Male,0,0,40,North America,<=50K
25236,"[40, 50[", Private,168598,High School,8,Married-civ-spouse,Other, Wife,*,Female,3103,0,40,North America,>50K
25237,"[30, 40[", Private,97306,Undergraduate,13,Never-married,Other, Not-in-family,*,Female,0,0,48,North America,<=50K
25238,"[60, 70[", ?,106910,High School,7,Divorced,Other, Not-in-family,*,Female,0,0,15,North America,<=50K
25239,"[10, 20[", Self-emp-not-inc,29582,High School,7,Never-married,Technical, Own-child,*,Male,0,0,40,North America,<=50K
25240,"[20, 30[", Private,220284,High School,9,Never-married,Other, Unmarried,*,Male,0,0,40,North America,<=50K
25242,"[50, 60[", Private,240914,Undergraduate,10,Married-civ-spouse,Technical, Husband,*,Male,0,0,40,North America,<=50K
25243,"[30, 40[", Private,115496,Graduate,16,Married-civ-spouse,Technical, Husband,*,Male,0,0,60,North America,>50K
25244,"[20, 30[", Private,105817,Undergraduate,13,Never-married,Technical, Not-in-family,*,Male,0,0,45,North America,<=50K
25245,"[20, 30[", State-gov,330836,High School,9,Married-civ-spouse,Other, Husband,*,Male,0,0,40,North America,<=50K
25246,"[50, 60[", Self-emp-not-inc,36327,High School,4,Married-civ-spouse,Technical, Husband,*,Male,0,0,50,North America,<=50K
25247,"[20, 30[", Private,33423,Undergraduate,10,Never-married,Nontechnical, Not-in-family,*,Female,0,0,30,North America,<=50K
25249,"[30, 40[", Private,185744,Undergraduate,10,Married-civ-spouse,Nontechnical, Wife,*,Female,0,0,35,North America,>50K
25250,"[30, 40[", Private,186035,High School,7,Married-civ-spouse,Technical, Husband,*,Male,5178,0,40,North America,>50K
25251,"[40, 50[", Local-gov,196456,Graduate,14,Never-married,Technical, Not-in-family,*,Female,0,1669,40,North America,<=50K
25252,"[20, 30[", Private,111450,High School,9,Never-married,Other, Unmarried,*,Male,0,0,40,North America,<=50K
25253,"[30, 40[", Private,115289,Undergraduate,10,Divorced,Nontechnical, Own-child,*,Male,0,1380,70,North America,<=50K
25255,"[30, 40[", Private,117312,High School,9,Married-civ-spouse,Nontechnical, Wife,*,Female,15024,0,40,North America,>50K
25256,"[50, 60[", Private,272902,Undergraduate,13,Widowed,Nontechnical, Unmarried,*,Female,0,0,40,North America,<=50K
25257,"[40, 50[", Self-emp-inc,220230,High School,9,Married-civ-spouse,Other, Husband,*,Male,0,0,48,North America,<=50K
25258,"[20, 30[", Private,90934,Undergraduate,13,Never-married,Nontechnical, Own-child,*,Male,0,0,55,North America,<=50K
25259,"[50, 60[", Self-emp-inc,234286,High School,9,Married-civ-spouse,Nontechnical, Husband,*,Male,15024,0,40,North America,>50K
25260,"[40, 50[", Private,364548,Undergraduate,13,Divorced,Nontechnical, Not-in-family,*,Male,8614,0,40,North America,>50K
25261,"[50, 60[", Self-emp-inc,283676,Graduate,16,Married-civ-spouse,Technical, Husband,*,Male,15024,0,60,North America,>50K
25262,"[30, 40[", Private,195602,Professional Education,12,Married-civ-spouse,Technical, Husband,*,Male,0,0,44,North America,<=50K
25263,"[40, 50[", Private,70761,Professional Education,12,Never-married,Technical, Not-in-family,*,Male,0,0,40,North America,<=50K
25264,"[50, 60[", Private,142717,Undergraduate,13,Divorced,Other, Unmarried,*,Female,0,0,40,North America,<=50K
25265,"[20, 30[", Private,124242,High School,9,Never-married,Other, Own-child,*,Female,0,0,40,North America,<=50K
25266,"[50, 60[", ?,53481,Undergraduate,13,Married-civ-spouse,Other, Husband,*,Male,0,0,70,North America,<=50K
25267,"[20, 30[", Private,287797,Undergraduate,10,Married-civ-spouse,Technical, Husband,*,Male,0,0,45,North America,<=50K
25268,"[20, 30[", Private,188274,Professional Education,12,Never-married,Nontechnical, Own-child,*,Male,0,0,40,North America,<=50K
25269,"[30, 40[", Private,171968,High School,9,Married-civ-spouse,Technical, Husband,*,Male,0,0,40,North America,<=50K
25272,"[40, 50[", Local-gov,94937,Undergraduate,13,Married-civ-spouse,Technical, Wife,*,Female,0,0,28,North America,<=50K
25273,"[60, 70[", Private,109511,High School,4,Married-civ-spouse,Nontechnical, Husband,*,Male,0,0,40,North America,<=50K
25274,"[40, 50[", Local-gov,269527,Graduate,14,Married-civ-spouse,Technical, Husband,*,Male,7298,0,40,North America,>50K
25276,"[30, 40[", Self-emp-not-inc,120672,High School,4,Never-married,Nontechnical, Unmarried,*,Male,0,0,10,North America,<=50K
25277,"[40, 50[", Private,130779,Undergraduate,10,Married-civ-spouse,Other, Husband,*,Male,0,0,40,North America,<=50K
25278,"[40, 50[", Local-gov,441542,Undergraduate,13,Married-civ-spouse,Other, Husband,*,Male,0,0,40,North America,<=50K
25279,"[60, 70[", Private,114801,High School,9,Married-civ-spouse,Other, Husband,*,Male,0,0,20,North America,<=50K
25280,"[30, 40[", Private,180284,High School,6,Married-civ-spouse,Technical, Husband,*,Male,0,0,40,North America,>50K
25281,"[40, 50[", Local-gov,27444,Undergraduate,13,Never-married,Technical, Not-in-family,*,Male,0,0,50,North America,>50K
25283,"[50, 60[", Private,143266,Undergraduate,10,Married-civ-spouse,Nontechnical, Husband,*,Male,0,0,40,North America,>50K
25284,"[40, 50[", Private,139268,High School,9,Married-civ-spouse,Technical, Husband,*,Male,0,0,40,North America,<=50K
25285,"[20, 30[", Private,126208,High School,9,Married-civ-spouse,Technical, Husband,*,Male,0,0,40,North America,<=50K
25286,"[30, 40[", Private,186191,High School,9,Married-civ-spouse,Technical, Husband,*,Male,0,0,46,North America,<=50K
25288,"[40, 50[", State-gov,193524,Graduate,14,Married-civ-spouse,Nontechnical, Husband,*,Male,0,1902,40,North America,>50K
25289,"[30, 40[", Private,181388,High School,9,Separated,Other, Unmarried,*,Female,0,0,40,North America,<=50K
25290,"[50, 60[", Self-emp-not-inc,124963,Professional Education,15,Divorced,Technical, Not-in-family,*,Male,0,0,80,North America,>50K
25291,"[20, 30[", Private,188925,Professional Education,11,Married-civ-spouse,Technical, Husband,*,Male,0,0,40,North America,<=50K
25292,"[30, 40[", Self-emp-not-inc,149230,Professional Education,11,Never-married,Other, Own-child,*,Female,0,0,40,North America,<=50K
25293,"[40, 50[", Private,388725,Undergraduate,10,Divorced,Nontechnical, Not-in-family,*,Male,0,0,40,North America,<=50K
25294,"[30, 40[", Private,113543,Graduate,14,Never-married,Nontechnical, Own-child,*,Male,0,0,40,North America,<=50K
25295,"[60, 70[", ?,187636,Undergraduate,13,Divorced,Other, Unmarried,*,Female,0,0,40,North America,<=50K
25297,"[60, 70[", Federal-gov,143849,High School,7,Widowed,Other, Not-in-family,*,Female,0,0,20,North America,<=50K
25298,"[40, 50[", Self-emp-not-inc,97277,Professional Education,11,Divorced,Other, Unmarried,*,Female,0,0,10,North America,<=50K
25299,"[40, 50[", Private,199303,High School,9,Married-civ-spouse,Technical, Husband,*,Male,0,0,40,North America,<=50K
25300,"[50, 60[", Private,124852,Undergraduate,10,Never-married,Nontechnical, Own-child,*,Male,0,0,40,North America,<=50K
25301,"[20, 30[", Private,50053,Undergraduate,13,Married-civ-spouse,Nontechnical, Husband,*,Male,0,0,55,North America,<=50K
25302,"[50, 60[", Private,97005,High School,9,Married-civ-spouse,Technical, Husband,*,Male,0,0,46,North America,>50K
25304,"[30, 40[", Private,337898,Undergraduate,13,Divorced,Nontechnical, Not-in-family,*,Male,0,0,55,North America,<=50K
25305,"[50, 60[", Federal-gov,124076,Undergraduate,13,Widowed,Other, Not-in-family,*,Female,0,0,40,North America,<=50K
25306,"[50, 60[", Federal-gov,277420,Undergraduate,13,Married-civ-spouse,Nontechnical, Husband,*,Male,0,0,40,North America,>50K
25307,"[50, 60[", Private,280278,High School,6,Separated,Other, Unmarried,*,Female,0,0,40,North America,<=50K
25308,"[10, 20[", Private,241185,High School,8,Never-married,Technical, Own-child,*,Male,0,0,20,North America,<=50K
25309,"[40, 50[", Private,202188,Undergraduate,10,Divorced,Nontechnical, Not-in-family,*,Female,0,1741,50,North America,<=50K
25310,"[40, 50[", Private,198422,Undergraduate,10,Divorced,Other, Own-child,*,Female,0,0,40,North America,<=50K
25312,"[30, 40[", Private,178429,Undergraduate,13,Married-civ-spouse,Technical, Husband,*,Male,0,0,40,North America,>50K
25314,"[40, 50[", Private,212847,Undergraduate,10,Divorced,Technical, Not-in-family,*,Male,0,0,40,North America,<=50K
25315,"[60, 70[", Self-emp-not-inc,219661,Professional Education,15,Married-civ-spouse,Technical, Husband,*,Male,0,0,9,North America,>50K
25316,"[40, 50[", Private,321856,High School,9,Divorced,Other, Not-in-family,*,Male,0,0,60,North America,>50K
25317,"[20, 30[", Private,313873,Primary School,3,Never-married,Nontechnical, Not-in-family,*,Male,0,0,40,North America,<=50K
25318,"[30, 40[", Private,144064,Undergraduate,10,Married-civ-spouse,Nontechnical, Husband,*,Male,0,0,40,North America,<=50K
25320,"[30, 40[", Private,419691,High School,8,Married-civ-spouse,Nontechnical, Husband,*,Male,0,0,40,North America,>50K
25321,"[60, 70[", ?,212759,Undergraduate,13,Married-civ-spouse,Other, Husband,*,Male,6767,0,20,North America,<=50K
25322,"[20, 30[", Private,195562,High School,9,Never-married,Technical, Own-child,*,Male,0,0,20,North America,<=50K
25323,"[40, 50[", Private,205706,High School,9,Married-civ-spouse,Nontechnical, Wife,*,Female,0,0,40,North America,<=50K
25324,"[20, 30[", Private,131310,High School,9,Married-civ-spouse,Other, Wife,*,Female,0,0,40,North America,>50K
25325,"[10, 20[", Private,54440,Undergraduate,10,Never-married,Other, Own-child,*,Male,0,0,30,North America,<=50K
25326,"[40, 50[", Private,200734,High School,9,Separated,Other, Not-in-family,*,Female,0,0,40,North America,<=50K
25327,"[50, 60[", Private,81859,High School,9,Married-civ-spouse,Technical, Husband,*,Male,0,0,48,North America,>50K
25328,"[30, 40[", Private,159589,High School,9,Never-married,Other, Not-in-family,*,Male,0,0,85,North America,<=50K
25329,"[20, 30[", Private,300915,High School,9,Married-civ-spouse,Other, Husband,*,Male,0,0,60,North America,<=50K
25330,"[40, 50[", Private,185057,Graduate,14,Never-married,Technical, Not-in-family,*,Female,0,0,35,North America,<=50K
25331,"[30, 40[", Self-emp-not-inc,42044,Undergraduate,10,Married-civ-spouse,Other, Husband,*,Male,0,0,84,North America,<=50K
25332,"[30, 40[", Private,166416,Undergraduate,13,Married-civ-spouse,Nontechnical, Husband,*,Male,0,0,50,North America,>50K
25333,"[40, 50[", Private,212737,High School,5,Separated,Technical, Unmarried,*,Male,0,0,40,North America,<=50K
25334,"[10, 20[", Private,236069,High School,6,Never-married,Other, Own-child,*,Male,0,0,10,North America,<=50K
25335,"[40, 50[", Self-emp-inc,216414,Graduate,14,Married-civ-spouse,Nontechnical, Husband,*,Male,0,1977,60,North America,>50K
25336,"[50, 60[", Federal-gov,27432,High School,9,Married-civ-spouse,Other, Husband,*,Male,0,0,40,North America,>50K
25337,"[50, 60[", Private,145419,High School,9,Married-civ-spouse,Nontechnical, Husband,*,Male,0,1672,50,North America,<=50K
25339,"[20, 30[", Private,29261,Undergraduate,10,Never-married,Nontechnical, Unmarried,*,Male,0,0,50,North America,<=50K
25340,"[20, 30[", Private,359543,Undergraduate,13,Never-married,Other, Own-child,*,Female,0,0,40,North America,<=50K
25341,"[40, 50[", Local-gov,227644,Undergraduate,10,Married-civ-spouse,Technical, Husband,*,Male,0,0,40,North America,<=50K
25343,"[30, 40[", Private,188154,Undergraduate,10,Divorced,Technical, Unmarried,*,Female,0,0,40,North America,<=50K
25344,"[10, 20[", Private,110142,High School,9,Never-married,Other, Own-child,*,Female,0,0,30,North America,<=50K
25345,"[30, 40[", Private,186415,High School,9,Married-civ-spouse,Nontechnical, Husband,*,Male,0,0,65,North America,<=50K
25346,"[30, 40[", Private,175720,High School,6,Never-married,Nontechnical, Not-in-family,*,Male,0,0,40,North America,<=50K
25347,"[30, 40[", Private,172865,Primary School,3,Never-married,Other, Own-child,*,Male,0,0,25,North America,<=50K
25348,"[40, 50[", Private,35969,Undergraduate,13,Married-civ-spouse,Nontechnical, Husband,*,Male,0,0,51,North America,<=50K
25349,"[20, 30[", Private,433330,High School,9,Divorced,Technical, Not-in-family,*,Male,0,0,40,North America,<=50K
25350,"[20, 30[", Self-emp-inc,160261,Undergraduate,13,Never-married,Nontechnical, Own-child,*,Male,0,0,35,Asia,<=50K
25351,"[50, 60[", Private,189528,Primary School,3,Married-civ-spouse,Technical, Husband,*,Male,0,0,50,North America,<=50K
25353,"[30, 40[", Local-gov,118500,Undergraduate,13,Never-married,Technical, Not-in-family,*,Female,0,0,40,North America,<=50K
25355,"[40, 50[", Federal-gov,199925,Undergraduate,13,Divorced,Technical, Not-in-family,*,Male,0,0,40,North America,<=50K
25356,"[40, 50[", Private,102308,Graduate,14,Married-civ-spouse,Nontechnical, Husband,*,Male,15024,0,60,North America,>50K
25357,"[10, 20[", Private,444607,Undergraduate,10,Never-married,Nontechnical, Own-child,*,Female,0,0,25,North America,<=50K
25358,"[30, 40[", Private,176998,Undergraduate,13,Married-civ-spouse,Nontechnical, Husband,*,Male,0,0,40,North America,<=50K
25361,"[30, 40[", Private,180686,High School,9,Married-civ-spouse,Technical, Husband,*,Male,3137,0,40,North America,<=50K
25362,"[20, 30[", Private,108019,High School,9,Never-married,Technical, Own-child,*,Male,3325,0,40,North America,<=50K
25363,"[20, 30[", Private,153542,Undergraduate,10,Never-married,Nontechnical, Other-relative,*,Male,0,0,35,North America,<=50K
25364,"[40, 50[", Self-emp-not-inc,210364,High School,9,Married-civ-spouse,Nontechnical, Husband,*,Male,15024,0,80,North America,>50K
25365,"[30, 40[", Private,185394,High School,6,Never-married,Nontechnical, Not-in-family,*,Female,0,0,34,North America,<=50K
25367,"[20, 30[", Private,183945,Undergraduate,10,Never-married,Other, Not-in-family,*,Female,0,0,60,North America,<=50K
25368,"[50, 60[", Private,161964,High School,9,Married-civ-spouse,Technical, Husband,*,Male,0,0,55,North America,<=50K
25369,"[40, 50[", Self-emp-not-inc,375574,Undergraduate,10,Married-civ-spouse,Nontechnical, Husband,*,Male,0,0,60,North America,>50K
25370,"[20, 30[", Local-gov,312427,High School,9,Married-civ-spouse,Other, Husband,*,Male,0,0,30,North America,<=50K
25371,"[30, 40[", Private,53373,Undergraduate,10,Married-civ-spouse,Technical, Husband,*,Male,0,0,36,North America,<=50K
25372,"[60, 70[", Private,166330,High School,9,Married-civ-spouse,Other, Wife,*,Female,99999,0,40,North America,>50K
25373,"[30, 40[", Self-emp-inc,124665,Undergraduate,13,Never-married,Technical, Not-in-family,*,Female,0,0,20,North America,<=50K
25374,"[20, 30[", Private,146719,High School,9,Never-married,Other, Not-in-family,*,Female,0,0,45,North America,<=50K
25375,"[20, 30[", Private,306593,High School,9,Never-married,Technical, Own-child,*,Male,0,0,40,North America,<=50K
25376,"[20, 30[", Private,156687,Undergraduate,10,Never-married,Nontechnical, Own-child,*,Male,0,0,30,Asia,<=50K
25377,"[40, 50[", Local-gov,153489,High School,9,Married-civ-spouse,Other, Other-relative,*,Male,3137,0,40,North America,<=50K
25378,"[50, 60[", Private,231377,Undergraduate,10,Married-civ-spouse,Nontechnical, Husband,*,Male,0,1848,45,North America,>50K
25379,"[40, 50[", State-gov,127089,Graduate,14,Divorced,Nontechnical, Not-in-family,*,Male,0,0,45,North America,<=50K
25380,"[70, 80[", Local-gov,329355,High School,9,Widowed,Other, Not-in-family,*,Female,0,0,13,North America,<=50K
25381,"[40, 50[", Private,178319,Undergraduate,13,Married-civ-spouse,Technical, Husband,*,Male,0,0,40,North America,>50K
25383,"[30, 40[", Local-gov,174640,Professional Education,11,Never-married,Other, Not-in-family,*,Female,0,0,60,North America,>50K
25384,"[20, 30[", Private,148294,High School,7,Never-married,Technical, Own-child,*,Male,0,0,35,North America,<=50K
25385,"[40, 50[", Private,298037,Professional Education,11,Divorced,Technical, Unmarried,*,Female,0,0,44,North America,<=50K
25387,"[20, 30[", Private,102766,Undergraduate,10,Divorced,Technical, Own-child,*,Male,0,0,40,North America,<=50K
25388,"[20, 30[", Private,78529,High School,9,Never-married,Other, Own-child,*,Female,0,0,15,North America,<=50K
25389,"[20, 30[", Private,136309,Undergraduate,13,Never-married,Other, Not-in-family,*,Male,0,0,40,North America,<=50K
25390,"[20, 30[", Private,275357,Professional Education,11,Never-married,Technical, Own-child,*,Female,0,0,25,North America,<=50K
25393,"[30, 40[", Private,184128,High School,7,Divorced,Nontechnical, Other-relative,*,Female,0,0,40,North America,<=50K
25395,"[60, 70[", Private,126511,Undergraduate,10,Married-civ-spouse,Nontechnical, Husband,*,Male,0,0,45,North America,<=50K
25396,"[30, 40[", Local-gov,325792,Undergraduate,10,Married-civ-spouse,Technical, Husband,*,Male,0,0,40,North America,<=50K
25397,>=80, ?,91901,High School,9,Married-civ-spouse,Other, Husband,*,Male,0,0,25,North America,<=50K
25398,"[20, 30[", Private,119474,High School,9,Never-married,Other, Other-relative,*,Female,0,0,40,North America,<=50K
25399,"[40, 50[", Private,153238,Undergraduate,13,Married-civ-spouse,Nontechnical, Husband,*,Male,0,1902,32,North America,>50K
25400,"[40, 50[", Local-gov,321851,Professional Education,12,Divorced,Other, Not-in-family,*,Female,0,0,30,North America,<=50K
25401,"[40, 50[", Self-emp-not-inc,108557,Undergraduate,10,Divorced,Nontechnical, Not-in-family,*,Female,3325,0,60,North America,<=50K
25402,"[10, 20[", State-gov,67217,Undergraduate,10,Never-married,Other, Not-in-family,*,Male,594,0,24,North America,<=50K
25403,"[40, 50[", Private,195508,High School,7,Married-civ-spouse,Other, Husband,*,Male,0,0,40,North America,<=50K
25404,"[50, 60[", Private,102193,High School,9,Married-civ-spouse,Other, Husband,*,Male,0,0,45,North America,<=50K
25405,"[60, 70[", Private,20323,Undergraduate,10,Divorced,Other, Not-in-family,*,Female,0,0,40,North America,<=50K
25406,"[20, 30[", Private,122206,High School,9,Never-married,Technical, Other-relative,*,Male,0,0,40,North America,<=50K
25407,"[40, 50[", Private,200652,High School,5,Divorced,Other, Other-relative,*,Female,0,0,35,North America,<=50K
25408,"[40, 50[", Private,173590,Undergraduate,10,Married-civ-spouse,Other, Husband,*,Male,0,1628,40,North America,<=50K
25409,"[10, 20[", Private,184121,High School,9,Never-married,Other, Own-child,*,Male,0,0,20,North America,<=50K
25410,"[40, 50[", Local-gov,53123,High School,7,Married-civ-spouse,Other, Wife,*,Female,0,0,25,North America,<=50K
25411,"[40, 50[", Private,175990,High School,9,Married-civ-spouse,Other, Wife,*,Female,0,0,30,North America,>50K
25412,"[40, 50[", Private,316101,High School,9,Divorced,Other, Not-in-family,*,Female,0,0,40,North America,<=50K
25414,"[40, 50[", Self-emp-not-inc,219718,Undergraduate,13,Married-civ-spouse,Nontechnical, Husband,*,Male,15024,0,40,North America,>50K
25415,"[30, 40[", Private,126954,High School,9,Divorced,Other, Not-in-family,*,Male,0,0,40,North America,<=50K
25416,"[50, 60[", Private,99185,High School,9,Widowed,Technical, Unmarried,*,Male,0,0,40,North America,>50K
25417,"[20, 30[", ?,40052,Undergraduate,10,Never-married,Other, Not-in-family,*,Male,0,2001,45,North America,<=50K
25418,"[30, 40[", Private,120074,High School,9,Divorced,Nontechnical, Not-in-family,*,Male,0,0,40,North America,<=50K
25419,"[50, 60[", Self-emp-not-inc,77336,Professional Education,11,Married-civ-spouse,Technical, Husband,*,Male,0,0,40,North America,<=50K
25420,"[10, 20[", Private,60981,Undergraduate,10,Never-married,Nontechnical, Own-child,*,Female,2176,0,35,North America,<=50K
25422,"[50, 60[", Private,65408,High School,9,Married-civ-spouse,Technical, Husband,*,Male,0,0,50,North America,>50K
25423,"[30, 40[", Private,173279,Undergraduate,13,Married-civ-spouse,Technical, Husband,*,Male,0,0,40,North America,>50K
25424,"[50, 60[", ?,318351,Undergraduate,10,Married-civ-spouse,Other, Wife,*,Female,0,0,40,North America,>50K
25425,"[40, 50[", Self-emp-not-inc,157686,Undergraduate,10,Married-civ-spouse,Nontechnical, Husband,*,Male,0,0,40,North America,>50K
25427,"[50, 60[", Local-gov,184620,Graduate,14,Divorced,Technical, Not-in-family,*,Female,0,0,40,North America,<=50K
25428,"[20, 30[", Private,34443,High School,9,Never-married,Other, Not-in-family,*,Male,0,0,25,North America,<=50K
25429,"[50, 60[", Private,268553,High School,9,Married-civ-spouse,Other, Husband,*,Male,7298,0,40,North America,>50K
25430,"[20, 30[", ?,41356,Professional Education,12,Never-married,Other, Not-in-family,*,Female,0,0,32,North America,<=50K
25431,"[40, 50[", Private,459342,High School,9,Divorced,Other, Not-in-family,*,Female,0,0,40,North America,<=50K
25432,"[40, 50[", Local-gov,148549,Undergraduate,13,Married-civ-spouse,Technical, Husband,*,Male,0,0,40,North America,<=50K
25433,"[20, 30[", Private,254293,Undergraduate,13,Never-married,Nontechnical, Not-in-family,*,Male,2174,0,45,North America,<=50K
25434,"[50, 60[", Private,104501,Undergraduate,10,Married-civ-spouse,Nontechnical, Husband,*,Male,15024,0,40,North America,>50K
25435,"[20, 30[", Private,238367,High School,9,Married-civ-spouse,Other, Husband,*,Male,0,0,40,North America,<=50K
25436,"[50, 60[", Private,180439,Undergraduate,13,Married-civ-spouse,Technical, Husband,*,Male,0,0,40,North America,>50K
25437,"[50, 60[", Self-emp-inc,100029,Graduate,16,Married-civ-spouse,Technical, Husband,*,Male,15024,0,40,North America,>50K
25438,"[50, 60[", Private,215990,Graduate,14,Married-civ-spouse,Nontechnical, Husband,*,Male,0,1887,44,North America,>50K
25439,"[30, 40[", State-gov,111567,High School,9,Married-civ-spouse,Technical, Husband,*,Male,0,0,49,North America,>50K
25440,"[40, 50[", Private,319163,High School,9,Married-civ-spouse,Technical, Husband,*,Male,0,0,40,North America,<=50K
25441,"[60, 70[", ?,160155,Undergraduate,13,Married-civ-spouse,Other, Husband,*,Male,0,0,12,North America,<=50K
25442,"[50, 60[", Local-gov,378045,High School,9,Divorced,Other, Not-in-family,*,Female,0,0,45,North America,<=50K
25443,"[40, 50[", Private,177083,High School,9,Divorced,Other, Not-in-family,*,Female,0,0,40,North America,<=50K
25444,"[50, 60[", Self-emp-inc,119891,Undergraduate,10,Married-civ-spouse,Nontechnical, Husband,*,Male,0,1672,40,North America,<=50K
25445,"[50, 60[", Private,127779,High School,9,Married-civ-spouse,Nontechnical, Husband,*,Male,0,0,40,North America,<=50K
25446,"[30, 40[", Private,299353,High School,9,Never-married,Other, Unmarried,*,Female,0,0,40,North America,<=50K
25447,"[30, 40[", Private,63861,Professional Education,12,Never-married,Technical, Not-in-family,*,Female,0,0,40,North America,<=50K
25448,"[20, 30[", Private,112403,Undergraduate,10,Never-married,Nontechnical, Not-in-family,*,Male,0,0,35,North America,<=50K
25449,"[40, 50[", Private,83610,Undergraduate,13,Married-civ-spouse,Nontechnical, Husband,*,Male,7688,0,66,North America,>50K
25450,"[20, 30[", Private,452808,High School,6,Never-married,Nontechnical, Not-in-family,*,Male,0,0,40,North America,<=50K
25451,"[30, 40[", Private,176871,Undergraduate,10,Separated,Other, Unmarried,*,Female,0,0,40,North America,<=50K
25452,"[40, 50[", Private,100651,High School,9,Divorced,Other, Not-in-family,*,Male,0,1980,40,North America,<=50K
25453,"[10, 20[", Private,266134,High School,6,Never-married,Other, Own-child,*,Male,0,0,12,North America,<=50K
25454,"[50, 60[", Local-gov,196307,High School,6,Married-civ-spouse,Other, Husband,*,Male,0,0,40,North America,<=50K
25455,"[30, 40[", Private,87891,Undergraduate,10,Married-civ-spouse,Other, Husband,*,Male,0,0,40,North America,<=50K
25456,"[50, 60[", Private,182314,Graduate,16,Married-civ-spouse,Nontechnical, Husband,*,Male,0,1977,50,North America,>50K
25457,"[50, 60[", ?,136819,Undergraduate,13,Married-civ-spouse,Other, Husband,*,Male,0,0,40,North America,<=50K
25459,"[30, 40[", Private,179671,High School,5,Married-civ-spouse,Nontechnical, Husband,*,Male,0,0,50,North America,<=50K
25460,"[30, 40[", Private,27494,High School,9,Divorced,Technical, Not-in-family,*,Male,0,0,48,North America,>50K
25461,"[30, 40[", Private,338320,Undergraduate,13,Married-civ-spouse,Technical, Husband,*,Male,0,0,40,North America,<=50K
25462,"[50, 60[", Private,199688,Undergraduate,10,Married-civ-spouse,Nontechnical, Husband,*,Male,0,0,45,North America,<=50K
25463,"[40, 50[", Private,96635,High School,9,Never-married,Nontechnical, Not-in-family,*,Male,0,0,60,North America,<=50K
25464,"[20, 30[", Private,165064,Undergraduate,10,Never-married,Nontechnical, Not-in-family,*,Male,0,0,40,North America,<=50K
25465,"[50, 60[", Self-emp-inc,109856,Undergraduate,13,Married-civ-spouse,Nontechnical, Husband,*,Male,15024,0,50,North America,>50K
25466,"[30, 40[", Private,82393,High School,9,Never-married,Technical, Own-child,*,Male,0,0,40,North America,<=50K
25467,"[30, 40[", Private,209538,High School,6,Married-civ-spouse,Technical, Husband,*,Male,0,0,40,North America,<=50K
25468,"[20, 30[", Private,209891,Undergraduate,10,Never-married,Nontechnical, Not-in-family,*,Male,0,0,50,North America,<=50K
25469,"[30, 40[", Self-emp-not-inc,56026,Undergraduate,13,Married-civ-spouse,Nontechnical, Other-relative,*,Male,0,0,45,North America,<=50K
25470,"[30, 40[", Private,210844,Professional Education,12,Married-civ-spouse,Nontechnical, Husband,*,Male,0,0,40,North America,<=50K
25471,"[40, 50[", Private,117158,Undergraduate,10,Married-civ-spouse,Technical, Husband,*,Male,0,0,45,North America,>50K
25472,"[40, 50[", Private,193144,High School,9,Divorced,Other, Unmarried,*,Female,0,0,36,North America,<=50K
25473,"[10, 20[", Self-emp-not-inc,137578,High School,9,Never-married,Other, Own-child,*,Male,0,0,53,North America,<=50K
25474,"[20, 30[", Private,234108,Professional Education,12,Never-married,Nontechnical, Own-child,*,Male,0,0,32,North America,<=50K
25475,"[40, 50[", Private,155767,High School,9,Separated,Technical, Unmarried,*,Male,0,0,40,North America,<=50K
25476,"[50, 60[", Private,110820,High School,9,Divorced,Technical, Not-in-family,*,Male,0,0,38,North America,>50K
25477,"[40, 50[", Private,403276,High School,9,Married-civ-spouse,Technical, Husband,*,Male,0,0,40,North America,<=50K
25478,"[40, 50[", Self-emp-not-inc,147269,High School,6,Married-civ-spouse,Technical, Husband,*,Male,0,0,60,Unknown,<=50K
25479,"[50, 60[", Private,123092,High School,9,Widowed,Technical, Not-in-family,*,Female,0,0,40,North America,<=50K
25480,"[20, 30[", Private,165673,High School,9,Married-civ-spouse,Nontechnical, Husband,*,Male,0,0,40,North America,<=50K
25481,"[60, 70[", Self-emp-inc,182131,Undergraduate,10,Married-civ-spouse,Nontechnical, Husband,*,Male,10605,0,20,North America,>50K
25482,"[40, 50[", Private,204415,Undergraduate,13,Married-civ-spouse,Nontechnical, Husband,*,Male,0,0,48,North America,>50K
25483,"[30, 40[", Self-emp-not-inc,92531,High School,9,Divorced,Technical, Unmarried,*,Male,0,0,40,North America,<=50K
25484,"[20, 30[", State-gov,157028,Undergraduate,13,Never-married,Nontechnical, Not-in-family,*,Male,0,0,40,North America,<=50K
25485,"[20, 30[", Private,228649,High School,9,Never-married,Other, Own-child,*,Male,0,0,40,North America,<=50K
25486,"[20, 30[", Private,147253,Undergraduate,10,Never-married,Other, Not-in-family,*,Male,0,0,15,North America,<=50K
25487,"[30, 40[", Private,160784,High School,6,Married-civ-spouse,Technical, Husband,*,Male,0,0,40,North America,<=50K
25488,"[20, 30[", Local-gov,163189,Undergraduate,10,Married-civ-spouse,Other, Other-relative,*,Male,0,0,40,North America,<=50K
25489,"[20, 30[", Private,146343,High School,9,Never-married,Other, Unmarried,*,Female,0,0,25,North America,<=50K
25490,"[20, 30[", Private,225811,High School,9,Never-married,Nontechnical, Own-child,*,Female,0,0,23,North America,<=50K
25492,"[50, 60[", Private,374108,Undergraduate,10,Divorced,Technical, Unmarried,*,Female,0,0,40,North America,<=50K
25493,"[30, 40[", Private,93930,High School,9,Divorced,Technical, Not-in-family,*,Male,0,0,40,North America,<=50K
25494,"[20, 30[", Private,412248,Professional Education,12,Never-married,Other, Not-in-family,*,Female,0,0,25,North America,<=50K
25495,"[30, 40[", Private,427474,High School,5,Married-civ-spouse,Other, Husband,*,Male,0,0,40,North America,<=50K
25496,"[60, 70[", State-gov,160158,Undergraduate,10,Married-civ-spouse,Other, Husband,*,Male,0,0,8,North America,<=50K
25497,"[20, 30[", Private,159603,Professional Education,12,Never-married,Other, Unmarried,*,Female,0,0,32,North America,<=50K
25498,"[50, 60[", Self-emp-not-inc,101017,High School,9,Married-civ-spouse,Nontechnical, Husband,*,Male,0,0,35,North America,<=50K
25499,"[20, 30[", Local-gov,163862,High School,9,Married-civ-spouse,Other, Husband,*,Male,0,0,60,North America,<=50K
25500,"[20, 30[", Without-pay,212588,Undergraduate,10,Married-civ-spouse,Other, Own-child,*,Male,0,0,65,North America,<=50K
25501,"[30, 40[", State-gov,321943,Graduate,16,Married-civ-spouse,Technical, Husband,*,Male,0,0,40,North America,>50K
25502,"[10, 20[", Private,317702,High School,5,Never-married,Other, Own-child,*,Female,0,0,40,North America,<=50K
25503,"[40, 50[", Private,287480,Graduate,14,Married-civ-spouse,Technical, Husband,*,Male,0,0,40,North America,>50K
25506,"[10, 20[", Private,88642,Undergraduate,10,Never-married,Nontechnical, Own-child,*,Male,0,0,15,North America,<=50K
25507,"[20, 30[", Private,227104,Undergraduate,10,Divorced,Nontechnical, Not-in-family,*,Male,0,0,30,North America,<=50K
25508,"[30, 40[", Private,157289,Undergraduate,10,Married-civ-spouse,Technical, Husband,*,Male,0,0,40,North America,<=50K
25509,"[60, 70[", Private,213321,High School,9,Married-civ-spouse,Technical, Husband,*,Male,0,0,40,North America,>50K
25510,"[40, 50[", Private,294907,Primary School,3,Married-civ-spouse,Technical, Husband,*,Male,0,0,40,North America,<=50K
25511,"[30, 40[", Private,251411,Undergraduate,10,Divorced,Other, Unmarried,*,Female,0,0,40,North America,<=50K
25512,"[20, 30[", Private,183594,Undergraduate,10,Never-married,Other, Own-child,*,Male,0,0,40,North America,<=50K
25513,"[20, 30[", Private,189565,High School,9,Never-married,Nontechnical, Not-in-family,*,Male,2174,0,50,North America,<=50K
25514,"[50, 60[", Private,217802,Undergraduate,10,Married-civ-spouse,Other, Husband,*,Male,0,0,25,North America,<=50K
25515,"[20, 30[", Private,388156,Undergraduate,10,Never-married,Technical, Own-child,*,Male,0,0,24,North America,<=50K
25516,"[50, 60[", Private,447555,High School,6,Married-civ-spouse,Other, Husband,*,Male,0,0,40,North America,<=50K
25517,"[20, 30[", Private,204098,High School,6,Never-married,Technical, Not-in-family,*,Male,0,0,30,North America,<=50K
25518,"[40, 50[", Private,193882,Undergraduate,10,Never-married,Other, Not-in-family,*,Male,0,0,55,North America,<=50K
25519,"[10, 20[", ?,89870,High School,6,Never-married,Other, Own-child,*,Male,0,0,40,North America,<=50K
25521,"[30, 40[", Private,228873,Undergraduate,13,Never-married,Nontechnical, Own-child,*,Male,0,0,40,North America,<=50K
25522,"[60, 70[", ?,108185,High School,5,Married-civ-spouse,Other, Husband,*,Male,0,0,40,North America,<=50K
25523,"[20, 30[", Private,176027,Undergraduate,13,Never-married,Technical, Not-in-family,*,Female,0,0,40,North America,<=50K
25525,"[30, 40[", Private,39606,Professional Education,11,Divorced,Nontechnical, Unmarried,*,Female,0,0,40,North America,<=50K
25526,"[50, 60[", Private,178353,Undergraduate,10,Married-civ-spouse,Technical, Husband,*,Male,0,0,40,North America,>50K
25527,"[50, 60[", Private,160662,High School,6,Married-civ-spouse,Technical, Husband,*,Male,0,0,40,North America,>50K
25528,"[50, 60[", Self-emp-inc,196328,Undergraduate,13,Married-civ-spouse,Nontechnical, Husband,*,Male,0,0,40,North America,<=50K
25529,"[40, 50[", Private,20534,Undergraduate,10,Separated,Technical, Not-in-family,*,Male,0,0,41,North America,<=50K
25530,"[20, 30[", Self-emp-inc,156815,High School,9,Married-civ-spouse,Other, Husband,*,Male,0,0,40,North America,<=50K
25531,"[20, 30[", Private,360252,Professional Education,12,Married-civ-spouse,Other, Wife,*,Female,0,0,40,North America,<=50K
25532,"[40, 50[", Private,245056,High School,9,Married-civ-spouse,Other, Husband,*,Male,0,0,40,North America,>50K
25533,"[30, 40[", Local-gov,422718,High School,9,Married-civ-spouse,Other, Husband,*,Male,0,0,40,North America,<=50K
25534,"[40, 50[", Self-emp-not-inc,118081,Undergraduate,10,Married-civ-spouse,Other, Husband,*,Male,3103,0,42,North America,<=50K
25535,"[20, 30[", Private,262978,Undergraduate,10,Never-married,Nontechnical, Not-in-family,*,Male,0,0,30,North America,<=50K
25536,"[20, 30[", Private,187577,High School,9,Married-civ-spouse,Technical, Husband,*,Male,0,0,40,North America,<=50K
25538,"[30, 40[", Private,160920,Professional Education,12,Married-civ-spouse,Other, Husband,*,Male,0,0,40,North America,<=50K
25539,"[20, 30[", Private,194247,High School,9,Never-married,Nontechnical, Not-in-family,*,Male,0,0,25,North America,<=50K
25540,"[30, 40[", Private,134367,Graduate,14,Married-civ-spouse,Technical, Wife,*,Female,0,1977,24,North America,>50K
25541,"[10, 20[", Private,123335,High School,6,Never-married,Nontechnical, Own-child,*,Female,0,0,20,North America,<=50K
25542,"[20, 30[", Local-gov,332249,High School,9,Never-married,Other, Own-child,*,Male,0,0,40,North America,<=50K
25543,"[20, 30[", Private,358124,High School,9,Never-married,Other, Other-relative,*,Female,0,0,40,North America,<=50K
25544,"[50, 60[", Private,208019,Primary School,3,Married-civ-spouse,Technical, Husband,*,Male,0,0,40,North America,<=50K
25545,"[30, 40[", Private,318452,High School,7,Married-civ-spouse,Technical, Husband,*,Male,0,0,60,North America,<=50K
25546,"[40, 50[", Private,207779,High School,9,Separated,Other, Not-in-family,*,Female,0,0,40,North America,<=50K
25547,"[30, 40[", Private,238376,Primary School,2,Married-civ-spouse,Technical, Husband,*,Male,0,0,40,North America,<=50K
25548,"[50, 60[", Private,673764,Professional Education,11,Married-civ-spouse,Nontechnical, Husband,*,Male,0,0,50,North America,>50K
25550,"[40, 50[", Private,133974,Undergraduate,10,Divorced,Technical, Own-child,*,Male,0,0,40,North America,<=50K
25551,"[50, 60[", Private,138285,Professional Education,12,Married-civ-spouse,Technical, Husband,*,Male,0,1740,40,North America,<=50K
25552,"[20, 30[", Private,152140,High School,9,Never-married,Nontechnical, Not-in-family,*,Female,0,0,40,North America,<=50K
25553,"[40, 50[", Local-gov,287920,Graduate,14,Married-civ-spouse,Technical, Husband,*,Male,0,0,50,North America,>50K
25554,"[50, 60[", Private,289572,Undergraduate,13,Married-civ-spouse,Nontechnical, Husband,*,Male,7688,0,50,North America,>50K
25555,"[40, 50[", State-gov,78765,Undergraduate,10,Divorced,Nontechnical, Unmarried,*,Male,0,0,40,North America,<=50K
25556,"[20, 30[", State-gov,99076,Undergraduate,13,Never-married,Other, Not-in-family,*,Female,2597,0,50,North America,<=50K
25557,"[30, 40[", Self-emp-not-inc,224886,Undergraduate,13,Married-civ-spouse,Nontechnical, Husband,*,Male,2407,0,40,North America,<=50K
25558,"[50, 60[", Private,206532,High School,9,Married-civ-spouse,Technical, Husband,*,Male,0,0,50,North America,<=50K
25559,"[30, 40[", Private,129529,High School,9,Divorced,Technical, Not-in-family,*,Male,0,0,40,North America,<=50K
25560,"[60, 70[", Local-gov,202473,Professional Education,11,Married-civ-spouse,Other, Husband,*,Male,0,0,40,North America,<=50K
25562,"[40, 50[", Private,72844,High School,9,Divorced,Nontechnical, Not-in-family,*,Female,0,0,46,North America,<=50K
25563,"[40, 50[", Private,206947,High School,9,Divorced,Other, Not-in-family,*,Female,0,0,40,North America,<=50K
25564,"[10, 20[", Private,64112,High School,8,Never-married,Other, Not-in-family,*,Female,0,0,40,North America,<=50K
25566,"[40, 50[", State-gov,222884,Undergraduate,13,Divorced,Other, Not-in-family,*,Male,0,0,40,North America,<=50K
25567,"[20, 30[", Private,132683,High School,9,Never-married,Other, Not-in-family,*,Female,0,0,50,North America,<=50K
25568,"[70, 80[", ?,177773,High School,9,Married-civ-spouse,Other, Husband,*,Male,0,0,15,North America,<=50K
25569,"[50, 60[", Self-emp-not-inc,144071,Primary School,3,Married-civ-spouse,Other, Husband,*,Male,2580,0,15,North America,<=50K
25570,"[20, 30[", Private,148429,High School,9,Married-civ-spouse,Technical, Husband,*,Male,2885,0,40,North America,<=50K
25571,"[10, 20[", Private,168601,High School,7,Never-married,Other, Other-relative,*,Male,0,0,30,North America,<=50K
25572,"[30, 40[", State-gov,78291,Undergraduate,13,Never-married,Technical, Not-in-family,*,Female,0,0,40,North America,<=50K
25573,"[50, 60[", Federal-gov,243929,Undergraduate,13,Never-married,Technical, Not-in-family,*,Male,0,0,48,North America,<=50K
25575,"[40, 50[", Self-emp-not-inc,185673,High School,9,Married-civ-spouse,Nontechnical, Husband,*,Male,0,0,50,North America,>50K
25576,"[30, 40[", Private,121142,Undergraduate,13,Never-married,Nontechnical, Not-in-family,*,Male,0,0,40,North America,>50K
25580,"[40, 50[", Private,93476,High School,9,Separated,Other, Not-in-family,*,Female,0,2001,40,North America,<=50K
25581,"[40, 50[", Private,174283,Undergraduate,13,Married-civ-spouse,Nontechnical, Husband,*,Male,0,0,50,North America,>50K
25582,"[40, 50[", Private,128676,Undergraduate,10,Never-married,Other, Not-in-family,*,Female,0,0,40,North America,<=50K
25583,"[20, 30[", Private,205844,Undergraduate,13,Never-married,Nontechnical, Own-child,*,Female,0,0,40,North America,<=50K
25584,"[20, 30[", Private,62535,High School,9,Married-civ-spouse,Technical, Husband,*,Male,0,0,43,North America,<=50K
25586,"[30, 40[", Private,176992,Undergraduate,10,Married-civ-spouse,Technical, Husband,*,Male,0,0,40,North America,>50K
25587,"[20, 30[", Local-gov,254127,Undergraduate,13,Never-married,Technical, Other-relative,*,Female,0,0,50,North America,<=50K
25588,"[30, 40[", ?,138744,High School,9,Never-married,Other, Own-child,*,Male,0,0,40,North America,<=50K
25589,"[40, 50[", Private,128460,High School,6,Married-civ-spouse,Nontechnical, Husband,*,Male,0,0,40,North America,<=50K
25590,"[20, 30[", State-gov,56582,Undergraduate,10,Never-married,Technical, Own-child,*,Male,0,0,10,North America,<=50K
25591,"[50, 60[", Private,153751,High School,5,Separated,Other, Not-in-family,*,Female,0,0,30,North America,<=50K
25592,"[20, 30[", Private,284343,Undergraduate,13,Never-married,Technical, Not-in-family,*,Male,0,0,50,North America,<=50K
25593,"[20, 30[", State-gov,312692,Undergraduate,13,Never-married,Technical, Not-in-family,*,Male,0,0,12,North America,<=50K
25595,"[50, 60[", Self-emp-inc,304955,Undergraduate,13,Married-civ-spouse,Nontechnical, Husband,*,Male,0,0,60,North America,>50K
25596,"[20, 30[", Private,288598,High School,9,Married-civ-spouse,Technical, Husband,*,Male,0,0,35,North America,<=50K
25597,"[60, 70[", Self-emp-not-inc,117387,High School,7,Married-civ-spouse,Nontechnical, Husband,*,Male,0,0,20,North America,<=50K
25598,"[30, 40[", Private,230484,High School,4,Separated,Nontechnical, Unmarried,*,Female,0,0,35,North America,<=50K
25599,"[30, 40[", Federal-gov,319280,Undergraduate,10,Never-married,Technical, Not-in-family,*,Male,0,0,40,North America,<=50K
25600,"[50, 60[", Local-gov,186416,Undergraduate,13,Divorced,Other, Not-in-family,*,Female,0,0,40,North America,<=50K
25601,"[40, 50[", Local-gov,147372,Undergraduate,10,Never-married,Other, Not-in-family,*,Male,0,2444,40,North America,>50K
25602,"[30, 40[", Private,145933,High School,9,Never-married,Nontechnical, Not-in-family,*,Male,0,2258,70,North America,<=50K
25603,"[20, 30[", Private,110164,Undergraduate,10,Divorced,Other, Other-relative,*,Male,0,0,24,North America,<=50K
25604,"[40, 50[", Private,225454,Professional Education,12,Married-civ-spouse,Technical, Husband,*,Male,0,0,45,North America,>50K
25605,"[60, 70[", Self-emp-not-inc,220342,High School,4,Married-civ-spouse,Other, Husband,*,Male,0,0,30,North America,<=50K
25606,"[40, 50[", Self-emp-not-inc,144002,Undergraduate,13,Married-civ-spouse,Nontechnical, Husband,*,Male,0,0,60,North America,>50K
25607,"[50, 60[", Private,225365,High School,9,Widowed,Other, Unmarried,*,Female,0,0,30,North America,<=50K
25608,"[30, 40[", Private,187983,Undergraduate,13,Married-civ-spouse,Technical, Wife,*,Female,0,0,40,North America,<=50K
25609,"[20, 30[", Private,89991,Undergraduate,10,Never-married,Other, Own-child,*,Female,0,0,40,North America,<=50K
25610,"[50, 60[", Self-emp-not-inc,225913,Undergraduate,10,Married-civ-spouse,Other, Husband,*,Male,0,0,45,North America,>50K
25611,"[40, 50[", Self-emp-inc,229737,Professional Education,15,Married-civ-spouse,Technical, Husband,*,Male,99999,0,37,North America,>50K
25612,"[50, 60[", Private,145574,High School,7,Married-civ-spouse,Other, Husband,*,Male,0,0,40,North America,<=50K
25613,"[40, 50[", Private,274363,Undergraduate,10,Separated,Nontechnical, Not-in-family,*,Male,0,0,80,North America,>50K
25614,"[50, 60[", Private,365390,Undergraduate,10,Married-civ-spouse,Technical, Husband,*,Male,0,0,40,North America,<=50K
25615,"[20, 30[", Private,266467,High School,9,Never-married,Other, Own-child,*,Male,0,0,25,North America,<=50K
25616,"[40, 50[", Private,183384,Undergraduate,10,Divorced,Other, Not-in-family,*,Female,0,0,40,North America,<=50K
25617,"[40, 50[", Local-gov,112797,Graduate,14,Divorced,Technical, Unmarried,*,Female,0,0,60,North America,<=50K
25618,"[40, 50[", Federal-gov,76008,Undergraduate,13,Married-civ-spouse,Nontechnical, Husband,*,Male,0,0,50,North America,>50K
25620,"[40, 50[", Local-gov,186909,Professional Education,12,Married-civ-spouse,Nontechnical, Wife,*,Female,0,0,45,North America,>50K
25621,"[20, 30[", Private,25497,Undergraduate,13,Married-civ-spouse,Technical, Husband,*,Male,0,0,40,North America,<=50K
25622,"[40, 50[", Private,102771,High School,9,Married-civ-spouse,Technical, Husband,*,Male,0,1887,40,North America,>50K
25623,"[50, 60[", Self-emp-not-inc,248841,High School,9,Married-civ-spouse,Nontechnical, Husband,*,Male,15024,0,40,North America,>50K
25624,"[30, 40[", Private,30916,High School,9,Married-civ-spouse,Technical, Husband,*,Male,0,0,40,North America,<=50K
25625,"[30, 40[", Private,123270,High School,9,Married-civ-spouse,Technical, Husband,*,Male,0,0,40,North America,>50K
25626,"[20, 30[", Self-emp-not-inc,210165,Undergraduate,10,Never-married,Technical, Not-in-family,*,Male,0,0,40,North America,<=50K
25627,"[40, 50[", Private,222596,High School,9,Divorced,Technical, Not-in-family,*,Male,0,0,50,North America,>50K
25628,"[50, 60[", Self-emp-inc,188067,Undergraduate,10,Widowed,Nontechnical, Unmarried,*,Female,0,0,40,North America,<=50K
25630,"[20, 30[", Private,250314,High School,5,Married-civ-spouse,Other, Husband,*,Male,0,0,40,North America,<=50K
25632,"[40, 50[", Private,186172,Undergraduate,13,Married-civ-spouse,Technical, Husband,*,Male,3103,0,40,North America,>50K
25633,"[50, 60[", Self-emp-inc,98418,Professional Education,15,Married-civ-spouse,Technical, Husband,*,Male,99999,0,40,North America,>50K
25634,"[30, 40[", Private,329980,Undergraduate,13,Never-married,Nontechnical, Not-in-family,*,Male,27828,0,40,North America,>50K
25635,"[50, 60[", Private,147653,High School,9,Divorced,Other, Unmarried,*,Female,0,0,32,North America,<=50K
25636,"[30, 40[", ?,195946,Undergraduate,10,Married-civ-spouse,Other, Husband,*,Male,0,0,40,Asia,>50K
25637,"[20, 30[", Self-emp-inc,168221,Undergraduate,13,Married-civ-spouse,Nontechnical, Husband,*,Male,0,1740,70,North America,<=50K
25638,"[10, 20[", Private,151801,High School,6,Never-married,Nontechnical, Own-child,*,Male,0,0,39,North America,<=50K
25639,"[30, 40[", Private,177154,High School,9,Married-civ-spouse,Other, Husband,*,Male,0,0,40,North America,<=50K
25640,"[40, 50[", Federal-gov,73883,Undergraduate,10,Married-civ-spouse,Technical, Husband,*,Male,0,0,40,North America,>50K
25641,"[50, 60[", Private,175714,Professional Education,12,Married-civ-spouse,Nontechnical, Husband,*,Male,0,0,55,North America,>50K
25642,"[20, 30[", Private,43535,Undergraduate,10,Married-civ-spouse,Nontechnical, Wife,*,Female,0,0,40,North America,<=50K
25643,"[30, 40[", State-gov,104509,High School,9,Divorced,Other, Not-in-family,*,Female,0,0,25,North America,<=50K
25644,"[20, 30[", Private,118230,Undergraduate,13,Never-married,Nontechnical, Own-child,*,Female,0,0,40,North America,<=50K
25645,"[20, 30[", Private,152046,Undergraduate,13,Never-married,Technical, Own-child,*,Female,0,0,40,North America,<=50K
25646,"[30, 40[", Private,52327,Graduate,14,Married-civ-spouse,Technical, Husband,*,Male,0,0,40,Asia,>50K
25647,"[20, 30[", Private,218886,High School,8,Never-married,Nontechnical, Own-child,*,Male,0,0,40,North America,<=50K
25648,"[30, 40[", Self-emp-not-inc,84119,High School,9,Married-civ-spouse,Technical, Husband,*,Male,0,0,45,North America,<=50K
25649,"[30, 40[", Private,189674,Undergraduate,13,Separated,Nontechnical, Unmarried,*,Female,0,0,40,North America,<=50K
25650,"[20, 30[", Private,222993,High School,9,Never-married,Technical, Own-child,*,Male,0,0,54,North America,<=50K
25651,"[20, 30[", Private,47429,High School,9,Married-civ-spouse,Other, Wife,*,Female,0,0,40,North America,>50K
25654,"[30, 40[", Private,288398,Undergraduate,13,Divorced,Other, Not-in-family,*,Female,0,0,45,North America,<=50K
25655,"[30, 40[", Private,114591,Undergraduate,10,Separated,Technical, Unmarried,*,Female,0,0,40,North America,<=50K
25656,"[20, 30[", Private,167737,High School,8,Never-married,Technical, Not-in-family,*,Male,0,0,45,North America,<=50K
25657,"[50, 60[", Local-gov,248834,Undergraduate,13,Married-civ-spouse,Technical, Wife,*,Female,0,0,50,North America,>50K
25658,"[30, 40[", Private,165686,Undergraduate,13,Never-married,Other, Not-in-family,*,Female,0,0,40,North America,<=50K
25660,"[40, 50[", Self-emp-inc,117158,Undergraduate,13,Married-civ-spouse,Nontechnical, Husband,*,Male,15024,0,60,North America,>50K
25661,"[40, 50[", Local-gov,216657,Graduate,14,Never-married,Technical, Not-in-family,*,Male,0,0,35,North America,>50K
25664,"[40, 50[", Private,190072,Undergraduate,10,Divorced,Nontechnical, Unmarried,*,Male,0,0,50,North America,<=50K
25666,"[30, 40[", Private,236990,Undergraduate,10,Married-civ-spouse,Technical, Husband,*,Male,3464,0,40,North America,<=50K
25667,"[30, 40[", Private,101761,High School,9,Married-civ-spouse,Technical, Husband,*,Male,0,0,51,North America,<=50K
25668,"[60, 70[", Self-emp-not-inc,37745,Professional Education,11,Married-civ-spouse,Nontechnical, Husband,*,Male,0,0,8,North America,<=50K
25669,"[20, 30[", ?,424494,Undergraduate,10,Never-married,Other, Own-child,*,Male,0,0,25,North America,<=50K
25670,"[20, 30[", Private,130438,High School,9,Married-civ-spouse,Technical, Husband,*,Male,0,0,40,North America,<=50K
25671,"[20, 30[", Private,100605,Undergraduate,10,Never-married,Technical, Own-child,*,Male,0,0,14,North America,<=50K
25673,"[30, 40[", Local-gov,154950,Undergraduate,13,Married-civ-spouse,Other, Husband,*,Male,0,0,72,North America,>50K
25675,"[20, 30[", Private,210765,Professional Education,11,Never-married,Nontechnical, Not-in-family,*,Male,0,0,40,North America,<=50K
25676,"[50, 60[", Private,147476,High School,9,Divorced,Nontechnical, Not-in-family,*,Female,0,0,40,North America,<=50K
25677,"[30, 40[", State-gov,193241,High School,9,Married-civ-spouse,Technical, Husband,*,Male,0,1651,40,North America,<=50K
25678,"[20, 30[", Private,109053,High School,8,Married-civ-spouse,Other, Husband,*,Male,0,0,40,North America,<=50K
25679,"[20, 30[", Private,265618,High School,9,Separated,Other, Own-child,*,Male,0,0,40,North America,<=50K
25680,"[30, 40[", Local-gov,172855,Undergraduate,13,Married-civ-spouse,Technical, Wife,*,Female,0,1887,40,North America,>50K
25681,"[20, 30[", Private,68848,Undergraduate,13,Never-married,Other, Unmarried,*,Female,0,0,35,North America,<=50K
25682,"[30, 40[", Private,229051,High School,5,Married-civ-spouse,Other, Husband,*,Male,0,0,37,North America,<=50K
25683,"[20, 30[", Private,106039,Undergraduate,13,Divorced,Technical, Own-child,*,Female,0,0,50,North America,<=50K
25684,"[20, 30[", Private,112835,Undergraduate,13,Never-married,Technical, Not-in-family,*,Male,0,0,40,North America,<=50K
25685,"[30, 40[", ?,205396,High School,9,Widowed,Other, Not-in-family,*,Female,0,0,4,North America,<=50K
25686,"[30, 40[", Private,283400,High School,9,Never-married,Technical, Not-in-family,*,Female,0,0,40,North America,<=50K
25688,"[50, 60[", Private,36480,High School,9,Married-civ-spouse,Nontechnical, Husband,*,Male,0,0,40,North America,<=50K
25689,"[40, 50[", Private,303291,Undergraduate,10,Married-civ-spouse,Other, Wife,*,Female,0,0,35,North America,<=50K
25691,"[50, 60[", Self-emp-not-inc,165922,High School,9,Married-civ-spouse,Technical, Husband,*,Male,0,0,50,North America,<=50K
25693,"[40, 50[", Private,175070,Undergraduate,10,Divorced,Other, Unmarried,*,Female,0,0,40,North America,<=50K
25694,"[40, 50[", Private,339814,Undergraduate,10,Married-civ-spouse,Technical, Husband,*,Male,5178,0,40,North America,>50K
25695,"[20, 30[", Private,150132,High School,9,Never-married,Other, Not-in-family,*,Female,0,0,45,North America,<=50K
25697,"[60, 70[", Self-emp-not-inc,166153,Undergraduate,10,Married-civ-spouse,Nontechnical, Husband,*,Male,0,0,50,North America,<=50K
25698,"[40, 50[", Private,110171,Graduate,14,Married-civ-spouse,Technical, Husband,*,Male,15024,0,50,North America,>50K
25699,"[20, 30[", Private,94477,Undergraduate,10,Married-civ-spouse,Other, Husband,*,Male,7298,0,55,North America,>50K
25700,"[20, 30[", Private,194243,Professional Education,15,Never-married,Technical, Own-child,*,Female,0,0,40,North America,<=50K
25701,"[30, 40[", Private,106347,Undergraduate,10,Married-civ-spouse,Other, Wife,*,Female,0,0,40,North America,<=50K
25702,"[50, 60[", Private,214865,High School,9,Widowed,Nontechnical, Unmarried,*,Female,0,0,50,North America,<=50K
25703,"[10, 20[", ?,185619,Undergraduate,10,Never-married,Other, Own-child,*,Female,0,0,20,North America,<=50K
25704,"[10, 20[", Private,96445,Undergraduate,10,Never-married,Other, Own-child,*,Female,0,0,24,North America,<=50K
25705,"[20, 30[", Private,102632,Undergraduate,10,Married-civ-spouse,Nontechnical, Husband,*,Male,0,0,45,North America,<=50K
25707,"[50, 60[", State-gov,153486,High School,6,Married-civ-spouse,Other, Husband,*,Male,0,0,40,North America,>50K
25708,"[40, 50[", Private,144371,High School,9,Married-civ-spouse,Nontechnical, Husband,*,Male,0,0,42,North America,>50K
25709,"[20, 30[", Private,186213,Undergraduate,10,Married-civ-spouse,Technical, Husband,*,Male,0,0,50,North America,>50K
25710,"[60, 70[", Private,188236,High School,6,Widowed,Technical, Unmarried,*,Female,0,0,40,North America,<=50K
25711,"[20, 30[", Private,418405,High School,9,Married-civ-spouse,Technical, Husband,*,Male,0,0,40,North America,<=50K
25712,"[50, 60[", Federal-gov,125796,High School,9,Never-married,Other, Not-in-family,*,Male,0,0,40,North America,<=50K
25713,"[30, 40[", Private,183304,Professional Education,11,Married-civ-spouse,Other, Husband,*,Male,0,0,99,North America,>50K
25714,"[30, 40[", Private,329587,High School,6,Separated,Other, Not-in-family,*,Female,0,0,35,North America,<=50K
25715,"[30, 40[", Local-gov,182570,Professional Education,12,Married-civ-spouse,Other, Husband,*,Male,0,0,40,North America,>50K
25717,"[30, 40[", Self-emp-not-inc,254304,High School,9,Married-civ-spouse,Other, Husband,*,Male,4508,0,90,North America,<=50K
25719,"[20, 30[", Private,103632,High School,9,Never-married,Other, Not-in-family,*,Female,0,0,40,North America,<=50K
25720,"[40, 50[", Private,241895,Undergraduate,10,Married-civ-spouse,Other, Husband,*,Male,0,0,40,North America,<=50K
25721,"[40, 50[", Private,244945,High School,9,Married-civ-spouse,Technical, Husband,*,Male,0,0,40,North America,<=50K
25722,"[50, 60[", Private,20795,High School,9,Married-civ-spouse,Other, Husband,*,Male,0,0,60,North America,>50K
25723,"[10, 20[", Private,347322,High School,6,Never-married,Nontechnical, Own-child,*,Female,0,0,20,North America,<=50K
25724,"[50, 60[", Local-gov,103995,Undergraduate,13,Divorced,Technical, Not-in-family,*,Female,0,1876,54,North America,<=50K
25725,"[30, 40[", Private,53206,Undergraduate,13,Divorced,Technical, Not-in-family,*,Male,0,0,50,North America,>50K
25726,"[40, 50[", ?,387839,High School,9,Never-married,Other, Other-relative,*,Female,0,0,40,North America,<=50K
25727,"[10, 20[", Private,57108,High School,7,Never-married,Nontechnical, Own-child,*,Male,0,0,16,North America,<=50K
25728,"[60, 70[", Private,177791,High School,6,Divorced,Other, Own-child,*,Female,0,0,40,North America,<=50K
25729,"[40, 50[", Private,33794,Graduate,14,Married-civ-spouse,Other, Husband,*,Male,0,0,40,North America,<=50K
25730,"[40, 50[", Private,249935,Graduate,16,Married-civ-spouse,Technical, Husband,*,Male,0,0,70,North America,<=50K
25731,"[70, 80[", Self-emp-not-inc,241121,High School,4,Married-civ-spouse,Other, Husband,*,Male,0,0,40,North America,<=50K
25732,"[60, 70[", Private,98586,Graduate,16,Married-civ-spouse,Technical, Husband,*,Male,0,0,60,North America,>50K
25733,"[20, 30[", Private,181920,Undergraduate,13,Married-civ-spouse,Technical, Wife,*,Female,0,0,45,North America,>50K
25734,"[20, 30[", Private,434467,High School,9,Never-married,Nontechnical, Not-in-family,*,Male,0,0,48,North America,<=50K
25736,"[50, 60[", Private,249706,Undergraduate,10,Divorced,Other, Unmarried,*,Female,0,0,40,North America,<=50K
25737,"[30, 40[", Self-emp-not-inc,95455,Undergraduate,13,Divorced,Nontechnical, Unmarried,*,Female,0,0,55,North America,<=50K
25738,"[30, 40[", Private,209867,Undergraduate,10,Never-married,Other, Not-in-family,*,Female,13550,0,45,North America,>50K
25739,"[30, 40[", Self-emp-inc,79586,Graduate,14,Married-civ-spouse,Technical, Husband,*,Male,0,0,40,Asia,>50K
25740,"[40, 50[", Private,289669,High School,9,Widowed,Technical, Not-in-family,*,Female,0,0,40,North America,<=50K
25741,"[30, 40[", Private,347166,Undergraduate,10,Divorced,Technical, Own-child,*,Male,4650,0,40,North America,<=50K
25742,"[40, 50[", Private,53835,Undergraduate,13,Married-civ-spouse,Nontechnical, Husband,*,Male,0,0,50,North America,>50K
25744,"[30, 40[", Private,266126,High School,9,Never-married,Other, Not-in-family,*,Female,0,0,30,North America,<=50K
25745,"[40, 50[", Self-emp-inc,146659,Undergraduate,10,Divorced,Technical, Not-in-family,*,Female,0,0,40,North America,<=50K
25746,"[40, 50[", Private,125280,Undergraduate,13,Married-civ-spouse,Nontechnical, Husband,*,Male,3137,0,40,North America,<=50K
25747,"[20, 30[", Private,173535,High School,9,Never-married,Nontechnical, Own-child,*,Male,0,0,40,North America,<=50K
25748,"[20, 30[", ?,77665,Undergraduate,10,Never-married,Other, Own-child,*,Male,0,0,35,North America,<=50K
25749,"[40, 50[", Private,280525,Undergraduate,10,Married-civ-spouse,Other, Husband,*,Male,0,0,45,North America,>50K
25750,"[50, 60[", Private,479621,Professional Education,11,Divorced,Technical, Not-in-family,*,Male,0,0,40,North America,<=50K
25751,"[30, 40[", Local-gov,194630,Undergraduate,13,Never-married,Other, Not-in-family,*,Female,4787,0,43,North America,>50K
25753,"[30, 40[", Private,258406,Undergraduate,10,Never-married,Technical, Unmarried,*,Male,0,0,72,North America,<=50K
25754,"[20, 30[", Private,107746,High School,7,Never-married,Other, Other-relative,*,Male,0,0,40,North America,<=50K
25755,"[10, 20[", ?,47407,High School,7,Never-married,Other, Own-child,*,Male,0,0,10,North America,<=50K
25756,"[20, 30[", Private,229987,Undergraduate,10,Never-married,Technical, Other-relative,*,Female,0,0,32,North America,<=50K
25757,"[20, 30[", Private,312338,Professional Education,11,Never-married,Technical, Unmarried,*,Male,0,0,40,North America,<=50K
25758,"[50, 60[", Private,225394,High School,9,Married-civ-spouse,Technical, Husband,*,Male,0,1902,40,North America,<=50K
25759,"[20, 30[", Private,373718,Undergraduate,10,Never-married,Other, Not-in-family,*,Male,0,0,20,North America,<=50K
25760,"[40, 50[", State-gov,120131,High School,9,Divorced,Technical, Own-child,*,Male,8614,0,40,North America,>50K
25761,"[20, 30[", Private,472789,Primary School,2,Never-married,Other, Not-in-family,*,Male,0,0,30,North America,<=50K
25762,"[60, 70[", Self-emp-not-inc,27886,Undergraduate,10,Married-civ-spouse,Nontechnical, Husband,*,Male,0,0,40,North America,>50K
25763,"[20, 30[", Private,138352,High School,9,Never-married,Other, Other-relative,*,Male,0,0,30,North America,<=50K
25764,"[50, 60[", Private,123011,Undergraduate,10,Married-civ-spouse,Nontechnical, Husband,*,Male,0,0,45,North America,>50K
25765,"[30, 40[", Private,306567,High School,9,Married-civ-spouse,Other, Wife,*,Female,0,0,40,North America,>50K
25766,"[40, 50[", Local-gov,187749,Undergraduate,13,Married-civ-spouse,Technical, Husband,*,Male,0,0,40,Asia,>50K
25767,"[20, 30[", Private,260594,High School,7,Never-married,Nontechnical, Unmarried,*,Female,0,0,25,North America,<=50K
25768,"[10, 20[", Private,236879,Undergraduate,10,Never-married,Nontechnical, Own-child,*,Female,0,0,35,North America,<=50K
25769,"[30, 40[", Private,186808,High School,9,Never-married,Nontechnical, Unmarried,*,Male,0,0,40,North America,<=50K
25770,"[30, 40[", Private,373213,Professional Education,11,Divorced,Nontechnical, Not-in-family,*,Female,0,0,40,North America,>50K
25771,"[40, 50[", Private,187629,Professional Education,12,Never-married,Technical, Not-in-family,*,Male,0,0,25,North America,<=50K
25772,"[60, 70[", ?,106648,High School,9,Married-civ-spouse,Other, Husband,*,Male,0,0,25,North America,<=50K
25773,"[20, 30[", Private,305781,High School,9,Never-married,Nontechnical, Not-in-family,*,Male,0,0,45,North America,<=50K
25774,"[30, 40[", Self-emp-inc,256362,Undergraduate,13,Married-civ-spouse,Nontechnical, Husband,*,Male,3908,0,50,North America,<=50K
25775,"[10, 20[", Private,239947,High School,7,Never-married,Other, Own-child,*,Male,0,0,40,North America,<=50K
25776,"[20, 30[", Private,349041,High School,9,Never-married,Nontechnical, Not-in-family,*,Male,0,0,40,North America,<=50K
25777,"[60, 70[", Private,105252,Graduate,14,Married-civ-spouse,Nontechnical, Husband,*,Male,0,0,40,North America,>50K
25778,"[40, 50[", Private,182715,High School,4,Divorced,Nontechnical, Not-in-family,*,Male,0,0,40,North America,<=50K
25779,"[20, 30[", Private,166210,High School,9,Divorced,Nontechnical, Own-child,*,Male,0,0,50,North America,<=50K
25780,"[20, 30[", Private,113200,Undergraduate,10,Never-married,Nontechnical, Own-child,*,Female,0,0,6,North America,<=50K
25781,"[20, 30[", Private,142075,Undergraduate,10,Never-married,Other, Own-child,*,Male,0,0,24,North America,<=50K
25782,"[30, 40[", Private,454843,Undergraduate,10,Married-civ-spouse,Technical, Husband,*,Male,0,0,40,North America,>50K
25783,"[10, 20[", Private,142219,Undergraduate,10,Never-married,Other, Own-child,*,Female,0,0,30,North America,<=50K
25784,"[30, 40[", Private,112512,High School,8,Separated,Other, Unmarried,*,Female,0,0,40,North America,<=50K
25785,"[40, 50[", Private,212894,Undergraduate,13,Married-civ-spouse,Nontechnical, Husband,*,Male,15024,0,50,North America,>50K
25786,"[60, 70[", State-gov,265201,Undergraduate,13,Divorced,Technical, Not-in-family,*,Male,0,0,40,North America,<=50K
25787,"[20, 30[", Private,251905,Professional Education,15,Never-married,Technical, Not-in-family,*,Male,0,2339,40,North America,<=50K
25788,"[10, 20[", Private,170627,High School,7,Never-married,Other, Own-child,*,Female,0,0,15,North America,<=50K
25789,"[50, 60[", Private,354037,Professional Education,15,Married-civ-spouse,Other, Husband,*,Male,15024,0,50,North America,>50K
25790,"[30, 40[", Private,259089,Undergraduate,13,Divorced,Nontechnical, Not-in-family,*,Male,0,0,40,North America,<=50K
25791,"[20, 30[", Private,21856,Undergraduate,10,Never-married,Technical, Not-in-family,*,Male,0,0,40,North America,<=50K
25792,"[40, 50[", Local-gov,207946,Graduate,14,Divorced,Technical, Unmarried,*,Female,0,0,43,North America,<=50K
25793,"[20, 30[", Private,77009,High School,7,Separated,Nontechnical, Not-in-family,*,Female,0,2754,42,North America,<=50K
25794,"[30, 40[", Private,36539,Undergraduate,13,Married-civ-spouse,Nontechnical, Wife,*,Female,0,0,40,North America,>50K
25795,"[60, 70[", Private,176811,High School,9,Married-civ-spouse,Technical, Husband,*,Male,0,0,40,North America,<=50K
25796,"[40, 50[", Private,456062,Graduate,16,Married-civ-spouse,Technical, Husband,*,Male,0,2415,55,North America,>50K
25797,"[20, 30[", Private,277746,High School,6,Married-civ-spouse,Technical, Husband,*,Male,0,0,40,North America,<=50K
25798,"[20, 30[", Private,288132,Undergraduate,10,Never-married,Nontechnical, Own-child,*,Female,0,0,35,North America,<=50K
25799,"[40, 50[", Federal-gov,344415,Graduate,14,Married-civ-spouse,Other, Husband,*,Male,0,1887,40,North America,>50K
25800,"[50, 60[", Self-emp-inc,206964,Undergraduate,10,Married-civ-spouse,Nontechnical, Husband,*,Male,0,1977,40,North America,>50K
25801,"[30, 40[", Private,198091,High School,9,Married-civ-spouse,Technical, Husband,*,Male,0,0,72,North America,<=50K
25802,"[60, 70[", ?,150264,Graduate,16,Married-civ-spouse,Other, Husband,*,Male,0,0,20,North America,>50K
25803,"[60, 70[", Private,588484,Undergraduate,13,Married-civ-spouse,Nontechnical, Husband,*,Male,0,0,20,North America,>50K
25805,"[10, 20[", Private,270551,High School,9,Never-married,Other, Own-child,*,Male,0,0,20,North America,<=50K
25806,"[40, 50[", ?,31478,High School,4,Married-civ-spouse,Other, Husband,*,Male,0,0,99,North America,<=50K
25807,"[20, 30[", Private,190525,Professional Education,11,Never-married,Technical, Unmarried,*,Male,0,0,45,North America,<=50K
25808,"[30, 40[", Private,153066,Undergraduate,10,Married-civ-spouse,Technical, Husband,*,Male,0,0,50,North America,>50K
25809,"[50, 60[", Private,150393,Undergraduate,13,Married-civ-spouse,Technical, Husband,*,Male,0,0,40,North America,>50K
25811,"[50, 60[", Local-gov,343447,High School,9,Divorced,Other, Not-in-family,*,Female,0,0,40,North America,<=50K
25813,"[50, 60[", ?,32855,High School,9,Divorced,Other, Not-in-family,*,Male,0,0,40,North America,<=50K
25814,"[50, 60[", Private,194501,High School,7,Widowed,Other, Own-child,*,Female,0,0,47,North America,<=50K
25815,"[50, 60[", Private,177705,Undergraduate,13,Married-civ-spouse,Technical, Husband,*,Male,0,0,44,North America,>50K
25817,"[40, 50[", Private,138975,Undergraduate,13,Married-civ-spouse,Nontechnical, Husband,*,Male,7688,0,45,North America,>50K
25818,"[40, 50[", Local-gov,235431,High School,9,Separated,Other, Unmarried,*,Female,0,0,40,North America,<=50K
25819,"[60, 70[", ?,83043,Undergraduate,13,Married-civ-spouse,Other, Husband,*,Male,0,2179,45,North America,<=50K
25820,"[40, 50[", State-gov,130206,High School,9,Divorced,Other, Other-relative,*,Female,0,0,40,North America,<=50K
25821,"[20, 30[", Private,210053,Undergraduate,10,Never-married,Other, Not-in-family,*,Female,0,0,28,North America,<=50K
25822,"[30, 40[", Local-gov,249392,Graduate,14,Married-civ-spouse,Technical, Husband,*,Male,0,0,72,North America,<=50K
25823,"[30, 40[", Private,87418,Professional Education,11,Married-civ-spouse,Nontechnical, Husband,*,Male,0,0,40,North America,<=50K
25824,"[30, 40[", Self-emp-not-inc,190387,Undergraduate,13,Married-civ-spouse,Other, Husband,*,Male,0,0,45,North America,<=50K
25825,"[50, 60[", Private,176240,Graduate,14,Married-civ-spouse,Other, Husband,*,Male,7688,0,60,North America,>50K
25826,"[20, 30[", ?,211013,Undergraduate,10,Never-married,Other, Own-child,*,Female,0,0,40,North America,<=50K
25827,"[40, 50[", Local-gov,105862,Undergraduate,13,Divorced,Technical, Unmarried,*,Female,5455,0,40,North America,<=50K
25828,"[50, 60[", Self-emp-not-inc,185195,Undergraduate,13,Married-civ-spouse,Nontechnical, Husband,*,Male,0,0,40,North America,>50K
25829,"[30, 40[", Private,173495,High School,9,Married-civ-spouse,Technical, Husband,*,Male,0,0,40,North America,<=50K
25830,"[50, 60[", Self-emp-inc,78634,High School,7,Married-civ-spouse,Other, Husband,*,Male,0,0,60,North America,<=50K
25831,"[30, 40[", Private,147284,Graduate,16,Married-civ-spouse,Technical, Husband,*,Male,0,1977,99,North America,>50K
25832,"[40, 50[", Self-emp-not-inc,82572,High School,9,Widowed,Other, Other-relative,*,Female,0,0,40,North America,<=50K
25833,"[30, 40[", Private,154641,Professional Education,11,Married-civ-spouse,Technical, Husband,*,Male,0,0,40,North America,<=50K
25834,"[20, 30[", Local-gov,39236,Undergraduate,10,Never-married,Technical, Own-child,*,Female,594,0,25,North America,<=50K
25835,"[10, 20[", ?,64785,High School,6,Never-married,Other, Own-child,*,Male,0,0,30,North America,<=50K
25837,"[70, 80[", Private,173047,Undergraduate,13,Married-civ-spouse,Technical, Husband,*,Male,0,0,15,North America,<=50K
25838,"[20, 30[", Private,264012,Undergraduate,13,Married-civ-spouse,Other, Husband,*,Male,0,0,45,North America,>50K
25839,"[50, 60[", Federal-gov,227836,Undergraduate,10,Divorced,Other, Not-in-family,*,Male,0,0,40,North America,<=50K
25840,"[40, 50[", Private,321327,Undergraduate,10,Married-civ-spouse,Other, Husband,*,Male,7298,0,45,North America,>50K
25842,"[30, 40[", Private,146398,Undergraduate,13,Never-married,Technical, Not-in-family,*,Female,0,0,40,North America,<=50K
25843,"[30, 40[", Private,324120,High School,9,Married-civ-spouse,Nontechnical, Husband,*,Male,0,0,50,North America,<=50K
25844,"[20, 30[", Private,367329,High School,9,Married-civ-spouse,Technical, Husband,*,Male,0,0,40,North America,<=50K
25845,"[20, 30[", State-gov,301582,Undergraduate,10,Married-civ-spouse,Other, Husband,*,Male,0,0,40,North America,<=50K
25846,"[70, 80[", ?,222789,Undergraduate,13,Widowed,Other, Not-in-family,*,Female,0,0,6,North America,<=50K
25847,"[50, 60[", Private,170108,Graduate,14,Married-civ-spouse,Nontechnical, Husband,*,Male,0,0,40,North America,>50K
25848,"[40, 50[", Self-emp-not-inc,82297,High School,4,Married-civ-spouse,Other, Wife,*,Female,0,0,50,North America,<=50K
25849,"[60, 70[", Local-gov,180162,High School,5,Divorced,Other, Not-in-family,*,Male,0,0,24,North America,<=50K
25850,"[40, 50[", Local-gov,348172,Undergraduate,13,Married-civ-spouse,Other, Husband,*,Male,7298,0,40,North America,>50K
25851,"[30, 40[", Private,809585,Undergraduate,13,Married-civ-spouse,Nontechnical, Husband,*,Male,0,0,40,North America,>50K
25852,"[30, 40[", Self-emp-not-inc,67728,Undergraduate,13,Married-civ-spouse,Nontechnical, Husband,*,Male,0,0,50,North America,>50K
25853,"[70, 80[", ?,163057,High School,9,Widowed,Other, Not-in-family,*,Female,2009,0,40,North America,<=50K
25854,"[40, 50[", Self-emp-not-inc,102069,High School,4,Married-civ-spouse,Nontechnical, Husband,*,Male,0,0,30,North America,<=50K
25855,"[40, 50[", Local-gov,149700,Graduate,14,Married-civ-spouse,Technical, Husband,*,Male,15024,0,35,North America,>50K
25856,"[40, 50[", Self-emp-not-inc,109273,Undergraduate,10,Never-married,Technical, Unmarried,*,Male,0,0,40,North America,<=50K
25857,"[40, 50[", Private,393354,Undergraduate,10,Married-civ-spouse,Other, Wife,*,Female,0,0,38,North America,>50K
25858,"[30, 40[", Private,226947,Professional Education,11,Married-civ-spouse,Technical, Husband,*,Male,0,0,40,North America,>50K
25859,"[30, 40[", State-gov,86805,Undergraduate,10,Married-civ-spouse,Nontechnical, Wife,*,Female,7298,0,39,North America,>50K
25862,"[40, 50[", Self-emp-not-inc,353012,High School,9,Married-civ-spouse,Technical, Husband,*,Male,0,1902,40,North America,>50K
25863,"[20, 30[", Private,174419,High School,9,Never-married,Other, Unmarried,*,Female,0,0,30,North America,<=50K
25864,"[20, 30[", Private,209472,High School,9,Married-civ-spouse,Technical, Husband,*,Male,0,0,38,North America,<=50K
25865,"[30, 40[", Private,295127,Undergraduate,10,Divorced,Other, Not-in-family,*,Male,0,0,47,North America,<=50K
25866,"[50, 60[", Self-emp-inc,182273,Undergraduate,10,Married-civ-spouse,Nontechnical, Husband,*,Male,0,0,40,North America,<=50K
25867,"[60, 70[", Private,228200,High School,9,Married-civ-spouse,Other, Wife,*,Female,0,0,20,North America,<=50K
25869,"[30, 40[", Private,178948,Graduate,14,Never-married,Technical, Unmarried,*,Female,0,0,32,North America,<=50K
25870,"[40, 50[", Private,43945,High School,4,Married-civ-spouse,Technical, Husband,*,Male,0,0,40,Unknown,<=50K
25871,"[60, 70[", Self-emp-not-inc,253296,High School,9,Widowed,Other, Other-relative,*,Female,0,0,40,North America,<=50K
25872,"[20, 30[", Private,240137,Primary School,3,Never-married,Nontechnical, Not-in-family,*,Male,0,0,55,North America,<=50K
25874,"[30, 40[", Self-emp-not-inc,342635,Undergraduate,13,Married-civ-spouse,Technical, Husband,*,Male,0,0,70,North America,<=50K
25876,"[60, 70[", Self-emp-not-inc,182998,High School,4,Married-civ-spouse,Technical, Husband,*,Male,0,0,10,North America,<=50K
25877,"[70, 80[", ?,133248,High School,9,Married-civ-spouse,Other, Husband,*,Male,0,0,14,North America,<=50K
25878,"[40, 50[", Self-emp-not-inc,246891,Graduate,14,Divorced,Technical, Not-in-family,*,Male,0,0,40,North America,<=50K
25879,"[20, 30[", Private,30035,Professional Education,12,Never-married,Nontechnical, Own-child,*,Female,0,0,40,North America,<=50K
25880,"[30, 40[", Private,175232,High School,9,Married-civ-spouse,Technical, Husband,*,Male,0,0,48,North America,<=50K
25881,"[50, 60[", Self-emp-inc,140516,Undergraduate,13,Married-civ-spouse,Other, Husband,*,Male,0,0,40,North America,<=50K
25882,"[40, 50[", Private,64980,Undergraduate,10,Married-civ-spouse,Other, Husband,*,Male,0,0,55,North America,>50K
25883,"[30, 40[", Private,155781,High School,9,Married-civ-spouse,Technical, Husband,*,Male,0,0,70,North America,<=50K
25885,"[20, 30[", Self-emp-not-inc,227890,Undergraduate,13,Never-married,Technical, Not-in-family,*,Male,0,0,50,North America,>50K
25886,"[60, 70[", Self-emp-not-inc,162249,High School,9,Married-civ-spouse,Other, Husband,*,Male,0,0,30,North America,<=50K
25887,"[30, 40[", Private,165949,High School,9,Divorced,Other, Unmarried,*,Female,0,0,40,North America,<=50K
25888,"[40, 50[", Private,445382,High School,9,Married-civ-spouse,Nontechnical, Husband,*,Male,0,0,40,North America,>50K
25889,"[30, 40[", Private,211948,High School,9,Divorced,Nontechnical, Not-in-family,*,Female,0,1590,40,North America,<=50K
25890,"[50, 60[", Private,163678,Undergraduate,10,Married-civ-spouse,Nontechnical, Husband,*,Male,0,0,40,North America,>50K
25891,"[40, 50[", Private,89413,High School,8,Never-married,Other, Own-child,*,Male,0,0,40,North America,<=50K
25892,"[20, 30[", Private,289700,Undergraduate,10,Married-civ-spouse,Other, Husband,*,Male,0,0,25,North America,<=50K
25893,"[50, 60[", Private,163826,High School,9,Married-civ-spouse,Other, Husband,*,Male,0,0,40,North America,>50K
25894,"[40, 50[", Private,185385,Graduate,14,Married-civ-spouse,Technical, Husband,*,Male,0,0,50,North America,>50K
25895,"[40, 50[", Private,169031,High School,9,Married-civ-spouse,Technical, Husband,*,Male,0,0,40,North America,<=50K
25896,"[40, 50[", Private,54611,Undergraduate,10,Divorced,Other, Not-in-family,*,Male,0,0,40,North America,<=50K
25898,"[20, 30[", Private,328663,High School,9,Married-civ-spouse,Other, Husband,*,Male,0,0,40,North America,<=50K
25900,"[30, 40[", Private,186815,High School,9,Married-civ-spouse,Technical, Husband,*,Male,0,0,40,North America,<=50K
25901,"[30, 40[", Private,103925,Undergraduate,10,Never-married,Technical, Other-relative,*,Female,0,0,40,North America,<=50K
25902,"[50, 60[", ?,150393,High School,9,Never-married,Other, Not-in-family,*,Male,0,1504,35,North America,<=50K
25903,"[20, 30[", Private,82777,Undergraduate,10,Never-married,Nontechnical, Own-child,*,Male,0,0,16,North America,<=50K
25904,"[30, 40[", Local-gov,178449,Professional Education,15,Married-civ-spouse,Technical, Husband,*,Male,0,0,40,North America,>50K
25905,"[20, 30[", Private,51672,High School,9,Never-married,Technical, Not-in-family,*,Male,0,0,35,North America,<=50K
25906,"[40, 50[", Private,380162,High School,9,Married-civ-spouse,Technical, Husband,*,Male,0,0,40,North America,>50K
25907,"[20, 30[", Private,212114,Undergraduate,10,Never-married,Technical, Own-child,*,Female,0,0,8,North America,<=50K
25908,"[40, 50[", Self-emp-not-inc,100800,Graduate,14,Married-civ-spouse,Nontechnical, Husband,*,Male,7298,0,70,North America,>50K
25909,"[30, 40[", Private,162572,Undergraduate,13,Never-married,Nontechnical, Not-in-family,*,Male,0,0,70,North America,>50K
25910,"[60, 70[", Self-emp-inc,179951,Undergraduate,13,Married-civ-spouse,Nontechnical, Husband,*,Male,0,0,70,North America,<=50K
25911,"[30, 40[", Self-emp-inc,190759,Undergraduate,10,Married-civ-spouse,Nontechnical, Husband,*,Male,0,0,60,North America,>50K
25913,"[40, 50[", State-gov,164023,Undergraduate,10,Married-civ-spouse,Other, Husband,*,Male,0,0,70,North America,>50K
25914,"[50, 60[", Private,172046,Graduate,14,Married-civ-spouse,Nontechnical, Husband,*,Male,0,1977,50,North America,>50K
25915,"[30, 40[", Private,182926,Undergraduate,13,Married-civ-spouse,Nontechnical, Husband,*,Male,15024,0,50,North America,>50K
25916,"[30, 40[", Private,151001,Primary School,3,Married-civ-spouse,Technical, Husband,*,Male,3464,0,40,North America,<=50K
25917,"[40, 50[", Self-emp-inc,362835,Undergraduate,13,Married-civ-spouse,Nontechnical, Husband,*,Male,0,0,50,North America,>50K
25918,"[40, 50[", Private,97883,Undergraduate,13,Divorced,Nontechnical, Unmarried,*,Female,0,0,40,North America,<=50K
25919,"[50, 60[", Private,91911,High School,9,Divorced,Technical, Unmarried,*,Female,0,0,48,North America,<=50K
25920,"[20, 30[", Private,278130,Professional Education,11,Never-married,Technical, Not-in-family,*,Male,0,0,40,North America,<=50K
25921,"[50, 60[", Private,146310,High School,9,Married-civ-spouse,Other, Husband,*,Male,0,0,50,North America,<=50K
25922,"[30, 40[", Private,379412,Undergraduate,10,Never-married,Technical, Own-child,*,Male,0,0,40,North America,<=50K
25923,"[40, 50[", Private,37987,Undergraduate,10,Married-civ-spouse,Nontechnical, Husband,*,Male,0,0,45,North America,<=50K
25924,"[40, 50[", Self-emp-inc,256909,High School,9,Married-spouse-absent,Other, Not-in-family,*,Male,3325,0,45,North America,<=50K
25925,"[30, 40[", State-gov,482927,Undergraduate,10,Divorced,Other, Not-in-family,*,Male,0,0,65,North America,<=50K
25926,"[40, 50[", State-gov,44434,Graduate,14,Married-civ-spouse,Technical, Husband,*,Male,0,0,61,North America,>50K
25927,"[20, 30[", Private,255474,Undergraduate,13,Never-married,Other, Not-in-family,*,Female,0,0,40,North America,<=50K
25928,"[20, 30[", ?,303674,High School,9,Married-civ-spouse,Other, Wife,*,Female,3103,0,20,North America,<=50K
25929,"[40, 50[", ?,195488,High School,8,Separated,Other, Not-in-family,*,Female,0,0,36,North America,<=50K
25930,"[50, 60[", ?,114362,Undergraduate,10,Married-civ-spouse,Other, Husband,*,Male,0,0,30,North America,<=50K
25931,"[20, 30[", Private,341504,Undergraduate,10,Never-married,Other, Unmarried,*,Female,0,0,40,North America,<=50K
25932,"[60, 70[", Private,197080,High School,9,Widowed,Other, Unmarried,*,Male,0,0,8,North America,<=50K
25933,"[30, 40[", Private,102945,Undergraduate,13,Married-civ-spouse,Nontechnical, Husband,*,Male,0,0,52,North America,>50K
25934,"[40, 50[", Private,503454,High School,8,Never-married,Other, Other-relative,*,Female,0,0,40,North America,<=50K
25935,"[30, 40[", Self-emp-not-inc,87561,Undergraduate,10,Never-married,Other, Not-in-family,*,Female,0,0,60,North America,<=50K
25936,"[40, 50[", Private,270693,High School,9,Never-married,Nontechnical, Own-child,*,Male,3674,0,30,North America,<=50K
25937,"[20, 30[", Private,252813,Professional Education,15,Never-married,Technical, Not-in-family,*,Female,0,0,45,North America,<=50K
25938,"[10, 20[", Private,574271,Undergraduate,10,Never-married,Nontechnical, Own-child,*,Male,0,0,35,North America,<=50K
25940,"[20, 30[", Private,235071,High School,7,Married-civ-spouse,Technical, Husband,*,Male,0,0,50,North America,>50K
25941,"[30, 40[", Private,158242,Undergraduate,13,Never-married,Technical, Not-in-family,*,Female,0,0,40,North America,<=50K
25942,"[30, 40[", Private,299810,High School,9,Married-civ-spouse,Nontechnical, Husband,*,Male,0,0,40,North America,<=50K
25944,"[20, 30[", Private,23324,Undergraduate,10,Never-married,Nontechnical, Not-in-family,*,Male,0,0,40,North America,<=50K
25945,"[30, 40[", Local-gov,316582,Graduate,14,Never-married,Technical, Not-in-family,*,Female,0,0,55,North America,<=50K
25947,"[40, 50[", Private,93770,High School,9,Married-civ-spouse,Technical, Wife,*,Female,0,0,40,North America,>50K
25948,"[30, 40[", Private,124569,Undergraduate,10,Married-civ-spouse,Other, Wife,*,Female,0,0,40,North America,>50K
25950,"[50, 60[", Private,53812,Undergraduate,10,Widowed,Nontechnical, Not-in-family,*,Female,0,0,54,North America,<=50K
25951,"[20, 30[", Private,170456,Professional Education,12,Never-married,Nontechnical, Own-child,*,Male,0,0,15,North America,<=50K
25952,"[40, 50[", Self-emp-not-inc,115971,High School,9,Married-civ-spouse,Nontechnical, Husband,*,Male,0,0,50,North America,<=50K
25953,"[40, 50[", Private,31432,High School,9,Married-civ-spouse,Other, Wife,*,Female,3103,0,52,North America,>50K
25954,"[30, 40[", Private,112383,High School,9,Married-civ-spouse,Other, Husband,*,Male,0,0,45,North America,<=50K
25955,"[20, 30[", Private,283092,High School,9,Never-married,Other, Other-relative,*,Male,0,0,40,North America,<=50K
25956,"[30, 40[", Private,27207,High School,6,Never-married,Technical, Not-in-family,*,Male,0,0,50,North America,<=50K
25957,"[30, 40[", Private,46712,High School,9,Divorced,Other, Not-in-family,*,Female,0,0,40,North America,<=50K
25958,"[50, 60[", State-gov,19520,Graduate,16,Divorced,Technical, Unmarried,*,Female,0,0,50,North America,<=50K
25959,"[50, 60[", Private,98630,High School,4,Never-married,Other, Not-in-family,*,Male,0,0,40,North America,<=50K
25960,"[20, 30[", Private,159897,High School,9,Never-married,Nontechnical, Not-in-family,*,Female,0,0,37,North America,<=50K
25961,"[30, 40[", Private,136629,Undergraduate,13,Married-civ-spouse,Technical, Husband,*,Male,0,0,40,Asia,<=50K
25962,"[10, 20[", Private,407759,High School,9,Never-married,Other, Own-child,*,Male,0,0,40,North America,<=50K
25963,"[60, 70[", Self-emp-not-inc,221884,Undergraduate,10,Married-civ-spouse,Other, Husband,*,Male,0,0,50,North America,>50K
25964,"[40, 50[", Private,148475,Professional Education,11,Divorced,Technical, Unmarried,*,Female,0,0,40,North America,<=50K
25965,"[20, 30[", Private,274964,High School,9,Married-civ-spouse,Technical, Husband,*,Male,0,0,38,North America,<=50K
25966,"[50, 60[", Self-emp-inc,160107,Graduate,14,Married-civ-spouse,Technical, Husband,*,Male,0,0,55,North America,>50K
25967,"[40, 50[", Private,167265,Undergraduate,13,Married-civ-spouse,Technical, Husband,*,Male,0,0,84,North America,>50K
25968,"[30, 40[", Private,148226,High School,9,Never-married,Technical, Unmarried,*,Female,0,0,48,North America,<=50K
25969,"[20, 30[", Private,153869,High School,7,Married-civ-spouse,Technical, Husband,*,Male,0,0,40,North America,<=50K
25970,"[30, 40[", Private,208881,Undergraduate,10,Married-civ-spouse,Technical, Husband,*,Male,0,0,40,North America,<=50K
25971,"[50, 60[", Private,256953,High School,9,Widowed,Technical, Unmarried,*,Female,0,0,44,North America,<=50K
25972,"[20, 30[", Private,100147,Undergraduate,13,Married-civ-spouse,Nontechnical, Wife,*,Female,0,0,45,North America,>50K
25973,"[50, 60[", Local-gov,166461,Graduate,16,Married-civ-spouse,Technical, Wife,*,Female,0,0,40,North America,>50K
25974,"[30, 40[", Private,171327,High School,9,Married-civ-spouse,Technical, Husband,*,Male,0,0,40,North America,<=50K
25976,"[60, 70[", ?,133166,Graduate,16,Married-civ-spouse,Other, Husband,*,Male,0,0,12,North America,<=50K
25977,"[30, 40[", Private,169589,Graduate,14,Never-married,Technical, Not-in-family,*,Male,0,0,30,North America,<=50K
25978,"[20, 30[", Local-gov,273734,High School,9,Never-married,Other, Own-child,*,Male,0,0,20,North America,<=50K
25979,"[60, 70[", Private,158301,High School,9,Divorced,Other, Not-in-family,*,Male,0,0,60,North America,<=50K
25980,"[50, 60[", ?,257117,High School,5,Married-civ-spouse,Other, Husband,*,Male,0,0,50,North America,<=50K
25981,"[60, 70[", Private,196725,High School,9,Widowed,Other, Unmarried,*,Female,0,0,24,North America,<=50K
25982,"[30, 40[", Private,137444,High School,9,Married-civ-spouse,Technical, Husband,*,Male,0,0,40,North America,>50K
25983,"[10, 20[", Private,286960,High School,7,Never-married,Technical, Own-child,*,Male,0,0,40,North America,<=50K
25984,"[40, 50[", Local-gov,201435,High School,9,Married-civ-spouse,Other, Husband,*,Male,0,0,40,North America,<=50K
25985,"[50, 60[", Local-gov,216931,High School,4,Married-civ-spouse,Other, Husband,*,Male,0,0,38,North America,<=50K
25986,"[40, 50[", Local-gov,212665,Undergraduate,10,Married-civ-spouse,Other, Husband,*,Male,0,0,99,North America,<=50K
25987,"[20, 30[", Private,462820,Undergraduate,13,Never-married,Other, Not-in-family,*,Male,0,0,40,North America,<=50K
25988,"[30, 40[", Private,198841,Professional Education,11,Divorced,Technical, Own-child,*,Male,0,0,35,North America,<=50K
25991,"[40, 50[", Private,112262,Undergraduate,13,Married-civ-spouse,Technical, Husband,*,Male,5178,0,40,North America,>50K
25992,"[50, 60[", Private,213105,High School,9,Married-civ-spouse,Nontechnical, Husband,*,Male,0,0,36,North America,>50K
25994,"[40, 50[", Private,338105,Undergraduate,10,Married-civ-spouse,Technical, Husband,*,Male,0,0,40,Asia,<=50K
25995,"[60, 70[", Self-emp-not-inc,58213,Undergraduate,13,Married-civ-spouse,Technical, Husband,*,Male,20051,0,45,North America,>50K
25996,"[60, 70[", Private,125684,High School,9,Married-civ-spouse,Technical, Husband,*,Male,0,0,40,North America,<=50K
25997,"[30, 40[", Private,215419,High School,9,Married-civ-spouse,Other, Wife,*,Female,0,0,36,North America,>50K
25998,"[40, 50[", Local-gov,413760,Undergraduate,10,Separated,Technical, Not-in-family,*,Male,0,0,40,North America,<=50K
25999,"[30, 40[", Private,205339,High School,9,Divorced,Technical, Not-in-family,*,Male,0,0,49,North America,<=50K
26000,"[10, 20[", Private,236570,High School,9,Never-married,Other, Own-child,*,Female,0,0,16,North America,<=50K
26001,"[50, 60[", Self-emp-not-inc,247552,High School,9,Married-civ-spouse,Nontechnical, Husband,*,Male,0,0,40,North America,<=50K
26002,"[50, 60[", Federal-gov,184007,Undergraduate,10,Married-civ-spouse,Other, Husband,*,Male,0,0,40,North America,<=50K
26003,"[30, 40[", Private,341187,Undergraduate,13,Married-civ-spouse,Nontechnical, Husband,*,Male,0,0,50,North America,>50K
26004,"[50, 60[", Private,220187,Undergraduate,10,Married-civ-spouse,Technical, Husband,*,Male,0,0,45,North America,>50K
26005,"[20, 30[", Private,198258,Professional Education,11,Married-civ-spouse,Nontechnical, Husband,*,Male,0,0,40,North America,<=50K
26006,"[20, 30[", Private,175821,High School,9,Married-civ-spouse,Other, Wife,*,Female,0,0,34,North America,<=50K
26008,"[30, 40[", Private,261418,High School,9,Married-civ-spouse,Other, Husband,*,Male,0,0,40,North America,<=50K
26009,"[10, 20[", Private,203319,High School,7,Never-married,Nontechnical, Own-child,*,Male,0,0,30,North America,<=50K
26010,"[60, 70[", Self-emp-not-inc,166083,High School,9,Married-civ-spouse,Nontechnical, Husband,*,Male,0,0,40,North America,>50K
26011,"[20, 30[", Private,109001,Graduate,14,Married-civ-spouse,Technical, Husband,*,Male,0,0,38,North America,>50K
26013,"[20, 30[", Self-emp-not-inc,197387,High School,9,Never-married,Other, Own-child,*,Male,0,0,40,North America,<=50K
26014,"[50, 60[", Private,284834,Professional Education,12,Divorced,Other, Not-in-family,*,Female,0,0,40,North America,<=50K
26015,"[30, 40[", Private,87535,Undergraduate,10,Never-married,Technical, Not-in-family,*,Female,0,0,25,North America,<=50K
26016,"[10, 20[", Local-gov,175587,High School,7,Never-married,Other, Own-child,*,Male,0,0,30,North America,<=50K
26017,"[20, 30[", Private,242700,Undergraduate,10,Never-married,Other, Not-in-family,*,Male,10520,0,50,North America,>50K
26018,"[20, 30[", Private,161478,Undergraduate,10,Never-married,Other, Own-child,*,Female,0,0,23,North America,<=50K
26019,"[20, 30[", Private,51498,High School,8,Never-married,Other, Other-relative,*,Male,0,0,40,North America,<=50K
26020,"[40, 50[", Private,220124,High School,9,Never-married,Technical, Not-in-family,*,Male,0,0,40,North America,<=50K
26021,"[30, 40[", Private,188503,Undergraduate,13,Married-civ-spouse,Nontechnical, Wife,*,Female,0,0,60,North America,>50K
26022,"[40, 50[", Private,113324,High School,9,Married-civ-spouse,Technical, Husband,*,Male,0,0,40,North America,<=50K
26023,"[40, 50[", Private,208872,Professional Education,11,Married-civ-spouse,Technical, Husband,*,Male,0,0,40,North America,>50K
26024,"[30, 40[", Self-emp-not-inc,34180,Undergraduate,10,Married-civ-spouse,Other, Husband,*,Male,0,0,35,North America,<=50K
26025,"[20, 30[", Private,292023,High School,9,Never-married,Technical, Own-child,*,Male,0,0,30,North America,<=50K
26027,"[30, 40[", Private,348592,High School,9,Never-married,Technical, Not-in-family,*,Male,0,0,40,North America,>50K
26028,"[30, 40[", Private,185203,High School,9,Widowed,Other, Unmarried,*,Female,0,0,20,North America,<=50K
26029,"[50, 60[", Self-emp-not-inc,165278,Professional Education,11,Married-civ-spouse,Nontechnical, Husband,*,Male,0,0,40,North America,<=50K
26030,"[50, 60[", Private,116933,High School,9,Divorced,Nontechnical, Not-in-family,*,Female,0,0,33,North America,<=50K
26031,"[30, 40[", Private,237608,Undergraduate,13,Never-married,Nontechnical, Not-in-family,*,Female,0,2444,45,North America,>50K
26032,"[30, 40[", Private,84787,Undergraduate,13,Married-civ-spouse,Other, Husband,*,Male,0,0,40,North America,<=50K
26033,"[60, 70[", Self-emp-not-inc,217892,Graduate,16,Married-civ-spouse,Technical, Husband,*,Male,10605,0,35,North America,>50K
26034,"[60, 70[", Private,325971,High School,9,Married-civ-spouse,Technical, Husband,*,Male,7688,0,40,North America,>50K
26035,"[40, 50[", Private,206878,High School,9,Never-married,Nontechnical, Other-relative,*,Female,0,0,15,North America,<=50K
26036,"[30, 40[", Self-emp-not-inc,127772,High School,9,Divorced,Other, Own-child,*,Male,0,0,50,North America,<=50K
26037,"[20, 30[", Private,208577,High School,9,Married-civ-spouse,Technical, Husband,*,Male,0,0,40,North America,>50K
26038,"[60, 70[", Private,344152,Graduate,14,Married-civ-spouse,Technical, Husband,*,Male,5556,0,50,North America,>50K
26039,"[30, 40[", Private,40681,Professional Education,12,Never-married,Other, Not-in-family,*,Female,0,0,40,North America,<=50K
26040,"[20, 30[", ?,95108,High School,9,Never-married,Other, Not-in-family,*,Male,0,0,40,North America,<=50K
26041,"[10, 20[", Private,280603,High School,7,Never-married,Nontechnical, Own-child,*,Female,0,0,30,North America,<=50K
26042,"[40, 50[", Private,188436,Professional Education,15,Divorced,Nontechnical, Not-in-family,*,Male,0,0,40,North America,<=50K
26043,"[40, 50[", Private,134220,Professional Education,11,Divorced,Nontechnical, Own-child,*,Female,0,0,40,North America,<=50K
26044,"[40, 50[", Private,177989,High School,9,Married-civ-spouse,Other, Husband,*,Male,0,0,40,North America,<=50K
26045,"[30, 40[", Private,164190,High School,9,Married-civ-spouse,Nontechnical, Husband,*,Male,0,0,30,North America,<=50K
26046,"[30, 40[", Private,90897,Professional Education,12,Never-married,Technical, Not-in-family,*,Female,0,0,40,North America,<=50K
26047,"[40, 50[", State-gov,33126,Undergraduate,13,Married-civ-spouse,Other, Husband,*,Male,0,0,40,North America,>50K
26048,"[30, 40[", Private,270886,Undergraduate,10,Never-married,Other, Own-child,*,Female,0,0,40,North America,<=50K
26049,"[20, 30[", Private,216129,High School,9,Never-married,Other, Own-child,*,Male,0,0,35,North America,<=50K
26050,"[30, 40[", Private,189368,Undergraduate,10,Married-civ-spouse,Other, Husband,*,Male,0,0,40,North America,>50K
26051,"[10, 20[", ?,141418,Undergraduate,10,Never-married,Other, Own-child,*,Male,0,0,15,North America,<=50K
26052,"[10, 20[", Private,306225,High School,9,Never-married,Nontechnical, Own-child,*,Male,0,0,25,North America,<=50K
26053,"[30, 40[", Private,330664,High School,9,Divorced,Other, Not-in-family,*,Male,0,0,40,North America,<=50K
26054,"[40, 50[", Private,191765,High School,9,Divorced,Technical, Unmarried,*,Female,0,0,35,North America,<=50K
26055,"[40, 50[", Private,289353,High School,9,Married-civ-spouse,Other, Husband,*,Male,0,0,24,North America,<=50K
26056,"[20, 30[", Private,53147,Undergraduate,13,Never-married,Nontechnical, Own-child,*,Male,0,0,50,North America,<=50K
26057,"[30, 40[", Self-emp-not-inc,122353,Undergraduate,13,Married-civ-spouse,Nontechnical, Husband,*,Male,0,0,40,North America,<=50K
26058,"[20, 30[", Private,188767,High School,9,Never-married,Nontechnical, Not-in-family,*,Male,0,0,40,North America,<=50K
26059,"[60, 70[", Private,239576,Graduate,14,Married-civ-spouse,Other, Husband,*,Male,0,0,10,North America,<=50K
26060,"[50, 60[", Local-gov,155141,Graduate,16,Married-civ-spouse,Technical, Wife,*,Female,0,0,40,North America,>50K
26061,"[20, 30[", Private,64520,High School,8,Never-married,Other, Unmarried,*,Male,0,0,30,North America,<=50K
26062,"[20, 30[", Private,478994,Undergraduate,10,Never-married,Other, Own-child,*,Female,0,0,40,North America,<=50K
26063,"[40, 50[", Private,155654,High School,9,Married-civ-spouse,Other, Wife,*,Female,0,0,40,North America,<=50K
26064,"[30, 40[", Self-emp-not-inc,124052,Undergraduate,13,Married-civ-spouse,Nontechnical, Husband,*,Male,0,0,30,North America,<=50K
26065,"[30, 40[", Private,245053,Undergraduate,13,Married-civ-spouse,Technical, Husband,*,Male,0,0,50,North America,>50K
26066,"[30, 40[", Private,183585,High School,9,Never-married,Technical, Not-in-family,*,Female,0,0,40,North America,<=50K
26067,"[50, 60[", Self-emp-not-inc,323639,Graduate,14,Married-civ-spouse,Nontechnical, Husband,*,Male,0,0,25,North America,<=50K
26068,"[50, 60[", Federal-gov,186791,High School,9,Divorced,Other, Not-in-family,*,Female,0,0,40,North America,<=50K
26069,"[40, 50[", Private,284303,Undergraduate,10,Married-civ-spouse,Nontechnical, Wife,*,Female,7688,0,40,North America,>50K
26070,"[20, 30[", Private,186666,Undergraduate,10,Never-married,Technical, Not-in-family,*,Male,0,0,40,North America,<=50K
26071,"[30, 40[", Private,200153,Undergraduate,13,Divorced,Other, Not-in-family,*,Male,0,0,40,North America,<=50K
26072,"[20, 30[", Private,180931,Undergraduate,13,Married-civ-spouse,Nontechnical, Husband,*,Male,0,0,30,North America,<=50K
26073,"[50, 60[", Self-emp-not-inc,183173,High School,9,Married-civ-spouse,Nontechnical, Husband,*,Male,0,0,40,North America,>50K
26074,"[40, 50[", Self-emp-inc,120131,Undergraduate,13,Married-civ-spouse,Nontechnical, Husband,*,Male,0,0,50,North America,>50K
26075,"[20, 30[", Self-emp-not-inc,263300,High School,9,Never-married,Other, Not-in-family,*,Male,0,0,50,North America,<=50K
26076,"[30, 40[", Private,226443,Professional Education,15,Married-civ-spouse,Technical, Husband,*,Male,0,0,55,North America,>50K
26077,"[10, 20[", Private,404868,High School,7,Never-married,Nontechnical, Own-child,*,Female,0,1602,20,North America,<=50K
26078,"[10, 20[", Private,208506,Undergraduate,10,Never-married,Nontechnical, Own-child,*,Female,0,0,28,North America,<=50K
26079,"[30, 40[", Private,46746,Undergraduate,10,Divorced,Technical, Unmarried,*,Male,0,0,40,North America,<=50K
26080,"[40, 50[", Private,246183,High School,9,Married-civ-spouse,Nontechnical, Husband,*,Male,0,0,40,North America,>50K
26081,"[40, 50[", ?,165309,High School,4,Separated,Other, Not-in-family,*,Female,0,0,8,North America,<=50K
26082,"[40, 50[", Private,122749,High School,9,Married-civ-spouse,Technical, Husband,*,Male,0,0,55,North America,<=50K
26084,"[50, 60[", Private,167963,High School,9,Never-married,Other, Unmarried,*,Male,0,0,40,North America,<=50K
26085,"[30, 40[", Private,273241,Undergraduate,13,Married-civ-spouse,Nontechnical, Wife,*,Female,0,0,40,North America,>50K
26086,"[20, 30[", Private,120238,Undergraduate,13,Never-married,Nontechnical, Not-in-family,*,Male,0,0,40,North America,<=50K
26088,"[10, 20[", Private,225507,High School,7,Never-married,Nontechnical, Not-in-family,*,Female,0,0,15,North America,<=50K
26089,"[50, 60[", Self-emp-inc,125000,Professional Education,15,Married-civ-spouse,Technical, Husband,*,Male,0,0,35,North America,>50K
26090,"[10, 20[", Self-emp-not-inc,174120,High School,8,Never-married,Nontechnical, Own-child,*,Male,0,0,15,North America,<=50K
26091,"[20, 30[", Private,230959,Undergraduate,13,Never-married,Technical, Own-child,*,Female,0,0,40,Asia,<=50K
26092,"[40, 50[", Local-gov,132125,High School,9,Married-civ-spouse,Other, Husband,*,Male,0,0,40,North America,<=50K
26093,"[60, 70[", ?,68461,Graduate,16,Married-civ-spouse,Other, Husband,*,Male,0,0,40,North America,>50K
26094,"[10, 20[", Private,227178,High School,7,Never-married,Nontechnical, Not-in-family,*,Female,0,0,25,North America,<=50K
26096,"[30, 40[", Private,129573,Undergraduate,13,Never-married,Nontechnical, Not-in-family,*,Male,0,0,50,North America,>50K
26097,"[30, 40[", Private,224377,High School,9,Never-married,Technical, Not-in-family,*,Male,0,0,40,North America,<=50K
26098,"[30, 40[", Private,179481,Undergraduate,13,Married-civ-spouse,Technical, Husband,*,Male,0,0,40,North America,>50K
26099,"[10, 20[", Private,434268,High School,7,Never-married,Other, Own-child,*,Female,0,0,15,North America,<=50K
26100,"[40, 50[", Self-emp-not-inc,173716,Undergraduate,13,Married-civ-spouse,Nontechnical, Husband,*,Male,0,0,45,North America,>50K
26101,"[30, 40[", Self-emp-inc,244803,Undergraduate,10,Married-civ-spouse,Nontechnical, Husband,*,Male,0,1485,60,North America,>50K
26102,"[20, 30[", Private,114230,High School,9,Never-married,Nontechnical, Other-relative,*,Male,0,0,40,North America,<=50K
26103,"[30, 40[", Private,188661,High School,9,Married-civ-spouse,Technical, Husband,*,Male,0,0,50,North America,<=50K
26104,"[40, 50[", Private,216093,Undergraduate,13,Married-civ-spouse,Nontechnical, Husband,*,Male,0,0,40,North America,<=50K
26105,"[50, 60[", Private,124963,Undergraduate,13,Married-civ-spouse,Nontechnical, Husband,*,Male,0,0,40,North America,>50K
26106,"[40, 50[", Private,85341,High School,9,Married-civ-spouse,Technical, Husband,*,Male,0,0,40,North America,<=50K
26107,"[40, 50[", Private,193490,High School,4,Married-civ-spouse,Technical, Husband,*,Male,0,0,45,North America,<=50K
26108,"[30, 40[", Private,80058,Professional Education,15,Never-married,Nontechnical, Own-child,*,Male,0,0,50,North America,<=50K
26110,"[50, 60[", Self-emp-inc,54342,Professional Education,15,Divorced,Technical, Not-in-family,*,Male,27828,0,60,North America,>50K
26111,"[20, 30[", Private,188767,High School,9,Never-married,Technical, Own-child,*,Male,0,0,40,North America,<=50K
26112,"[20, 30[", Private,117222,High School,9,Never-married,Other, Own-child,*,Male,0,0,50,North America,<=50K
26113,"[60, 70[", Self-emp-inc,171831,High School,9,Married-civ-spouse,Nontechnical, Husband,*,Male,2829,0,45,North America,<=50K
26114,"[30, 40[", Private,187119,Undergraduate,10,Divorced,Nontechnical, Not-in-family,*,Female,0,0,70,North America,<=50K
26115,"[40, 50[", Local-gov,97277,Graduate,14,Divorced,Technical, Unmarried,*,Female,0,0,40,North America,<=50K
26116,"[20, 30[", Local-gov,219760,High School,9,Never-married,Other, Other-relative,*,Male,0,0,16,North America,<=50K
26117,"[40, 50[", Private,63299,High School,9,Married-civ-spouse,Other, Husband,*,Male,0,0,50,North America,<=50K
26118,"[30, 40[", State-gov,171482,Undergraduate,13,Never-married,Technical, Not-in-family,*,Male,0,0,40,North America,>50K
26119,"[10, 20[", ?,344742,High School,6,Never-married,Other, Own-child,*,Male,0,0,40,North America,<=50K
26120,"[20, 30[", Private,210869,Undergraduate,10,Never-married,Nontechnical, Own-child,*,Male,0,0,80,North America,<=50K
26122,"[40, 50[", Private,119939,High School,9,Married-civ-spouse,Technical, Husband,*,Male,0,0,40,North America,>50K
26123,"[40, 50[", Private,83953,Undergraduate,10,Married-civ-spouse,Other, Husband,*,Male,0,0,50,North America,>50K
26124,"[40, 50[", State-gov,101383,High School,9,Married-civ-spouse,Technical, Husband,*,Male,0,0,40,North America,>50K
26125,"[30, 40[", Private,204374,High School,9,Divorced,Nontechnical, Not-in-family,*,Male,0,0,40,North America,<=50K
26126,"[30, 40[", Private,176831,High School,6,Divorced,Nontechnical, Other-relative,*,Female,0,0,40,North America,<=50K
26127,"[10, 20[", ?,60688,Undergraduate,10,Never-married,Other, Own-child,*,Male,0,0,35,North America,<=50K
26128,"[40, 50[", Federal-gov,251305,Professional Education,12,Married-civ-spouse,Other, Husband,*,Male,0,0,40,North America,>50K
26129,"[40, 50[", Local-gov,200947,Undergraduate,13,Married-civ-spouse,Other, Husband,*,Male,0,0,40,North America,>50K
26130,"[50, 60[", Self-emp-not-inc,46704,Graduate,14,Married-civ-spouse,Technical, Husband,*,Male,0,0,50,North America,>50K
26131,"[40, 50[", Private,119721,Undergraduate,13,Married-civ-spouse,Nontechnical, Husband,*,Male,0,0,40,North America,<=50K
26132,"[40, 50[", State-gov,58930,Undergraduate,13,Never-married,Technical, Not-in-family,*,Female,0,0,40,North America,<=50K
26134,"[40, 50[", Private,67725,Undergraduate,13,Married-civ-spouse,Nontechnical, Husband,*,Male,0,0,45,North America,<=50K
26137,"[20, 30[", ?,25139,Undergraduate,10,Never-married,Other, Own-child,*,Female,0,0,40,North America,<=50K
26139,"[20, 30[", Private,269786,High School,9,Never-married,Other, Unmarried,*,Male,0,0,50,North America,<=50K
26140,"[30, 40[", Private,51089,Undergraduate,13,Never-married,Technical, Not-in-family,*,Male,0,0,60,North America,<=50K
26141,"[20, 30[", Private,136985,High School,9,Married-civ-spouse,Other, Husband,*,Male,0,0,35,North America,<=50K
26142,"[20, 30[", Private,129350,Undergraduate,10,Never-married,Nontechnical, Own-child,*,Male,0,0,40,North America,<=50K
26143,"[30, 40[", ?,35595,Undergraduate,13,Married-civ-spouse,Other, Husband,*,Male,0,0,30,North America,<=50K
26144,"[30, 40[", Local-gov,61299,Undergraduate,10,Married-civ-spouse,Technical, Husband,*,Male,0,0,40,North America,<=50K
26145,"[20, 30[", ?,192321,Professional Education,12,Never-married,Other, Own-child,*,Female,0,0,80,North America,<=50K
26146,"[30, 40[", Private,257644,High School,9,Never-married,Technical, Not-in-family,*,Male,0,0,43,North America,<=50K
26147,"[40, 50[", Self-emp-not-inc,70884,High School,9,Married-civ-spouse,Other, Husband,*,Male,0,0,60,North America,<=50K
26148,"[40, 50[", Local-gov,159726,High School,7,Divorced,Nontechnical, Unmarried,*,Male,0,0,40,North America,<=50K
26149,"[40, 50[", Private,174395,High School,9,Married-civ-spouse,Technical, Husband,*,Male,0,0,40,North America,<=50K
26151,"[50, 60[", Local-gov,173050,Graduate,14,Married-civ-spouse,Technical, Husband,*,Male,7688,0,40,North America,>50K
26153,"[10, 20[", Private,322999,Undergraduate,10,Never-married,Other, Own-child,*,Female,0,0,20,North America,<=50K
26154,"[60, 70[", Private,148874,High School,5,Married-civ-spouse,Technical, Husband,*,Male,0,0,44,North America,<=50K
26156,"[30, 40[", Private,195385,High School,9,Married-civ-spouse,Other, Husband,*,Male,0,0,40,North America,<=50K
26157,"[20, 30[", Private,149809,High School,9,Never-married,Other, Own-child,*,Male,0,0,24,North America,<=50K
26158,"[20, 30[", Private,51985,Undergraduate,10,Never-married,Technical, Own-child,*,Male,0,0,30,North America,<=50K
26159,"[60, 70[", Private,105384,Undergraduate,13,Married-civ-spouse,Technical, Husband,*,Male,0,0,40,North America,<=50K
26161,"[40, 50[", State-gov,324791,Undergraduate,13,Married-civ-spouse,Technical, Husband,*,Male,0,0,50,North America,>50K
26162,"[20, 30[", Private,184303,Undergraduate,10,Separated,Other, Other-relative,*,Female,0,0,30,North America,<=50K
26163,"[60, 70[", ?,314347,High School,9,Married-civ-spouse,Other, Husband,*,Male,0,0,40,North America,<=50K
26164,"[20, 30[", Private,274010,Undergraduate,10,Never-married,Technical, Not-in-family,*,Male,0,0,45,North America,<=50K
26165,"[20, 30[", Private,321031,High School,9,Never-married,Nontechnical, Own-child,*,Female,0,0,40,North America,<=50K
26166,"[50, 60[", Federal-gov,313929,Undergraduate,10,Married-civ-spouse,Technical, Husband,*,Male,0,0,40,North America,<=50K
26167,"[40, 50[", Private,394669,Undergraduate,13,Never-married,Technical, Not-in-family,*,Female,0,1741,40,North America,<=50K
26168,"[20, 30[", Private,152951,High School,9,Married-civ-spouse,Technical, Husband,*,Male,0,0,40,North America,>50K
26169,"[20, 30[", Private,247115,Undergraduate,10,Never-married,Other, Unmarried,*,Female,0,0,35,North America,<=50K
26170,"[40, 50[", Private,175958,Professional Education,15,Married-civ-spouse,Nontechnical, Husband,*,Male,0,0,45,North America,>50K
26171,"[20, 30[", Private,109039,High School,9,Never-married,Nontechnical, Not-in-family,*,Female,0,0,55,North America,<=50K
26172,"[50, 60[", Self-emp-inc,141326,Professional Education,11,Divorced,Technical, Not-in-family,*,Male,0,0,50,North America,>50K
26173,"[40, 50[", State-gov,74334,Graduate,14,Married-civ-spouse,Other, Husband,*,Male,0,0,40,North America,>50K
26176,"[20, 30[", State-gov,295912,Undergraduate,10,Never-married,Technical, Not-in-family,*,Male,0,0,20,North America,<=50K
26177,"[60, 70[", Private,311495,Undergraduate,10,Divorced,Nontechnical, Not-in-family,*,Female,0,0,40,North America,<=50K
26178,"[40, 50[", Private,236746,Graduate,14,Divorced,Nontechnical, Not-in-family,*,Male,10520,0,45,North America,>50K
26179,"[20, 30[", Private,187643,High School,9,Separated,Other, Not-in-family,*,Female,0,0,40,North America,<=50K
26180,"[60, 70[", Private,282923,Undergraduate,10,Married-civ-spouse,Technical, Husband,*,Male,7298,0,40,North America,>50K
26181,"[40, 50[", Private,501671,High School,6,Divorced,Technical, Unmarried,*,Male,0,0,40,North America,<=50K
26182,"[40, 50[", Federal-gov,29591,Undergraduate,13,Divorced,Technical, Not-in-family,*,Male,0,2258,40,North America,>50K
26183,"[20, 30[", Private,301556,High School,9,Never-married,Other, Own-child,*,Female,0,0,19,North America,<=50K
26184,"[10, 20[", Private,187240,High School,7,Never-married,Nontechnical, Own-child,*,Male,0,0,18,North America,<=50K
26185,"[30, 40[", Private,219483,Undergraduate,13,Married-civ-spouse,Technical, Wife,*,Female,5013,0,32,North America,<=50K
26186,"[30, 40[", Private,594187,Graduate,14,Married-civ-spouse,Technical, Husband,*,Male,0,0,45,North America,>50K
26188,"[50, 60[", Local-gov,152795,High School,9,Married-civ-spouse,Other, Husband,*,Male,0,0,52,North America,>50K
26189,"[10, 20[", Private,230789,High School,5,Never-married,Nontechnical, Own-child,*,Male,0,0,22,North America,<=50K
26190,"[40, 50[", Self-emp-inc,311231,Professional Education,15,Married-civ-spouse,Technical, Husband,*,Male,0,1485,50,North America,>50K
26191,"[30, 40[", Private,114691,High School,9,Never-married,Nontechnical, Own-child,*,Male,0,0,40,North America,<=50K
26192,"[30, 40[", Private,194591,Undergraduate,10,Married-civ-spouse,Technical, Husband,*,Male,0,0,40,North America,<=50K
26193,"[30, 40[", Private,114691,High School,9,Married-civ-spouse,Technical, Husband,*,Male,0,0,40,North America,>50K
26194,"[50, 60[", State-gov,42017,Undergraduate,10,Divorced,Technical, Not-in-family,*,Female,0,0,40,North America,<=50K
26195,"[40, 50[", Local-gov,383384,High School,9,Married-civ-spouse,Technical, Husband,*,Male,0,0,60,North America,<=50K
26196,"[20, 30[", Private,29444,High School,9,Married-civ-spouse,Nontechnical, Husband,*,Male,0,0,40,North America,<=50K
26197,"[40, 50[", Federal-gov,53727,High School,9,Married-civ-spouse,Other, Husband,*,Male,0,0,40,Unknown,<=50K
26199,"[40, 50[", Local-gov,113324,Undergraduate,13,Married-civ-spouse,Technical, Husband,*,Male,0,0,40,North America,>50K
26200,"[30, 40[", Private,342709,High School,9,Married-civ-spouse,Nontechnical, Husband,*,Male,0,0,40,North America,<=50K
26201,"[20, 30[", Private,179203,High School,8,Never-married,Nontechnical, Other-relative,*,Male,0,0,55,North America,<=50K
26202,"[40, 50[", Private,251474,Undergraduate,13,Married-civ-spouse,Nontechnical, Husband,*,Male,0,0,60,North America,>50K
26203,"[50, 60[", Private,93730,High School,6,Married-civ-spouse,Other, Husband,*,Male,0,0,60,North America,<=50K
26204,"[20, 30[", Private,37894,High School,9,Separated,Other, Other-relative,*,Male,0,0,35,North America,<=50K
26205,"[10, 20[", State-gov,272918,High School,9,Never-married,Other, Own-child,*,Male,0,0,15,North America,<=50K
26206,"[50, 60[", Private,151411,Undergraduate,13,Married-civ-spouse,Technical, Husband,*,Male,0,0,45,North America,>50K
26207,"[40, 50[", Private,210648,Undergraduate,13,Married-civ-spouse,Technical, Husband,*,Male,0,0,44,North America,>50K
26208,"[30, 40[", Self-emp-not-inc,347491,Graduate,16,Married-civ-spouse,Technical, Husband,*,Male,0,0,35,North America,<=50K
26209,"[30, 40[", Private,255885,Undergraduate,13,Married-civ-spouse,Nontechnical, Husband,*,Male,0,0,43,North America,>50K
26210,"[30, 40[", Private,356838,High School,9,Never-married,Other, Own-child,*,Male,0,0,12,North America,<=50K
26211,"[40, 50[", Private,216164,High School,9,Married-civ-spouse,Nontechnical, Husband,*,Male,0,0,40,North America,<=50K
26212,"[20, 30[", Local-gov,288781,Undergraduate,13,Never-married,Other, Not-in-family,*,Male,0,0,42,North America,<=50K
26213,"[10, 20[", Private,439779,Undergraduate,10,Never-married,Nontechnical, Own-child,*,Male,0,0,15,North America,<=50K
26215,"[20, 30[", Private,190525,Graduate,14,Never-married,Technical, Own-child,*,Male,0,0,40,North America,<=50K
26216,"[20, 30[", Local-gov,276249,Graduate,14,Never-married,Technical, Own-child,*,Female,0,0,40,North America,<=50K
26217,"[40, 50[", Private,147265,Undergraduate,10,Married-civ-spouse,Nontechnical, Husband,*,Male,0,0,40,North America,>50K
26219,"[40, 50[", State-gov,219682,Graduate,14,Divorced,Nontechnical, Not-in-family,*,Male,0,0,45,North America,<=50K
26220,"[20, 30[", Private,392100,High School,9,Married-civ-spouse,Technical, Own-child,*,Male,0,0,40,North America,<=50K
26222,"[40, 50[", Private,262244,Undergraduate,13,Never-married,Nontechnical, Not-in-family,*,Male,0,0,60,North America,>50K
26223,"[40, 50[", Private,171228,High School,9,Married-civ-spouse,Technical, Husband,*,Male,3411,0,35,North America,<=50K
26224,"[20, 30[", Local-gov,218445,Undergraduate,10,Never-married,Other, Own-child,*,Female,0,0,40,North America,<=50K
26225,"[10, 20[", ?,182609,High School,9,Never-married,Other, Own-child,*,Female,0,0,25,North America,<=50K
26226,"[30, 40[", Private,509462,Undergraduate,13,Never-married,Nontechnical, Not-in-family,*,Female,0,0,45,North America,<=50K
26227,"[20, 30[", Private,213258,High School,9,Married-civ-spouse,Technical, Husband,*,Male,0,0,40,North America,<=50K
26228,"[20, 30[", Private,118401,Undergraduate,10,Never-married,Other, Not-in-family,*,Female,0,0,30,North America,<=50K
26229,"[60, 70[", Self-emp-not-inc,45814,High School,4,Married-civ-spouse,Other, Husband,*,Male,0,0,40,North America,<=50K
26230,"[50, 60[", Private,329733,High School,9,Never-married,Nontechnical, Unmarried,*,Male,0,0,40,North America,>50K
26231,"[20, 30[", Private,29957,Graduate,14,Never-married,Technical, Other-relative,*,Male,0,0,25,North America,<=50K
26232,"[50, 60[", Private,215854,Undergraduate,13,Divorced,Technical, Not-in-family,*,Female,0,0,50,North America,<=50K
26233,"[20, 30[", Private,327766,Undergraduate,10,Divorced,Technical, Not-in-family,*,Male,0,0,45,North America,<=50K
26235,"[30, 40[", Private,80680,Undergraduate,10,Divorced,Technical, Own-child,*,Female,0,0,40,North America,<=50K
26236,"[30, 40[", Private,177792,Undergraduate,13,Divorced,Nontechnical, Not-in-family,*,Female,0,0,48,North America,>50K
26237,"[50, 60[", Private,273514,High School,9,Separated,Technical, Not-in-family,*,Male,0,0,40,North America,<=50K
26238,"[20, 30[", Private,202373,Undergraduate,10,Married-civ-spouse,Nontechnical, Husband,*,Male,0,0,40,North America,<=50K
26239,"[20, 30[", Local-gov,332785,High School,9,Never-married,Other, Own-child,*,Male,0,0,38,North America,<=50K
26240,"[40, 50[", Private,149640,High School,4,Married-spouse-absent,Other, Not-in-family,*,Male,0,0,45,North America,<=50K
26241,"[40, 50[", Private,40151,Professional Education,11,Married-civ-spouse,Other, Husband,*,Male,0,0,30,North America,<=50K
26242,"[70, 80[", Self-emp-inc,183686,Undergraduate,13,Married-civ-spouse,Nontechnical, Husband,*,Male,0,0,20,North America,>50K
26243,"[50, 60[", Federal-gov,32801,Undergraduate,13,Married-civ-spouse,Nontechnical, Wife,*,Female,0,0,40,North America,>50K
26244,"[10, 20[", ?,195282,High School,9,Never-married,Other, Own-child,*,Female,0,0,20,North America,<=50K
26245,"[40, 50[", Federal-gov,134026,Undergraduate,10,Never-married,Other, Other-relative,*,Male,2174,0,40,North America,<=50K
26246,"[50, 60[", Local-gov,96678,Graduate,14,Married-civ-spouse,Technical, Husband,*,Male,0,0,60,North America,<=50K
26247,"[40, 50[", Private,174533,Undergraduate,10,Married-civ-spouse,Other, Husband,*,Male,7298,0,50,North America,>50K
26249,"[60, 70[", Private,186324,Undergraduate,13,Married-civ-spouse,Nontechnical, Husband,*,Male,0,0,5,North America,>50K
26250,"[30, 40[", Self-emp-not-inc,257250,Professional Education,11,Married-civ-spouse,Other, Husband,*,Male,0,0,99,North America,<=50K
26251,"[20, 30[", Private,212800,Professional Education,12,Never-married,Technical, Own-child,*,Female,0,0,36,North America,<=50K
26252,"[20, 30[", Private,55360,Undergraduate,10,Never-married,Nontechnical, Not-in-family,*,Male,0,0,50,North America,<=50K
26253,"[30, 40[", Self-emp-not-inc,195253,Professional Education,15,Married-civ-spouse,Technical, Husband,*,Male,0,0,45,North America,>50K
26254,"[40, 50[", Private,45156,Undergraduate,10,Married-civ-spouse,Other, Husband,*,Male,0,0,60,North America,<=50K
26255,"[20, 30[", Private,435469,High School,9,Never-married,Other, Own-child,*,Female,0,0,40,North America,<=50K
26256,"[20, 30[", Private,231287,Undergraduate,10,Divorced,Technical, Unmarried,*,Male,0,0,40,North America,<=50K
26257,"[30, 40[", Private,168854,Undergraduate,13,Married-civ-spouse,Nontechnical, Husband,*,Male,0,1848,50,North America,>50K
26258,"[40, 50[", Self-emp-not-inc,185057,Undergraduate,13,Divorced,Nontechnical, Not-in-family,*,Female,3325,0,40,North America,<=50K
26259,"[10, 20[", ?,91670,Undergraduate,10,Never-married,Other, Own-child,*,Female,0,0,40,North America,<=50K
26260,"[60, 70[", Private,165517,Undergraduate,10,Married-civ-spouse,Nontechnical, Husband,*,Male,0,0,40,North America,<=50K
26261,"[30, 40[", Private,73161,High School,9,Married-civ-spouse,Nontechnical, Husband,*,Male,0,0,40,North America,>50K
26262,"[60, 70[", Private,178792,High School,9,Widowed,Nontechnical, Not-in-family,*,Female,0,0,40,North America,<=50K
26263,"[30, 40[", Private,32897,High School,7,Divorced,Nontechnical, Unmarried,*,Female,0,0,40,North America,<=50K
26264,"[20, 30[", Private,250967,Professional Education,11,Married-civ-spouse,Technical, Husband,*,Male,0,0,40,North America,<=50K
26265,"[40, 50[", Private,41901,Undergraduate,10,Never-married,Technical, Not-in-family,*,Male,0,1408,40,North America,<=50K
26266,"[40, 50[", Private,379779,Undergraduate,13,Divorced,Nontechnical, Not-in-family,*,Female,0,0,40,North America,<=50K
26268,"[30, 40[", Self-emp-not-inc,137527,Graduate,16,Never-married,Technical, Not-in-family,*,Female,0,2559,60,North America,>50K
26269,"[40, 50[", Private,198965,Undergraduate,10,Married-civ-spouse,Nontechnical, Husband,*,Male,0,0,38,North America,>50K
26272,"[10, 20[", Private,175081,High School,5,Never-married,Technical, Other-relative,*,Male,0,0,60,North America,<=50K
26273,"[20, 30[", Private,180299,Undergraduate,10,Married-civ-spouse,Other, Husband,*,Male,0,0,35,North America,<=50K
26274,"[40, 50[", Self-emp-not-inc,548664,High School,9,Married-civ-spouse,Technical, Husband,*,Male,0,0,15,North America,<=50K
26275,"[50, 60[", Private,278114,High School,4,Married-civ-spouse,Nontechnical, Husband,*,Male,0,0,40,North America,>50K
26276,"[20, 30[", Private,394927,Undergraduate,13,Married-civ-spouse,Nontechnical, Husband,*,Male,0,0,55,North America,<=50K
26278,"[20, 30[", Private,236938,Professional Education,12,Divorced,Technical, Unmarried,*,Female,0,0,38,North America,<=50K
26280,"[30, 40[", Private,34378,High School,9,Married-civ-spouse,Nontechnical, Husband,*,Male,0,0,55,North America,<=50K
26281,"[40, 50[", Self-emp-inc,81513,Undergraduate,13,Married-civ-spouse,Nontechnical, Husband,*,Male,0,0,50,North America,>50K
26282,"[10, 20[", Private,106780,Undergraduate,10,Never-married,Other, Own-child,*,Female,0,0,12,North America,<=50K
26283,"[50, 60[", Private,178596,High School,9,Divorced,Technical, Unmarried,*,Male,0,1408,50,North America,<=50K
26284,"[30, 40[", Private,329026,High School,9,Married-civ-spouse,Other, Wife,*,Female,0,0,40,North America,>50K
26285,"[40, 50[", Private,26490,Undergraduate,13,Widowed,Other, Unmarried,*,Female,0,0,20,North America,<=50K
26286,"[50, 60[", Private,338033,Undergraduate,10,Never-married,Other, Not-in-family,*,Male,0,0,32,North America,<=50K
26287,"[70, 80[", ?,169303,High School,9,Married-civ-spouse,Other, Husband,*,Male,6767,0,6,North America,<=50K
26288,"[20, 30[", Private,21154,Undergraduate,10,Never-married,Other, Own-child,*,Female,0,0,30,North America,<=50K
26289,"[30, 40[", Private,209449,Undergraduate,10,Married-civ-spouse,Technical, Husband,*,Male,0,0,40,North America,>50K
26290,"[10, 20[", Private,389143,Undergraduate,10,Never-married,Nontechnical, Own-child,*,Male,0,0,40,North America,<=50K
26291,"[30, 40[", Private,101260,High School,9,Never-married,Technical, Own-child,*,Male,0,0,40,North America,<=50K
26292,"[40, 50[", Private,198270,Undergraduate,10,Divorced,Other, Not-in-family,*,Female,0,0,40,North America,<=50K
26293,"[30, 40[", Private,45781,High School,9,Never-married,Other, Unmarried,*,Female,0,0,40,North America,<=50K
26294,"[20, 30[", Private,134566,High School,9,Never-married,Other, Not-in-family,*,Male,0,0,40,North America,<=50K
26295,"[20, 30[", ?,283806,High School,5,Divorced,Other, Not-in-family,*,Female,0,0,35,North America,<=50K
26297,"[40, 50[", Private,422813,Undergraduate,10,Married-civ-spouse,Other, Husband,*,Male,0,0,40,North America,>50K
26298,"[20, 30[", Local-gov,103277,Undergraduate,13,Never-married,Technical, Own-child,*,Female,0,0,50,North America,<=50K
26299,"[10, 20[", Private,201871,High School,8,Never-married,Other, Own-child,*,Male,0,0,20,North America,<=50K
26300,"[50, 60[", Self-emp-not-inc,167728,Graduate,16,Married-civ-spouse,Technical, Husband,*,Male,0,0,60,North America,>50K
26301,"[40, 50[", Private,211517,High School,7,Married-civ-spouse,Technical, Husband,*,Male,0,0,40,North America,<=50K
26302,"[40, 50[", Private,118212,High School,5,Married-civ-spouse,Other, Husband,*,Male,0,0,40,North America,<=50K
26303,"[30, 40[", Private,259846,Professional Education,11,Married-civ-spouse,Other, Husband,*,Male,3471,0,40,North America,<=50K
26304,"[50, 60[", Private,98926,Undergraduate,10,Widowed,Technical, Not-in-family,*,Female,0,0,16,North America,<=50K
26306,"[30, 40[", Private,206609,High School,6,Married-civ-spouse,Technical, Husband,*,Male,0,0,40,North America,<=50K
26308,"[50, 60[", Self-emp-not-inc,170350,High School,9,Divorced,Other, Other-relative,*,Female,0,0,40,North America,<=50K
26309,"[50, 60[", Private,183884,High School,7,Married-civ-spouse,Technical, Husband,*,Male,0,0,40,North America,<=50K
26310,"[30, 40[", State-gov,110964,Undergraduate,13,Married-civ-spouse,Technical, Wife,*,Female,0,1672,38,North America,<=50K
26311,"[30, 40[", State-gov,154410,Undergraduate,10,Never-married,Other, Own-child,*,Male,0,0,40,North America,<=50K
26313,"[20, 30[", Private,274679,Graduate,14,Never-married,Technical, Not-in-family,*,Male,0,0,50,North America,<=50K
26314,"[30, 40[", Private,252662,Undergraduate,13,Divorced,Nontechnical, Not-in-family,*,Male,0,0,40,North America,<=50K
26315,"[30, 40[", Self-emp-inc,356689,High School,9,Married-civ-spouse,Nontechnical, Husband,*,Male,0,0,60,North America,<=50K
26316,"[10, 20[", Private,205218,Undergraduate,10,Never-married,Other, Own-child,*,Female,0,0,20,North America,<=50K
26317,"[30, 40[", Private,241306,Professional Education,11,Married-civ-spouse,Technical, Husband,*,Male,0,0,40,North America,>50K
26318,"[50, 60[", Private,139127,High School,9,Divorced,Other, Not-in-family,*,Female,0,0,40,North America,<=50K
26319,"[40, 50[", Private,175625,Professional Education,15,Divorced,Technical, Unmarried,*,Female,0,0,40,North America,<=50K
26320,"[40, 50[", Private,206459,Undergraduate,10,Married-civ-spouse,Other, Husband,*,Male,0,0,40,North America,<=50K
26322,"[40, 50[", Private,111483,High School,9,Never-married,Other, Own-child,*,Male,0,0,40,North America,<=50K
26323,"[60, 70[", Self-emp-not-inc,106118,High School,9,Married-civ-spouse,Nontechnical, Husband,*,Male,0,0,70,North America,>50K
26324,"[10, 20[", Private,77845,Undergraduate,10,Never-married,Other, Own-child,*,Male,0,1602,15,North America,<=50K
26325,"[10, 20[", Private,162094,High School,9,Never-married,Technical, Own-child,*,Male,0,0,40,North America,<=50K
26326,"[20, 30[", Private,216469,High School,9,Married-civ-spouse,Technical, Husband,*,Male,0,1579,50,North America,<=50K
26327,"[50, 60[", Local-gov,381965,Undergraduate,13,Married-civ-spouse,Technical, Husband,*,Male,15024,0,40,North America,>50K
26328,"[20, 30[", Private,145284,High School,9,Divorced,Other, Not-in-family,*,Male,0,0,70,North America,<=50K
26329,"[20, 30[", Private,242482,High School,9,Never-married,Other, Not-in-family,*,Male,0,0,32,North America,<=50K
26330,"[30, 40[", Self-emp-not-inc,160192,Undergraduate,10,Never-married,Technical, Own-child,*,Male,0,0,40,North America,<=50K
26331,"[20, 30[", ?,280699,Undergraduate,10,Never-married,Other, Unmarried,*,Female,0,0,40,North America,<=50K
26333,"[10, 20[", Private,156950,High School,9,Never-married,Other, Own-child,*,Male,0,0,35,North America,<=50K
26334,"[50, 60[", Private,215572,High School,9,Never-married,Technical, Not-in-family,*,Male,0,0,40,North America,<=50K
26335,"[20, 30[", Private,173593,Graduate,14,Married-civ-spouse,Technical, Husband,*,Male,0,0,20,North America,<=50K
26336,"[50, 60[", Private,193374,Undergraduate,10,Married-civ-spouse,Technical, Husband,*,Male,0,0,40,North America,>50K
26337,"[40, 50[", Local-gov,334039,Undergraduate,10,Married-civ-spouse,Nontechnical, Husband,*,Male,0,0,40,North America,>50K
26338,"[20, 30[", Private,337664,High School,9,Never-married,Technical, Own-child,*,Male,0,0,40,North America,<=50K
26339,"[30, 40[", Private,113504,Undergraduate,13,Married-civ-spouse,Nontechnical, Husband,*,Male,0,0,40,North America,>50K
26340,"[20, 30[", Private,177072,High School,9,Never-married,Nontechnical, Own-child,*,Male,0,0,40,North America,<=50K
26341,"[30, 40[", Private,174503,High School,9,Divorced,Technical, Not-in-family,*,Female,0,0,40,North America,<=50K
26342,"[30, 40[", Private,214807,High School,9,Divorced,Nontechnical, Unmarried,*,Female,0,0,37,North America,<=50K
26343,"[40, 50[", Private,222596,Undergraduate,13,Married-civ-spouse,Nontechnical, Husband,*,Male,15024,0,45,North America,>50K
26344,"[20, 30[", Private,100345,Undergraduate,13,Never-married,Nontechnical, Own-child,*,Male,0,0,20,North America,<=50K
26345,"[20, 30[", Private,409230,High School,8,Never-married,Other, Other-relative,*,Male,0,0,40,North America,<=50K
26346,"[30, 40[", Self-emp-not-inc,112497,Professional Education,15,Divorced,Technical, Unmarried,*,Male,25236,0,40,North America,>50K
26347,"[60, 70[", Self-emp-inc,115922,Undergraduate,13,Married-civ-spouse,Nontechnical, Husband,*,Male,0,0,40,North America,>50K
26348,"[50, 60[", ?,375049,High School,9,Married-civ-spouse,Other, Husband,*,Male,0,0,41,North America,>50K
26350,"[30, 40[", Local-gov,182971,Undergraduate,10,Married-civ-spouse,Other, Husband,*,Male,0,1887,40,North America,>50K
26351,"[30, 40[", Private,127215,Undergraduate,10,Married-civ-spouse,Nontechnical, Husband,*,Male,0,0,40,North America,<=50K
26352,"[50, 60[", State-gov,276241,Undergraduate,13,Married-civ-spouse,Nontechnical, Husband,*,Male,0,0,40,North America,>50K
26353,"[40, 50[", State-gov,175109,Undergraduate,10,Married-civ-spouse,Technical, Husband,*,Male,0,0,50,North America,>50K
26354,"[40, 50[", Private,498079,Undergraduate,13,Divorced,Nontechnical, Unmarried,*,Female,0,0,40,North America,<=50K
26355,"[20, 30[", Federal-gov,344394,Undergraduate,10,Married-civ-spouse,Other, Other-relative,*,Female,0,0,40,North America,<=50K
26357,"[20, 30[", Private,245302,Undergraduate,10,Divorced,Nontechnical, Own-child,*,Female,0,0,40,North America,<=50K
26358,"[60, 70[", Private,43313,High School,6,Married-civ-spouse,Technical, Husband,*,Male,0,0,40,North America,<=50K
26359,"[30, 40[", Private,188467,High School,9,Never-married,Other, Not-in-family,*,Male,0,0,40,North America,<=50K
26360,"[50, 60[", Self-emp-inc,351278,Undergraduate,13,Divorced,Other, Unmarried,*,Male,0,0,50,North America,<=50K
26361,"[30, 40[", Private,182246,High School,9,Divorced,Technical, Not-in-family,*,Male,0,0,45,North America,<=50K
26364,"[30, 40[", Private,387116,Undergraduate,10,Never-married,Other, Not-in-family,*,Female,0,0,36,North America,<=50K
26365,"[40, 50[", Private,34248,Professional Education,11,Married-civ-spouse,Nontechnical, Husband,*,Male,0,0,40,North America,>50K
26366,"[50, 60[", State-gov,198741,Undergraduate,10,Married-civ-spouse,Other, Husband,*,Male,0,0,40,North America,>50K
26367,"[20, 30[", Private,32950,Undergraduate,10,Never-married,Nontechnical, Not-in-family,*,Male,0,0,40,North America,<=50K
26368,"[30, 40[", Private,381153,High School,9,Married-civ-spouse,Nontechnical, Husband,*,Male,0,0,40,North America,>50K
26369,"[40, 50[", Private,100067,High School,7,Married-civ-spouse,Other, Wife,*,Female,0,0,35,North America,>50K
26370,"[30, 40[", Private,208785,Professional Education,12,Divorced,Nontechnical, Not-in-family,*,Male,0,0,50,North America,>50K
26371,"[30, 40[", Private,61559,High School,9,Never-married,Other, Not-in-family,*,Male,0,0,50,North America,<=50K
26373,"[40, 50[", ?,128700,High School,9,Never-married,Other, Own-child,*,Female,0,0,40,North America,<=50K
26374,"[20, 30[", Self-emp-not-inc,328518,Professional Education,11,Never-married,Technical, Other-relative,*,Male,0,0,30,North America,<=50K
26375,"[30, 40[", ?,201196,High School,7,Never-married,Other, Own-child,*,Female,0,0,40,North America,<=50K
26376,"[20, 30[", Private,378546,Undergraduate,10,Never-married,Technical, Own-child,*,Male,0,0,40,North America,<=50K
26378,"[50, 60[", Federal-gov,178660,Professional Education,12,Married-civ-spouse,Other, Husband,*,Male,0,0,40,North America,<=50K
26379,"[50, 60[", Private,235826,High School,9,Married-civ-spouse,Technical, Husband,*,Male,5013,0,40,North America,<=50K
26380,"[30, 40[", Self-emp-not-inc,22641,High School,9,Married-civ-spouse,Other, Husband,*,Male,0,0,40,North America,<=50K
26381,"[50, 60[", Private,316027,High School,9,Married-civ-spouse,Other, Husband,*,Male,0,0,45,North America,<=50K
26382,"[40, 50[", Private,431515,Professional Education,11,Married-civ-spouse,Technical, Husband,*,Male,0,0,40,North America,>50K
26383,"[50, 60[", Self-emp-not-inc,149770,High School,9,Divorced,Nontechnical, Not-in-family,*,Female,0,0,44,North America,<=50K
26384,"[40, 50[", Private,165916,Undergraduate,13,Divorced,Other, Unmarried,*,Female,0,0,45,North America,<=50K
26385,"[20, 30[", Federal-gov,107411,Undergraduate,10,Married-spouse-absent,Other, Own-child,*,Female,0,0,40,North America,<=50K
26386,"[20, 30[", Private,217961,High School,9,Never-married,Technical, Unmarried,*,Male,0,0,45,North America,<=50K
26387,"[40, 50[", Self-emp-not-inc,350387,High School,9,Married-civ-spouse,Technical, Husband,*,Male,0,0,60,North America,<=50K
26388,"[40, 50[", Private,325372,Undergraduate,10,Married-civ-spouse,Nontechnical, Husband,*,Male,0,0,40,North America,<=50K
26389,"[30, 40[", Private,156718,Undergraduate,10,Separated,Other, Not-in-family,*,Female,0,0,40,North America,<=50K
26390,"[20, 30[", Private,216472,Undergraduate,10,Never-married,Technical, Own-child,*,Female,0,0,20,North America,<=50K
26391,"[20, 30[", State-gov,106972,Graduate,14,Never-married,Technical, Not-in-family,*,Female,0,0,35,North America,<=50K
26392,"[30, 40[", Private,131934,High School,9,Divorced,Nontechnical, Not-in-family,*,Female,0,0,45,North America,<=50K
26393,"[30, 40[", Local-gov,365908,High School,9,Married-civ-spouse,Other, Husband,*,Male,2105,0,40,North America,<=50K
26394,"[40, 50[", Local-gov,359193,Undergraduate,10,Divorced,Other, Unmarried,*,Female,0,0,45,North America,<=50K
26396,"[30, 40[", Private,272944,Undergraduate,13,Married-civ-spouse,Nontechnical, Husband,*,Male,0,1887,40,North America,>50K
26397,"[20, 30[", Private,113654,High School,9,Separated,Nontechnical, Unmarried,*,Female,0,0,37,North America,<=50K
26398,"[30, 40[", Private,218955,Undergraduate,13,Married-civ-spouse,Nontechnical, Husband,*,Male,0,0,40,North America,<=50K
26399,"[30, 40[", Private,115963,High School,4,Never-married,Technical, Unmarried,*,Male,0,0,42,North America,<=50K
26400,"[30, 40[", Private,80638,Undergraduate,10,Married-civ-spouse,Other, Husband,*,Male,0,0,84,North America,>50K
26401,"[30, 40[", Private,147258,Undergraduate,10,Married-civ-spouse,Technical, Husband,*,Male,0,0,55,North America,<=50K
26402,"[20, 30[", Private,214635,High School,9,Never-married,Technical, Not-in-family,*,Male,0,0,42,North America,<=50K
26403,"[20, 30[", Private,200318,High School,9,Married-civ-spouse,Other, Husband,*,Male,0,0,60,North America,<=50K
26404,"[50, 60[", Private,138270,High School,9,Married-civ-spouse,Nontechnical, Wife,*,Female,0,0,40,North America,<=50K
26408,"[20, 30[", Private,175183,High School,9,Never-married,Other, Not-in-family,*,Female,0,0,40,North America,<=50K
26409,"[40, 50[", Private,99870,Undergraduate,13,Married-civ-spouse,Nontechnical, Husband,*,Male,0,0,55,North America,<=50K
26410,"[30, 40[", ?,107479,High School,5,Never-married,Other, Own-child,*,Female,0,0,12,North America,<=50K
26411,"[60, 70[", Private,113440,Undergraduate,13,Divorced,Nontechnical, Own-child,*,Male,0,0,60,North America,<=50K
26412,"[10, 20[", Private,85690,High School,9,Never-married,Technical, Unmarried,*,Male,0,0,30,North America,<=50K
26413,"[20, 30[", Private,45713,Undergraduate,10,Never-married,Technical, Other-relative,*,Male,0,0,40,North America,<=50K
26414,"[50, 60[", Self-emp-inc,376230,Graduate,14,Married-civ-spouse,Nontechnical, Husband,*,Male,99999,0,40,North America,>50K
26416,"[10, 20[", ?,67808,High School,6,Never-married,Other, Own-child,*,Male,0,0,40,North America,<=50K
26417,"[20, 30[", Private,113936,Undergraduate,13,Never-married,Technical, Own-child,*,Male,0,0,40,North America,<=50K
26418,"[30, 40[", Private,158291,High School,9,Married-civ-spouse,Technical, Husband,*,Male,0,0,50,North America,>50K
26419,"[20, 30[", Private,193898,Undergraduate,13,Married-civ-spouse,Nontechnical, Husband,*,Male,0,0,45,North America,>50K
26420,"[40, 50[", Private,191982,Professional Education,11,Never-married,Other, Own-child,*,Female,0,0,55,North America,<=50K
26421,"[20, 30[", ?,72953,Undergraduate,10,Never-married,Other, Own-child,*,Male,0,0,40,North America,<=50K
26423,"[20, 30[", Private,33087,High School,9,Married-civ-spouse,Other, Husband,*,Male,0,0,45,North America,<=50K
26424,"[20, 30[", Private,106153,High School,9,Never-married,Technical, Not-in-family,*,Male,0,0,50,North America,<=50K
26425,"[20, 30[", Private,29444,High School,8,Never-married,Other, Not-in-family,*,Male,0,0,50,North America,<=50K
26426,"[30, 40[", Private,105021,Undergraduate,13,Married-civ-spouse,Nontechnical, Husband,*,Male,0,0,50,North America,>50K
26427,"[30, 40[", Self-emp-not-inc,239045,Graduate,16,Married-civ-spouse,Technical, Husband,*,Male,0,0,50,North America,>50K
26428,"[30, 40[", Private,94413,Undergraduate,10,Married-civ-spouse,Nontechnical, Husband,*,Male,0,0,40,North America,<=50K
26429,"[40, 50[", Private,20534,Undergraduate,10,Married-civ-spouse,Technical, Husband,*,Male,0,0,84,North America,>50K
26430,"[20, 30[", Private,350254,Primary School,2,Never-married,Other, Not-in-family,*,Female,0,0,40,North America,<=50K
26431,"[60, 70[", Private,194746,Graduate,16,Divorced,Technical, Not-in-family,*,Female,0,0,40,North America,<=50K
26433,"[20, 30[", Private,447488,High School,5,Never-married,Other, Unmarried,*,Male,0,0,30,North America,<=50K
26434,"[20, 30[", Private,267706,Undergraduate,10,Never-married,Technical, Own-child,*,Female,0,0,45,North America,<=50K
26435,"[30, 40[", Private,198216,Undergraduate,10,Divorced,Nontechnical, Unmarried,*,Female,0,0,40,North America,<=50K
26436,"[30, 40[", Private,227931,Undergraduate,13,Never-married,Nontechnical, Not-in-family,*,Female,0,0,40,North America,<=50K
26437,"[30, 40[", Private,252646,Undergraduate,10,Married-civ-spouse,Technical, Husband,*,Male,7298,0,50,North America,>50K
26439,"[20, 30[", Private,181776,Undergraduate,13,Never-married,Other, Not-in-family,*,Female,0,0,50,North America,<=50K
26440,"[30, 40[", Private,132601,Professional Education,15,Married-civ-spouse,Technical, Husband,*,Male,0,0,40,North America,>50K
26441,"[50, 60[", Private,205410,High School,9,Married-civ-spouse,Technical, Husband,*,Male,0,0,40,North America,<=50K
26442,"[60, 70[", Self-emp-inc,185912,Professional Education,15,Married-civ-spouse,Technical, Husband,*,Male,99999,0,35,North America,>50K
26443,"[30, 40[", Private,292570,Undergraduate,10,Never-married,Nontechnical, Own-child,*,Female,0,0,50,North America,<=50K
26444,"[40, 50[", Private,76460,High School,9,Never-married,Other, Not-in-family,*,Female,0,0,40,North America,<=50K
26445,"[20, 30[", Private,295163,High School,8,Divorced,Other, Not-in-family,*,Male,0,0,40,North America,<=50K
26446,"[20, 30[", Private,27255,Undergraduate,10,Never-married,Other, Own-child,*,Male,0,0,40,Unknown,<=50K
26447,"[20, 30[", Private,69847,Undergraduate,13,Never-married,Technical, Own-child,*,Female,0,0,20,North America,<=50K
26448,"[20, 30[", Private,104993,High School,5,Never-married,Nontechnical, Own-child,*,Male,2907,0,40,North America,<=50K
26449,"[40, 50[", Private,322980,High School,9,Separated,Other, Not-in-family,*,Male,2354,0,40,North America,<=50K
26450,"[20, 30[", ?,390608,High School,9,Never-married,Other, Not-in-family,*,Female,0,0,36,North America,<=50K
26451,"[40, 50[", Private,317539,Undergraduate,10,Married-civ-spouse,Technical, Husband,*,Male,0,0,40,North America,<=50K
26452,"[20, 30[", Private,195678,Undergraduate,13,Married-civ-spouse,Technical, Husband,*,Male,0,0,40,North America,<=50K
26453,"[50, 60[", Private,466502,High School,4,Widowed,Other, Unmarried,*,Male,0,0,30,North America,<=50K
26454,"[20, 30[", Local-gov,220754,High School,9,Separated,Other, Own-child,*,Female,0,0,25,North America,<=50K
26455,"[20, 30[", Private,202878,High School,4,Married-civ-spouse,Other, Husband,*,Male,0,2042,40,North America,<=50K
26456,"[30, 40[", Private,343476,High School,9,Divorced,Technical, Not-in-family,*,Male,0,0,30,North America,<=50K
26457,"[40, 50[", Self-emp-inc,93227,Undergraduate,13,Married-civ-spouse,Nontechnical, Husband,*,Male,0,1977,60,Asia,>50K
26458,"[60, 70[", Self-emp-not-inc,38622,Undergraduate,10,Married-civ-spouse,Nontechnical, Husband,*,Male,0,0,40,North America,<=50K
26459,"[30, 40[", State-gov,173730,Graduate,14,Married-civ-spouse,Nontechnical, Husband,*,Male,0,0,38,North America,<=50K
26461,"[20, 30[", Private,300783,Undergraduate,10,Married-civ-spouse,Nontechnical, Wife,*,Female,0,0,42,North America,>50K
26462,"[60, 70[", Private,224644,High School,6,Married-civ-spouse,Nontechnical, Husband,*,Male,0,0,40,North America,<=50K
26463,"[30, 40[", Private,191502,Professional Education,11,Married-civ-spouse,Technical, Husband,*,Male,0,0,40,North America,<=50K
26464,"[50, 60[", Private,61885,High School,8,Divorced,Other, Other-relative,*,Male,0,0,35,North America,<=50K
26465,"[30, 40[", Self-emp-not-inc,213887,Graduate,16,Married-civ-spouse,Technical, Husband,*,Male,0,0,32,North America,>50K
26466,"[30, 40[", Private,331395,Professional Education,11,Married-civ-spouse,Nontechnical, Husband,*,Male,0,0,40,North America,<=50K
26467,"[50, 60[", Private,145098,Undergraduate,10,Married-civ-spouse,Nontechnical, Husband,*,Male,0,0,40,North America,>50K
26468,"[40, 50[", Private,123075,Professional Education,11,Married-civ-spouse,Technical, Husband,*,Male,0,0,40,North America,>50K
26469,"[10, 20[", Private,216804,High School,4,Never-married,Other, Own-child,*,Male,0,0,33,North America,<=50K
26470,"[40, 50[", Private,188291,Professional Education,15,Married-civ-spouse,Technical, Husband,*,Male,0,0,40,North America,>50K
26471,"[20, 30[", Private,33610,High School,9,Never-married,Nontechnical, Not-in-family,*,Male,0,0,45,North America,<=50K
26473,"[30, 40[", Self-emp-not-inc,349148,Undergraduate,10,Married-civ-spouse,Technical, Husband,*,Male,0,0,40,North America,<=50K
26474,"[30, 40[", Private,168443,High School,9,Separated,Other, Unmarried,*,Female,0,0,30,North America,<=50K
26475,"[40, 50[", Private,211860,High School,9,Never-married,Other, Unmarried,*,Female,0,0,24,North America,<=50K
26476,"[30, 40[", Private,193961,Undergraduate,13,Married-civ-spouse,Technical, Husband,*,Male,0,0,40,Asia,>50K
26477,"[30, 40[", Local-gov,52532,Graduate,16,Married-civ-spouse,Technical, Husband,*,Male,0,1887,50,North America,>50K
26478,"[50, 60[", Self-emp-not-inc,75804,High School,9,Married-civ-spouse,Other, Husband,*,Male,0,0,65,North America,>50K
26479,"[30, 40[", Self-emp-not-inc,176185,High School,9,Married-civ-spouse,Technical, Husband,*,Male,0,0,40,North America,<=50K
26480,"[20, 30[", Private,306779,Undergraduate,10,Never-married,Nontechnical, Own-child,*,Male,0,0,50,North America,<=50K
26481,"[40, 50[", Private,265192,High School,9,Married-civ-spouse,Technical, Husband,*,Male,0,0,45,North America,<=50K
26482,"[50, 60[", Private,139347,High School,9,Widowed,Other, Unmarried,*,Female,0,0,40,North America,<=50K
26483,"[40, 50[", Private,107682,Undergraduate,10,Divorced,Other, Not-in-family,*,Female,0,0,38,North America,<=50K
26484,"[30, 40[", Private,34173,Undergraduate,13,Never-married,Technical, Not-in-family,*,Female,0,0,40,North America,<=50K
26485,"[40, 50[", Private,128378,High School,9,Married-civ-spouse,Technical, Husband,*,Male,0,0,40,North America,<=50K
26487,"[40, 50[", Private,59287,Undergraduate,10,Married-civ-spouse,Technical, Husband,*,Male,0,0,40,North America,<=50K
26488,"[30, 40[", Self-emp-not-inc,162442,Undergraduate,13,Married-civ-spouse,Nontechnical, Wife,*,Female,0,0,40,North America,>50K
26489,"[20, 30[", ?,350603,High School,6,Never-married,Other, Own-child,*,Female,0,0,38,North America,<=50K
26490,"[30, 40[", Private,344743,Undergraduate,10,Married-civ-spouse,Other, Own-child,*,Female,0,0,50,North America,>50K
26491,"[30, 40[", Private,112077,High School,9,Married-civ-spouse,Nontechnical, Husband,*,Male,5013,0,40,North America,<=50K
26492,"[20, 30[", Private,176795,Undergraduate,13,Never-married,Other, Own-child,*,Female,0,0,40,North America,>50K
26493,"[50, 60[", Private,137815,Undergraduate,10,Married-civ-spouse,Other, Husband,*,Male,7298,0,40,North America,>50K
26495,"[30, 40[", Private,336880,High School,9,Married-civ-spouse,Technical, Husband,*,Male,0,0,40,North America,>50K
26496,"[20, 30[", Private,206600,High School,7,Never-married,Other, Other-relative,*,Male,0,0,30,North America,<=50K
26497,"[20, 30[", Private,193051,Undergraduate,13,Married-civ-spouse,Technical, Husband,*,Male,0,0,35,North America,<=50K
26498,"[60, 70[", Federal-gov,229062,Undergraduate,10,Married-civ-spouse,Other, Husband,*,Male,0,1887,40,North America,>50K
26499,"[40, 50[", Private,62793,High School,9,Divorced,Nontechnical, Own-child,*,Female,0,0,40,North America,<=50K
26500,"[50, 60[", Private,264939,Undergraduate,13,Never-married,Technical, Not-in-family,*,Female,0,0,45,North America,<=50K
26501,"[50, 60[", Private,370552,Primary School,1,Married-civ-spouse,Technical, Husband,*,Male,0,0,40,North America,<=50K
26502,"[50, 60[", Private,163678,High School,9,Married-civ-spouse,Other, Husband,*,Male,0,0,55,North America,<=50K
26503,"[70, 80[", ?,89667,Undergraduate,13,Widowed,Other, Not-in-family,*,Female,0,0,35,North America,<=50K
26504,"[50, 60[", Private,558490,High School,9,Divorced,Other, Not-in-family,*,Male,0,0,40,North America,<=50K
26505,"[20, 30[", Private,124680,Undergraduate,13,Never-married,Nontechnical, Not-in-family,*,Female,13550,0,35,North America,>50K
26506,"[70, 80[", Private,208843,High School,4,Widowed,Other, Not-in-family,*,Male,0,0,30,North America,<=50K
26507,"[10, 20[", Private,95078,High School,9,Never-married,Other, Own-child,*,Female,0,0,15,North America,<=50K
26508,"[20, 30[", Private,169679,High School,9,Married-civ-spouse,Other, Husband,*,Male,0,0,40,North America,<=50K
26509,"[40, 50[", Private,101320,High School,9,Divorced,Other, Unmarried,*,Female,0,0,40,North America,<=50K
26510,"[30, 40[", Private,168906,Professional Education,12,Divorced,Other, Own-child,*,Female,0,0,35,North America,<=50K
26511,"[20, 30[", Private,212582,Undergraduate,10,Never-married,Other, Own-child,*,Female,0,0,16,North America,<=50K
26513,"[60, 70[", ?,170529,Undergraduate,13,Married-civ-spouse,Other, Wife,*,Female,0,0,45,North America,<=50K
26514,"[20, 30[", Private,99897,Undergraduate,10,Married-civ-spouse,Technical, Husband,*,Male,0,0,40,North America,<=50K
26515,"[40, 50[", Private,104892,Undergraduate,10,Married-civ-spouse,Other, Husband,*,Male,2829,0,40,North America,<=50K
26517,"[20, 30[", Private,149704,High School,9,Never-married,Other, Own-child,*,Female,0,0,40,North America,<=50K
26518,"[30, 40[", Federal-gov,214542,Undergraduate,10,Divorced,Other, Unmarried,*,Female,0,0,40,North America,<=50K
26519,"[30, 40[", Private,167319,Undergraduate,13,Married-civ-spouse,Nontechnical, Husband,*,Male,0,0,40,North America,<=50K
26520,"[30, 40[", State-gov,43716,Undergraduate,10,Married-civ-spouse,Technical, Husband,*,Male,0,0,4,North America,<=50K
26521,"[20, 30[", Private,191935,Professional Education,12,Never-married,Nontechnical, Own-child,*,Male,0,0,20,North America,<=50K
26522,"[70, 80[", ?,158642,High School,9,Widowed,Other, Not-in-family,*,Female,2993,0,20,North America,<=50K
26523,"[30, 40[", Private,338611,Undergraduate,10,Divorced,Other, Unmarried,*,Female,0,0,40,North America,<=50K
26524,"[40, 50[", Private,136419,Professional Education,12,Married-civ-spouse,Technical, Husband,*,Male,0,0,75,North America,>50K
26525,"[10, 20[", Private,72321,High School,7,Never-married,Other, Other-relative,*,Female,0,0,12,North America,<=50K
26526,"[40, 50[", Local-gov,189956,Undergraduate,13,Married-civ-spouse,Technical, Wife,*,Female,0,0,40,North America,>50K
26527,"[40, 50[", Private,403782,Professional Education,11,Divorced,Nontechnical, Not-in-family,*,Male,0,0,45,North America,<=50K
26528,"[40, 50[", Private,456661,High School,4,Married-civ-spouse,Technical, Husband,*,Male,0,0,40,North America,<=50K
26529,"[20, 30[", Private,279041,High School,9,Never-married,Nontechnical, Own-child,*,Male,0,0,40,North America,<=50K
26530,"[30, 40[", Self-emp-not-inc,65716,Professional Education,11,Divorced,Other, Unmarried,*,Female,0,0,40,North America,<=50K
26531,"[30, 40[", Private,189809,Undergraduate,10,Married-civ-spouse,Nontechnical, Husband,*,Male,0,0,52,North America,<=50K
26532,"[60, 70[", Local-gov,223637,High School,9,Divorced,Other, Not-in-family,*,Female,0,0,35,North America,<=50K
26533,"[20, 30[", Local-gov,199343,High School,9,Married-civ-spouse,Other, Husband,*,Male,0,0,38,North America,<=50K
26534,"[50, 60[", Private,139344,Undergraduate,10,Married-civ-spouse,Other, Wife,*,Female,0,0,40,North America,>50K
26535,"[30, 40[", Private,119098,Graduate,14,Married-civ-spouse,Nontechnical, Husband,*,Male,0,0,40,North America,<=50K
26536,"[30, 40[", Private,195025,High School,9,Separated,Other, Unmarried,*,Female,0,0,32,North America,<=50K
26537,"[20, 30[", Private,186720,Undergraduate,10,Never-married,Other, Own-child,*,Female,0,0,50,North America,<=50K
26538,"[20, 30[", Private,328923,High School,9,Never-married,Other, Other-relative,*,Female,0,0,38,North America,<=50K
26539,"[50, 60[", State-gov,159472,High School,5,Married-civ-spouse,Other, Husband,*,Male,0,0,40,North America,<=50K
26540,"[40, 50[", Private,138662,Undergraduate,10,Separated,Other, Own-child,*,Female,0,0,40,North America,<=50K
26542,"[30, 40[", Private,181705,High School,9,Married-civ-spouse,Technical, Husband,*,Male,0,0,45,North America,<=50K
26543,"[40, 50[", Private,193882,Undergraduate,13,Married-civ-spouse,Other, Husband,*,Male,0,0,40,North America,<=50K
26545,"[30, 40[", Self-emp-inc,124919,Undergraduate,13,Married-civ-spouse,Other, Husband,*,Male,0,0,50,Asia,>50K
26547,"[50, 60[", Private,256274,High School,9,Divorced,Other, Not-in-family,*,Female,0,0,40,North America,<=50K
26548,"[40, 50[", Private,326379,High School,9,Divorced,Technical, Not-in-family,*,Male,0,0,40,North America,<=50K
26549,"[60, 70[", ?,174995,Undergraduate,10,Married-civ-spouse,Other, Husband,*,Male,0,2457,40,North America,<=50K
26550,"[30, 40[", Private,243142,High School,9,Divorced,Technical, Unmarried,*,Female,0,0,40,North America,<=50K
26551,"[50, 60[", Local-gov,155118,Graduate,14,Married-civ-spouse,Technical, Wife,*,Female,0,0,70,North America,>50K
26552,"[50, 60[", Private,189607,Undergraduate,13,Never-married,Other, Own-child,*,Female,0,0,36,North America,<=50K
26553,"[20, 30[", Private,39478,Undergraduate,10,Never-married,Technical, Not-in-family,*,Male,0,0,70,North America,<=50K
26554,"[30, 40[", Private,206951,Undergraduate,10,Married-civ-spouse,Nontechnical, Husband,*,Male,0,0,40,North America,>50K
26555,"[20, 30[", Private,127647,High School,9,Never-married,Other, Own-child,*,Female,0,0,36,North America,<=50K
26556,"[30, 40[", Private,234298,Undergraduate,13,Divorced,Nontechnical, Not-in-family,*,Male,6849,0,60,North America,<=50K
26557,"[40, 50[", Private,182302,High School,9,Married-civ-spouse,Nontechnical, Husband,*,Male,0,0,40,North America,<=50K
26558,"[40, 50[", State-gov,166597,Graduate,14,Married-civ-spouse,Other, Husband,*,Male,0,0,40,North America,>50K
26559,"[20, 30[", Self-emp-not-inc,33363,High School,9,Married-civ-spouse,Other, Husband,*,Male,0,0,70,North America,>50K
26560,"[70, 80[", Self-emp-inc,167537,Undergraduate,10,Married-civ-spouse,Nontechnical, Husband,*,Male,0,0,35,North America,>50K
26561,"[30, 40[", Private,179378,High School,9,Married-civ-spouse,Nontechnical, Wife,*,Female,0,0,40,North America,<=50K
26562,"[50, 60[", State-gov,297551,High School,9,Married-civ-spouse,Technical, Husband,*,Male,0,0,52,North America,<=50K
26564,"[40, 50[", Private,240504,High School,9,Married-civ-spouse,Nontechnical, Husband,*,Male,0,0,40,North America,<=50K
26565,"[20, 30[", Self-emp-not-inc,169662,High School,9,Married-civ-spouse,Technical, Husband,*,Male,0,0,40,North America,<=50K
26566,"[30, 40[", ?,164940,High School,9,Separated,Other, Unmarried,*,Female,0,0,25,North America,<=50K
26567,"[60, 70[", Private,210488,High School,9,Married-civ-spouse,Nontechnical, Husband,*,Male,0,0,50,North America,>50K
26568,"[20, 30[", Private,154835,Undergraduate,10,Never-married,Other, Own-child,*,Female,0,0,40,Asia,<=50K
26569,"[20, 30[", Private,333296,Undergraduate,13,Never-married,Other, Not-in-family,*,Male,0,0,30,Unknown,<=50K
26570,"[40, 50[", Private,192793,Graduate,16,Married-civ-spouse,Technical, Husband,*,Male,0,0,40,Asia,>50K
26571,"[30, 40[", Private,49436,Professional Education,12,Divorced,Technical, Unmarried,*,Female,0,1380,40,North America,<=50K
26572,"[30, 40[", Private,136331,High School,9,Married-civ-spouse,Technical, Husband,*,Male,0,0,40,North America,<=50K
26573,"[20, 30[", Private,509048,High School,9,Never-married,Nontechnical, Other-relative,*,Female,0,0,37,North America,<=50K
26574,"[30, 40[", Private,318610,Undergraduate,10,Divorced,Other, Unmarried,*,Female,0,0,40,North America,<=50K
26575,"[40, 50[", Private,104521,Undergraduate,10,Married-civ-spouse,Technical, Husband,*,Male,0,0,40,North America,<=50K
26576,"[40, 50[", Private,247695,High School,9,Married-civ-spouse,Technical, Husband,*,Male,0,0,45,North America,>50K
26578,"[20, 30[", Private,169699,High School,9,Never-married,Other, Not-in-family,*,Female,0,0,40,North America,<=50K
26579,"[40, 50[", State-gov,131302,Professional Education,11,Divorced,Other, Not-in-family,*,Female,0,0,44,North America,<=50K
26581,"[30, 40[", State-gov,340091,Graduate,16,Married-civ-spouse,Technical, Wife,*,Female,0,0,36,North America,>50K
26582,"[20, 30[", Private,204641,High School,9,Never-married,Other, Own-child,*,Male,0,0,20,North America,<=50K
26583,"[40, 50[", Private,213431,High School,9,Separated,Technical, Unmarried,*,Female,0,0,40,North America,<=50K
26584,"[40, 50[", State-gov,377018,Undergraduate,13,Married-civ-spouse,Technical, Husband,*,Male,0,0,60,North America,>50K
26585,"[20, 30[", Private,184543,Undergraduate,10,Divorced,Other, Unmarried,*,Female,0,0,40,North America,<=50K
26586,"[60, 70[", ?,188236,High School,9,Divorced,Other, Not-in-family,*,Female,0,0,40,North America,<=50K
26587,"[60, 70[", Private,233022,High School,7,Widowed,Other, Unmarried,*,Female,0,0,20,North America,<=50K
26588,"[20, 30[", Private,177420,Undergraduate,10,Never-married,Other, Not-in-family,*,Female,0,0,40,North America,<=50K
26589,"[60, 70[", Self-emp-not-inc,21101,High School,9,Married-civ-spouse,Other, Husband,*,Male,0,0,50,North America,<=50K
26590,"[10, 20[", Private,52486,High School,7,Never-married,Other, Own-child,*,Female,0,0,12,North America,<=50K
26591,"[40, 50[", Private,183273,Graduate,14,Married-civ-spouse,Nontechnical, Wife,*,Female,15024,0,32,North America,>50K
26592,"[40, 50[", State-gov,36177,Undergraduate,13,Married-civ-spouse,Nontechnical, Husband,*,Male,0,0,45,North America,>50K
26593,"[40, 50[", Private,124956,Undergraduate,13,Separated,Technical, Not-in-family,*,Female,99999,0,60,North America,>50K
26594,"[30, 40[", Private,102350,Undergraduate,10,Divorced,Technical, Unmarried,*,Male,0,0,40,North America,<=50K
26595,"[30, 40[", Private,165930,High School,9,Married-civ-spouse,Technical, Husband,*,Male,0,0,40,North America,<=50K
26596,"[30, 40[", Private,297574,Professional Education,12,Married-civ-spouse,Nontechnical, Husband,*,Male,0,0,99,North America,>50K
26597,"[40, 50[", Private,120277,Undergraduate,10,Never-married,Nontechnical, Not-in-family,*,Male,0,0,40,North America,<=50K
26598,"[20, 30[", ?,87569,Undergraduate,10,Separated,Other, Not-in-family,*,Female,0,0,40,North America,<=50K
26599,"[10, 20[", ?,278220,Undergraduate,10,Never-married,Other, Own-child,*,Female,0,1602,40,North America,<=50K
26600,"[40, 50[", Private,155972,High School,9,Married-civ-spouse,Other, Husband,*,Male,0,0,60,North America,>50K
26601,"[40, 50[", State-gov,162852,High School,9,Divorced,Other, Unmarried,*,Female,0,0,40,North America,<=50K
26602,"[20, 30[", Private,64860,Undergraduate,10,Married-spouse-absent,Other, Unmarried,*,Female,0,0,22,North America,<=50K
26603,"[30, 40[", Private,226013,High School,9,Married-civ-spouse,Technical, Husband,*,Male,5178,0,40,North America,>50K
26604,"[20, 30[", Private,322674,Professional Education,12,Never-married,Nontechnical, Not-in-family,*,Male,0,0,48,North America,<=50K
26605,"[60, 70[", Private,202242,High School,9,Married-civ-spouse,Technical, Husband,*,Male,0,0,48,North America,<=50K
26607,"[20, 30[", Private,201682,Undergraduate,13,Married-civ-spouse,Other, Other-relative,*,Female,0,0,40,North America,<=50K
26608,"[60, 70[", Private,166330,High School,9,Married-civ-spouse,Other, Wife,*,Female,0,0,40,North America,<=50K
26609,"[10, 20[", Self-emp-inc,147612,High School,9,Never-married,Other, Own-child,*,Female,0,0,8,North America,<=50K
26610,"[40, 50[", Local-gov,213154,Undergraduate,10,Married-civ-spouse,Other, Wife,*,Female,0,0,40,North America,<=50K
26611,"[40, 50[", Local-gov,33798,Graduate,14,Never-married,Technical, Not-in-family,*,Female,0,0,40,North America,<=50K
26615,"[30, 40[", Private,187203,High School,9,Never-married,Nontechnical, Other-relative,*,Male,0,0,40,North America,<=50K
26617,"[30, 40[", Self-emp-not-inc,361817,High School,9,Separated,Technical, Unmarried,*,Male,0,0,50,North America,<=50K
26618,"[60, 70[", Self-emp-not-inc,226546,Professional Education,15,Married-civ-spouse,Technical, Husband,*,Male,0,0,16,North America,<=50K
26619,"[20, 30[", Private,100168,High School,4,Married-civ-spouse,Other, Wife,*,Female,0,0,40,North America,<=50K
26620,"[40, 50[", Federal-gov,272625,Professional Education,11,Divorced,Other, Unmarried,*,Female,0,0,40,North America,>50K
26621,"[50, 60[", Private,254516,High School,5,Never-married,Nontechnical, Other-relative,*,Male,0,0,37,North America,<=50K
26622,"[40, 50[", Private,207375,High School,9,Never-married,Nontechnical, Not-in-family,*,Female,0,0,50,North America,<=50K
26623,"[20, 30[", Private,39092,Undergraduate,10,Married-civ-spouse,Nontechnical, Husband,*,Male,4064,0,50,North America,<=50K
26624,"[40, 50[", Private,48271,Undergraduate,10,Married-civ-spouse,Other, Wife,*,Female,0,0,40,North America,>50K
26625,"[60, 70[", Self-emp-not-inc,152102,High School,9,Widowed,Other, Not-in-family,*,Male,0,0,65,North America,<=50K
26626,"[20, 30[", Private,234665,Professional Education,11,Married-civ-spouse,Technical, Husband,*,Male,0,0,45,North America,<=50K
26627,"[30, 40[", Self-emp-inc,127651,High School,9,Married-civ-spouse,Technical, Husband,*,Male,0,1887,48,North America,>50K
26628,"[20, 30[", Private,180060,Undergraduate,13,Never-married,Nontechnical, Unmarried,*,Male,0,0,40,North America,<=50K
26629,"[10, 20[", Private,32477,Undergraduate,10,Never-married,Other, Own-child,*,Male,0,0,20,North America,<=50K
26630,"[20, 30[", Private,137658,Undergraduate,13,Never-married,Nontechnical, Not-in-family,*,Female,0,0,45,North America,<=50K
26631,"[60, 70[", Private,228287,High School,9,Married-civ-spouse,Technical, Husband,*,Male,0,0,50,North America,<=50K
26633,"[40, 50[", Private,33310,High School,9,Divorced,Other, Not-in-family,*,Female,0,0,40,North America,<=50K
26634,"[50, 60[", Private,270546,High School,9,Divorced,Other, Not-in-family,*,Female,0,0,20,North America,<=50K
26635,"[50, 60[", Federal-gov,290290,Undergraduate,10,Divorced,Other, Not-in-family,*,Male,0,0,45,North America,<=50K
26636,"[40, 50[", Self-emp-inc,287037,High School,8,Divorced,Technical, Not-in-family,*,Male,0,0,10,North America,<=50K
26637,"[30, 40[", Private,128516,High School,9,Married-civ-spouse,Other, Wife,*,Female,0,0,40,North America,>50K
26638,"[50, 60[", Self-emp-not-inc,185195,Undergraduate,13,Married-civ-spouse,Nontechnical, Husband,*,Male,0,0,99,North America,<=50K
26639,"[30, 40[", Federal-gov,49657,Undergraduate,13,Married-civ-spouse,Technical, Husband,*,Male,7298,0,40,North America,>50K
26640,"[10, 20[", Private,98005,High School,7,Never-married,Nontechnical, Own-child,*,Female,0,0,16,North America,<=50K
26641,"[50, 60[", Self-emp-not-inc,283635,Professional Education,15,Divorced,Technical, Not-in-family,*,Female,0,0,35,North America,<=50K
26642,"[30, 40[", Private,98360,High School,9,Married-civ-spouse,Nontechnical, Husband,*,Male,0,0,40,North America,<=50K
26643,"[40, 50[", Local-gov,202872,Graduate,14,Married-civ-spouse,Technical, Wife,*,Female,0,0,40,North America,>50K
26644,"[50, 60[", Self-emp-not-inc,118365,High School,6,Divorced,Other, Not-in-family,*,Female,0,0,10,North America,<=50K
26645,"[40, 50[", Self-emp-not-inc,184285,Undergraduate,13,Divorced,Technical, Not-in-family,*,Male,0,0,45,North America,<=50K
26646,"[40, 50[", Private,345831,Undergraduate,10,Married-civ-spouse,Technical, Husband,*,Male,0,0,40,North America,>50K
26648,"[30, 40[", Private,253354,Undergraduate,13,Married-civ-spouse,Technical, Husband,*,Male,0,0,50,North America,<=50K
26649,"[20, 30[", Private,190650,Undergraduate,13,Never-married,Other, Own-child,*,Male,0,0,40,Asia,<=50K
26650,"[30, 40[", Private,287737,Undergraduate,10,Married-civ-spouse,Nontechnical, Wife,*,Female,0,1485,40,North America,>50K
26651,"[10, 20[", Private,204389,High School,9,Never-married,Other, Own-child,*,Female,0,0,25,North America,<=50K
26652,"[30, 40[", Federal-gov,294870,Professional Education,12,Married-civ-spouse,Technical, Husband,*,Male,0,0,40,North America,<=50K
26653,"[30, 40[", Private,159442,High School,9,Never-married,Technical, Not-in-family,*,Female,0,0,30,North America,<=50K
26654,"[50, 60[", Local-gov,161662,Graduate,14,Married-civ-spouse,Nontechnical, Husband,*,Male,0,0,55,North America,>50K
26655,"[30, 40[", Private,52738,Undergraduate,10,Married-civ-spouse,Technical, Husband,*,Male,0,0,40,North America,<=50K
26656,"[20, 30[", Private,252024,High School,9,Never-married,Nontechnical, Other-relative,*,Male,0,0,20,North America,<=50K
26657,"[20, 30[", Private,189702,High School,4,Married-civ-spouse,Technical, Husband,*,Male,0,0,40,North America,<=50K
26658,"[30, 40[", Private,407913,High School,9,Separated,Other, Not-in-family,*,Male,0,0,40,North America,<=50K
26659,"[20, 30[", Private,166527,Undergraduate,10,Never-married,Other, Own-child,*,Female,0,0,20,North America,<=50K
26660,"[20, 30[", Self-emp-not-inc,34918,Professional Education,11,Never-married,Other, Unmarried,*,Female,0,0,38,North America,<=50K
26662,"[10, 20[", Federal-gov,201686,High School,7,Never-married,Technical, Own-child,*,Male,0,0,4,North America,<=50K
26663,"[20, 30[", Local-gov,179759,Undergraduate,10,Married-spouse-absent,Other, Unmarried,*,Female,0,0,40,North America,<=50K
26664,"[30, 40[", Private,94954,High School,9,Divorced,Other, Not-in-family,*,Female,0,0,40,North America,<=50K
26665,"[60, 70[", Private,350498,Undergraduate,10,Married-civ-spouse,Other, Husband,*,Male,0,1258,20,North America,<=50K
26666,"[10, 20[", Private,201743,Undergraduate,10,Never-married,Other, Own-child,*,Female,0,0,15,North America,<=50K
26667,"[50, 60[", Self-emp-not-inc,119344,High School,6,Married-civ-spouse,Nontechnical, Wife,*,Female,0,0,36,North America,<=50K
26668,"[30, 40[", Private,149726,High School,9,Married-civ-spouse,Other, Husband,*,Male,0,0,46,North America,<=50K
26670,"[30, 40[", Private,174789,Undergraduate,13,Never-married,Other, Not-in-family,*,Male,0,2001,40,North America,<=50K
26671,"[40, 50[", Private,171234,Undergraduate,10,Divorced,Other, Not-in-family,*,Female,0,0,55,North America,<=50K
26672,"[30, 40[", Private,206325,High School,7,Married-civ-spouse,Technical, Husband,*,Male,0,0,45,North America,<=50K
26673,"[50, 60[", Private,202682,High School,9,Married-civ-spouse,Technical, Husband,*,Male,0,0,40,North America,<=50K
26674,"[40, 50[", Private,121055,Undergraduate,13,Married-civ-spouse,Nontechnical, Husband,*,Male,0,0,60,North America,<=50K
26675,"[40, 50[", Private,160187,High School,9,Separated,Technical, Other-relative,*,Female,14084,0,38,North America,>50K
26676,"[20, 30[", Private,84366,High School,6,Married-spouse-absent,Other, Unmarried,*,Female,0,0,40,North America,<=50K
26678,"[50, 60[", Local-gov,124094,High School,9,Married-civ-spouse,Technical, Husband,*,Male,5013,0,35,North America,<=50K
26679,"[40, 50[", Private,30759,High School,4,Married-civ-spouse,Nontechnical, Husband,*,Male,0,0,60,North America,<=50K
26680,"[30, 40[", Private,137875,Undergraduate,10,Divorced,Nontechnical, Unmarried,*,Female,0,0,30,North America,<=50K
26681,"[70, 80[", ?,139049,High School,9,Widowed,Other, Not-in-family,*,Female,0,0,22,North America,>50K
26682,"[20, 30[", Private,238384,High School,9,Never-married,Nontechnical, Not-in-family,*,Female,0,0,30,North America,<=50K
26683,"[40, 50[", Private,340755,Graduate,14,Married-civ-spouse,Nontechnical, Husband,*,Male,0,0,40,North America,>50K
26684,"[30, 40[", Local-gov,224947,Undergraduate,13,Never-married,Technical, Unmarried,*,Male,0,0,40,North America,<=50K
26685,"[30, 40[", State-gov,111994,Undergraduate,10,Divorced,Other, Unmarried,*,Female,0,0,45,North America,<=50K
26686,"[20, 30[", Private,125491,Undergraduate,10,Never-married,Other, Not-in-family,*,Female,0,0,34,North America,<=50K
26687,"[30, 40[", ?,310525,High School,9,Married-civ-spouse,Other, Husband,*,Male,0,0,10,North America,<=50K
26688,"[10, 20[", ?,71592,Undergraduate,10,Never-married,Other, Own-child,*,Female,0,0,40,North America,<=50K
26689,"[40, 50[", Local-gov,99185,Professional Education,12,Married-civ-spouse,Other, Husband,*,Male,0,0,40,North America,<=50K
26690,"[40, 50[", Private,249935,High School,9,Married-civ-spouse,Other, Husband,*,Male,0,0,44,North America,<=50K
26691,"[50, 60[", Private,206775,Undergraduate,10,Married-civ-spouse,Nontechnical, Husband,*,Male,0,0,50,North America,<=50K
26692,"[20, 30[", Private,230704,Professional Education,12,Never-married,Nontechnical, Own-child,*,Male,0,0,20,North America,<=50K
26693,"[30, 40[", Private,242361,Undergraduate,10,Married-civ-spouse,Technical, Husband,*,Male,0,0,50,North America,<=50K
26694,"[20, 30[", Private,134746,High School,6,Married-civ-spouse,Nontechnical, Wife,*,Female,0,0,40,North America,<=50K
26695,"[30, 40[", Self-emp-inc,198613,High School,9,Married-civ-spouse,Nontechnical, Husband,*,Male,0,2002,40,North America,<=50K
26696,"[50, 60[", Private,174040,High School,9,Divorced,Other, Not-in-family,*,Male,0,0,40,North America,<=50K
26697,"[40, 50[", Private,165953,High School,9,Married-civ-spouse,Technical, Husband,*,Male,0,1902,40,North America,<=50K
26698,"[30, 40[", Private,273604,Undergraduate,13,Never-married,Other, Not-in-family,*,Female,0,0,40,North America,<=50K
26699,"[10, 20[", Private,192409,Undergraduate,10,Never-married,Nontechnical, Own-child,*,Female,0,0,20,North America,<=50K
26700,"[20, 30[", Self-emp-not-inc,102476,High School,9,Never-married,Technical, Own-child,*,Male,0,0,50,North America,<=50K
26701,"[40, 50[", Private,234504,High School,9,Married-civ-spouse,Nontechnical, Husband,*,Male,0,0,50,North America,<=50K
26702,"[30, 40[", Self-emp-not-inc,468713,High School,9,Married-civ-spouse,Nontechnical, Husband,*,Male,0,0,40,North America,<=50K
26703,"[20, 30[", Private,84560,High School,9,Never-married,Nontechnical, Own-child,*,Male,0,0,40,North America,<=50K
26704,"[40, 50[", Private,148995,High School,9,Married-civ-spouse,Technical, Husband,*,Male,0,0,40,North America,>50K
26705,"[20, 30[", Private,34816,Professional Education,11,Married-civ-spouse,Other, Wife,*,Female,0,0,12,North America,<=50K
26706,"[20, 30[", Private,211184,Undergraduate,10,Never-married,Nontechnical, Not-in-family,*,Female,0,0,50,North America,<=50K
26707,"[50, 60[", Private,33304,Undergraduate,10,Married-civ-spouse,Other, Husband,*,Male,0,0,40,North America,>50K
26708,"[60, 70[", Federal-gov,179985,High School,9,Divorced,Other, Not-in-family,*,Female,0,0,40,North America,<=50K
26709,"[20, 30[", Private,219815,Undergraduate,10,Married-spouse-absent,Other, Unmarried,*,Female,0,0,40,North America,<=50K
26710,"[50, 60[", Private,134766,Undergraduate,13,Married-civ-spouse,Nontechnical, Husband,*,Male,0,1902,50,North America,>50K
26711,"[20, 30[", Private,106548,High School,9,Married-civ-spouse,Technical, Husband,*,Male,0,0,50,North America,<=50K
26712,"[70, 80[", Private,89787,High School,9,Married-civ-spouse,Technical, Husband,*,Male,0,0,20,North America,<=50K
26713,"[50, 60[", Private,164857,Undergraduate,10,Divorced,Technical, Own-child,*,Male,0,0,40,North America,<=50K
26714,"[20, 30[", Federal-gov,257124,Undergraduate,13,Never-married,Other, Other-relative,*,Male,0,0,35,North America,<=50K
26715,"[30, 40[", Private,227446,Undergraduate,10,Married-civ-spouse,Nontechnical, Husband,*,Male,0,0,40,North America,>50K
26716,"[40, 50[", Private,125461,Undergraduate,13,Married-civ-spouse,Nontechnical, Husband,*,Male,0,1902,55,North America,>50K
26717,"[20, 30[", Private,189749,High School,7,Married-civ-spouse,Technical, Husband,*,Male,0,0,40,North America,<=50K
26718,"[20, 30[", Private,176321,High School,4,Never-married,Other, Unmarried,*,Female,0,0,40,North America,<=50K
26719,"[20, 30[", Private,284250,High School,9,Never-married,Technical, Unmarried,*,Female,0,0,40,North America,<=50K
26720,"[20, 30[", Private,101885,High School,6,Never-married,Technical, Not-in-family,*,Female,0,0,40,North America,<=50K
26721,"[40, 50[", Self-emp-not-inc,134130,High School,9,Married-civ-spouse,Other, Husband,*,Male,0,0,60,North America,<=50K
26722,"[50, 60[", Private,260938,Graduate,14,Married-civ-spouse,Nontechnical, Husband,*,Male,0,0,40,North America,<=50K
26723,"[40, 50[", Self-emp-not-inc,238184,High School,9,Married-civ-spouse,Other, Wife,*,Female,0,0,40,North America,<=50K
26724,"[50, 60[", Self-emp-not-inc,148626,High School,6,Married-civ-spouse,Other, Husband,*,Male,0,0,40,North America,<=50K
26725,"[50, 60[", Self-emp-not-inc,48102,Undergraduate,10,Married-civ-spouse,Nontechnical, Wife,*,Female,0,1977,50,North America,>50K
26726,"[50, 60[", Private,234213,High School,9,Divorced,Technical, Not-in-family,*,Male,14344,0,48,North America,>50K
26727,"[60, 70[", Private,113323,Undergraduate,13,Married-civ-spouse,Nontechnical, Husband,*,Male,0,0,40,North America,>50K
26728,"[20, 30[", Local-gov,34246,Undergraduate,13,Never-married,Technical, Not-in-family,*,Male,0,0,40,North America,<=50K
26729,"[50, 60[", Private,175070,Professional Education,12,Married-civ-spouse,Nontechnical, Husband,*,Male,5178,0,45,North America,>50K
26730,"[30, 40[", Private,279680,Undergraduate,10,Married-civ-spouse,Nontechnical, Husband,*,Male,0,0,45,North America,<=50K
26732,"[50, 60[", Private,96609,Undergraduate,10,Married-civ-spouse,Technical, Husband,*,Male,0,0,40,North America,<=50K
26733,"[20, 30[", Local-gov,84257,Undergraduate,13,Never-married,Technical, Not-in-family,*,Male,0,0,50,North America,<=50K
26734,"[30, 40[", Private,275632,High School,9,Married-civ-spouse,Technical, Husband,*,Male,0,0,45,North America,<=50K
26735,"[20, 30[", Private,385540,High School,6,Never-married,Other, Not-in-family,*,Male,0,0,40,North America,<=50K
26737,"[40, 50[", Private,97176,Undergraduate,10,Divorced,Nontechnical, Unmarried,*,Female,0,0,40,North America,<=50K
26738,"[10, 20[", Private,197714,High School,9,Never-married,Nontechnical, Own-child,*,Female,0,0,35,North America,<=50K
26739,"[40, 50[", Self-emp-not-inc,147099,Undergraduate,10,Divorced,Other, Unmarried,*,Female,0,0,36,North America,<=50K
26740,"[30, 40[", Private,186346,Undergraduate,13,Never-married,Nontechnical, Not-in-family,*,Female,0,0,50,North America,<=50K
26741,"[40, 50[", Private,73434,Graduate,14,Divorced,Nontechnical, Not-in-family,*,Female,0,0,45,North America,<=50K
26742,"[40, 50[", Local-gov,275074,Undergraduate,13,Married-civ-spouse,Technical, Husband,*,Male,0,0,60,North America,<=50K
26744,"[40, 50[", Private,210525,Graduate,14,Never-married,Nontechnical, Not-in-family,*,Male,0,0,40,North America,<=50K
26745,"[50, 60[", Private,372020,Undergraduate,10,Married-civ-spouse,Nontechnical, Husband,*,Male,5013,0,50,North America,<=50K
26746,"[40, 50[", Private,176684,Professional Education,12,Never-married,Other, Not-in-family,*,Female,0,0,40,North America,<=50K
26747,"[20, 30[", Private,210474,Undergraduate,10,Never-married,Other, Own-child,*,Female,0,0,20,North America,<=50K
26748,"[20, 30[", Private,293690,Undergraduate,13,Married-civ-spouse,Technical, Husband,*,Male,0,0,58,North America,>50K
26751,"[30, 40[", Private,126950,High School,9,Divorced,Other, Not-in-family,*,Male,0,0,40,North America,<=50K
26752,"[30, 40[", Private,172538,Undergraduate,13,Married-civ-spouse,Technical, Husband,*,Male,0,1977,40,North America,>50K
26753,"[40, 50[", Private,115411,Undergraduate,10,Divorced,Technical, Not-in-family,*,Male,0,0,40,North America,<=50K
26754,"[40, 50[", Self-emp-not-inc,101709,Professional Education,11,Married-civ-spouse,Technical, Husband,*,Male,2885,0,40,North America,<=50K
26755,"[20, 30[", Private,265356,Undergraduate,13,Never-married,Nontechnical, Unmarried,*,Male,0,0,40,North America,<=50K
26756,"[30, 40[", Local-gov,192565,Graduate,14,Married-civ-spouse,Technical, Husband,*,Male,0,0,90,North America,>50K
26757,"[30, 40[", Self-emp-not-inc,348771,High School,7,Married-civ-spouse,Technical, Husband,*,Male,0,0,36,North America,<=50K
26758,"[30, 40[", Self-emp-not-inc,148959,Undergraduate,10,Divorced,Technical, Not-in-family,*,Male,0,0,35,North America,<=50K
26759,"[30, 40[", Private,126569,High School,9,Divorced,Technical, Own-child,*,Male,0,0,20,North America,<=50K
26760,"[40, 50[", Private,105936,High School,9,Married-spouse-absent,Other, Own-child,*,Female,0,0,38,North America,<=50K
26761,"[10, 20[", Private,188076,High School,7,Never-married,Other, Own-child,*,Female,0,0,20,North America,<=50K
26762,"[20, 30[", Private,184400,High School,6,Never-married,Other, Own-child,*,Male,0,0,30,Unknown,<=50K
26763,"[60, 70[", Private,124242,High School,9,Married-civ-spouse,Other, Husband,*,Male,0,0,40,North America,<=50K
26764,"[20, 30[", State-gov,200819,High School,9,Never-married,Other, Own-child,*,Male,0,0,40,North America,<=50K
26765,"[50, 60[", Local-gov,100480,Graduate,14,Married-civ-spouse,Nontechnical, Husband,*,Male,0,0,60,North America,>50K
26766,"[40, 50[", Private,129513,Graduate,14,Married-civ-spouse,Nontechnical, Husband,*,Male,0,0,45,North America,<=50K
26767,"[50, 60[", Self-emp-not-inc,297796,High School,6,Married-civ-spouse,Other, Husband,*,Male,0,0,40,North America,<=50K
26768,"[30, 40[", Private,195488,High School,9,Separated,Other, Own-child,*,Female,0,0,40,North America,<=50K
26769,"[50, 60[", Private,153486,High School,9,Divorced,Other, Not-in-family,*,Male,0,0,56,North America,>50K
26770,"[40, 50[", Private,126845,Undergraduate,10,Married-civ-spouse,Other, Husband,*,Male,0,0,40,North America,>50K
26771,"[20, 30[", Private,206974,Undergraduate,13,Never-married,Nontechnical, Not-in-family,*,Female,0,0,40,North America,<=50K
26772,"[20, 30[", Private,412149,High School,6,Never-married,Other, Other-relative,*,Male,0,0,35,North America,<=50K
26773,"[20, 30[", Private,653574,High School,9,Never-married,Technical, Own-child,*,Male,0,0,40,North America,<=50K
26774,"[30, 40[", Private,70562,Primary School,2,Never-married,Other, Unmarried,*,Female,0,0,48,North America,<=50K
26776,"[10, 20[", ?,309284,Undergraduate,10,Never-married,Other, Not-in-family,*,Male,0,0,40,North America,<=50K
26778,"[60, 70[", Private,105116,Undergraduate,10,Widowed,Other, Not-in-family,*,Female,2346,0,40,North America,<=50K
26779,"[30, 40[", Private,151484,High School,9,Never-married,Other, Own-child,*,Female,0,0,8,North America,<=50K
26780,"[40, 50[", Self-emp-inc,78765,Undergraduate,10,Divorced,Nontechnical, Unmarried,*,Male,0,0,90,North America,>50K
26781,"[40, 50[", Private,98427,High School,9,Married-civ-spouse,Other, Wife,*,Female,0,0,35,North America,<=50K
26782,"[50, 60[", Private,230767,Professional Education,12,Married-civ-spouse,Technical, Husband,*,Male,0,0,40,North America,<=50K
26783,"[20, 30[", Private,117606,Undergraduate,13,Never-married,Nontechnical, Own-child,*,Female,0,0,60,North America,<=50K
26784,"[20, 30[", Private,68642,High School,9,Never-married,Other, Not-in-family,*,Female,0,0,46,North America,<=50K
26785,"[40, 50[", Private,341638,High School,7,Divorced,Technical, Not-in-family,*,Male,0,0,40,North America,<=50K
26786,"[30, 40[", Private,65920,High School,9,Never-married,Nontechnical, Not-in-family,*,Male,0,0,40,North America,<=50K
26787,"[30, 40[", Federal-gov,188246,High School,9,Married-civ-spouse,Technical, Husband,*,Male,0,0,40,North America,<=50K
26788,"[30, 40[", Private,198727,High School,9,Divorced,Technical, Not-in-family,*,Female,0,0,40,North America,<=50K
26789,"[30, 40[", Private,160728,High School,9,Divorced,Technical, Unmarried,*,Male,2977,0,40,North America,<=50K
26790,"[20, 30[", Private,706026,High School,7,Married-civ-spouse,Nontechnical, Husband,*,Male,0,0,40,North America,<=50K
26791,"[20, 30[", ?,348148,High School,7,Never-married,Other, Own-child,*,Male,0,0,40,North America,<=50K
26793,"[10, 20[", Private,160758,High School,6,Never-married,Nontechnical, Other-relative,*,Male,0,0,30,North America,<=50K
26794,"[50, 60[", Private,201112,Undergraduate,10,Divorced,Other, Not-in-family,*,Female,0,0,55,North America,>50K
26795,"[60, 70[", Self-emp-inc,107850,Graduate,14,Married-civ-spouse,Nontechnical, Husband,*,Male,6514,0,40,North America,>50K
26796,"[30, 40[", Private,230246,Undergraduate,13,Married-civ-spouse,Technical, Husband,*,Male,0,0,42,North America,>50K
26797,"[30, 40[", Private,203034,Undergraduate,13,Separated,Nontechnical, Not-in-family,*,Male,0,2824,50,North America,>50K
26798,"[20, 30[", Private,373935,High School,9,Never-married,Nontechnical, Own-child,*,Male,0,0,35,North America,<=50K
26799,"[60, 70[", Federal-gov,341695,Undergraduate,10,Married-civ-spouse,Other, Wife,*,Female,0,0,40,North America,>50K
26801,"[40, 50[", Private,178002,High School,9,Married-civ-spouse,Other, Wife,*,Female,0,0,40,North America,>50K
26802,"[40, 50[", Private,233130,High School,4,Married-civ-spouse,Technical, Husband,*,Male,0,0,40,North America,<=50K
26803,"[50, 60[", Local-gov,192982,Graduate,14,Married-civ-spouse,Other, Husband,*,Male,0,0,38,North America,>50K
26804,"[40, 50[", Private,33155,Graduate,16,Never-married,Technical, Not-in-family,*,Male,0,0,45,North America,<=50K
26805,"[30, 40[", Private,187346,Primary School,3,Never-married,Other, Other-relative,*,Female,0,0,40,North America,<=50K
26806,"[40, 50[", Private,78529,Undergraduate,13,Married-civ-spouse,Technical, Husband,*,Male,0,0,60,North America,>50K
26807,"[10, 20[", Private,101626,High School,5,Never-married,Technical, Own-child,*,Male,0,0,20,North America,<=50K
26808,"[30, 40[", Private,117567,High School,9,Divorced,Technical, Not-in-family,*,Male,0,0,40,North America,<=50K
26810,"[40, 50[", State-gov,207120,High School,9,Married-civ-spouse,Nontechnical, Husband,*,Male,0,0,40,North America,>50K
26811,"[40, 50[", Private,43206,Professional Education,15,Divorced,Technical, Unmarried,*,Female,0,0,25,North America,<=50K
26812,"[20, 30[", Private,120238,Undergraduate,13,Never-married,Nontechnical, Other-relative,*,Male,0,0,40,North America,<=50K
26813,"[20, 30[", Private,189219,Professional Education,12,Never-married,Other, Not-in-family,*,Female,0,0,8,North America,<=50K
26814,"[30, 40[", State-gov,190895,High School,9,Married-civ-spouse,Technical, Husband,*,Male,0,0,40,North America,<=50K
26815,"[20, 30[", Private,83517,High School,5,Never-married,Technical, Not-in-family,*,Male,0,0,40,North America,<=50K
26816,"[50, 60[", Private,35557,Undergraduate,10,Married-civ-spouse,Nontechnical, Husband,*,Male,7298,0,50,North America,>50K
26817,"[30, 40[", Local-gov,59313,Undergraduate,10,Separated,Other, Own-child,*,Male,0,0,40,North America,<=50K
26818,"[20, 30[", Private,202033,Undergraduate,13,Married-civ-spouse,Technical, Husband,*,Male,0,0,40,North America,<=50K
26819,"[10, 20[", Local-gov,55658,High School,6,Never-married,Other, Own-child,*,Male,0,0,25,North America,<=50K
26820,"[20, 30[", Private,118186,Undergraduate,10,Never-married,Nontechnical, Own-child,*,Female,0,0,20,North America,<=50K
26821,"[20, 30[", Private,279901,High School,9,Married-civ-spouse,Other, Own-child,*,Male,0,0,40,North America,<=50K
26822,"[50, 60[", Private,110954,High School,9,Married-civ-spouse,Technical, Husband,*,Male,0,0,45,North America,>50K
26823,"[30, 40[", Self-emp-not-inc,90159,Undergraduate,10,Married-civ-spouse,Other, Wife,*,Female,0,0,40,North America,<=50K
26824,"[20, 30[", Private,122489,Undergraduate,13,Never-married,Nontechnical, Own-child,*,Female,0,1726,60,North America,<=50K
26825,"[40, 50[", Self-emp-not-inc,43348,Graduate,16,Never-married,Technical, Not-in-family,*,Male,99999,0,70,North America,>50K
26826,"[40, 50[", Private,34278,Undergraduate,10,Married-civ-spouse,Nontechnical, Husband,*,Male,0,0,50,North America,>50K
26827,"[30, 40[", Private,37778,Professional Education,11,Married-civ-spouse,Nontechnical, Husband,*,Male,0,0,54,North America,<=50K
26828,"[30, 40[", Private,160623,Professional Education,12,Never-married,Technical, Own-child,*,Male,0,0,40,North America,<=50K
26829,"[30, 40[", Private,342458,Undergraduate,13,Never-married,Technical, Not-in-family,*,Male,0,0,40,North America,<=50K
26830,"[50, 60[", Private,64322,High School,9,Married-civ-spouse,Nontechnical, Husband,*,Male,0,0,40,North America,<=50K
26831,"[30, 40[", Private,373914,High School,7,Married-civ-spouse,Technical, Husband,*,Male,0,0,40,North America,<=50K
26832,"[50, 60[", Private,205884,Undergraduate,10,Married-civ-spouse,Technical, Wife,*,Female,0,0,40,North America,>50K
26834,"[30, 40[", Private,222450,Primary School,3,Married-civ-spouse,Technical, Husband,*,Male,0,0,40,North America,<=50K
26835,"[20, 30[", Private,348420,Undergraduate,13,Never-married,Technical, Not-in-family,*,Male,0,0,40,North America,<=50K
26836,"[30, 40[", Private,136081,High School,9,Married-civ-spouse,Technical, Husband,*,Male,0,2051,40,North America,<=50K
26837,"[30, 40[", Federal-gov,197284,Undergraduate,10,Never-married,Other, Own-child,*,Male,0,0,40,North America,<=50K
26838,"[20, 30[", ?,204773,Professional Education,12,Married-civ-spouse,Other, Wife,*,Female,0,0,40,North America,<=50K
26839,"[40, 50[", Private,206066,Undergraduate,10,Married-civ-spouse,Technical, Husband,*,Male,0,0,40,North America,<=50K
26840,"[40, 50[", Self-emp-not-inc,61885,Undergraduate,13,Married-civ-spouse,Nontechnical, Husband,*,Male,0,0,40,North America,>50K
26841,"[20, 30[", Private,299908,Undergraduate,10,Married-civ-spouse,Nontechnical, Wife,*,Female,0,0,40,North America,>50K
26842,"[30, 40[", Private,46028,Professional Education,12,Divorced,Other, Unmarried,*,Female,0,0,50,North America,<=50K
26843,"[40, 50[", Private,239865,High School,9,Married-civ-spouse,Technical, Husband,*,Male,0,1977,45,North America,>50K
26844,"[30, 40[", Private,154587,High School,9,Never-married,Other, Not-in-family,*,Male,0,0,40,North America,<=50K
26845,"[20, 30[", Private,244473,Professional Education,11,Married-civ-spouse,Technical, Husband,*,Male,0,2051,40,North America,<=50K
26846,"[30, 40[", Private,32334,Professional Education,11,Married-civ-spouse,Nontechnical, Wife,*,Female,0,0,50,North America,>50K
26848,"[50, 60[", Private,226735,High School,9,Married-civ-spouse,Other, Husband,*,Male,0,0,40,North America,<=50K
26849,"[30, 40[", Private,226443,High School,9,Divorced,Other, Own-child,*,Male,0,0,40,North America,<=50K
26851,"[20, 30[", Private,36851,Undergraduate,13,Never-married,Technical, Not-in-family,*,Male,0,0,41,North America,<=50K
26852,"[30, 40[", Private,393480,High School,9,Separated,Nontechnical, Not-in-family,*,Male,0,0,40,North America,<=50K
26853,"[40, 50[", Private,33109,High School,9,Divorced,Technical, Not-in-family,*,Male,0,1741,40,North America,<=50K
26854,"[30, 40[", Self-emp-not-inc,188246,High School,9,Divorced,Nontechnical, Own-child,*,Male,0,1590,62,North America,<=50K
26855,"[30, 40[", Private,231569,Undergraduate,13,Never-married,Nontechnical, Not-in-family,*,Female,0,0,50,North America,<=50K
26856,"[20, 30[", Private,353010,High School,7,Never-married,Technical, Unmarried,*,Male,0,0,35,North America,<=50K
26857,"[40, 50[", Private,102628,Graduate,14,Married-civ-spouse,Nontechnical, Husband,*,Male,15024,0,55,North America,>50K
26858,"[60, 70[", Private,262285,Undergraduate,13,Married-civ-spouse,Technical, Husband,*,Male,0,0,99,North America,<=50K
26859,"[20, 30[", Private,160300,High School,9,Never-married,Technical, Own-child,*,Male,0,0,40,North America,<=50K
26860,"[50, 60[", Private,156953,High School,9,Married-civ-spouse,Nontechnical, Husband,*,Male,0,0,40,North America,>50K
26861,"[50, 60[", Self-emp-inc,136823,High School,7,Widowed,Nontechnical, Not-in-family,*,Female,0,0,30,North America,<=50K
26862,"[40, 50[", Self-emp-not-inc,160724,Undergraduate,13,Married-civ-spouse,Nontechnical, Husband,*,Male,0,0,40,Asia,<=50K
26864,"[10, 20[", Private,238628,High School,7,Never-married,Other, Own-child,*,Female,0,0,5,North America,<=50K
26865,"[50, 60[", Private,339954,Professional Education,11,Married-civ-spouse,Technical, Husband,*,Male,0,0,40,North America,>50K
26866,"[20, 30[", ?,222005,High School,9,Never-married,Other, Other-relative,*,Female,0,0,40,North America,<=50K
26867,"[10, 20[", Federal-gov,99893,High School,7,Never-married,Other, Not-in-family,*,Female,0,1602,40,North America,<=50K
26868,"[30, 40[", Private,214117,Undergraduate,10,Divorced,Technical, Unmarried,*,Male,0,0,40,North America,<=50K
26869,"[20, 30[", Federal-gov,298661,Undergraduate,13,Never-married,Technical, Not-in-family,*,Female,0,0,40,North America,<=50K
26870,"[30, 40[", Private,179488,Professional Education,12,Divorced,Technical, Not-in-family,*,Male,0,0,40,North America,<=50K
26871,"[50, 60[", Private,48343,High School,9,Married-civ-spouse,Other, Husband,*,Male,0,1902,40,North America,>50K
26872,"[20, 30[", Local-gov,100270,Undergraduate,13,Divorced,Technical, Not-in-family,*,Male,0,0,40,North America,<=50K
26873,"[40, 50[", Private,227065,Undergraduate,10,Married-civ-spouse,Technical, Husband,*,Male,15024,0,32,North America,>50K
26874,"[40, 50[", Private,126701,High School,5,Never-married,Other, Not-in-family,*,Male,0,0,45,North America,<=50K
26875,"[20, 30[", Private,209131,Undergraduate,10,Never-married,Technical, Own-child,*,Male,0,0,40,North America,<=50K
26876,"[30, 40[", State-gov,400132,Undergraduate,13,Married-civ-spouse,Other, Husband,*,Male,0,0,40,North America,>50K
26877,"[20, 30[", State-gov,278155,Undergraduate,13,Never-married,Other, Own-child,*,Male,0,0,40,North America,<=50K
26878,"[20, 30[", Private,139012,Undergraduate,13,Never-married,Nontechnical, Own-child,*,Male,2174,0,40,Asia,<=50K
26880,"[40, 50[", Private,511068,Undergraduate,13,Married-civ-spouse,Technical, Husband,*,Male,7688,0,40,North America,>50K
26881,"[10, 20[", Private,199039,High School,8,Never-married,Nontechnical, Own-child,*,Male,594,0,14,North America,<=50K
26883,"[30, 40[", Private,115700,High School,9,Married-civ-spouse,Nontechnical, Husband,*,Male,0,0,50,North America,<=50K
26884,"[30, 40[", Private,167832,High School,6,Married-civ-spouse,Technical, Husband,*,Male,0,0,40,North America,<=50K
26885,"[30, 40[", Private,218164,High School,9,Divorced,Technical, Unmarried,*,Male,0,0,44,North America,<=50K
26886,"[40, 50[", State-gov,171926,Professional Education,15,Married-civ-spouse,Technical, Husband,*,Male,15024,0,50,North America,>50K
26887,"[30, 40[", Self-emp-inc,242080,Professional Education,15,Married-civ-spouse,Technical, Husband,*,Male,0,0,80,North America,>50K
26888,"[60, 70[", Federal-gov,223257,High School,9,Widowed,Other, Unmarried,*,Male,0,0,40,North America,<=50K
26889,"[50, 60[", Private,386773,High School,9,Married-civ-spouse,Technical, Husband,*,Male,7298,0,40,North America,>50K
26890,"[50, 60[", Self-emp-not-inc,105478,Undergraduate,13,Married-civ-spouse,Nontechnical, Husband,*,Male,0,2415,40,North America,>50K
26891,"[40, 50[", Private,140644,Graduate,16,Divorced,Technical, Not-in-family,*,Male,0,0,45,North America,>50K
26892,"[20, 30[", Private,205970,High School,6,Separated,Other, Unmarried,*,Female,0,0,35,North America,<=50K
26893,"[20, 30[", Private,216583,Undergraduate,13,Married-civ-spouse,Nontechnical, Husband,*,Male,0,0,43,North America,<=50K
26894,"[60, 70[", Private,162432,Undergraduate,10,Divorced,Other, Not-in-family,*,Female,0,0,40,North America,<=50K
26895,"[30, 40[", Local-gov,83671,Undergraduate,10,Never-married,Other, Not-in-family,*,Female,0,0,40,North America,<=50K
26897,"[30, 40[", Private,195750,Primary School,2,Married-civ-spouse,Technical, Husband,*,Male,0,0,45,North America,<=50K
26898,"[10, 20[", Private,220562,High School,5,Never-married,Nontechnical, Other-relative,*,Female,0,0,32,North America,<=50K
26899,"[30, 40[", Self-emp-inc,312232,Undergraduate,10,Married-civ-spouse,Nontechnical, Husband,*,Male,0,0,50,North America,>50K
26901,"[40, 50[", Private,86185,Undergraduate,10,Widowed,Nontechnical, Not-in-family,*,Female,0,0,40,North America,<=50K
26902,"[70, 80[", Private,105586,Primary School,3,Married-civ-spouse,Other, Husband,*,Male,0,0,36,North America,<=50K
26903,"[50, 60[", Private,103345,Professional Education,11,Married-civ-spouse,Nontechnical, Husband,*,Male,0,0,40,North America,>50K
26904,"[20, 30[", Local-gov,150553,Undergraduate,13,Never-married,Other, Own-child,*,Female,0,0,50,North America,<=50K
26905,"[30, 40[", Private,26009,High School,9,Married-civ-spouse,Technical, Husband,*,Male,0,0,35,North America,>50K
26906,"[40, 50[", Private,149388,Undergraduate,13,Married-civ-spouse,Technical, Husband,*,Male,0,0,40,North America,>50K
26907,"[20, 30[", Private,151626,Undergraduate,13,Never-married,Technical, Not-in-family,*,Female,0,0,45,North America,<=50K
26908,"[30, 40[", Private,169583,High School,9,Never-married,Nontechnical, Own-child,*,Female,0,0,35,North America,<=50K
26909,"[60, 70[", Local-gov,174486,Graduate,16,Married-civ-spouse,Technical, Husband,*,Male,20051,0,35,North America,>50K
26910,"[20, 30[", Private,160951,High School,9,Never-married,Technical, Own-child,*,Male,2597,0,40,North America,<=50K
26911,"[20, 30[", Private,213383,Undergraduate,10,Never-married,Technical, Own-child,*,Male,0,0,40,North America,<=50K
26912,"[30, 40[", Self-emp-inc,103078,Undergraduate,13,Married-civ-spouse,Nontechnical, Husband,*,Male,0,0,40,North America,<=50K
26913,"[20, 30[", Local-gov,109526,High School,9,Married-civ-spouse,Technical, Husband,*,Male,0,0,38,North America,<=50K
26914,"[50, 60[", Private,142835,High School,7,Married-civ-spouse,Technical, Husband,*,Male,0,0,40,North America,<=50K
26915,"[20, 30[", State-gov,43475,Undergraduate,13,Never-married,Technical, Not-in-family,*,Male,0,0,40,North America,<=50K
26916,"[20, 30[", Private,190916,Undergraduate,10,Never-married,Technical, Own-child,*,Female,0,0,40,North America,<=50K
26917,"[20, 30[", Private,175987,High School,9,Never-married,Nontechnical, Not-in-family,*,Female,0,0,40,North America,<=50K
26918,"[20, 30[", Local-gov,214385,High School,7,Divorced,Other, Unmarried,*,Female,0,0,20,North America,<=50K
26919,"[20, 30[", Private,192652,Undergraduate,13,Never-married,Other, Own-child,*,Male,0,0,40,North America,<=50K
26920,"[40, 50[", Federal-gov,207685,Undergraduate,13,Never-married,Nontechnical, Not-in-family,*,Male,0,0,40,North America,>50K
26921,"[10, 20[", Private,143857,Undergraduate,10,Never-married,Nontechnical, Own-child,*,Female,0,0,35,North America,<=50K
26923,"[50, 60[", Private,310774,Professional Education,15,Married-civ-spouse,Technical, Husband,*,Male,0,0,50,North America,>50K
26924,"[20, 30[", ?,427965,High School,9,Separated,Other, Unmarried,*,Female,0,0,20,North America,<=50K
26925,"[20, 30[", Private,279608,Primary School,3,Married-civ-spouse,Other, Husband,*,Male,0,0,40,North America,<=50K
26926,"[30, 40[", Private,312881,Undergraduate,13,Married-civ-spouse,Technical, Husband,*,Male,0,0,40,North America,>50K
26927,"[10, 20[", Private,175083,High School,9,Never-married,Nontechnical, Own-child,*,Female,0,0,8,North America,<=50K
26928,"[60, 70[", ?,132057,High School,9,Married-civ-spouse,Other, Husband,*,Male,0,0,20,North America,<=50K
26929,"[40, 50[", Private,32878,Undergraduate,13,Married-civ-spouse,Technical, Husband,*,Male,0,0,45,North America,>50K
26930,"[20, 30[", Federal-gov,360527,Graduate,14,Married-civ-spouse,Technical, Husband,*,Male,0,0,40,North America,>50K
26931,"[20, 30[", Private,99478,High School,9,Married-civ-spouse,Other, Husband,*,Male,0,0,40,North America,<=50K
26932,"[20, 30[", Private,113035,Undergraduate,10,Never-married,Nontechnical, Own-child,*,Male,0,0,40,North America,<=50K
26933,"[20, 30[", Federal-gov,99199,High School,9,Never-married,Other, Own-child,*,Male,0,0,36,North America,<=50K
26934,"[20, 30[", Local-gov,452640,Undergraduate,10,Never-married,Technical, Not-in-family,*,Male,14344,0,50,North America,>50K
26935,"[40, 50[", Private,236858,High School,7,Divorced,Other, Not-in-family,*,Female,0,0,31,North America,<=50K
26936,"[40, 50[", Self-emp-inc,201865,Professional Education,15,Married-civ-spouse,Technical, Husband,*,Male,0,0,60,North America,>50K
26937,"[30, 40[", Private,268661,Undergraduate,10,Married-civ-spouse,Nontechnical, Husband,*,Male,0,0,50,North America,<=50K
26938,"[30, 40[", Federal-gov,475324,Undergraduate,13,Married-civ-spouse,Nontechnical, Husband,*,Male,0,0,40,North America,>50K
26939,"[50, 60[", Private,117295,High School,6,Married-civ-spouse,Technical, Husband,*,Male,0,0,40,North America,<=50K
26941,"[40, 50[", Private,192835,Undergraduate,10,Married-civ-spouse,Nontechnical, Husband,*,Male,0,0,40,North America,<=50K
26943,"[30, 40[", Local-gov,180686,Graduate,14,Married-civ-spouse,Technical, Husband,*,Male,0,1977,45,North America,>50K
26944,"[30, 40[", Local-gov,133876,High School,9,Divorced,Technical, Unmarried,*,Male,0,0,40,North America,<=50K
26945,"[20, 30[", Private,123727,Undergraduate,10,Never-married,Nontechnical, Not-in-family,*,Female,0,0,30,North America,<=50K
26946,"[50, 60[", Private,129956,High School,9,Married-civ-spouse,Technical, Husband,*,Male,0,0,48,North America,>50K
26947,"[20, 30[", Private,96268,High School,7,Divorced,Nontechnical, Unmarried,*,Female,0,0,40,North America,<=50K
26948,"[40, 50[", Private,317320,Undergraduate,10,Divorced,Other, Unmarried,*,Female,0,0,40,North America,<=50K
26949,"[20, 30[", Private,86872,High School,9,Married-civ-spouse,Other, Husband,*,Male,0,0,40,North America,>50K
26951,"[50, 60[", Private,164332,High School,9,Married-civ-spouse,Nontechnical, Wife,*,Female,0,0,15,North America,<=50K
26952,"[40, 50[", Self-emp-not-inc,122584,High School,4,Married-civ-spouse,Nontechnical, Husband,*,Male,0,0,40,North America,<=50K
26953,"[40, 50[", Private,34377,High School,8,Married-civ-spouse,Technical, Husband,*,Male,0,0,40,North America,>50K
26954,"[40, 50[", Private,162030,High School,9,Widowed,Other, Unmarried,*,Female,0,0,43,North America,<=50K
26955,"[30, 40[", Private,199170,Undergraduate,10,Never-married,Technical, Not-in-family,*,Male,0,0,40,North America,<=50K
26956,"[20, 30[", Private,470203,Undergraduate,13,Never-married,Technical, Not-in-family,*,Female,0,0,30,North America,<=50K
26957,"[40, 50[", Private,266803,Professional Education,12,Divorced,Nontechnical, Not-in-family,*,Female,0,0,40,North America,>50K
26959,"[30, 40[", State-gov,513416,Graduate,14,Never-married,Technical, Not-in-family,*,Male,0,0,10,North America,<=50K
26960,"[40, 50[", Private,98211,Undergraduate,13,Married-civ-spouse,Other, Husband,*,Male,0,0,55,North America,<=50K
26961,"[40, 50[", Private,196107,High School,9,Divorced,Other, Not-in-family,*,Female,0,0,30,North America,<=50K
26962,"[10, 20[", Private,108273,High School,6,Never-married,Nontechnical, Own-child,*,Female,0,0,12,North America,<=50K
26964,"[60, 70[", Private,96660,Undergraduate,10,Married-civ-spouse,Other, Wife,*,Female,15024,0,34,North America,>50K
26965,"[20, 30[", Local-gov,412316,High School,9,Never-married,Nontechnical, Own-child,*,Male,0,0,40,North America,<=50K
26966,"[10, 20[", Private,120068,High School,7,Never-married,Nontechnical, Own-child,*,Male,0,0,17,North America,<=50K
26967,"[40, 50[", Self-emp-inc,101722,Professional Education,15,Married-civ-spouse,Technical, Husband,*,Male,0,0,60,North America,>50K
26968,"[20, 30[", Private,120268,High School,9,Married-civ-spouse,Other, Husband,*,Male,0,0,50,North America,<=50K
26969,"[10, 20[", State-gov,144429,Undergraduate,10,Never-married,Technical, Own-child,*,Male,0,0,10,North America,<=50K
26970,"[10, 20[", Private,271122,High School,8,Never-married,Other, Own-child,*,Female,0,0,16,North America,<=50K
26971,"[30, 40[", Private,255621,High School,9,Married-civ-spouse,Other, Husband,*,Male,0,0,40,North America,<=50K
26972,"[30, 40[", Local-gov,90934,Professional Education,11,Divorced,Other, Own-child,*,Male,0,0,40,North America,<=50K
26973,"[50, 60[", Private,162745,High School,9,Married-civ-spouse,Technical, Husband,*,Male,7298,0,50,North America,>50K
26974,"[40, 50[", Private,128460,High School,9,Married-civ-spouse,Technical, Husband,*,Male,0,0,42,North America,>50K
26975,"[60, 70[", Private,30813,Graduate,14,Married-civ-spouse,Technical, Husband,*,Male,0,0,50,North America,>50K
26976,"[10, 20[", Private,164585,High School,9,Never-married,Technical, Own-child,*,Female,0,0,40,North America,<=50K
26978,"[50, 60[", Private,215647,High School,9,Divorced,Technical, Not-in-family,*,Female,0,0,43,North America,<=50K
26980,"[50, 60[", Private,421561,Undergraduate,10,Married-civ-spouse,Technical, Husband,*,Male,0,0,40,North America,>50K
26981,"[40, 50[", Private,149909,High School,9,Married-civ-spouse,Technical, Husband,*,Male,0,1848,40,North America,>50K
26982,"[60, 70[", ?,240857,Undergraduate,13,Married-civ-spouse,Other, Husband,*,Male,0,2377,40,North America,>50K
26983,"[30, 40[", Self-emp-not-inc,138940,Undergraduate,13,Married-civ-spouse,Nontechnical, Husband,*,Male,4386,0,50,North America,>50K
26984,"[40, 50[", Private,66755,High School,4,Married-civ-spouse,Technical, Husband,*,Male,0,0,40,North America,<=50K
26985,"[30, 40[", Private,103323,Undergraduate,10,Married-civ-spouse,Technical, Husband,*,Male,7688,0,40,North America,>50K
26986,"[20, 30[", ?,117222,Undergraduate,10,Never-married,Other, Own-child,*,Male,0,0,40,North America,<=50K
26987,"[30, 40[", State-gov,29145,Undergraduate,13,Married-civ-spouse,Nontechnical, Husband,*,Male,0,0,50,North America,>50K
26988,"[30, 40[", State-gov,184659,High School,9,Married-civ-spouse,Technical, Husband,*,Male,0,1485,40,North America,>50K
26989,"[50, 60[", Self-emp-not-inc,20795,Undergraduate,10,Married-civ-spouse,Technical, Husband,*,Male,0,0,40,North America,<=50K
26990,"[20, 30[", Private,311376,Professional Education,11,Never-married,Other, Not-in-family,*,Female,0,0,40,North America,<=50K
26991,"[20, 30[", State-gov,122660,Undergraduate,13,Never-married,Technical, Own-child,*,Female,0,0,40,North America,<=50K
26992,"[10, 20[", ?,137578,Undergraduate,10,Never-married,Other, Own-child,*,Male,0,0,16,North America,<=50K
26993,"[30, 40[", Private,193689,Professional Education,11,Married-civ-spouse,Technical, Husband,*,Male,0,0,42,North America,>50K
26994,"[20, 30[", Private,144556,High School,9,Married-civ-spouse,Technical, Husband,*,Male,0,0,45,North America,<=50K
26995,"[30, 40[", Private,228696,Primary School,2,Married-civ-spouse,Technical, Not-in-family,*,Male,0,2603,32,North America,<=50K
26996,"[60, 70[", Private,184183,High School,9,Divorced,Technical, Not-in-family,*,Male,4650,0,40,North America,<=50K
26997,"[20, 30[", Private,243178,Undergraduate,13,Never-married,Other, Own-child,*,Male,0,0,20,North America,<=50K
26998,"[20, 30[", ?,236330,Undergraduate,10,Never-married,Other, Own-child,*,Male,0,1721,20,North America,<=50K
27000,"[30, 40[", Private,233786,High School,7,Separated,Other, Unmarried,*,Male,0,0,20,North America,<=50K
27001,"[40, 50[", Private,102202,Professional Education,11,Divorced,Other, Not-in-family,*,Female,0,0,40,North America,<=50K
27003,"[40, 50[", Self-emp-inc,240504,Undergraduate,10,Married-civ-spouse,Nontechnical, Husband,*,Male,0,0,70,North America,>50K
27005,"[30, 40[", Private,144937,High School,9,Married-civ-spouse,Technical, Husband,*,Male,0,0,42,North America,<=50K
27006,"[30, 40[", Private,211751,Professional Education,11,Divorced,Other, Unmarried,*,Female,0,0,40,North America,<=50K
27007,"[60, 70[", Private,84587,Professional Education,11,Married-civ-spouse,Technical, Husband,*,Male,0,0,40,North America,>50K
27008,"[40, 50[", State-gov,150874,Graduate,14,Divorced,Nontechnical, Unmarried,*,Female,1506,0,40,North America,<=50K
27009,"[20, 30[", ?,187332,High School,6,Never-married,Other, Not-in-family,*,Female,0,0,30,North America,<=50K
27010,"[40, 50[", Self-emp-inc,188615,Undergraduate,13,Married-civ-spouse,Nontechnical, Husband,*,Male,0,0,60,North America,>50K
27011,"[20, 30[", Private,119704,Undergraduate,10,Never-married,Nontechnical, Unmarried,*,Female,0,0,35,North America,<=50K
27012,"[20, 30[", Private,275190,Undergraduate,10,Never-married,Nontechnical, Own-child,*,Female,0,0,20,North America,<=50K
27013,"[20, 30[", Private,417941,Undergraduate,13,Never-married,Nontechnical, Not-in-family,*,Female,0,0,40,North America,<=50K
27014,"[30, 40[", State-gov,196348,High School,9,Married-civ-spouse,Nontechnical, Husband,*,Male,0,0,60,North America,>50K
27015,"[20, 30[", Private,221955,Undergraduate,13,Married-civ-spouse,Nontechnical, Other-relative,*,Male,0,0,40,North America,<=50K
27016,"[40, 50[", Private,173938,Undergraduate,13,Married-civ-spouse,Nontechnical, Husband,*,Male,0,0,57,North America,>50K
27017,"[50, 60[", Private,123429,Professional Education,12,Divorced,Technical, Not-in-family,*,Male,0,0,30,North America,<=50K
27018,"[60, 70[", ?,143732,High School,9,Widowed,Other, Not-in-family,*,Female,0,0,40,North America,<=50K
27021,"[40, 50[", Private,357540,High School,9,Married-civ-spouse,Other, Husband,*,Male,0,0,25,North America,<=50K
27022,"[60, 70[", ?,29859,High School,9,Married-civ-spouse,Other, Husband,*,Male,0,1485,40,North America,>50K
27023,"[50, 60[", Private,314092,Professional Education,11,Married-civ-spouse,Technical, Husband,*,Male,0,1887,48,North America,>50K
27024,"[60, 70[", Private,280088,High School,4,Divorced,Technical, Unmarried,*,Female,0,0,40,North America,<=50K
27025,"[30, 40[", Private,257380,High School,9,Married-civ-spouse,Technical, Husband,*,Male,0,0,35,North America,<=50K
27027,"[20, 30[", Self-emp-not-inc,109001,Undergraduate,10,Married-civ-spouse,Technical, Husband,*,Male,0,0,35,North America,<=50K
27028,"[40, 50[", Private,266439,Undergraduate,13,Married-civ-spouse,Technical, Husband,*,Male,0,1887,40,North America,>50K
27030,"[20, 30[", Private,32950,Undergraduate,10,Never-married,Nontechnical, Unmarried,*,Male,0,0,40,North America,<=50K
27031,"[20, 30[", Private,182163,High School,9,Separated,Nontechnical, Unmarried,*,Female,0,0,40,North America,<=50K
27032,"[30, 40[", Private,188246,Undergraduate,13,Married-civ-spouse,Nontechnical, Husband,*,Male,0,0,65,North America,>50K
27034,"[30, 40[", Private,108366,Undergraduate,13,Never-married,Other, Not-in-family,*,Male,0,0,46,North America,<=50K
27036,"[10, 20[", Private,182158,High School,6,Never-married,Other, Own-child,*,Male,0,0,30,North America,<=50K
27037,"[30, 40[", Private,169426,High School,9,Married-civ-spouse,Technical, Husband,*,Male,0,0,60,North America,>50K
27038,"[20, 30[", ?,330571,High School,9,Never-married,Other, Not-in-family,*,Female,0,0,45,North America,<=50K
27039,"[20, 30[", Private,535978,Undergraduate,10,Married-civ-spouse,Technical, Husband,*,Male,0,0,40,North America,>50K
27040,"[40, 50[", Private,29393,Undergraduate,10,Divorced,Technical, Not-in-family,*,Female,0,0,40,North America,<=50K
27042,"[20, 30[", Private,369166,Undergraduate,10,Never-married,Other, Other-relative,*,Female,0,0,65,North America,<=50K
27043,"[40, 50[", Local-gov,257855,High School,7,Married-civ-spouse,Other, Husband,*,Male,0,0,50,North America,<=50K
27044,"[30, 40[", Private,164197,Undergraduate,13,Married-civ-spouse,Technical, Husband,*,Male,0,0,44,North America,>50K
27045,"[60, 70[", Private,109517,Undergraduate,10,Widowed,Other, Unmarried,*,Female,0,0,43,North America,<=50K
27047,"[30, 40[", Private,160035,Undergraduate,10,Married-civ-spouse,Nontechnical, Husband,*,Male,0,0,55,North America,>50K
27048,"[40, 50[", State-gov,50567,High School,9,Married-civ-spouse,Nontechnical, Wife,*,Female,0,0,40,North America,<=50K
27049,"[30, 40[", Self-emp-not-inc,140011,Professional Education,15,Married-civ-spouse,Technical, Husband,*,Male,0,0,55,North America,>50K
27050,"[20, 30[", State-gov,271328,Undergraduate,13,Never-married,Technical, Not-in-family,*,Male,0,0,60,North America,<=50K
27051,"[20, 30[", ?,183083,Undergraduate,10,Never-married,Other, Own-child,*,Female,0,0,20,North America,<=50K
27052,"[40, 50[", Self-emp-not-inc,159869,High School,9,Married-civ-spouse,Other, Husband,*,Male,0,0,56,North America,>50K
27053,"[40, 50[", Private,102542,High School,4,Never-married,Other, Own-child,*,Male,0,0,52,North America,<=50K
27054,"[20, 30[", Private,297742,Undergraduate,10,Never-married,Technical, Own-child,*,Female,0,0,40,North America,<=50K
27055,"[40, 50[", Private,176917,High School,9,Never-married,Nontechnical, Other-relative,*,Male,0,0,40,North America,<=50K
27056,"[20, 30[", Private,165235,Undergraduate,13,Never-married,Other, Own-child,*,Female,0,0,40,Asia,<=50K
27057,"[30, 40[", Self-emp-not-inc,52647,High School,6,Married-civ-spouse,Nontechnical, Husband,*,Male,0,0,45,North America,<=50K
27058,"[30, 40[", Local-gov,48542,High School,8,Married-civ-spouse,Other, Wife,*,Female,0,0,40,North America,<=50K
27059,"[50, 60[", Private,279232,High School,6,Married-civ-spouse,Other, Husband,*,Male,0,0,40,North America,<=50K
27061,"[40, 50[", Private,221780,Undergraduate,10,Divorced,Nontechnical, Not-in-family,*,Male,0,0,30,North America,<=50K
27063,"[30, 40[", Private,298841,High School,9,Divorced,Other, Own-child,*,Female,0,0,40,North America,<=50K
27064,"[30, 40[", Private,321313,Graduate,14,Never-married,Nontechnical, Own-child,*,Male,0,0,40,North America,<=50K
27065,"[30, 40[", Self-emp-not-inc,64875,High School,9,Divorced,Other, Not-in-family,*,Male,0,0,50,North America,<=50K
27066,"[30, 40[", Private,275232,Professional Education,12,Never-married,Technical, Unmarried,*,Female,0,0,36,North America,<=50K
27068,"[40, 50[", Private,67339,Undergraduate,13,Married-civ-spouse,Technical, Husband,*,Male,0,0,40,Unknown,<=50K
27069,"[20, 30[", State-gov,192355,Undergraduate,13,Never-married,Technical, Not-in-family,*,Male,0,0,50,North America,<=50K
27070,"[40, 50[", Local-gov,208528,Professional Education,12,Married-civ-spouse,Other, Husband,*,Male,0,0,30,North America,<=50K
27071,"[30, 40[", Private,160120,Graduate,14,Married-civ-spouse,Nontechnical, Husband,*,Male,0,0,50,North America,>50K
27072,"[30, 40[", Private,250238,Primary School,2,Never-married,Other, Other-relative,*,Female,0,0,40,North America,<=50K
27073,"[50, 60[", Private,25031,Undergraduate,10,Married-civ-spouse,Nontechnical, Wife,*,Female,0,0,10,North America,>50K
27074,"[40, 50[", Local-gov,255847,High School,9,Married-civ-spouse,Other, Husband,*,Male,0,0,40,North America,<=50K
27076,"[40, 50[", Private,111979,High School,9,Married-civ-spouse,Nontechnical, Husband,*,Male,0,0,40,North America,<=50K
27077,"[50, 60[", Private,408537,High School,5,Divorced,Technical, Unmarried,*,Female,99999,0,37,North America,>50K
27078,"[30, 40[", Private,231037,High School,4,Married-civ-spouse,Technical, Husband,*,Male,0,0,40,North America,<=50K
27079,"[50, 60[", Federal-gov,30030,High School,9,Married-civ-spouse,Technical, Husband,*,Male,0,0,40,North America,>50K
27080,"[20, 30[", Private,292120,High School,9,Divorced,Technical, Not-in-family,*,Female,0,0,45,North America,<=50K
27082,"[20, 30[", Private,190777,Undergraduate,13,Married-civ-spouse,Nontechnical, Husband,*,Male,0,0,55,North America,<=50K
27083,"[30, 40[", Self-emp-not-inc,41591,Undergraduate,13,Never-married,Technical, Not-in-family,*,Male,0,0,30,North America,<=50K
27084,"[20, 30[", Private,186733,High School,9,Married-civ-spouse,Technical, Husband,*,Male,0,0,50,North America,<=50K
27085,"[10, 20[", ?,78567,Undergraduate,10,Never-married,Other, Own-child,*,Male,0,0,30,North America,<=50K
27086,"[10, 20[", ?,140590,High School,8,Never-married,Other, Own-child,*,Male,0,0,30,North America,<=50K
27087,"[30, 40[", Local-gov,230912,Graduate,14,Never-married,Technical, Not-in-family,*,Female,4865,0,40,North America,<=50K
27088,"[30, 40[", Private,176185,Undergraduate,13,Never-married,Nontechnical, Not-in-family,*,Male,0,1741,40,North America,<=50K
27089,"[20, 30[", Private,182227,Professional Education,12,Never-married,Technical, Not-in-family,*,Male,0,0,55,North America,<=50K
27090,"[30, 40[", Local-gov,205704,Graduate,14,Never-married,Technical, Not-in-family,*,Male,0,0,35,North America,<=50K
27091,"[30, 40[", State-gov,24342,Undergraduate,10,Married-civ-spouse,Nontechnical, Husband,*,Male,0,0,38,North America,<=50K
27092,"[30, 40[", Private,138192,High School,9,Married-civ-spouse,Technical, Husband,*,Male,0,0,45,North America,<=50K
27093,"[10, 20[", Private,334676,High School,9,Never-married,Nontechnical, Own-child,*,Male,0,0,25,North America,<=50K
27094,"[20, 30[", Private,177526,Professional Education,11,Never-married,Technical, Own-child,*,Male,0,0,40,North America,<=50K
27095,"[10, 20[", Private,152696,High School,8,Never-married,Other, Own-child,*,Female,0,0,30,North America,<=50K
27096,"[30, 40[", Private,114765,Undergraduate,13,Divorced,Nontechnical, Not-in-family,*,Female,0,0,40,North America,<=50K
27098,"[20, 30[", Private,180758,Professional Education,12,Never-married,Technical, Not-in-family,*,Male,0,0,60,North America,<=50K
27099,"[40, 50[", Self-emp-not-inc,127921,High School,9,Married-civ-spouse,Technical, Husband,*,Male,0,0,40,North America,<=50K
27100,"[70, 80[", ?,177906,Undergraduate,13,Married-civ-spouse,Other, Husband,*,Male,0,0,10,North America,>50K
27101,"[30, 40[", Federal-gov,182898,High School,9,Married-civ-spouse,Other, Husband,*,Male,0,0,40,North America,<=50K
27102,"[50, 60[", Self-emp-not-inc,422249,High School,9,Married-civ-spouse,Technical, Husband,*,Male,0,0,50,North America,<=50K
27103,"[30, 40[", Private,222450,Primary School,3,Married-civ-spouse,Technical, Husband,*,Male,0,0,40,North America,<=50K
27104,"[30, 40[", Local-gov,190027,Undergraduate,10,Never-married,Other, Unmarried,*,Female,0,0,18,North America,<=50K
27105,"[40, 50[", Private,281647,Undergraduate,13,Married-civ-spouse,Nontechnical, Husband,*,Male,0,0,45,North America,>50K
27106,"[30, 40[", Private,117963,High School,9,Married-civ-spouse,Nontechnical, Husband,*,Male,0,0,45,North America,<=50K
27108,"[30, 40[", Private,225504,Graduate,14,Never-married,Technical, Not-in-family,*,Male,0,0,40,North America,<=50K
27109,"[40, 50[", Local-gov,104334,High School,9,Married-civ-spouse,Other, Husband,*,Male,0,0,40,North America,<=50K
27110,"[30, 40[", State-gov,48214,Graduate,14,Married-civ-spouse,Technical, Wife,*,Female,0,0,50,North America,>50K
27111,"[30, 40[", Private,145714,Professional Education,11,Never-married,Technical, Not-in-family,*,Male,0,0,40,North America,<=50K
27112,"[40, 50[", Self-emp-inc,38240,High School,9,Married-civ-spouse,Other, Husband,*,Male,0,0,40,North America,>50K
27113,"[50, 60[", Self-emp-not-inc,27385,Undergraduate,13,Married-civ-spouse,Nontechnical, Husband,*,Male,0,0,10,North America,<=50K
27114,"[50, 60[", Private,204254,High School,6,Divorced,Other, Unmarried,*,Female,0,0,45,North America,<=50K
27115,"[20, 30[", Private,411587,Undergraduate,10,Never-married,Other, Own-child,*,Male,0,0,40,North America,<=50K
27116,"[40, 50[", Private,221172,Undergraduate,13,Married-civ-spouse,Technical, Husband,*,Male,0,0,24,North America,>50K
27117,"[40, 50[", Private,54190,High School,9,Married-civ-spouse,Technical, Husband,*,Male,0,0,60,North America,<=50K
27118,"[60, 70[", Private,93997,Undergraduate,13,Married-civ-spouse,Nontechnical, Husband,*,Male,15024,0,45,North America,>50K
27119,"[50, 60[", Local-gov,24139,Graduate,14,Divorced,Technical, Unmarried,*,Female,0,0,65,North America,<=50K
27120,"[30, 40[", Private,112497,Professional Education,15,Married-civ-spouse,Technical, Husband,*,Male,0,0,50,North America,>50K
27121,"[40, 50[", Private,138907,High School,9,Divorced,Other, Other-relative,*,Female,0,0,40,North America,<=50K
27122,"[30, 40[", Private,186325,Undergraduate,10,Married-civ-spouse,Nontechnical, Wife,*,Female,0,0,38,North America,>50K
27123,"[20, 30[", Private,199452,Undergraduate,10,Never-married,Other, Own-child,*,Female,0,0,40,North America,<=50K
27124,"[50, 60[", Private,126677,Undergraduate,10,Married-civ-spouse,Nontechnical, Husband,*,Male,0,0,50,North America,>50K
27126,"[40, 50[", Local-gov,93618,Undergraduate,10,Divorced,Other, Not-in-family,*,Female,0,0,33,North America,<=50K
27127,"[20, 30[", Private,353352,Professional Education,11,Never-married,Technical, Other-relative,*,Male,0,0,40,North America,<=50K
27128,"[30, 40[", Private,143058,Undergraduate,13,Married-civ-spouse,Technical, Husband,*,Male,0,0,60,North America,<=50K
27129,"[20, 30[", Private,239663,Undergraduate,10,Married-civ-spouse,Other, Husband,*,Male,0,0,15,North America,<=50K
27130,"[20, 30[", Private,167615,High School,9,Never-married,Nontechnical, Unmarried,*,Female,0,0,40,North America,<=50K
27131,"[20, 30[", Private,442274,High School,9,Never-married,Nontechnical, Own-child,*,Male,0,0,40,North America,<=50K
27132,"[40, 50[", Private,149210,Undergraduate,13,Married-civ-spouse,Technical, Husband,*,Male,7298,0,45,North America,>50K
27134,"[40, 50[", State-gov,50093,Graduate,14,Divorced,Technical, Unmarried,*,Female,0,0,20,North America,<=50K
27136,"[50, 60[", Self-emp-not-inc,131991,Undergraduate,13,Never-married,Other, Own-child,*,Male,0,0,72,North America,<=50K
27137,"[30, 40[", State-gov,126336,High School,9,Divorced,Technical, Not-in-family,*,Male,0,0,40,North America,<=50K
27138,"[40, 50[", Self-emp-not-inc,341117,Undergraduate,10,Divorced,Technical, Not-in-family,*,Female,0,0,50,North America,<=50K
27139,"[20, 30[", Private,108505,High School,9,Never-married,Nontechnical, Not-in-family,*,Male,0,0,45,North America,<=50K
27140,"[60, 70[", ?,106566,Graduate,16,Married-civ-spouse,Other, Husband,*,Male,0,0,50,North America,>50K
27141,"[30, 40[", Private,74791,Undergraduate,13,Married-civ-spouse,Nontechnical, Wife,*,Male,0,0,60,Unknown,<=50K
27142,"[30, 40[", Private,24266,Professional Education,11,Married-civ-spouse,Technical, Husband,*,Male,7688,0,40,North America,>50K
27143,"[40, 50[", Private,267967,Undergraduate,13,Married-civ-spouse,Technical, Husband,*,Male,0,0,45,North America,>50K
27144,"[20, 30[", ?,181284,High School,8,Married-civ-spouse,Other, Husband,*,Male,0,0,45,North America,<=50K
27146,"[20, 30[", Private,69757,Undergraduate,10,Never-married,Other, Not-in-family,*,Female,0,0,60,North America,<=50K
27147,"[40, 50[", State-gov,210094,High School,9,Never-married,Other, Not-in-family,*,Female,0,0,40,North America,<=50K
27148,"[10, 20[", State-gov,389147,High School,9,Never-married,Nontechnical, Not-in-family,*,Female,0,0,30,North America,<=50K
27149,"[40, 50[", Private,210648,Undergraduate,13,Married-civ-spouse,Technical, Husband,*,Male,0,0,40,North America,>50K
27150,"[40, 50[", Private,94809,Professional Education,11,Married-civ-spouse,Nontechnical, Wife,*,Female,0,0,45,North America,>50K
27151,"[30, 40[", Local-gov,298717,High School,9,Married-civ-spouse,Nontechnical, Husband,*,Male,0,0,40,North America,<=50K
27153,"[30, 40[", Private,170148,High School,9,Divorced,Other, Unmarried,*,Female,0,0,45,North America,<=50K
27154,"[30, 40[", Local-gov,166497,High School,9,Divorced,Nontechnical, Not-in-family,*,Male,0,0,40,North America,>50K
27155,"[30, 40[", Private,247156,High School,9,Never-married,Other, Own-child,*,Male,0,0,40,North America,<=50K
27156,"[30, 40[", Self-emp-not-inc,204052,High School,9,Married-civ-spouse,Technical, Husband,*,Male,0,0,40,North America,>50K
27157,"[60, 70[", Self-emp-not-inc,122246,Graduate,14,Divorced,Technical, Unmarried,*,Female,0,0,32,North America,<=50K
27158,"[20, 30[", Private,180339,Undergraduate,10,Never-married,Other, Not-in-family,*,Female,0,0,45,North America,<=50K
27159,"[50, 60[", Self-emp-inc,155574,Graduate,14,Married-civ-spouse,Technical, Husband,*,Male,7298,0,50,North America,>50K
27160,"[30, 40[", Private,114912,Undergraduate,13,Married-civ-spouse,Nontechnical, Husband,*,Male,3103,0,60,North America,>50K
27161,"[40, 50[", Private,193882,High School,9,Married-civ-spouse,Nontechnical, Husband,*,Male,0,0,40,North America,>50K
27162,"[10, 20[", Private,112269,Undergraduate,10,Never-married,Other, Other-relative,*,Female,0,0,40,North America,<=50K
27164,"[50, 60[", Private,95435,High School,4,Married-civ-spouse,Other, Husband,*,Male,0,1579,65,North America,<=50K
27165,"[40, 50[", Federal-gov,179638,Graduate,14,Divorced,Nontechnical, Not-in-family,*,Male,0,0,40,North America,>50K
27166,"[40, 50[", Self-emp-inc,125892,Graduate,14,Married-civ-spouse,Nontechnical, Husband,*,Male,0,0,50,North America,>50K
27167,"[10, 20[", Private,721712,High School,6,Never-married,Other, Own-child,*,Male,0,0,15,North America,<=50K
27168,"[50, 60[", Private,197369,High School,4,Married-civ-spouse,Nontechnical, Husband,*,Male,0,0,40,North America,>50K
27169,"[20, 30[", Private,353795,Undergraduate,10,Married-civ-spouse,Other, Wife,*,Female,3103,0,40,North America,>50K
27171,"[20, 30[", Private,235853,High School,9,Married-civ-spouse,Nontechnical, Husband,*,Male,0,0,45,North America,<=50K
27172,"[50, 60[", Self-emp-not-inc,353281,High School,9,Separated,Other, Unmarried,*,Female,0,0,20,North America,<=50K
27173,"[10, 20[", Private,203061,Undergraduate,10,Never-married,Technical, Not-in-family,*,Female,0,0,25,North America,<=50K
27174,"[30, 40[", Self-emp-not-inc,62932,High School,9,Married-civ-spouse,Technical, Husband,*,Male,0,0,40,North America,<=50K
27175,"[30, 40[", Private,118551,High School,9,Divorced,Other, Unmarried,*,Female,0,0,80,North America,<=50K
27176,"[50, 60[", Private,99184,High School,9,Divorced,Other, Not-in-family,*,Male,0,0,40,North America,<=50K
27177,"[30, 40[", Private,189674,Undergraduate,10,Separated,Other, Other-relative,*,Female,0,0,40,North America,<=50K
27178,"[30, 40[", Private,226883,High School,9,Divorced,Technical, Not-in-family,*,Male,0,0,40,North America,<=50K
27179,"[20, 30[", ?,109564,High School,9,Never-married,Other, Own-child,*,Female,0,0,40,North America,<=50K
27180,"[20, 30[", Self-emp-inc,66872,High School,8,Married-civ-spouse,Nontechnical, Husband,*,Male,0,0,98,North America,<=50K
27181,"[30, 40[", Local-gov,268292,Undergraduate,10,Married-civ-spouse,Technical, Husband,*,Male,0,0,40,North America,<=50K
27182,"[50, 60[", Federal-gov,139290,Undergraduate,13,Married-civ-spouse,Other, Husband,*,Male,0,0,40,North America,>50K
27183,"[30, 40[", Private,206541,High School,7,Divorced,Technical, Own-child,*,Male,0,0,50,North America,<=50K
27184,"[20, 30[", Private,203139,Undergraduate,10,Never-married,Other, Other-relative,*,Female,0,0,40,North America,<=50K
27185,"[20, 30[", Self-emp-not-inc,294398,Undergraduate,10,Never-married,Technical, Not-in-family,*,Male,0,0,40,North America,<=50K
27186,"[20, 30[", Private,386864,High School,6,Never-married,Other, Other-relative,*,Male,0,0,35,North America,<=50K
27187,"[10, 20[", Private,369909,High School,6,Never-married,Other, Own-child,*,Male,0,0,20,North America,<=50K
27188,"[50, 60[", Private,89922,High School,9,Married-civ-spouse,Other, Husband,*,Male,3103,0,45,North America,>50K
27189,"[20, 30[", Private,176008,High School,9,Divorced,Other, Own-child,*,Female,0,0,40,North America,<=50K
27190,"[40, 50[", State-gov,241506,Undergraduate,13,Divorced,Technical, Unmarried,*,Female,1506,0,36,North America,<=50K
27191,"[40, 50[", Self-emp-not-inc,174426,Undergraduate,10,Never-married,Technical, Not-in-family,*,Male,0,0,35,North America,<=50K
27192,"[30, 40[", Private,167497,Undergraduate,10,Married-civ-spouse,Nontechnical, Wife,*,Female,7688,0,50,North America,>50K
27193,"[50, 60[", Private,292673,Primary School,2,Married-civ-spouse,Other, Husband,*,Male,0,0,35,North America,<=50K
27194,"[50, 60[", Local-gov,134808,High School,9,Widowed,Other, Unmarried,*,Female,0,0,40,North America,<=50K
27195,"[50, 60[", Self-emp-not-inc,95763,Undergraduate,10,Married-civ-spouse,Other, Husband,*,Male,0,0,60,North America,<=50K
27197,"[20, 30[", Private,222490,Professional Education,11,Never-married,Other, Own-child,*,Female,0,0,40,North America,<=50K
27198,"[40, 50[", Private,29115,Undergraduate,10,Never-married,Other, Not-in-family,*,Female,0,0,40,North America,<=50K
27199,"[20, 30[", Private,66638,Undergraduate,13,Never-married,Nontechnical, Not-in-family,*,Female,0,0,50,North America,<=50K
27200,"[30, 40[", Private,53926,Undergraduate,13,Married-civ-spouse,Technical, Husband,*,Male,0,0,40,North America,<=50K
27201,"[10, 20[", ?,43739,High School,9,Never-married,Other, Own-child,*,Male,0,0,40,North America,<=50K
27202,"[30, 40[", Private,104359,Undergraduate,10,Married-civ-spouse,Nontechnical, Husband,*,Male,0,0,40,North America,<=50K
27203,"[40, 50[", Private,124604,High School,9,Divorced,Other, Not-in-family,*,Male,0,0,32,North America,<=50K
27204,"[40, 50[", Private,114797,High School,9,Separated,Technical, Unmarried,*,Female,0,0,40,North America,<=50K
27205,"[60, 70[", Federal-gov,67320,High School,9,Never-married,Other, Not-in-family,*,Female,0,0,40,North America,<=50K
27206,"[20, 30[", Federal-gov,53147,Undergraduate,13,Never-married,Nontechnical, Not-in-family,*,Male,0,0,40,North America,<=50K
27207,"[20, 30[", Private,13769,Undergraduate,10,Married-civ-spouse,Technical, Husband,*,Male,0,0,30,North America,<=50K
27208,"[40, 50[", Private,202872,Undergraduate,13,Never-married,Technical, Not-in-family,*,Female,0,0,45,North America,<=50K
27209,"[10, 20[", State-gov,149528,Undergraduate,10,Never-married,Other, Own-child,*,Male,0,0,12,North America,<=50K
27210,"[30, 40[", Private,132879,High School,9,Married-civ-spouse,Nontechnical, Husband,*,Male,0,0,40,North America,>50K
27211,"[40, 50[", Self-emp-not-inc,112362,High School,9,Married-civ-spouse,Other, Husband,*,Male,0,0,38,North America,<=50K
27212,"[50, 60[", Federal-gov,156229,Undergraduate,13,Married-civ-spouse,Nontechnical, Husband,*,Male,7688,0,40,North America,>50K
27213,"[40, 50[", Private,131650,Professional Education,12,Married-civ-spouse,Nontechnical, Husband,*,Male,0,0,54,North America,>50K
27214,"[30, 40[", Private,154568,Undergraduate,13,Married-civ-spouse,Technical, Husband,*,Male,0,0,36,Asia,>50K
27215,"[20, 30[", Private,132300,Undergraduate,13,Never-married,Nontechnical, Not-in-family,*,Female,0,0,40,North America,<=50K
27216,"[40, 50[", Private,124747,High School,9,Married-civ-spouse,Nontechnical, Wife,*,Female,3103,0,40,North America,>50K
27217,"[30, 40[", Private,276559,High School,9,Married-civ-spouse,Nontechnical, Husband,*,Male,7688,0,70,North America,>50K
27218,"[30, 40[", Private,106014,Undergraduate,10,Married-civ-spouse,Nontechnical, Husband,*,Male,5178,0,50,North America,>50K
27220,"[30, 40[", Private,86648,Professional Education,15,Married-civ-spouse,Technical, Husband,*,Male,7688,0,50,North America,>50K
27221,"[40, 50[", Self-emp-not-inc,107231,Undergraduate,13,Married-civ-spouse,Nontechnical, Husband,*,Male,99999,0,50,North America,>50K
27222,"[30, 40[", Local-gov,113838,Undergraduate,10,Married-civ-spouse,Other, Husband,*,Male,0,0,99,North America,<=50K
27224,"[50, 60[", Local-gov,190561,High School,9,Divorced,Nontechnical, Not-in-family,*,Female,0,0,30,North America,<=50K
27225,"[50, 60[", ?,150031,Undergraduate,10,Never-married,Other, Not-in-family,*,Female,0,0,40,North America,<=50K
27226,"[50, 60[", Private,48343,Graduate,14,Married-civ-spouse,Nontechnical, Husband,*,Male,7298,0,50,North America,>50K
27227,"[50, 60[", Private,211116,High School,6,Married-civ-spouse,Other, Husband,*,Male,0,0,40,North America,<=50K
27229,"[50, 60[", Private,283743,High School,9,Married-civ-spouse,Other, Husband,*,Male,0,2002,40,North America,<=50K
27230,"[50, 60[", Self-emp-not-inc,64102,High School,4,Married-civ-spouse,Technical, Husband,*,Male,0,0,20,North America,<=50K
27231,"[20, 30[", Private,234663,High School,9,Never-married,Other, Own-child,*,Male,0,0,40,North America,<=50K
27232,"[40, 50[", Private,247880,Professional Education,11,Divorced,Nontechnical, Not-in-family,*,Male,8614,0,40,North America,>50K
27233,"[20, 30[", Private,615367,Undergraduate,13,Never-married,Nontechnical, Not-in-family,*,Female,0,0,40,North America,<=50K
27234,"[20, 30[", Private,163090,Professional Education,12,Never-married,Nontechnical, Own-child,*,Male,0,0,20,North America,<=50K
27235,"[40, 50[", Private,192225,Undergraduate,13,Married-civ-spouse,Nontechnical, Husband,*,Male,0,0,40,North America,>50K
27236,"[30, 40[", Private,370183,High School,9,Married-civ-spouse,Technical, Husband,*,Male,0,0,40,North America,<=50K
27237,"[20, 30[", Private,242482,High School,9,Married-civ-spouse,Nontechnical, Husband,*,Male,0,0,40,North America,<=50K
27238,"[40, 50[", Private,169953,Undergraduate,10,Divorced,Nontechnical, Not-in-family,*,Female,0,0,40,North America,<=50K
27239,"[30, 40[", Local-gov,144182,Primary School,1,Never-married,Other, Own-child,*,Female,0,0,25,North America,<=50K
27240,"[30, 40[", Private,125933,Undergraduate,13,Separated,Nontechnical, Not-in-family,*,Male,27828,0,45,North America,>50K
27241,"[20, 30[", Private,203777,Undergraduate,10,Never-married,Nontechnical, Not-in-family,*,Female,0,0,37,North America,<=50K
27242,"[30, 40[", Private,210991,High School,9,Married-civ-spouse,Technical, Husband,*,Male,0,0,40,North America,<=50K
27243,"[20, 30[", Private,472580,Undergraduate,10,Never-married,Nontechnical, Own-child,*,Male,0,0,40,North America,<=50K
27244,"[30, 40[", State-gov,200289,Graduate,14,Married-civ-spouse,Technical, Husband,*,Male,0,0,19,Asia,<=50K
27245,"[40, 50[", Private,289669,Graduate,14,Divorced,Technical, Unmarried,*,Female,0,2547,40,North America,>50K
27247,"[50, 60[", State-gov,139616,Graduate,14,Married-civ-spouse,Nontechnical, Husband,*,Male,0,0,50,North America,>50K
27248,"[20, 30[", Private,39212,High School,9,Married-civ-spouse,Technical, Husband,*,Male,0,0,45,North America,<=50K
27249,"[20, 30[", Private,51961,Undergraduate,10,Never-married,Technical, Own-child,*,Male,0,0,24,North America,<=50K
27250,"[40, 50[", Self-emp-not-inc,117849,Undergraduate,10,Never-married,Other, Not-in-family,*,Male,0,0,40,North America,<=50K
27252,"[40, 50[", Self-emp-not-inc,170214,High School,9,Married-civ-spouse,Nontechnical, Husband,*,Male,0,2179,40,North America,<=50K
27253,"[20, 30[", Private,151790,Undergraduate,10,Never-married,Other, Own-child,*,Female,0,0,30,North America,<=50K
27254,"[40, 50[", Private,168211,High School,9,Married-civ-spouse,Other, Husband,*,Male,0,0,40,North America,>50K
27255,"[30, 40[", State-gov,117651,Undergraduate,13,Never-married,Technical, Other-relative,*,Male,0,0,40,North America,<=50K
27256,"[10, 20[", Private,157131,High School,8,Never-married,Nontechnical, Own-child,*,Female,0,0,8,North America,<=50K
27257,"[60, 70[", Private,225970,High School,9,Married-civ-spouse,Technical, Husband,*,Male,0,0,40,North America,>50K
27258,"[20, 30[", Private,177951,High School,9,Married-civ-spouse,Nontechnical, Husband,*,Male,0,0,48,North America,<=50K
27261,"[20, 30[", Local-gov,199172,High School,9,Married-civ-spouse,Other, Wife,*,Female,0,0,40,North America,<=50K
27262,"[60, 70[", Self-emp-not-inc,262552,Undergraduate,10,Married-civ-spouse,Other, Husband,*,Male,0,0,7,North America,<=50K
27263,"[20, 30[", Private,66434,High School,6,Never-married,Other, Unmarried,*,Female,0,0,15,North America,<=50K
27264,"[20, 30[", Private,77661,Undergraduate,13,Never-married,Technical, Not-in-family,*,Female,0,0,40,North America,<=50K
27265,"[20, 30[", ?,230856,High School,9,Never-married,Other, Unmarried,*,Female,0,0,40,North America,<=50K
27266,"[40, 50[", Private,192835,Undergraduate,10,Married-civ-spouse,Other, Husband,*,Male,0,0,48,North America,<=50K
27267,"[60, 70[", ?,181014,Undergraduate,13,Married-civ-spouse,Other, Husband,*,Male,0,0,40,North America,<=50K
27268,"[30, 40[", Private,200445,High School,9,Never-married,Technical, Own-child,*,Male,0,1974,40,North America,<=50K
27269,"[20, 30[", Self-emp-not-inc,37918,High School,9,Never-married,Other, Own-child,*,Male,0,0,60,North America,<=50K
27270,"[40, 50[", Private,111020,High School,9,Separated,Technical, Not-in-family,*,Female,0,0,40,North America,<=50K
27271,"[30, 40[", Private,244665,Undergraduate,10,Never-married,Nontechnical, Not-in-family,*,Male,0,0,45,North America,<=50K
27272,"[50, 60[", Private,312477,High School,9,Widowed,Other, Not-in-family,*,Male,0,0,40,North America,<=50K
27273,"[60, 70[", Self-emp-not-inc,243493,High School,9,Married-civ-spouse,Other, Husband,*,Male,0,0,12,North America,<=50K
27274,"[30, 40[", State-gov,152023,High School,7,Married-civ-spouse,Technical, Husband,*,Male,0,0,40,North America,<=50K
27275,"[20, 30[", Private,104193,High School,9,Never-married,Other, Own-child,*,Female,114,0,40,North America,<=50K
27276,"[40, 50[", Private,170850,Undergraduate,13,Married-civ-spouse,Technical, Husband,*,Male,0,0,48,North America,<=50K
27278,"[10, 20[", Private,340557,High School,7,Never-married,Other, Own-child,*,Male,0,0,25,North America,<=50K
27279,"[20, 30[", Private,298225,High School,9,Married-civ-spouse,Other, Husband,*,Male,0,0,45,North America,<=50K
27280,"[20, 30[", Private,114150,High School,9,Never-married,Nontechnical, Other-relative,*,Male,0,0,40,North America,<=50K
27281,"[30, 40[", Self-emp-not-inc,194668,High School,9,Married-civ-spouse,Nontechnical, Husband,*,Male,0,0,16,North America,<=50K
27282,"[30, 40[", Private,188246,Graduate,14,Married-civ-spouse,Nontechnical, Husband,*,Male,7298,0,45,North America,>50K
27283,"[40, 50[", Federal-gov,330901,Undergraduate,10,Married-civ-spouse,Nontechnical, Husband,*,Male,0,0,40,North America,<=50K
27284,"[20, 30[", Private,80165,Undergraduate,10,Separated,Other, Unmarried,*,Female,0,0,20,North America,<=50K
27285,"[40, 50[", Private,83444,High School,9,Married-civ-spouse,Technical, Husband,*,Male,7298,0,40,North America,>50K
27286,"[20, 30[", Self-emp-not-inc,85572,High School,7,Married-civ-spouse,Other, Wife,*,Female,0,0,5,North America,<=50K
27287,"[40, 50[", Private,116632,Undergraduate,13,Never-married,Nontechnical, Own-child,*,Male,0,0,40,North America,<=50K
27288,"[20, 30[", Private,139989,Undergraduate,13,Never-married,Nontechnical, Own-child,*,Male,0,0,40,North America,<=50K
27290,"[50, 60[", Private,75785,High School,9,Married-civ-spouse,Nontechnical, Husband,*,Male,0,0,40,North America,>50K
27291,"[20, 30[", Private,248612,Professional Education,12,Never-married,Technical, Not-in-family,*,Male,0,0,30,North America,<=50K
27292,"[30, 40[", Private,28572,Undergraduate,10,Married-civ-spouse,Technical, Husband,*,Male,0,0,50,North America,<=50K
27293,"[20, 30[", Self-emp-not-inc,31143,High School,9,Married-civ-spouse,Nontechnical, Husband,*,Male,0,0,45,North America,<=50K
27294,"[30, 40[", Private,216924,High School,9,Married-civ-spouse,Nontechnical, Husband,*,Male,0,0,44,North America,>50K
27295,"[30, 40[", Private,549174,High School,9,Married-civ-spouse,Technical, Husband,*,Male,0,0,40,North America,<=50K
27296,"[20, 30[", Self-emp-not-inc,111296,High School,7,Never-married,Technical, Own-child,*,Male,0,0,50,North America,<=50K
27297,"[20, 30[", Private,208881,Undergraduate,13,Married-civ-spouse,Technical, Husband,*,Male,0,0,60,North America,<=50K
27298,"[30, 40[", State-gov,243666,High School,9,Divorced,Other, Own-child,*,Female,0,0,40,North America,<=50K
27299,"[30, 40[", Self-emp-not-inc,327164,Undergraduate,10,Married-civ-spouse,Technical, Husband,*,Male,0,0,70,Unknown,<=50K
27300,"[30, 40[", Self-emp-inc,131288,Professional Education,12,Married-civ-spouse,Nontechnical, Husband,*,Male,5178,0,48,North America,>50K
27301,"[30, 40[", Private,257416,Professional Education,11,Never-married,Technical, Own-child,*,Male,0,0,40,North America,<=50K
27302,"[30, 40[", Private,215288,High School,7,Never-married,Nontechnical, Own-child,*,Male,0,0,40,North America,<=50K
27303,"[30, 40[", Private,58582,Undergraduate,10,Never-married,Technical, Not-in-family,*,Male,0,0,46,North America,<=50K
27304,"[40, 50[", Private,199378,Undergraduate,10,Married-civ-spouse,Technical, Husband,*,Male,0,0,22,North America,<=50K
27308,"[50, 60[", Self-emp-not-inc,196504,Graduate,16,Married-civ-spouse,Technical, Husband,*,Male,0,0,23,North America,<=50K
27309,"[30, 40[", Private,357870,High School,8,Never-married,Technical, Not-in-family,*,Female,0,0,50,North America,<=50K
27310,"[50, 60[", State-gov,256335,Undergraduate,13,Divorced,Nontechnical, Unmarried,*,Male,0,0,40,North America,<=50K
27313,"[40, 50[", Private,184682,Professional Education,11,Divorced,Technical, Not-in-family,*,Female,0,0,30,North America,<=50K
27314,"[50, 60[", Private,171914,Undergraduate,13,Married-civ-spouse,Technical, Husband,*,Male,0,0,50,North America,>50K
27315,"[20, 30[", Private,288229,Undergraduate,13,Never-married,Other, Own-child,*,Female,0,0,50,Asia,<=50K
27316,"[30, 40[", State-gov,144064,High School,9,Married-civ-spouse,Other, Husband,*,Male,0,0,40,North America,>50K
27318,"[40, 50[", Private,141583,High School,6,Never-married,Other, Unmarried,*,Female,0,0,40,North America,<=50K
27319,"[40, 50[", Self-emp-not-inc,180985,Undergraduate,13,Separated,Technical, Unmarried,*,Male,0,0,35,North America,<=50K
27320,"[20, 30[", Private,148709,High School,9,Never-married,Other, Not-in-family,*,Female,0,0,40,North America,<=50K
27321,"[20, 30[", ?,174626,High School,4,Never-married,Other, Own-child,*,Male,0,0,40,North America,<=50K
27322,"[30, 40[", Private,184801,Undergraduate,13,Married-civ-spouse,Nontechnical, Husband,*,Male,0,0,60,North America,>50K
27323,"[50, 60[", Private,89054,High School,9,Married-civ-spouse,Technical, Husband,*,Male,0,0,40,North America,<=50K
27324,"[30, 40[", Private,147284,Professional Education,11,Married-civ-spouse,Nontechnical, Husband,*,Male,0,0,50,North America,>50K
27326,"[20, 30[", Private,222993,High School,9,Never-married,Technical, Own-child,*,Male,0,0,40,North America,<=50K
27327,"[20, 30[", Private,41099,Undergraduate,10,Never-married,Nontechnical, Not-in-family,*,Male,0,0,50,North America,<=50K
27328,"[30, 40[", Private,33117,High School,9,Divorced,Nontechnical, Not-in-family,*,Male,0,0,50,North America,<=50K
27333,"[30, 40[", Private,138940,High School,7,Married-civ-spouse,Technical, Husband,*,Male,0,0,40,North America,<=50K
27334,"[50, 60[", Federal-gov,141877,Undergraduate,13,Married-civ-spouse,Other, Husband,*,Male,0,0,40,North America,>50K
27335,"[30, 40[", Private,172722,Undergraduate,10,Married-civ-spouse,Technical, Husband,*,Male,0,0,40,North America,<=50K
27336,"[20, 30[", Self-emp-not-inc,118523,High School,9,Married-civ-spouse,Other, Husband,*,Male,0,0,40,North America,<=50K
27337,"[30, 40[", Private,227886,Undergraduate,10,Never-married,Other, Unmarried,*,Female,0,0,35,North America,<=50K
27339,"[50, 60[", Private,199688,High School,6,Married-civ-spouse,Nontechnical, Husband,*,Male,0,0,45,North America,<=50K
27340,"[40, 50[", Private,225823,Undergraduate,10,Divorced,Technical, Not-in-family,*,Male,0,0,60,North America,<=50K
27343,"[30, 40[", Private,295010,High School,9,Never-married,Other, Not-in-family,*,Female,0,0,40,North America,<=50K
27345,"[50, 60[", Private,270194,Undergraduate,13,Married-civ-spouse,Nontechnical, Husband,*,Male,0,0,60,North America,<=50K
27346,"[40, 50[", Private,242089,Graduate,14,Married-civ-spouse,Nontechnical, Husband,*,Male,0,0,45,North America,<=50K
27347,"[30, 40[", Self-emp-inc,117555,Undergraduate,13,Married-civ-spouse,Nontechnical, Husband,*,Male,0,0,60,North America,>50K
27349,"[50, 60[", Private,222405,High School,9,Married-civ-spouse,Nontechnical, Husband,*,Male,0,2377,40,North America,<=50K
27350,"[10, 20[", ?,216595,High School,7,Never-married,Other, Own-child,*,Female,0,0,20,North America,<=50K
27351,"[40, 50[", Private,157991,Professional Education,11,Divorced,Technical, Unmarried,*,Female,0,625,40,North America,<=50K
27352,"[20, 30[", Private,373553,Undergraduate,10,Married-civ-spouse,Other, Wife,*,Female,0,0,42,North America,<=50K
27353,"[30, 40[", Private,194827,Undergraduate,10,Married-civ-spouse,Technical, Husband,*,Male,0,1740,40,North America,<=50K
27354,"[20, 30[", Private,60331,Undergraduate,10,Divorced,Nontechnical, Not-in-family,*,Male,0,0,50,North America,<=50K
27355,"[20, 30[", State-gov,96483,Undergraduate,10,Never-married,Other, Own-child,*,Female,0,0,12,North America,<=50K
27356,"[30, 40[", Private,211154,High School,9,Married-civ-spouse,Other, Husband,*,Male,0,0,55,North America,<=50K
27357,"[30, 40[", Local-gov,247750,Professional Education,11,Married-civ-spouse,Other, Husband,*,Male,0,0,40,North America,<=50K
27358,"[40, 50[", Self-emp-not-inc,204235,Graduate,14,Married-civ-spouse,Nontechnical, Husband,*,Male,99999,0,50,North America,>50K
27359,"[30, 40[", Private,197113,Undergraduate,10,Divorced,Other, Unmarried,*,Female,0,0,20,North America,<=50K
27360,"[40, 50[", Private,178341,Undergraduate,13,Married-civ-spouse,Nontechnical, Husband,*,Male,4064,0,60,North America,<=50K
27361,"[20, 30[", Private,293297,Undergraduate,10,Never-married,Other, Own-child,*,Male,0,0,35,North America,<=50K
27362,"[30, 40[", Private,35330,High School,9,Married-civ-spouse,Technical, Husband,*,Male,0,0,40,North America,<=50K
27363,"[60, 70[", State-gov,202056,Undergraduate,13,Divorced,Technical, Not-in-family,*,Male,14084,0,40,North America,>50K
27364,"[30, 40[", Private,61898,High School,7,Divorced,Other, Unmarried,*,Female,0,0,15,North America,<=50K
27365,"[40, 50[", Self-emp-inc,1097453,Undergraduate,13,Married-civ-spouse,Nontechnical, Husband,*,Male,0,0,60,North America,>50K
27366,"[30, 40[", Private,176992,High School,6,Never-married,Technical, Unmarried,*,Male,0,0,40,North America,<=50K
27367,"[20, 30[", Private,295289,Undergraduate,10,Never-married,Other, Own-child,*,Female,0,0,30,North America,<=50K
27368,"[50, 60[", Self-emp-inc,298215,Undergraduate,13,Married-civ-spouse,Nontechnical, Husband,*,Male,0,0,45,North America,>50K
27370,"[20, 30[", Private,164938,High School,9,Married-civ-spouse,Nontechnical, Husband,*,Male,0,0,40,North America,<=50K
27371,"[40, 50[", Private,423222,Professional Education,15,Married-civ-spouse,Nontechnical, Husband,*,Male,0,0,45,North America,>50K
27372,"[20, 30[", Private,124259,Undergraduate,10,Never-married,Other, Own-child,*,Female,0,0,40,North America,<=50K
27373,"[70, 80[", Self-emp-inc,232871,Undergraduate,10,Married-civ-spouse,Nontechnical, Husband,*,Male,0,0,30,North America,<=50K
27374,"[40, 50[", State-gov,73199,Undergraduate,13,Married-civ-spouse,Nontechnical, Husband,*,Male,0,0,40,North America,<=50K
27375,"[40, 50[", State-gov,27661,Graduate,14,Never-married,Technical, Not-in-family,*,Male,0,0,45,North America,<=50K
27377,"[40, 50[", Self-emp-not-inc,89413,High School,9,Married-civ-spouse,Technical, Husband,*,Male,0,1672,40,North America,<=50K
27378,"[60, 70[", Self-emp-not-inc,31826,High School,9,Married-civ-spouse,Nontechnical, Husband,*,Male,0,0,45,North America,>50K
27379,"[40, 50[", Private,279679,Undergraduate,10,Divorced,Nontechnical, Not-in-family,*,Male,0,0,45,North America,<=50K
27380,"[40, 50[", Private,221172,Undergraduate,13,Divorced,Nontechnical, Not-in-family,*,Male,0,0,35,North America,<=50K
27381,"[50, 60[", Federal-gov,222020,High School,9,Married-civ-spouse,Other, Husband,*,Male,0,0,48,North America,<=50K
27382,"[10, 20[", ?,181265,Undergraduate,10,Never-married,Other, Own-child,*,Female,0,0,30,North America,<=50K
27384,"[30, 40[", Private,204792,High School,7,Married-civ-spouse,Other, Husband,*,Male,0,0,40,North America,<=50K
27385,"[40, 50[", Private,384508,High School,7,Divorced,Nontechnical, Unmarried,*,Male,1506,0,50,North America,<=50K
27386,"[40, 50[", Private,288568,High School,9,Married-civ-spouse,Technical, Husband,*,Male,0,0,40,North America,>50K
27388,"[20, 30[", Private,471452,Undergraduate,10,Never-married,Other, Own-child,*,Male,0,0,30,North America,<=50K
27389,"[40, 50[", State-gov,264052,High School,9,Married-civ-spouse,Technical, Husband,*,Male,0,0,40,North America,<=50K
27390,"[40, 50[", Private,146659,Graduate,16,Married-civ-spouse,Technical, Husband,*,Male,0,1902,50,North America,>50K
27391,"[20, 30[", Private,203027,Professional Education,12,Never-married,Technical, Own-child,*,Male,0,0,40,North America,<=50K
27392,"[40, 50[", Private,218309,Undergraduate,13,Divorced,Nontechnical, Not-in-family,*,Female,0,0,50,North America,<=50K
27393,"[20, 30[", Private,133625,High School,9,Married-civ-spouse,Other, Husband,*,Male,0,0,40,North America,<=50K
27394,"[30, 40[", Private,45937,High School,9,Never-married,Technical, Not-in-family,*,Female,0,0,40,North America,<=50K
27396,"[30, 40[", Federal-gov,201617,High School,9,Never-married,Other, Unmarried,*,Female,0,0,40,North America,<=50K
27397,"[30, 40[", Local-gov,114733,Undergraduate,13,Divorced,Technical, Unmarried,*,Female,0,0,35,North America,<=50K
27398,"[50, 60[", State-gov,97778,High School,9,Married-civ-spouse,Other, Husband,*,Male,0,0,40,North America,<=50K
27399,"[30, 40[", Private,149507,High School,9,Married-civ-spouse,Technical, Husband,*,Male,0,0,55,North America,>50K
27400,"[30, 40[", Private,82622,High School,9,Never-married,Other, Own-child,*,Male,0,0,40,North America,<=50K
27402,"[60, 70[", State-gov,162678,Primary School,3,Married-civ-spouse,Other, Husband,*,Male,0,0,40,North America,<=50K
27403,"[20, 30[", Private,213842,Undergraduate,13,Never-married,Other, Own-child,*,Male,0,0,38,North America,<=50K
27406,"[30, 40[", Local-gov,206609,High School,9,Married-civ-spouse,Other, Husband,*,Male,0,0,40,North America,>50K
27407,"[30, 40[", Private,50276,Undergraduate,13,Divorced,Technical, Not-in-family,*,Male,0,0,60,North America,<=50K
27408,"[20, 30[", Private,180497,High School,9,Never-married,Other, Not-in-family,*,Female,0,0,40,North America,<=50K
27409,"[30, 40[", Private,220585,High School,8,Married-civ-spouse,Other, Husband,*,Male,0,0,40,North America,<=50K
27410,"[50, 60[", Private,202752,High School,9,Never-married,Technical, Not-in-family,*,Male,0,0,40,North America,<=50K
27411,"[40, 50[", Private,75993,Undergraduate,10,Married-civ-spouse,Nontechnical, Husband,*,Male,7688,0,40,North America,>50K
27412,"[10, 20[", Private,170544,High School,7,Never-married,Nontechnical, Own-child,*,Male,0,0,20,North America,<=50K
27413,"[50, 60[", Private,115439,Professional Education,15,Married-civ-spouse,Nontechnical, Husband,*,Male,99999,0,40,North America,>50K
27414,"[50, 60[", Private,24384,High School,9,Widowed,Other, Not-in-family,*,Female,0,0,40,North America,<=50K
27415,"[20, 30[", Private,209067,High School,9,Never-married,Other, Own-child,*,Female,0,0,40,North America,<=50K
27416,"[20, 30[", Private,65225,High School,6,Never-married,Other, Own-child,*,Female,0,0,40,North America,<=50K
27418,"[40, 50[", Federal-gov,179869,High School,9,Married-civ-spouse,Technical, Husband,*,Male,0,0,40,North America,>50K
27419,"[20, 30[", Private,442131,High School,9,Never-married,Nontechnical, Own-child,*,Female,0,0,40,North America,<=50K
27420,"[60, 70[", Private,243283,High School,9,Married-civ-spouse,Technical, Husband,*,Male,0,0,40,North America,<=50K
27423,"[20, 30[", Federal-gov,38645,Undergraduate,13,Never-married,Nontechnical, Not-in-family,*,Female,0,0,40,North America,<=50K
27424,"[20, 30[", Private,141272,Undergraduate,13,Never-married,Other, Own-child,*,Female,0,0,30,North America,<=50K
27425,"[40, 50[", State-gov,29324,High School,9,Divorced,Nontechnical, Unmarried,*,Female,0,0,45,North America,<=50K
27426,"[10, 20[", ?,348588,High School,8,Never-married,Other, Own-child,*,Male,0,0,25,North America,<=50K
27427,"[40, 50[", Private,124747,High School,9,Married-civ-spouse,Technical, Wife,*,Female,7298,0,40,North America,>50K
27428,"[50, 60[", Self-emp-not-inc,477867,Undergraduate,13,Married-civ-spouse,Nontechnical, Husband,*,Male,0,0,40,North America,>50K
27429,"[10, 20[", Private,218361,High School,6,Never-married,Other, Own-child,*,Female,0,1602,12,North America,<=50K
27430,"[30, 40[", Self-emp-not-inc,156809,Undergraduate,10,Never-married,Technical, Not-in-family,*,Male,0,1504,60,North America,<=50K
27431,"[20, 30[", Private,267945,Undergraduate,13,Never-married,Other, Own-child,*,Female,0,0,40,North America,<=50K
27432,"[30, 40[", Private,35724,Professional Education,15,Married-civ-spouse,Technical, Wife,*,Female,0,0,45,North America,>50K
27433,"[20, 30[", Private,187188,Graduate,14,Never-married,Nontechnical, Not-in-family,*,Male,0,0,60,North America,<=50K
27434,"[50, 60[", Private,155983,Undergraduate,13,Married-civ-spouse,Nontechnical, Husband,*,Male,0,0,40,North America,>50K
27435,"[50, 60[", Federal-gov,414994,Undergraduate,10,Married-civ-spouse,Nontechnical, Husband,*,Male,0,0,40,North America,>50K
27436,"[30, 40[", Private,103474,Undergraduate,13,Never-married,Technical, Not-in-family,*,Female,0,0,45,North America,<=50K
27437,"[40, 50[", Private,211128,Graduate,14,Divorced,Nontechnical, Not-in-family,*,Female,0,0,50,North America,>50K
27438,"[60, 70[", Private,203445,Undergraduate,10,Widowed,Other, Other-relative,*,Female,0,0,40,North America,<=50K
27439,"[30, 40[", Private,38312,Undergraduate,13,Married-civ-spouse,Nontechnical, Husband,*,Male,15024,0,65,North America,>50K
27440,"[50, 60[", Private,178241,High School,9,Married-civ-spouse,Technical, Husband,*,Male,0,0,40,North America,>50K
27441,"[40, 50[", Private,260761,Undergraduate,13,Married-civ-spouse,Other, Husband,*,Male,0,0,40,North America,<=50K
27442,"[40, 50[", Local-gov,36924,Undergraduate,10,Married-civ-spouse,Other, Husband,*,Male,0,0,40,North America,>50K
27443,"[10, 20[", Private,292590,Undergraduate,10,Never-married,Other, Own-child,*,Female,0,0,20,North America,<=50K
27444,"[20, 30[", Private,461929,High School,4,Married-civ-spouse,Other, Husband,*,Male,0,0,40,North America,<=50K
27445,"[50, 60[", Private,189664,Undergraduate,10,Married-civ-spouse,Nontechnical, Husband,*,Male,0,0,40,North America,<=50K
27446,"[30, 40[", State-gov,190577,Undergraduate,13,Never-married,Technical, Own-child,*,Female,0,0,40,North America,<=50K
27447,"[30, 40[", Private,344200,High School,9,Married-civ-spouse,Nontechnical, Husband,*,Male,0,0,40,North America,>50K
27448,"[30, 40[", Private,337494,Professional Education,12,Never-married,Technical, Not-in-family,*,Male,0,0,48,North America,<=50K
27449,"[50, 60[", Self-emp-not-inc,52634,Undergraduate,10,Married-civ-spouse,Nontechnical, Husband,*,Male,0,0,40,North America,<=50K
27451,"[20, 30[", Private,170091,Undergraduate,10,Never-married,Other, Own-child,*,Female,0,0,10,North America,<=50K
27452,"[20, 30[", ?,189399,Undergraduate,10,Divorced,Other, Not-in-family,*,Female,0,0,40,North America,<=50K
27453,"[30, 40[", Self-emp-not-inc,205072,High School,9,Married-civ-spouse,Other, Husband,*,Male,0,0,48,North America,<=50K
27454,"[30, 40[", Private,310290,High School,9,Married-civ-spouse,Other, Wife,*,Female,0,0,40,North America,<=50K
27455,"[20, 30[", Private,134048,High School,7,Never-married,Technical, Not-in-family,*,Male,0,0,45,North America,<=50K
27456,"[40, 50[", Private,91959,Undergraduate,13,Married-civ-spouse,Technical, Husband,*,Male,0,0,46,North America,>50K
27457,"[30, 40[", Private,153942,Professional Education,11,Married-civ-spouse,Nontechnical, Husband,*,Male,0,0,40,North America,<=50K
27458,"[30, 40[", Local-gov,234096,Professional Education,12,Married-civ-spouse,Technical, Husband,*,Male,0,0,40,North America,>50K
27459,"[30, 40[", Private,185330,Undergraduate,10,Never-married,Technical, Own-child,*,Female,0,0,25,North America,<=50K
27460,"[20, 30[", Private,163772,High School,9,Married-civ-spouse,Other, Husband,*,Male,0,0,40,North America,<=50K
27461,"[60, 70[", Private,83800,Undergraduate,10,Married-civ-spouse,Nontechnical, Husband,*,Male,0,0,27,North America,<=50K
27463,"[10, 20[", Private,478380,High School,7,Never-married,Nontechnical, Own-child,*,Female,0,0,25,North America,<=50K
27464,"[30, 40[", Self-emp-inc,186845,Undergraduate,13,Married-civ-spouse,Nontechnical, Own-child,*,Male,5178,0,50,North America,>50K
27465,"[40, 50[", Private,262802,Undergraduate,13,Divorced,Nontechnical, Unmarried,*,Female,0,0,40,North America,<=50K
27466,"[60, 70[", ?,152157,High School,9,Widowed,Other, Not-in-family,*,Female,0,0,20,North America,<=50K
27467,"[20, 30[", Private,114483,Undergraduate,10,Married-civ-spouse,Nontechnical, Husband,*,Male,0,0,50,North America,<=50K
27468,"[40, 50[", Private,118023,Professional Education,15,Divorced,Nontechnical, Not-in-family,*,Male,0,0,13,North America,<=50K
27469,"[10, 20[", Private,220101,Undergraduate,10,Never-married,Other, Not-in-family,*,Female,0,0,40,North America,<=50K
27470,"[40, 50[", Private,219424,Undergraduate,13,Never-married,Nontechnical, Not-in-family,*,Female,0,0,50,North America,>50K
27471,"[50, 60[", Private,186117,Undergraduate,13,Married-civ-spouse,Technical, Husband,*,Male,0,0,45,North America,>50K
27472,"[40, 50[", Self-emp-not-inc,479611,Undergraduate,13,Divorced,Nontechnical, Not-in-family,*,Male,0,0,50,North America,<=50K
27473,"[20, 30[", Private,80312,Professional Education,11,Never-married,Other, Not-in-family,*,Female,4865,0,40,North America,<=50K
27474,"[30, 40[", Private,108386,Professional Education,12,Married-civ-spouse,Technical, Husband,*,Male,0,0,40,North America,<=50K
27475,"[60, 70[", ?,125926,Undergraduate,10,Married-civ-spouse,Other, Husband,*,Male,0,0,8,North America,<=50K
27476,"[30, 40[", Private,177102,High School,9,Divorced,Nontechnical, Unmarried,*,Female,0,0,40,North America,<=50K
27477,"[20, 30[", Private,190762,Undergraduate,10,Married-civ-spouse,Nontechnical, Husband,*,Male,0,0,18,North America,<=50K
27478,"[60, 70[", Private,180632,High School,9,Married-civ-spouse,Nontechnical, Husband,*,Male,0,0,40,North America,<=50K
27479,"[50, 60[", Private,88019,High School,9,Divorced,Other, Unmarried,*,Male,0,0,32,North America,<=50K
27482,"[30, 40[", Private,183557,High School,9,Divorced,Technical, Not-in-family,*,Female,0,0,25,North America,<=50K
27483,"[30, 40[", Private,160035,High School,9,Never-married,Other, Not-in-family,*,Male,0,0,40,North America,<=50K
27484,"[50, 60[", Private,306790,Undergraduate,10,Married-civ-spouse,Technical, Husband,*,Male,0,0,40,North America,>50K
27485,"[20, 30[", Private,269246,High School,7,Married-civ-spouse,Other, Husband,*,Male,0,0,40,North America,<=50K
27486,"[20, 30[", Private,308334,High School,9,Never-married,Other, Own-child,*,Female,0,0,19,North America,<=50K
27487,"[50, 60[", Private,215190,High School,7,Married-civ-spouse,Other, Husband,*,Male,0,0,20,North America,<=50K
27488,"[20, 30[", Private,419146,Primary School,3,Never-married,Other, Not-in-family,*,Male,0,0,75,North America,<=50K
27489,"[60, 70[", Private,176839,Undergraduate,13,Married-civ-spouse,Technical, Husband,*,Male,0,0,38,North America,<=50K
27490,"[30, 40[", Self-emp-inc,184456,Undergraduate,13,Never-married,Technical, Not-in-family,*,Male,27828,0,55,North America,>50K
27491,"[20, 30[", Local-gov,309348,Undergraduate,10,Never-married,Other, Not-in-family,*,Female,594,0,4,North America,<=50K
27493,"[20, 30[", Private,201861,Undergraduate,10,Married-civ-spouse,Technical, Husband,*,Male,0,0,45,North America,<=50K
27494,"[30, 40[", Private,179509,Undergraduate,13,Married-civ-spouse,Nontechnical, Husband,*,Male,0,0,40,North America,<=50K
27495,"[50, 60[", Private,291755,Undergraduate,13,Married-civ-spouse,Nontechnical, Husband,*,Male,0,0,45,North America,>50K
27496,"[10, 20[", Private,243941,Undergraduate,10,Never-married,Nontechnical, Own-child,*,Female,0,1721,25,North America,<=50K
27498,"[20, 30[", ?,100903,Undergraduate,13,Married-civ-spouse,Other, Wife,*,Female,0,0,25,North America,<=50K
27499,"[30, 40[", Private,159322,Undergraduate,13,Married-civ-spouse,Nontechnical, Husband,*,Male,0,0,50,North America,>50K
27500,"[40, 50[", Private,262872,Undergraduate,13,Never-married,Other, Not-in-family,*,Female,0,0,40,North America,<=50K
27501,"[20, 30[", Private,187052,High School,7,Never-married,Nontechnical, Unmarried,*,Female,0,0,30,North America,<=50K
27502,"[10, 20[", Private,277583,High School,7,Never-married,Nontechnical, Own-child,*,Male,0,0,15,North America,<=50K
27503,"[50, 60[", Private,169071,Undergraduate,10,Divorced,Other, Not-in-family,*,Female,0,0,20,North America,<=50K
27504,"[50, 60[", Local-gov,96190,Undergraduate,10,Married-civ-spouse,Other, Wife,*,Female,0,0,40,North America,<=50K
27506,"[40, 50[", Private,43711,Undergraduate,13,Never-married,Other, Not-in-family,*,Male,0,0,48,North America,<=50K
27507,"[60, 70[", ?,197883,High School,6,Married-civ-spouse,Other, Husband,*,Male,0,0,70,North America,<=50K
27508,"[50, 60[", Private,99434,High School,9,Married-civ-spouse,Nontechnical, Husband,*,Male,0,0,40,North America,>50K
27509,"[30, 40[", Self-emp-not-inc,177639,Professional Education,12,Never-married,Technical, Not-in-family,*,Male,0,0,40,North America,<=50K
27510,"[40, 50[", Private,201723,High School,9,Divorced,Other, Unmarried,*,Male,0,0,40,North America,<=50K
27511,"[20, 30[", Private,222248,High School,9,Never-married,Technical, Not-in-family,*,Male,0,0,70,North America,<=50K
27513,"[40, 50[", ?,228620,High School,7,Widowed,Other, Unmarried,*,Female,0,0,40,North America,<=50K
27514,"[30, 40[", Private,346034,Undergraduate,13,Never-married,Other, Not-in-family,*,Male,0,0,40,North America,<=50K
27515,"[50, 60[", Private,87510,High School,9,Divorced,Technical, Not-in-family,*,Male,0,0,40,North America,<=50K
27516,"[20, 30[", Private,37932,High School,9,Never-married,Other, Own-child,*,Male,0,0,50,North America,<=50K
27517,"[30, 40[", Private,185063,Undergraduate,10,Married-civ-spouse,Technical, Husband,*,Male,0,0,45,North America,>50K
27519,"[50, 60[", Private,159755,High School,9,Married-civ-spouse,Technical, Husband,*,Male,0,0,20,North America,<=50K
27520,"[30, 40[", Private,108837,Undergraduate,10,Married-civ-spouse,Nontechnical, Husband,*,Male,0,0,40,North America,>50K
27521,"[40, 50[", Private,110669,Undergraduate,13,Separated,Technical, Unmarried,*,Female,0,0,50,North America,<=50K
27522,"[20, 30[", ?,220115,Undergraduate,10,Never-married,Other, Own-child,*,Male,0,0,20,North America,<=50K
27523,"[30, 40[", Self-emp-not-inc,45427,Professional Education,11,Divorced,Technical, Not-in-family,*,Male,0,0,49,North America,<=50K
27524,"[30, 40[", Private,154669,High School,9,Separated,Nontechnical, Not-in-family,*,Male,0,0,60,North America,<=50K
27526,"[20, 30[", Private,71864,Undergraduate,10,Never-married,Nontechnical, Not-in-family,*,Female,0,0,35,North America,<=50K
27527,"[30, 40[", Private,173495,Undergraduate,10,Married-civ-spouse,Technical, Husband,*,Male,0,0,48,North America,>50K
27528,"[20, 30[", Private,254293,High School,8,Never-married,Nontechnical, Not-in-family,*,Male,0,0,40,North America,<=50K
27529,"[30, 40[", Private,111883,High School,9,Never-married,Technical, Other-relative,*,Male,0,0,40,North America,<=50K
27530,"[50, 60[", Private,146429,High School,9,Married-civ-spouse,Technical, Husband,*,Male,0,0,40,North America,<=50K
27532,"[20, 30[", Private,285294,Undergraduate,13,Married-civ-spouse,Nontechnical, Wife,*,Female,15024,0,45,North America,>50K
27533,"[20, 30[", Private,184665,High School,9,Never-married,Other, Not-in-family,*,Female,0,0,50,North America,<=50K
27534,"[30, 40[", Private,205852,High School,9,Married-civ-spouse,Nontechnical, Husband,*,Male,0,0,40,North America,<=50K
27535,"[20, 30[", Private,83879,High School,9,Married-civ-spouse,Technical, Husband,*,Male,0,0,40,North America,<=50K
27536,"[20, 30[", Private,178564,Undergraduate,10,Never-married,Other, Own-child,*,Male,0,0,30,North America,<=50K
27537,"[40, 50[", Self-emp-inc,168796,Undergraduate,13,Married-civ-spouse,Nontechnical, Husband,*,Male,0,0,55,North America,<=50K
27538,"[20, 30[", Private,269444,High School,9,Divorced,Nontechnical, Not-in-family,*,Male,0,0,40,North America,<=50K
27539,"[20, 30[", Private,47353,High School,6,Married-civ-spouse,Other, Wife,*,Female,0,0,40,North America,<=50K
27540,"[30, 40[", Self-emp-inc,29254,Undergraduate,10,Married-civ-spouse,Technical, Husband,*,Male,0,0,70,North America,<=50K
27541,"[30, 40[", Private,155343,High School,9,Never-married,Technical, Unmarried,*,Male,0,0,40,North America,<=50K
27542,"[30, 40[", Private,234271,Undergraduate,10,Never-married,Technical, Not-in-family,*,Female,0,0,40,North America,<=50K
27543,"[30, 40[", Private,257849,High School,4,Married-civ-spouse,Technical, Husband,*,Male,0,0,48,North America,<=50K
27544,"[20, 30[", Private,228230,Undergraduate,10,Married-civ-spouse,Nontechnical, Wife,*,Female,0,0,47,North America,<=50K
27546,"[20, 30[", Private,406826,Undergraduate,13,Never-married,Technical, Not-in-family,*,Female,0,0,45,North America,<=50K
27547,"[50, 60[", Self-emp-not-inc,27539,Undergraduate,10,Married-civ-spouse,Other, Husband,*,Male,7688,0,40,North America,>50K
27548,"[10, 20[", Private,97261,High School,8,Never-married,Nontechnical, Not-in-family,*,Male,0,0,40,North America,<=50K
27549,"[20, 30[", ?,232022,Undergraduate,10,Never-married,Other, Own-child,*,Female,0,0,40,North America,<=50K
27550,"[50, 60[", Federal-gov,168539,High School,9,Married-civ-spouse,Technical, Husband,*,Male,0,0,40,North America,>50K
27551,"[20, 30[", Private,515797,High School,9,Married-civ-spouse,Technical, Husband,*,Male,0,0,40,North America,<=50K
27552,"[20, 30[", Private,351381,Professional Education,11,Never-married,Other, Not-in-family,*,Female,0,0,40,North America,<=50K
27553,"[30, 40[", Private,161018,Undergraduate,10,Married-civ-spouse,Nontechnical, Husband,*,Male,0,0,55,North America,>50K
27554,"[60, 70[", Private,26721,Undergraduate,10,Married-civ-spouse,Technical, Husband,*,Male,0,0,40,North America,<=50K
27555,"[10, 20[", Private,164123,High School,7,Never-married,Other, Not-in-family,*,Male,0,0,40,North America,<=50K
27556,"[50, 60[", Self-emp-not-inc,98418,High School,9,Married-civ-spouse,Other, Husband,*,Male,0,0,20,North America,<=50K
27557,"[30, 40[", Private,29814,High School,9,Never-married,Other, Other-relative,*,Male,0,0,50,North America,<=50K
27558,"[20, 30[", Private,254613,High School,9,Never-married,Technical, Own-child,*,Male,0,0,40,North America,<=50K
27559,"[40, 50[", Private,207677,High School,4,Divorced,Technical, Not-in-family,*,Male,0,0,70,North America,<=50K
27560,"[20, 30[", Self-emp-not-inc,217030,High School,9,Never-married,Other, Unmarried,*,Female,0,0,30,North America,<=50K
27561,"[50, 60[", Private,171199,High School,7,Divorced,Other, Unmarried,*,Female,0,0,40,North America,<=50K
27562,"[40, 50[", Private,198270,Professional Education,12,Divorced,Technical, Not-in-family,*,Female,0,0,43,North America,<=50K
27563,"[20, 30[", ?,131310,High School,9,Separated,Other, Unmarried,*,Female,0,0,40,North America,<=50K
27564,"[30, 40[", Private,79923,Undergraduate,10,Married-civ-spouse,Nontechnical, Husband,*,Male,0,0,20,North America,<=50K
27565,"[40, 50[", Self-emp-inc,475322,Undergraduate,13,Separated,Technical, Own-child,*,Male,0,0,50,North America,<=50K
27566,"[50, 60[", Private,134286,Undergraduate,10,Married-civ-spouse,Nontechnical, Husband,*,Male,0,0,45,North America,<=50K
27567,"[50, 60[", Self-emp-not-inc,73746,Undergraduate,10,Married-civ-spouse,Nontechnical, Husband,*,Male,0,0,50,North America,>50K
27568,"[20, 30[", Private,125525,Undergraduate,13,Never-married,Technical, Own-child,*,Male,0,0,42,North America,<=50K
27569,"[30, 40[", ?,155676,High School,9,Divorced,Other, Unmarried,*,Female,0,0,40,North America,<=50K
27570,"[20, 30[", Private,304949,Undergraduate,10,Never-married,Technical, Own-child,*,Female,0,0,10,North America,<=50K
27571,"[60, 70[", Private,150516,High School,4,Married-civ-spouse,Technical, Husband,*,Male,0,0,24,North America,<=50K
27572,"[50, 60[", State-gov,249096,Professional Education,11,Married-civ-spouse,Other, Husband,*,Male,0,0,40,North America,<=50K
27573,"[50, 60[", Local-gov,164127,High School,9,Never-married,Other, Not-in-family,*,Female,0,0,40,North America,<=50K
27574,"[50, 60[", Private,304779,High School,4,Married-civ-spouse,Technical, Husband,*,Male,0,0,40,North America,<=50K
27575,"[50, 60[", Private,157043,High School,7,Widowed,Nontechnical, Unmarried,*,Female,0,0,40,North America,<=50K
27576,"[30, 40[", Private,396538,High School,9,Separated,Nontechnical, Unmarried,*,Female,0,0,29,North America,<=50K
27577,"[40, 50[", Private,510072,High School,9,Married-civ-spouse,Technical, Husband,*,Male,0,0,40,North America,>50K
27578,"[60, 70[", ?,200017,High School,9,Widowed,Other, Not-in-family,*,Female,0,0,20,North America,<=50K
27580,"[20, 30[", Private,89326,Undergraduate,13,Never-married,Nontechnical, Not-in-family,*,Male,0,0,40,North America,<=50K
27581,"[40, 50[", Private,200471,Professional Education,11,Married-civ-spouse,Other, Husband,*,Male,4064,0,40,North America,<=50K
27582,"[70, 80[", Self-emp-not-inc,82815,Undergraduate,10,Married-civ-spouse,Technical, Husband,*,Male,0,0,3,North America,>50K
27583,"[20, 30[", Self-emp-not-inc,117210,High School,9,Divorced,Technical, Not-in-family,*,Male,0,0,50,North America,<=50K
27584,"[20, 30[", Private,202206,High School,7,Separated,Other, Other-relative,*,Male,0,0,40,North America,<=50K
27585,"[50, 60[", Private,123429,Graduate,14,Married-civ-spouse,Nontechnical, Husband,*,Male,0,0,50,North America,>50K
27586,"[40, 50[", Private,353512,High School,9,Married-civ-spouse,Technical, Husband,*,Male,0,0,40,North America,>50K
27587,"[50, 60[", Self-emp-not-inc,26683,High School,9,Married-civ-spouse,Other, Husband,*,Male,0,0,60,North America,<=50K
27588,"[20, 30[", Private,204641,Undergraduate,10,Never-married,Other, Own-child,*,Male,0,0,40,North America,<=50K
27589,"[30, 40[", Private,225053,High School,9,Married-civ-spouse,Nontechnical, Husband,*,Male,0,0,50,North America,<=50K
27590,"[30, 40[", ?,98776,Undergraduate,10,Never-married,Other, Not-in-family,*,Male,0,0,30,North America,<=50K
27591,"[10, 20[", Private,263932,High School,9,Never-married,Other, Own-child,*,Female,0,0,20,North America,<=50K
27592,"[30, 40[", Private,108247,Undergraduate,13,Married-civ-spouse,Technical, Husband,*,Male,0,0,40,North America,>50K
27593,"[30, 40[", Self-emp-not-inc,369648,Professional Education,12,Married-civ-spouse,Technical, Not-in-family,*,Male,0,0,50,North America,>50K
27594,"[20, 30[", Private,339324,High School,9,Married-civ-spouse,Technical, Husband,*,Male,0,0,96,North America,<=50K
27595,"[50, 60[", ?,145574,Professional Education,12,Married-civ-spouse,Other, Husband,*,Male,0,0,35,North America,>50K
27596,"[50, 60[", Private,317313,High School,9,Married-civ-spouse,Other, Husband,*,Male,0,0,60,North America,>50K
27597,"[20, 30[", Local-gov,162919,Undergraduate,10,Never-married,Other, Not-in-family,*,Female,0,0,40,North America,<=50K
27599,"[30, 40[", Private,254202,High School,9,Divorced,Nontechnical, Unmarried,*,Female,0,0,50,North America,<=50K
27600,"[30, 40[", Private,108140,Graduate,14,Married-civ-spouse,Nontechnical, Husband,*,Male,0,0,50,North America,>50K
27601,"[50, 60[", Private,287317,High School,9,Divorced,Technical, Unmarried,*,Male,0,0,32,North America,<=50K
27603,"[30, 40[", Private,35945,High School,9,Married-civ-spouse,Nontechnical, Husband,*,Male,0,0,50,North America,>50K
27604,"[40, 50[", Self-emp-inc,204928,Undergraduate,10,Married-civ-spouse,Nontechnical, Husband,*,Male,0,0,40,North America,<=50K
27605,"[50, 60[", Self-emp-inc,208809,High School,9,Married-civ-spouse,Nontechnical, Husband,*,Male,0,1902,40,North America,>50K
27606,"[20, 30[", Private,133625,High School,9,Married-civ-spouse,Nontechnical, Husband,*,Male,0,0,40,North America,<=50K
27607,"[60, 70[", Private,71683,High School,5,Married-civ-spouse,Technical, Husband,*,Male,0,0,49,North America,<=50K
27609,"[60, 70[", Self-emp-not-inc,36876,High School,9,Married-civ-spouse,Other, Husband,*,Male,0,0,55,North America,<=50K
27610,"[30, 40[", Private,253006,Undergraduate,10,Married-civ-spouse,Technical, Husband,*,Male,7688,0,38,North America,>50K
27611,"[30, 40[", Self-emp-not-inc,50096,Undergraduate,10,Married-civ-spouse,Other, Husband,*,Male,0,0,80,North America,<=50K
27612,"[30, 40[", Private,336880,Undergraduate,10,Married-civ-spouse,Other, Husband,*,Male,0,0,50,North America,<=50K
27613,"[50, 60[", ?,135840,Undergraduate,10,Married-civ-spouse,Other, Husband,*,Male,0,0,50,North America,<=50K
27614,"[60, 70[", Self-emp-not-inc,168048,Professional Education,15,Married-civ-spouse,Technical, Husband,*,Male,0,0,30,North America,<=50K
27615,"[40, 50[", Private,187969,High School,7,Divorced,Other, Not-in-family,*,Female,0,0,38,North America,<=50K
27616,"[20, 30[", Private,117363,Undergraduate,13,Never-married,Other, Own-child,*,Female,0,0,40,North America,<=50K
27617,"[50, 60[", Private,256526,High School,9,Separated,Technical, Not-in-family,*,Male,4865,0,45,North America,<=50K
27618,"[40, 50[", Private,304416,High School,7,Married-civ-spouse,Nontechnical, Wife,*,Female,0,0,40,North America,<=50K
27619,"[30, 40[", Private,248011,Professional Education,11,Married-civ-spouse,Technical, Husband,*,Male,5178,0,40,North America,>50K
27620,"[20, 30[", Private,229826,High School,9,Never-married,Technical, Own-child,*,Male,0,0,40,North America,<=50K
27621,"[10, 20[", Private,159796,Undergraduate,10,Never-married,Other, Own-child,*,Female,0,0,12,North America,<=50K
27622,"[40, 50[", Private,165346,Graduate,14,Married-civ-spouse,Nontechnical, Husband,*,Male,0,0,40,North America,>50K
27623,"[20, 30[", Private,25386,Professional Education,11,Never-married,Other, Unmarried,*,Female,0,0,40,North America,<=50K
27624,"[30, 40[", Private,491000,Professional Education,11,Divorced,Technical, Own-child,*,Male,0,0,40,North America,<=50K
27625,"[20, 30[", Local-gov,247731,High School,9,Divorced,Other, Own-child,*,Female,0,0,40,North America,<=50K
27626,"[40, 50[", Private,180532,Professional Education,11,Married-civ-spouse,Technical, Husband,*,Male,0,0,40,North America,<=50K
27627,"[40, 50[", Private,189462,Undergraduate,10,Divorced,Nontechnical, Own-child,*,Male,2176,0,40,North America,<=50K
27628,"[40, 50[", Private,419134,High School,9,Divorced,Other, Unmarried,*,Female,0,0,40,North America,<=50K
27629,"[50, 60[", Self-emp-not-inc,170166,Undergraduate,13,Married-civ-spouse,Nontechnical, Wife,*,Female,0,0,25,North America,<=50K
27630,"[30, 40[", Self-emp-not-inc,173495,High School,9,Married-civ-spouse,Technical, Husband,*,Male,0,0,50,North America,<=50K
27631,"[10, 20[", Private,423024,High School,8,Never-married,Nontechnical, Own-child,*,Male,0,0,20,North America,<=50K
27632,"[20, 30[", Private,72119,Undergraduate,13,Never-married,Other, Own-child,*,Male,2202,0,30,North America,<=50K
27634,"[20, 30[", State-gov,257621,Undergraduate,13,Never-married,Technical, Not-in-family,*,Female,0,0,20,North America,<=50K
27635,"[40, 50[", Self-emp-inc,118212,Undergraduate,13,Married-civ-spouse,Nontechnical, Husband,*,Male,99999,0,70,North America,>50K
27636,"[20, 30[", Private,259840,Undergraduate,13,Married-civ-spouse,Other, Husband,*,Male,0,0,45,North America,<=50K
27638,"[20, 30[", Local-gov,159662,High School,6,Married-civ-spouse,Other, Husband,*,Male,0,0,40,North America,<=50K
27639,"[30, 40[", Private,379798,Graduate,14,Married-civ-spouse,Nontechnical, Husband,*,Male,0,0,40,North America,>50K
27640,"[30, 40[", Private,227945,Graduate,14,Married-civ-spouse,Technical, Husband,*,Male,99999,0,65,North America,>50K
27641,"[40, 50[", State-gov,36999,Graduate,14,Married-civ-spouse,Technical, Husband,*,Male,0,0,75,North America,>50K
27643,"[30, 40[", Self-emp-inc,124052,High School,9,Married-civ-spouse,Nontechnical, Husband,*,Male,0,0,50,North America,<=50K
27644,"[50, 60[", Local-gov,273084,Graduate,14,Married-civ-spouse,Nontechnical, Husband,*,Male,0,0,40,North America,>50K
27645,"[50, 60[", Private,170104,Undergraduate,13,Married-civ-spouse,Nontechnical, Husband,*,Male,0,1977,50,North America,>50K
27646,"[40, 50[", Private,96249,Undergraduate,10,Married-civ-spouse,Nontechnical, Husband,*,Male,0,0,60,North America,>50K
27649,"[30, 40[", Private,195576,Undergraduate,10,Never-married,Technical, Own-child,*,Male,3325,0,50,North America,<=50K
27650,"[20, 30[", Private,117767,Undergraduate,13,Married-civ-spouse,Nontechnical, Husband,*,Male,0,0,40,North America,<=50K
27651,"[40, 50[", Private,112763,High School,9,Never-married,Other, Unmarried,*,Female,8614,0,43,North America,>50K
27652,"[60, 70[", Private,79827,High School,9,Married-civ-spouse,Nontechnical, Husband,*,Male,0,0,50,North America,<=50K
27653,"[30, 40[", Private,103925,High School,9,Never-married,Other, Unmarried,*,Female,0,0,35,North America,<=50K
27654,"[60, 70[", Private,161744,High School,6,Married-civ-spouse,Nontechnical, Husband,*,Male,0,0,16,North America,<=50K
27655,"[40, 50[", Private,106679,Graduate,14,Never-married,Nontechnical, Not-in-family,*,Male,27828,0,50,North America,>50K
27656,"[40, 50[", Self-emp-not-inc,196514,Undergraduate,10,Never-married,Technical, Not-in-family,*,Male,0,0,40,North America,<=50K
27657,"[40, 50[", ?,61985,High School,5,Separated,Other, Not-in-family,*,Female,0,0,20,North America,<=50K
27660,"[40, 50[", Self-emp-inc,110862,Professional Education,12,Married-civ-spouse,Technical, Husband,*,Male,0,2377,50,North America,<=50K
27662,"[50, 60[", Self-emp-inc,98642,High School,9,Divorced,Nontechnical, Not-in-family,*,Male,14084,0,40,North America,>50K
27663,"[40, 50[", Local-gov,144778,Undergraduate,13,Married-civ-spouse,Technical, Husband,*,Male,0,0,40,North America,>50K
27665,"[30, 40[", ?,103651,High School,7,Married-civ-spouse,Other, Husband,*,Male,0,0,35,North America,<=50K
27666,"[40, 50[", Private,162108,Undergraduate,13,Never-married,Technical, Not-in-family,*,Female,0,0,45,North America,<=50K
27667,"[20, 30[", Private,217602,High School,9,Married-civ-spouse,Other, Husband,*,Male,0,0,60,North America,<=50K
27668,"[30, 40[", Private,473133,High School,9,Married-civ-spouse,Nontechnical, Husband,*,Male,0,0,60,North America,<=50K
27671,"[30, 40[", Local-gov,168387,Undergraduate,13,Never-married,Nontechnical, Own-child,*,Male,0,0,40,North America,<=50K
27672,"[40, 50[", Private,38950,Undergraduate,13,Never-married,Technical, Not-in-family,*,Male,0,0,40,North America,<=50K
27673,"[20, 30[", Private,107801,Professional Education,11,Never-married,Other, Own-child,*,Female,0,0,40,North America,<=50K
27674,"[40, 50[", Private,191277,Undergraduate,10,Married-civ-spouse,Other, Husband,*,Male,0,0,40,North America,<=50K
27676,"[30, 40[", ?,240226,High School,9,Married-civ-spouse,Other, Husband,*,Male,0,0,40,North America,<=50K
27677,"[30, 40[", Private,203357,Undergraduate,10,Never-married,Other, Other-relative,*,Female,0,0,40,North America,<=50K
27678,"[50, 60[", Local-gov,153064,Undergraduate,10,Married-civ-spouse,Nontechnical, Husband,*,Male,0,0,40,North America,>50K
27679,"[20, 30[", Private,202959,Professional Education,11,Never-married,Other, Not-in-family,*,Female,0,0,40,North America,<=50K
27680,"[30, 40[", Private,105150,Undergraduate,13,Married-civ-spouse,Technical, Husband,*,Male,0,0,45,North America,>50K
27681,"[10, 20[", Private,238474,High School,7,Never-married,Technical, Own-child,*,Male,0,0,40,North America,<=50K
27682,"[20, 30[", Private,1085515,High School,9,Never-married,Other, Not-in-family,*,Female,0,0,30,North America,<=50K
27683,"[20, 30[", Private,82560,Professional Education,12,Never-married,Other, Own-child,*,Male,0,0,43,North America,<=50K
27684,"[70, 80[", Private,55965,High School,4,Widowed,Other, Not-in-family,*,Male,0,0,10,North America,<=50K
27685,"[20, 30[", Private,161087,High School,9,Married-civ-spouse,Technical, Wife,*,Female,0,0,40,North America,<=50K
27686,"[20, 30[", Private,261278,Professional Education,11,Never-married,Technical, Not-in-family,*,Female,0,0,40,North America,<=50K
27687,"[50, 60[", Private,182187,Professional Education,11,Married-civ-spouse,Other, Husband,*,Male,15024,0,38,North America,>50K
27688,"[10, 20[", Private,138917,High School,7,Never-married,Nontechnical, Own-child,*,Female,0,0,10,North America,<=50K
27689,"[40, 50[", Private,200198,High School,9,Married-civ-spouse,Other, Husband,*,Male,0,0,40,North America,<=50K
27690,"[30, 40[", Private,205359,High School,9,Married-spouse-absent,Other, Unmarried,*,Female,0,0,25,North America,<=50K
27691,"[50, 60[", Private,250201,High School,9,Widowed,Other, Unmarried,*,Male,0,0,50,North America,<=50K
27693,"[10, 20[", Private,244523,High School,6,Never-married,Other, Own-child,*,Male,0,0,20,North America,<=50K
27694,"[30, 40[", Private,236599,High School,9,Married-civ-spouse,Nontechnical, Husband,*,Male,0,0,50,North America,<=50K
27695,"[40, 50[", Private,108713,High School,6,Never-married,Nontechnical, Own-child,*,Female,0,0,40,North America,<=50K
27696,"[20, 30[", Private,177147,High School,9,Never-married,Nontechnical, Own-child,*,Male,0,0,40,North America,<=50K
27697,"[60, 70[", Private,129246,High School,6,Married-civ-spouse,Technical, Husband,*,Male,0,0,48,North America,<=50K
27698,"[50, 60[", ?,222381,Undergraduate,10,Divorced,Other, Unmarried,*,Male,0,0,40,North America,<=50K
27699,"[20, 30[", Private,145111,High School,9,Never-married,Technical, Not-in-family,*,Male,0,0,45,North America,<=50K
27700,"[40, 50[", Private,62258,High School,7,Never-married,Other, Not-in-family,*,Female,0,0,40,North America,<=50K
27701,"[30, 40[", State-gov,108293,Graduate,14,Never-married,Technical, Other-relative,*,Female,0,0,40,North America,<=50K
27702,"[60, 70[", ?,167284,High School,4,Widowed,Other, Not-in-family,*,Female,0,0,40,North America,<=50K
27703,"[20, 30[", Private,97789,Undergraduate,13,Never-married,Nontechnical, Own-child,*,Male,0,0,50,North America,<=50K
27704,"[30, 40[", Private,111415,High School,9,Married-civ-spouse,Nontechnical, Husband,*,Male,0,0,70,North America,<=50K
27705,"[30, 40[", Private,374524,Undergraduate,10,Never-married,Other, Not-in-family,*,Male,0,0,40,North America,<=50K
27706,"[40, 50[", Private,287244,High School,9,Married-civ-spouse,Technical, Husband,*,Male,0,0,55,North America,<=50K
27707,"[10, 20[", ?,341395,High School,6,Never-married,Other, Own-child,*,Male,0,0,20,North America,<=50K
27708,"[40, 50[", Private,278039,High School,4,Married-civ-spouse,Technical, Husband,*,Male,0,0,40,North America,<=50K
27709,"[30, 40[", Private,98360,Graduate,14,Married-civ-spouse,Technical, Husband,*,Male,0,0,40,North America,>50K
27710,"[50, 60[", Private,317032,High School,9,Married-civ-spouse,Technical, Husband,*,Male,0,0,50,North America,>50K
27712,"[40, 50[", Self-emp-not-inc,240900,High School,9,Divorced,Other, Other-relative,*,Male,0,0,20,North America,<=50K
27715,"[10, 20[", Private,72355,Undergraduate,10,Never-married,Other, Not-in-family,*,Male,0,0,20,North America,<=50K
27716,"[30, 40[", Private,342448,Undergraduate,13,Married-civ-spouse,Other, Husband,*,Male,0,0,45,North America,<=50K
27717,"[40, 50[", Private,187702,Undergraduate,10,Never-married,Other, Not-in-family,*,Male,2174,0,45,North America,<=50K
27718,"[40, 50[", Private,303388,Undergraduate,10,Married-civ-spouse,Nontechnical, Husband,*,Male,0,0,65,North America,<=50K
27719,"[10, 20[", Private,112291,High School,7,Never-married,Nontechnical, Own-child,*,Male,0,0,12,North America,<=50K
27720,"[30, 40[", Private,208668,Professional Education,12,Never-married,Technical, Not-in-family,*,Female,0,0,25,North America,<=50K
27721,"[60, 70[", Local-gov,28375,Graduate,14,Divorced,Technical, Not-in-family,*,Female,0,0,70,North America,<=50K
27722,"[40, 50[", Private,207277,Graduate,14,Married-civ-spouse,Nontechnical, Husband,*,Male,15024,0,40,North America,>50K
27723,"[60, 70[", ?,88675,High School,9,Married-civ-spouse,Other, Husband,*,Male,0,0,40,North America,<=50K
27724,"[50, 60[", Private,47857,High School,9,Married-civ-spouse,Other, Husband,*,Male,0,0,40,North America,>50K
27726,"[20, 30[", Private,190968,High School,9,Married-civ-spouse,Nontechnical, Husband,*,Male,0,0,48,North America,<=50K
27727,"[40, 50[", Private,37997,High School,8,Divorced,Other, Not-in-family,*,Male,0,0,84,North America,>50K
27729,"[30, 40[", Private,127610,Undergraduate,13,Never-married,Technical, Own-child,*,Female,0,0,15,North America,<=50K
27730,"[20, 30[", ?,139324,High School,5,Never-married,Other, Unmarried,*,Female,0,0,36,North America,<=50K
27731,"[40, 50[", Private,164423,High School,9,Divorced,Nontechnical, Unmarried,*,Female,0,0,43,North America,<=50K
27732,"[50, 60[", Private,104501,High School,9,Never-married,Other, Not-in-family,*,Male,0,1980,40,North America,<=50K
27733,"[30, 40[", Private,56121,High School,9,Never-married,Technical, Not-in-family,*,Male,0,0,40,North America,<=50K
27734,"[30, 40[", Private,296212,Undergraduate,13,Married-civ-spouse,Technical, Husband,*,Male,0,0,45,North America,<=50K
27735,"[30, 40[", Private,157640,High School,9,Married-civ-spouse,Technical, Husband,*,Male,0,0,55,North America,>50K
27736,"[40, 50[", Private,222504,Undergraduate,10,Married-civ-spouse,Other, Wife,*,Female,0,0,45,North America,>50K
27737,"[30, 40[", Private,261023,Undergraduate,10,Married-civ-spouse,Technical, Husband,*,Male,0,1651,38,North America,<=50K
27738,"[50, 60[", Private,146567,High School,9,Divorced,Technical, Not-in-family,*,Male,14344,0,40,North America,>50K
27739,"[30, 40[", Private,116910,High School,9,Married-civ-spouse,Technical, Husband,*,Male,0,0,50,North America,<=50K
27740,"[30, 40[", Private,132601,Undergraduate,10,Married-civ-spouse,Nontechnical, Husband,*,Male,0,0,40,North America,<=50K
27741,"[60, 70[", Private,185537,Undergraduate,10,Divorced,Nontechnical, Not-in-family,*,Female,0,0,20,North America,<=50K
27742,"[20, 30[", Private,500720,High School,9,Never-married,Other, Own-child,*,Female,0,0,40,North America,<=50K
27743,"[40, 50[", Private,182108,Undergraduate,13,Never-married,Nontechnical, Not-in-family,*,Female,0,0,35,North America,<=50K
27744,"[30, 40[", Private,231491,High School,9,Married-civ-spouse,Technical, Husband,*,Male,0,0,35,North America,<=50K
27745,"[30, 40[", Self-emp-not-inc,239415,High School,9,Married-civ-spouse,Other, Husband,*,Male,0,0,35,North America,<=50K
27746,"[30, 40[", Private,179262,Undergraduate,10,Divorced,Other, Unmarried,*,Female,0,0,30,North America,<=50K
27747,"[70, 80[", Without-pay,121004,High School,9,Married-civ-spouse,Other, Husband,*,Male,0,0,55,North America,<=50K
27748,"[40, 50[", Private,252392,Primary School,3,Married-civ-spouse,Other, Husband,*,Male,0,0,40,North America,<=50K
27749,"[10, 20[", Private,163578,Undergraduate,10,Never-married,Nontechnical, Own-child,*,Male,0,0,30,North America,<=50K
27751,"[30, 40[", Private,285902,Professional Education,12,Married-civ-spouse,Technical, Husband,*,Male,0,0,40,North America,<=50K
27753,"[20, 30[", Private,278637,Undergraduate,13,Married-civ-spouse,Nontechnical, Husband,*,Male,3103,0,45,North America,>50K
27754,"[40, 50[", Private,174540,Undergraduate,10,Married-civ-spouse,Technical, Husband,*,Male,0,0,4,North America,<=50K
27755,"[20, 30[", Private,188729,Undergraduate,13,Never-married,Other, Not-in-family,*,Female,0,0,45,North America,<=50K
27756,"[20, 30[", Private,72143,Undergraduate,13,Never-married,Nontechnical, Not-in-family,*,Female,0,0,20,North America,<=50K
27757,"[40, 50[", Self-emp-not-inc,328216,Professional Education,15,Married-civ-spouse,Technical, Husband,*,Male,0,0,45,North America,>50K
27758,"[40, 50[", Private,165815,High School,9,Married-civ-spouse,Nontechnical, Husband,*,Male,0,0,60,North America,>50K
27759,"[10, 20[", Private,317702,High School,6,Never-married,Nontechnical, Own-child,*,Female,0,0,15,North America,<=50K
27760,"[30, 40[", Private,215323,Professional Education,11,Divorced,Other, Unmarried,*,Female,0,0,35,North America,<=50K
27761,"[30, 40[", Private,192939,High School,9,Divorced,Technical, Unmarried,*,Male,0,0,40,North America,<=50K
27762,"[30, 40[", Private,156352,High School,5,Never-married,Nontechnical, Own-child,*,Male,0,0,40,North America,<=50K
27763,"[20, 30[", Private,155066,High School,7,Married-civ-spouse,Technical, Husband,*,Male,0,0,60,North America,<=50K
27764,"[30, 40[", Self-emp-not-inc,152621,Undergraduate,13,Married-civ-spouse,Other, Husband,*,Male,0,0,99,North America,<=50K
27765,"[10, 20[", Private,298891,High School,7,Never-married,Nontechnical, Not-in-family,*,Female,0,0,40,North America,<=50K
27766,"[30, 40[", Private,193298,High School,9,Married-civ-spouse,Other, Husband,*,Male,0,0,45,North America,<=50K
27767,"[30, 40[", Local-gov,150309,Professional Education,11,Married-civ-spouse,Other, Husband,*,Male,0,0,40,North America,<=50K
27768,"[20, 30[", Private,384308,Undergraduate,10,Never-married,Technical, Not-in-family,*,Male,0,0,45,North America,<=50K
27769,"[20, 30[", Private,305647,Professional Education,12,Married-civ-spouse,Other, Husband,*,Male,0,0,40,North America,>50K
27770,"[60, 70[", ?,182378,High School,4,Married-civ-spouse,Other, Husband,*,Male,0,0,30,North America,<=50K
27771,"[60, 70[", Federal-gov,23494,Undergraduate,10,Married-civ-spouse,Nontechnical, Husband,*,Male,0,2174,40,North America,>50K
27772,"[30, 40[", Private,421633,Graduate,14,Never-married,Nontechnical, Not-in-family,*,Female,0,0,40,North America,>50K
27773,"[10, 20[", Private,57723,High School,7,Never-married,Nontechnical, Own-child,*,Male,0,0,30,North America,<=50K
27774,"[10, 20[", ?,307837,Undergraduate,10,Never-married,Other, Own-child,*,Male,0,0,40,North America,<=50K
27775,"[50, 60[", Private,103540,Primary School,3,Married-civ-spouse,Other, Husband,*,Male,0,0,50,North America,<=50K
27776,"[50, 60[", Self-emp-not-inc,136224,Graduate,14,Divorced,Technical, Not-in-family,*,Female,0,0,30,North America,<=50K
27777,"[20, 30[", Private,231573,Undergraduate,10,Never-married,Other, Not-in-family,*,Female,0,0,40,North America,<=50K
27779,"[50, 60[", Private,163671,High School,9,Married-civ-spouse,Technical, Husband,*,Male,0,0,40,North America,<=50K
27780,"[30, 40[", Private,287701,High School,7,Married-civ-spouse,Nontechnical, Husband,*,Male,0,0,48,North America,>50K
27781,"[30, 40[", Private,187560,High School,9,Married-civ-spouse,Technical, Husband,*,Male,15024,0,40,North America,>50K
27782,"[40, 50[", Private,222504,Professional Education,15,Divorced,Technical, Unmarried,*,Female,0,0,38,North America,<=50K
27783,"[20, 30[", Private,41356,Undergraduate,10,Never-married,Technical, Not-in-family,*,Female,0,0,40,North America,<=50K
27784,"[20, 30[", Private,59335,Undergraduate,13,Married-civ-spouse,Other, Other-relative,*,Female,0,0,15,North America,<=50K
27785,"[60, 70[", Private,84756,High School,5,Married-civ-spouse,Other, Husband,*,Male,0,0,35,North America,<=50K
27786,"[40, 50[", Private,407425,High School,8,Divorced,Technical, Not-in-family,*,Female,0,0,40,North America,<=50K
27787,"[30, 40[", Private,162424,High School,9,Married-civ-spouse,Technical, Husband,*,Male,0,0,45,North America,<=50K
27788,"[50, 60[", Self-emp-not-inc,175456,Undergraduate,10,Married-civ-spouse,Other, Husband,*,Male,0,0,30,North America,<=50K
27789,"[20, 30[", Private,52603,Undergraduate,13,Married-civ-spouse,Nontechnical, Husband,*,Male,0,0,50,North America,>50K
27790,"[20, 30[", Private,250630,Graduate,14,Never-married,Technical, Not-in-family,*,Female,0,0,30,North America,<=50K
27791,"[40, 50[", Self-emp-not-inc,233974,High School,9,Married-civ-spouse,Other, Husband,*,Male,0,0,35,North America,<=50K
27792,"[20, 30[", Private,376302,High School,9,Never-married,Nontechnical, Not-in-family,*,Female,0,0,45,North America,<=50K
27793,"[50, 60[", Private,195638,High School,6,Separated,Other, Unmarried,*,Female,0,0,40,North America,<=50K
27794,"[10, 20[", Private,225775,Undergraduate,10,Never-married,Technical, Not-in-family,*,Male,0,0,45,North America,<=50K
27796,"[40, 50[", Self-emp-not-inc,219021,Professional Education,15,Married-civ-spouse,Technical, Husband,*,Male,0,0,35,North America,>50K
27797,"[60, 70[", Self-emp-not-inc,168654,High School,9,Widowed,Other, Unmarried,*,Female,0,0,20,North America,<=50K
27798,"[40, 50[", Private,180609,Undergraduate,10,Divorced,Technical, Not-in-family,*,Male,0,0,42,North America,<=50K
27800,"[20, 30[", Private,178037,Undergraduate,10,Never-married,Other, Own-child,*,Male,0,0,35,North America,<=50K
27801,"[40, 50[", State-gov,160045,Undergraduate,10,Divorced,Other, Not-in-family,*,Female,0,0,40,North America,<=50K
27802,"[10, 20[", Private,268524,Undergraduate,10,Never-married,Nontechnical, Own-child,*,Female,0,0,15,North America,<=50K
27803,"[30, 40[", Private,174844,Undergraduate,10,Married-civ-spouse,Other, Husband,*,Male,0,0,17,North America,<=50K
27804,"[20, 30[", Private,82488,High School,9,Divorced,Technical, Own-child,*,Female,0,0,40,North America,<=50K
27805,"[30, 40[", Private,221167,Professional Education,12,Married-civ-spouse,Other, Wife,*,Female,0,0,40,North America,>50K
27806,"[30, 40[", Self-emp-not-inc,48014,Undergraduate,10,Divorced,Other, Not-in-family,*,Female,0,0,35,North America,<=50K
27807,"[20, 30[", Private,217226,Undergraduate,10,Never-married,Other, Not-in-family,*,Male,0,0,30,North America,<=50K
27808,"[20, 30[", ?,177902,Undergraduate,10,Never-married,Other, Not-in-family,*,Female,0,0,25,North America,<=50K
27809,"[30, 40[", Private,39386,Undergraduate,10,Married-civ-spouse,Nontechnical, Husband,*,Male,0,0,99,North America,<=50K
27810,"[50, 60[", Private,37394,Graduate,14,Married-civ-spouse,Nontechnical, Husband,*,Male,0,0,40,North America,<=50K
27811,"[30, 40[", Private,115426,Undergraduate,13,Married-civ-spouse,Nontechnical, Husband,*,Male,0,0,40,North America,>50K
27812,"[20, 30[", Private,114158,Undergraduate,10,Never-married,Other, Own-child,*,Female,0,0,26,North America,<=50K
27813,"[40, 50[", Private,119101,Undergraduate,10,Married-civ-spouse,Technical, Husband,*,Male,0,1887,68,North America,>50K
27814,"[20, 30[", Private,360527,Undergraduate,10,Never-married,Nontechnical, Not-in-family,*,Male,0,0,45,North America,<=50K
27815,"[30, 40[", Private,225544,High School,8,Never-married,Nontechnical, Not-in-family,*,Male,0,0,40,North America,<=50K
27816,"[30, 40[", Self-emp-not-inc,108438,High School,9,Married-civ-spouse,Technical, Husband,*,Male,0,0,40,North America,>50K
27817,"[20, 30[", Private,230315,Undergraduate,10,Never-married,Other, Not-in-family,*,Male,0,0,40,North America,<=50K
27819,"[30, 40[", Private,179468,High School,9,Married-civ-spouse,Technical, Husband,*,Male,0,0,40,North America,<=50K
27821,"[30, 40[", Private,270889,Undergraduate,10,Married-civ-spouse,Other, Husband,*,Male,0,0,40,North America,>50K
27822,"[20, 30[", Private,42279,Undergraduate,10,Never-married,Nontechnical, Not-in-family,*,Female,0,0,40,North America,<=50K
27823,"[50, 60[", Federal-gov,167380,High School,9,Married-civ-spouse,Other, Husband,*,Male,0,1740,50,North America,<=50K
27824,"[40, 50[", Private,274913,High School,9,Divorced,Technical, Unmarried,*,Male,0,0,45,North America,<=50K
27825,"[40, 50[", Private,35910,Undergraduate,13,Married-civ-spouse,Nontechnical, Husband,*,Male,0,1902,56,North America,>50K
27826,"[20, 30[", Private,68001,Graduate,14,Never-married,Technical, Not-in-family,*,Female,0,0,40,North America,<=50K
27827,"[20, 30[", Private,27162,Undergraduate,10,Never-married,Other, Own-child,*,Female,0,0,16,North America,<=50K
27828,"[30, 40[", Self-emp-not-inc,286146,High School,9,Married-spouse-absent,Other, Unmarried,*,Female,0,0,40,North America,<=50K
27829,"[30, 40[", Local-gov,95462,Undergraduate,13,Divorced,Technical, Unmarried,*,Female,0,0,40,North America,<=50K
27830,"[20, 30[", Private,50103,High School,9,Never-married,Nontechnical, Unmarried,*,Female,0,0,40,North America,<=50K
27831,"[50, 60[", Private,511668,Graduate,16,Married-civ-spouse,Nontechnical, Husband,*,Male,0,1977,43,North America,>50K
27832,"[30, 40[", Self-emp-inc,189679,Undergraduate,13,Married-civ-spouse,Technical, Husband,*,Male,0,0,50,North America,>50K
27833,"[20, 30[", Private,115064,High School,9,Never-married,Other, Not-in-family,*,Male,0,0,40,North America,<=50K
27834,"[20, 30[", State-gov,215443,Undergraduate,10,Never-married,Technical, Own-child,*,Male,0,0,38,North America,<=50K
27835,"[30, 40[", Private,174789,High School,9,Never-married,Technical, Other-relative,*,Male,0,0,50,North America,<=50K
27836,"[20, 30[", Private,91999,Professional Education,12,Never-married,Nontechnical, Not-in-family,*,Male,0,0,20,North America,<=50K
27837,"[50, 60[", Federal-gov,100931,High School,9,Married-civ-spouse,Other, Husband,*,Male,0,0,40,North America,>50K
27838,"[50, 60[", Self-emp-not-inc,119069,Undergraduate,13,Married-civ-spouse,Other, Husband,*,Male,0,0,40,North America,>50K
27839,"[40, 50[", Self-emp-not-inc,277488,High School,9,Divorced,Other, Not-in-family,*,Male,0,0,84,North America,<=50K
27840,"[30, 40[", Private,265662,Undergraduate,13,Married-civ-spouse,Nontechnical, Husband,*,Male,0,0,40,North America,>50K
27841,"[30, 40[", Private,114591,Undergraduate,13,Married-civ-spouse,Technical, Wife,*,Female,15024,0,40,North America,>50K
27842,"[20, 30[", Private,227594,Undergraduate,10,Never-married,Nontechnical, Own-child,*,Female,0,0,20,North America,<=50K
27843,"[30, 40[", Private,129707,Undergraduate,10,Married-civ-spouse,Nontechnical, Husband,*,Male,0,1848,40,North America,>50K
27844,"[60, 70[", ?,175032,High School,9,Married-civ-spouse,Other, Husband,*,Male,0,0,40,North America,<=50K
27845,"[30, 40[", Private,133569,Primary School,2,Never-married,Other, Not-in-family,*,Male,0,0,40,North America,<=50K
27846,"[20, 30[", Local-gov,308654,Undergraduate,10,Never-married,Other, Own-child,*,Female,0,0,20,North America,<=50K
27847,"[30, 40[", Private,156084,High School,9,Never-married,Nontechnical, Own-child,*,Female,0,0,40,North America,<=50K
27848,"[40, 50[", Federal-gov,380127,Undergraduate,13,Never-married,Nontechnical, Not-in-family,*,Female,0,0,40,North America,<=50K
27849,"[20, 30[", Private,210781,Undergraduate,13,Never-married,Other, Own-child,*,Female,0,0,40,North America,<=50K
27850,"[30, 40[", Private,189759,High School,9,Never-married,Other, Not-in-family,*,Male,0,2001,40,North America,<=50K
27851,"[30, 40[", Private,258675,High School,9,Never-married,Other, Own-child,*,Male,0,0,40,North America,<=50K
27852,"[20, 30[", Private,223367,High School,7,Never-married,Technical, Unmarried,*,Male,0,0,40,North America,<=50K
27853,"[40, 50[", ?,204817,High School,5,Never-married,Other, Own-child,*,Male,0,0,35,North America,<=50K
27854,"[20, 30[", Private,409230,Undergraduate,13,Never-married,Nontechnical, Not-in-family,*,Male,0,0,25,North America,<=50K
27857,"[40, 50[", Private,353142,Undergraduate,10,Divorced,Technical, Unmarried,*,Female,0,0,40,North America,<=50K
27858,"[50, 60[", Private,143030,High School,9,Divorced,Technical, Not-in-family,*,Female,0,0,40,North America,<=50K
27860,"[20, 30[", Private,30912,High School,9,Married-civ-spouse,Other, Husband,*,Male,0,0,43,North America,<=50K
27861,"[50, 60[", Private,125000,Professional Education,15,Married-civ-spouse,Nontechnical, Husband,*,Male,0,0,60,North America,>50K
27862,"[40, 50[", Private,181363,Graduate,14,Married-civ-spouse,Technical, Husband,*,Male,0,0,40,North America,>50K
27863,"[50, 60[", Private,338620,Graduate,14,Married-civ-spouse,Nontechnical, Husband,*,Male,0,0,52,North America,>50K
27864,"[30, 40[", Private,115989,High School,7,Married-civ-spouse,Other, Wife,*,Female,0,0,60,North America,<=50K
27865,"[30, 40[", Private,111128,Professional Education,12,Married-civ-spouse,Nontechnical, Husband,*,Male,0,0,40,North America,>50K
27866,"[60, 70[", Self-emp-not-inc,201273,Undergraduate,10,Widowed,Technical, Not-in-family,*,Female,0,0,40,North America,<=50K
27868,"[20, 30[", Private,133420,Undergraduate,10,Married-civ-spouse,Technical, Husband,*,Male,5013,0,40,North America,<=50K
27869,"[20, 30[", Private,192208,High School,9,Never-married,Other, Not-in-family,*,Female,0,0,32,North America,<=50K
27870,"[10, 20[", Private,220001,Undergraduate,10,Never-married,Other, Own-child,*,Male,0,0,50,North America,<=50K
27871,"[40, 50[", Private,352612,High School,6,Married-civ-spouse,Technical, Husband,*,Male,0,0,40,North America,<=50K
27872,"[30, 40[", Private,169426,High School,9,Married-civ-spouse,Technical, Husband,*,Male,7298,0,40,North America,>50K
27873,"[40, 50[", Private,319016,High School,9,Married-civ-spouse,Other, Husband,*,Male,2885,0,45,North America,<=50K
27875,"[50, 60[", Private,202220,High School,9,Married-civ-spouse,Other, Wife,*,Female,2407,0,35,North America,<=50K
27876,"[40, 50[", Self-emp-not-inc,99220,Undergraduate,13,Married-civ-spouse,Nontechnical, Husband,*,Male,0,0,40,North America,>50K
27877,"[30, 40[", Private,111275,High School,9,Married-civ-spouse,Technical, Husband,*,Male,0,0,40,North America,<=50K
27878,"[30, 40[", Federal-gov,261241,Undergraduate,10,Married-civ-spouse,Other, Husband,*,Male,0,0,45,North America,>50K
27879,"[20, 30[", Private,261725,High School,9,Never-married,Other, Unmarried,*,Female,0,0,40,North America,<=50K
27880,"[30, 40[", Private,182013,Undergraduate,10,Divorced,Technical, Unmarried,*,Female,0,0,40,North America,<=50K
27881,"[40, 50[", Private,40666,Undergraduate,10,Married-civ-spouse,Other, Husband,*,Male,0,0,50,North America,<=50K
27882,"[40, 50[", Private,216461,Undergraduate,10,Divorced,Other, Own-child,*,Female,0,0,40,North America,<=50K
27884,"[30, 40[", Private,282951,Undergraduate,13,Married-civ-spouse,Nontechnical, Husband,*,Male,0,0,70,North America,<=50K
27885,"[30, 40[", State-gov,166697,Undergraduate,13,Divorced,Technical, Unmarried,*,Female,0,0,40,North America,<=50K
27886,"[50, 60[", Private,290856,High School,9,Married-civ-spouse,Other, Husband,*,Male,0,0,40,North America,>50K
27887,"[20, 30[", Private,455361,High School,9,Never-married,Other, Not-in-family,*,Male,0,0,40,North America,<=50K
27888,"[50, 60[", Private,82783,High School,9,Married-civ-spouse,Technical, Husband,*,Male,0,0,40,North America,<=50K
27890,"[30, 40[", Self-emp-not-inc,109959,Undergraduate,10,Married-civ-spouse,Nontechnical, Husband,*,Male,0,0,25,North America,<=50K
27891,"[50, 60[", Private,177927,High School,9,Divorced,Other, Not-in-family,*,Male,0,0,40,North America,<=50K
27892,"[30, 40[", Private,192337,High School,8,Married-civ-spouse,Technical, Husband,*,Male,0,0,40,North America,>50K
27893,"[10, 20[", Private,236272,High School,9,Never-married,Other, Own-child,*,Female,0,0,35,North America,<=50K
27894,"[20, 30[", Private,33610,High School,9,Never-married,Other, Own-child,*,Male,0,0,40,North America,<=50K
27895,"[20, 30[", Private,209483,Undergraduate,10,Never-married,Nontechnical, Own-child,*,Female,0,0,47,North America,<=50K
27896,"[20, 30[", Private,247006,High School,9,Married-civ-spouse,Nontechnical, Husband,*,Male,0,0,52,North America,<=50K
27897,"[30, 40[", Local-gov,311913,High School,9,Married-civ-spouse,Other, Wife,*,Female,0,0,40,North America,>50K
27898,"[30, 40[", ?,204756,Undergraduate,10,Divorced,Other, Not-in-family,*,Female,0,0,20,North America,<=50K
27899,"[30, 40[", Local-gov,300681,High School,9,Never-married,Other, Not-in-family,*,Male,0,0,40,North America,<=50K
27900,"[40, 50[", State-gov,24264,Undergraduate,10,Divorced,Other, Unmarried,*,Male,0,0,38,North America,<=50K
27901,"[20, 30[", Private,266070,Professional Education,15,Never-married,Technical, Not-in-family,*,Female,0,0,50,North America,<=50K
27902,"[20, 30[", Private,226978,High School,9,Never-married,Other, Own-child,*,Male,0,0,35,North America,<=50K
27903,"[60, 70[", Local-gov,362165,Undergraduate,13,Widowed,Technical, Not-in-family,*,Female,0,2206,25,North America,<=50K
27904,"[30, 40[", Private,341672,Undergraduate,10,Married-civ-spouse,Other, Husband,*,Male,0,0,50,Asia,<=50K
27905,"[30, 40[", Private,179488,Undergraduate,10,Divorced,Other, Unmarried,*,Male,0,0,40,North America,<=50K
27906,"[30, 40[", Federal-gov,243872,Professional Education,12,Never-married,Technical, Not-in-family,*,Male,0,0,40,North America,>50K
27907,"[50, 60[", Private,259583,High School,9,Married-civ-spouse,Other, Husband,*,Male,0,0,40,North America,<=50K
27909,"[20, 30[", Private,219863,High School,9,Married-civ-spouse,Other, Husband,*,Male,0,0,40,North America,<=50K
27910,"[40, 50[", Private,206947,High School,9,Divorced,Other, Not-in-family,*,Female,0,0,50,North America,<=50K
27911,"[20, 30[", Private,245572,High School,5,Never-married,Other, Own-child,*,Male,0,0,40,North America,<=50K
27912,"[20, 30[", Private,38488,High School,9,Never-married,Other, Own-child,*,Female,0,0,40,North America,<=50K
27913,"[20, 30[", Private,182504,Undergraduate,10,Never-married,Other, Own-child,*,Female,0,0,25,North America,<=50K
27915,"[50, 60[", ?,521665,Undergraduate,10,Married-civ-spouse,Other, Husband,*,Male,0,0,24,North America,<=50K
27916,"[20, 30[", Private,46442,Undergraduate,13,Married-civ-spouse,Technical, Wife,*,Female,0,1902,50,North America,>50K
27917,"[40, 50[", Private,60267,High School,9,Divorced,Other, Unmarried,*,Female,0,0,38,North America,<=50K
27918,"[50, 60[", Private,264357,High School,6,Married-civ-spouse,Other, Husband,*,Male,0,0,50,North America,<=50K
27919,"[40, 50[", Private,191814,High School,9,Married-civ-spouse,Other, Own-child,*,Male,0,0,40,North America,<=50K
27920,"[20, 30[", Private,107882,Undergraduate,13,Never-married,Other, Own-child,*,Female,0,0,40,North America,<=50K
27921,"[40, 50[", Private,174575,Undergraduate,10,Divorced,Other, Not-in-family,*,Male,0,0,45,North America,<=50K
27922,"[10, 20[", Private,143331,High School,7,Never-married,Nontechnical, Own-child,*,Male,0,0,20,North America,<=50K
27923,"[30, 40[", Private,126132,Undergraduate,13,Married-civ-spouse,Nontechnical, Husband,*,Male,15024,0,50,North America,>50K
27924,"[40, 50[", Private,198619,Professional Education,11,Married-civ-spouse,Technical, Husband,*,Male,0,0,40,North America,<=50K
27925,"[60, 70[", Private,211287,Graduate,14,Married-civ-spouse,Nontechnical, Husband,*,Male,0,2392,40,North America,>50K
27926,"[50, 60[", Federal-gov,238192,High School,9,Married-civ-spouse,Technical, Husband,*,Male,0,1887,40,North America,>50K
27927,"[40, 50[", Private,257780,High School,9,Married-civ-spouse,Other, Husband,*,Male,0,0,40,North America,<=50K
27928,"[60, 70[", Private,183355,High School,9,Married-civ-spouse,Other, Husband,*,Male,0,0,40,North America,>50K
27929,"[20, 30[", Private,148429,High School,9,Married-civ-spouse,Technical, Husband,*,Male,0,0,40,North America,<=50K
27930,"[40, 50[", Private,71221,High School,9,Divorced,Technical, Unmarried,*,Female,0,0,60,North America,<=50K
27931,"[20, 30[", Self-emp-not-inc,236769,High School,4,Never-married,Technical, Not-in-family,*,Male,0,0,40,North America,<=50K
27932,"[30, 40[", Private,32146,Undergraduate,10,Never-married,Technical, Not-in-family,*,Male,0,0,40,North America,<=50K
27933,"[30, 40[", Private,347491,High School,7,Divorced,Technical, Not-in-family,*,Male,0,1876,46,North America,<=50K
27934,"[30, 40[", Private,180714,Undergraduate,10,Married-civ-spouse,Other, Husband,*,Male,0,2179,40,North America,<=50K
27935,"[50, 60[", ?,188877,High School,5,Divorced,Other, Not-in-family,*,Male,0,0,40,North America,<=50K
27936,"[20, 30[", Private,306747,Undergraduate,13,Divorced,Nontechnical, Own-child,*,Male,0,0,40,North America,<=50K
27937,"[20, 30[", State-gov,478457,Undergraduate,10,Never-married,Other, Own-child,*,Female,0,0,12,North America,<=50K
27938,"[20, 30[", Private,248990,Primary School,3,Never-married,Technical, Not-in-family,*,Male,0,0,40,North America,<=50K
27939,"[50, 60[", Self-emp-inc,46281,Undergraduate,10,Married-civ-spouse,Nontechnical, Husband,*,Male,0,0,50,North America,>50K
27940,"[30, 40[", Private,148015,Undergraduate,13,Never-married,Nontechnical, Own-child,*,Female,0,0,40,North America,<=50K
27941,"[10, 20[", Private,278115,Undergraduate,10,Never-married,Other, Own-child,*,Male,0,0,12,North America,<=50K
27942,"[20, 30[", Private,190525,Undergraduate,13,Married-civ-spouse,Nontechnical, Husband,*,Male,7298,0,55,North America,>50K
27943,"[30, 40[", Private,176673,Undergraduate,10,Never-married,Nontechnical, Other-relative,*,Female,0,0,35,North America,<=50K
27944,"[30, 40[", ?,202366,High School,9,Divorced,Other, Unmarried,*,Female,0,0,32,North America,<=50K
27945,"[30, 40[", Private,238415,High School,9,Divorced,Technical, Unmarried,*,Male,0,0,40,North America,<=50K
27946,"[30, 40[", Self-emp-not-inc,37939,Undergraduate,13,Married-civ-spouse,Technical, Husband,*,Male,0,0,35,North America,<=50K
27947,"[60, 70[", Self-emp-not-inc,35649,Undergraduate,13,Married-civ-spouse,Technical, Husband,*,Male,0,0,40,North America,<=50K
27948,"[40, 50[", Private,383493,Undergraduate,10,Married-civ-spouse,Nontechnical, Husband,*,Male,15024,0,50,North America,>50K
27949,"[40, 50[", Federal-gov,204900,High School,9,Married-civ-spouse,Technical, Wife,*,Female,0,0,40,North America,<=50K
27950,"[40, 50[", Private,20809,High School,9,Divorced,Technical, Not-in-family,*,Male,0,0,75,North America,>50K
27951,"[30, 40[", Private,148207,Undergraduate,10,Married-civ-spouse,Nontechnical, Husband,*,Male,0,0,65,North America,>50K
27952,"[20, 30[", Private,200153,High School,9,Never-married,Other, Own-child,*,Female,0,0,32,North America,<=50K
27953,"[30, 40[", Private,169496,Graduate,14,Married-civ-spouse,Other, Husband,*,Male,0,0,15,North America,>50K
27955,"[30, 40[", Private,366898,High School,9,Married-civ-spouse,Technical, Husband,*,Male,0,0,40,Europe,<=50K
27956,"[30, 40[", Private,324947,Undergraduate,13,Married-civ-spouse,Nontechnical, Husband,*,Male,0,0,40,North America,<=50K
27957,"[20, 30[", Private,321577,High School,9,Never-married,Other, Own-child,*,Female,0,0,40,North America,<=50K
27958,"[30, 40[", Private,241360,Undergraduate,13,Never-married,Nontechnical, Not-in-family,*,Male,0,0,40,North America,<=50K
27959,"[30, 40[", Private,207564,Undergraduate,10,Married-civ-spouse,Other, Wife,*,Female,0,0,40,North America,<=50K
27960,"[30, 40[", Private,220860,High School,9,Divorced,Other, Not-in-family,*,Male,0,0,45,North America,<=50K
27961,"[40, 50[", Local-gov,336571,Undergraduate,10,Married-civ-spouse,Nontechnical, Husband,*,Male,0,0,40,North America,<=50K
27962,"[20, 30[", State-gov,56402,Undergraduate,10,Married-civ-spouse,Technical, Husband,*,Male,0,0,30,North America,<=50K
27964,"[30, 40[", Private,81282,High School,9,Never-married,Other, Unmarried,*,Female,0,0,40,North America,<=50K
27965,"[50, 60[", Private,86332,Professional Education,11,Married-civ-spouse,Other, Husband,*,Male,4064,0,55,North America,<=50K
27966,"[30, 40[", Local-gov,27051,Undergraduate,10,Never-married,Nontechnical, Own-child,*,Male,0,0,40,North America,<=50K
27967,"[40, 50[", Private,287647,Graduate,14,Divorced,Nontechnical, Not-in-family,*,Male,4787,0,45,North America,>50K
27968,"[30, 40[", Self-emp-not-inc,183735,High School,9,Married-civ-spouse,Technical, Husband,*,Male,3137,0,30,North America,<=50K
27969,"[40, 50[", Private,100800,High School,9,Never-married,Technical, Not-in-family,*,Male,0,0,40,North America,<=50K
27971,"[60, 70[", ?,102693,High School,9,Widowed,Other, Not-in-family,*,Male,1086,0,35,North America,<=50K
27972,"[30, 40[", Private,151053,Undergraduate,10,Married-civ-spouse,Other, Husband,*,Male,5178,0,40,North America,>50K
27973,"[50, 60[", Private,548361,Undergraduate,13,Married-civ-spouse,Technical, Husband,*,Male,0,0,20,North America,>50K
27974,"[30, 40[", Private,173858,Undergraduate,13,Married-civ-spouse,Other, Other-relative,*,Male,0,0,40,Asia,<=50K
27975,"[20, 30[", Private,347153,Undergraduate,10,Never-married,Other, Other-relative,*,Male,0,0,40,North America,<=50K
27976,"[30, 40[", Private,319146,Professional Education,11,Married-civ-spouse,Technical, Husband,*,Male,4386,0,40,North America,>50K
27977,"[30, 40[", Private,197719,Undergraduate,10,Never-married,Technical, Other-relative,*,Male,0,0,40,North America,<=50K
27978,"[50, 60[", Private,197114,Undergraduate,10,Married-civ-spouse,Other, Husband,*,Male,0,0,6,North America,>50K
27979,"[50, 60[", Self-emp-not-inc,109418,Undergraduate,13,Married-civ-spouse,Nontechnical, Wife,*,Female,0,1977,35,North America,>50K
27980,"[50, 60[", Private,182062,Undergraduate,13,Married-civ-spouse,Technical, Husband,*,Male,0,0,48,North America,>50K
27981,"[20, 30[", Private,184543,Professional Education,11,Never-married,Other, Not-in-family,*,Female,0,0,40,North America,<=50K
27983,"[40, 50[", Private,122026,High School,9,Married-civ-spouse,Technical, Husband,*,Male,0,0,50,North America,<=50K
27984,"[20, 30[", Private,340543,Undergraduate,13,Never-married,Nontechnical, Not-in-family,*,Female,0,0,38,North America,<=50K
27985,"[40, 50[", Private,101950,Graduate,14,Never-married,Nontechnical, Not-in-family,*,Female,0,0,45,North America,<=50K
27986,"[40, 50[", Private,179508,High School,9,Married-civ-spouse,Technical, Husband,*,Male,0,0,55,North America,<=50K
27987,"[50, 60[", Private,225317,Primary School,3,Married-civ-spouse,Technical, Husband,*,Male,0,0,40,North America,<=50K
27988,"[50, 60[", Local-gov,53304,Undergraduate,13,Married-civ-spouse,Technical, Husband,*,Male,0,0,50,North America,>50K
27990,"[30, 40[", Private,184016,High School,9,Never-married,Other, Not-in-family,*,Male,0,0,40,North America,<=50K
27991,"[20, 30[", Private,250165,High School,9,Married-civ-spouse,Nontechnical, Husband,*,Male,0,0,40,North America,<=50K
27992,"[20, 30[", Private,196467,High School,9,Never-married,Technical, Not-in-family,*,Male,0,0,35,North America,<=50K
27993,"[50, 60[", ?,220783,High School,6,Widowed,Other, Unmarried,*,Female,0,0,40,North America,<=50K
27994,"[40, 50[", Self-emp-not-inc,178780,Graduate,14,Married-civ-spouse,Nontechnical, Husband,*,Male,0,0,50,North America,>50K
27995,"[60, 70[", Private,65868,High School,9,Widowed,Nontechnical, Not-in-family,*,Female,0,0,43,North America,<=50K
27996,"[50, 60[", Private,35459,High School,9,Never-married,Nontechnical, Not-in-family,*,Male,0,0,40,North America,<=50K
27997,"[30, 40[", Private,98986,High School,4,Never-married,Technical, Own-child,*,Female,0,0,30,North America,<=50K
27998,"[30, 40[", Private,282092,Professional Education,12,Never-married,Technical, Not-in-family,*,Female,0,0,40,North America,<=50K
27999,"[20, 30[", Private,140764,High School,9,Never-married,Other, Other-relative,*,Female,0,0,45,North America,<=50K
28000,"[30, 40[", Private,33124,High School,9,Separated,Other, Unmarried,*,Female,0,0,14,North America,<=50K
28001,"[40, 50[", Private,90042,Undergraduate,10,Married-civ-spouse,Technical, Husband,*,Male,0,0,40,North America,>50K
28003,"[20, 30[", Private,214387,Undergraduate,10,Never-married,Nontechnical, Other-relative,*,Male,0,0,64,North America,<=50K
28004,"[30, 40[", Private,180667,High School,9,Never-married,Other, Not-in-family,*,Male,0,0,40,North America,<=50K
28006,"[30, 40[", Private,184440,Undergraduate,10,Married-civ-spouse,Technical, Husband,*,Male,3464,0,40,North America,<=50K
28007,"[20, 30[", Private,140462,High School,9,Never-married,Technical, Own-child,*,Male,0,0,40,North America,<=50K
28009,"[60, 70[", ?,181063,High School,6,Widowed,Other, Not-in-family,*,Female,0,0,30,North America,<=50K
28010,"[20, 30[", Private,287268,Undergraduate,10,Never-married,Other, Not-in-family,*,Male,0,0,35,North America,<=50K
28011,"[20, 30[", Private,215955,High School,9,Married-civ-spouse,Technical, Husband,*,Male,0,0,40,North America,<=50K
28012,"[30, 40[", Private,82552,Professional Education,12,Married-civ-spouse,Technical, Husband,*,Male,0,0,40,North America,<=50K
28013,"[10, 20[", Private,41745,Undergraduate,10,Never-married,Nontechnical, Own-child,*,Female,0,0,40,North America,<=50K
28014,"[20, 30[", Private,73587,High School,9,Never-married,Nontechnical, Not-in-family,*,Male,0,0,35,North America,<=50K
28015,"[50, 60[", Private,263925,Primary School,2,Married-civ-spouse,Other, Husband,*,Male,0,0,50,North America,<=50K
28016,"[10, 20[", Private,196119,High School,9,Never-married,Nontechnical, Own-child,*,Female,0,0,35,North America,<=50K
28017,"[20, 30[", Private,284741,Undergraduate,10,Never-married,Nontechnical, Not-in-family,*,Female,0,0,30,North America,<=50K
28019,"[30, 40[", Private,340428,Professional Education,12,Never-married,Other, Not-in-family,*,Female,0,0,35,North America,<=50K
28020,"[60, 70[", ?,175891,High School,5,Married-civ-spouse,Other, Husband,*,Male,0,0,40,North America,<=50K
28021,"[10, 20[", Local-gov,276973,Undergraduate,10,Never-married,Technical, Own-child,*,Female,0,0,20,North America,<=50K
28022,"[30, 40[", Private,161599,High School,9,Married-civ-spouse,Nontechnical, Husband,*,Male,0,0,40,North America,>50K
28023,"[30, 40[", Private,144064,Undergraduate,13,Never-married,Technical, Not-in-family,*,Male,0,0,40,North America,<=50K
28024,"[30, 40[", Private,236391,Undergraduate,10,Never-married,Nontechnical, Not-in-family,*,Female,0,0,40,North America,<=50K
28025,"[20, 30[", Private,224943,Professional Education,11,Never-married,Nontechnical, Other-relative,*,Male,0,0,65,North America,<=50K
28026,"[40, 50[", Private,151294,Undergraduate,10,Widowed,Nontechnical, Not-in-family,*,Female,0,0,25,North America,<=50K
28027,"[50, 60[", Private,68982,Undergraduate,13,Married-civ-spouse,Nontechnical, Husband,*,Male,0,0,50,North America,>50K
28028,"[30, 40[", Private,241885,Undergraduate,10,Married-civ-spouse,Other, Husband,*,Male,0,0,40,North America,<=50K
28029,"[30, 40[", Self-emp-not-inc,189461,High School,9,Never-married,Other, Not-in-family,*,Female,0,0,60,North America,<=50K
28030,"[10, 20[", Self-emp-not-inc,36012,High School,9,Never-married,Technical, Own-child,*,Male,0,0,40,North America,<=50K
28031,"[30, 40[", Private,85355,High School,9,Separated,Technical, Not-in-family,*,Male,0,0,30,North America,<=50K
28032,"[20, 30[", Private,157595,Undergraduate,10,Never-married,Nontechnical, Not-in-family,*,Male,0,0,40,North America,<=50K
28033,"[60, 70[", Private,197286,High School,4,Married-civ-spouse,Technical, Husband,*,Male,0,0,40,North America,<=50K
28034,"[30, 40[", Private,362747,Undergraduate,10,Never-married,Other, Not-in-family,*,Female,0,0,35,North America,<=50K
28035,"[20, 30[", Private,395297,Undergraduate,10,Never-married,Nontechnical, Own-child,*,Female,0,0,35,North America,<=50K
28036,"[30, 40[", Self-emp-not-inc,144949,Undergraduate,13,Divorced,Technical, Not-in-family,*,Male,0,0,60,North America,<=50K
28037,"[20, 30[", ?,163665,High School,9,Never-married,Other, Own-child,*,Female,0,0,20,North America,<=50K
28038,"[30, 40[", Private,141490,Professional Education,11,Divorced,Nontechnical, Unmarried,*,Female,0,0,50,North America,<=50K
28039,"[20, 30[", Private,147889,Professional Education,12,Married-civ-spouse,Technical, Wife,*,Female,0,0,40,North America,<=50K
28040,"[60, 70[", Private,232808,High School,6,Divorced,Other, Not-in-family,*,Male,0,0,24,North America,<=50K
28041,"[40, 50[", Private,70668,High School,9,Married-civ-spouse,Technical, Wife,*,Female,0,0,50,North America,<=50K
28042,"[20, 30[", Federal-gov,33315,Professional Education,12,Divorced,Other, Not-in-family,*,Female,0,0,40,North America,<=50K
28043,"[60, 70[", ?,63526,High School,8,Never-married,Other, Not-in-family,*,Male,0,0,52,North America,<=50K
28045,"[20, 30[", Private,200318,Professional Education,12,Never-married,Other, Not-in-family,*,Female,0,0,15,North America,<=50K
28046,"[30, 40[", Private,97723,High School,9,Married-civ-spouse,Technical, Husband,*,Male,0,1672,40,North America,<=50K
28047,"[30, 40[", Private,109231,High School,9,Married-civ-spouse,Technical, Husband,*,Male,0,0,40,North America,<=50K
28048,"[20, 30[", Private,102889,Undergraduate,10,Divorced,Technical, Unmarried,*,Female,0,0,40,North America,<=50K
28050,"[30, 40[", Private,182898,High School,9,Never-married,Other, Not-in-family,*,Male,8614,0,40,North America,>50K
28051,"[60, 70[", Private,197918,High School,9,Divorced,Other, Unmarried,*,Female,0,0,40,North America,<=50K
28052,"[20, 30[", Private,67386,High School,9,Never-married,Other, Unmarried,*,Female,0,0,40,North America,<=50K
28053,"[50, 60[", Private,126592,High School,9,Separated,Technical, Not-in-family,*,Male,0,0,40,North America,<=50K
28054,"[30, 40[", Private,49469,Undergraduate,13,Never-married,Nontechnical, Not-in-family,*,Male,99999,0,50,North America,>50K
28055,"[30, 40[", Self-emp-not-inc,119929,High School,9,Married-civ-spouse,Technical, Husband,*,Male,0,0,40,North America,<=50K
28057,"[30, 40[", Private,341102,High School,5,Never-married,Nontechnical, Not-in-family,*,Male,0,0,40,North America,<=50K
28058,"[50, 60[", Private,101524,Undergraduate,13,Married-civ-spouse,Nontechnical, Husband,*,Male,0,0,40,North America,>50K
28059,"[40, 50[", Private,202872,High School,9,Married-civ-spouse,Nontechnical, Wife,*,Female,0,0,40,North America,>50K
28060,"[20, 30[", Private,195201,High School,9,Married-civ-spouse,Nontechnical, Husband,*,Male,0,0,50,North America,<=50K
28061,"[50, 60[", Private,128272,Undergraduate,10,Married-civ-spouse,Nontechnical, Husband,*,Male,0,0,40,North America,<=50K
28062,"[30, 40[", Private,263094,Undergraduate,13,Married-civ-spouse,Nontechnical, Husband,*,Male,7298,0,40,North America,>50K
28063,"[50, 60[", Self-emp-inc,357596,Undergraduate,13,Married-civ-spouse,Nontechnical, Husband,*,Male,7298,0,55,North America,>50K
28064,"[40, 50[", Local-gov,102628,Undergraduate,10,Married-civ-spouse,Other, Husband,*,Male,0,0,40,North America,>50K
28065,"[20, 30[", Private,171114,Undergraduate,13,Never-married,Nontechnical, Own-child,*,Female,0,0,40,North America,<=50K
28067,"[20, 30[", Private,127753,High School,8,Never-married,Technical, Other-relative,*,Male,0,0,40,North America,<=50K
28068,"[10, 20[", Private,282698,High School,4,Never-married,Other, Own-child,*,Male,0,0,80,North America,<=50K
28069,"[30, 40[", Private,139364,High School,9,Married-civ-spouse,Nontechnical, Husband,*,Male,0,1902,40,North America,>50K
28070,"[30, 40[", Local-gov,312785,Undergraduate,13,Never-married,Technical, Own-child,*,Male,0,0,35,North America,<=50K
28071,"[10, 20[", Private,92864,High School,8,Never-married,Other, Own-child,*,Female,0,0,20,North America,<=50K
28072,"[40, 50[", Local-gov,175428,Graduate,14,Married-civ-spouse,Technical, Husband,*,Male,0,0,40,North America,>50K
28073,"[30, 40[", Private,104223,High School,9,Never-married,Other, Unmarried,*,Female,0,0,32,North America,<=50K
28074,"[20, 30[", Private,144784,High School,9,Never-married,Other, Not-in-family,*,Female,0,0,40,North America,<=50K
28075,"[60, 70[", Private,178934,High School,9,Widowed,Other, Unmarried,*,Female,0,0,20,North America,<=50K
28076,"[40, 50[", Private,211253,Graduate,14,Married-civ-spouse,Nontechnical, Wife,*,Female,0,0,40,North America,>50K
28077,"[30, 40[", Private,133122,Undergraduate,13,Married-civ-spouse,Nontechnical, Husband,*,Male,0,0,40,North America,<=50K
28078,"[50, 60[", Private,103540,High School,4,Married-civ-spouse,Other, Husband,*,Male,0,0,40,North America,<=50K
28079,"[30, 40[", State-gov,172700,High School,9,Never-married,Other, Unmarried,*,Female,0,0,40,North America,<=50K
28080,"[20, 30[", Private,282484,Undergraduate,10,Never-married,Other, Own-child,*,Female,0,0,40,North America,<=50K
28081,"[30, 40[", Private,323055,High School,9,Married-civ-spouse,Other, Husband,*,Male,0,0,50,North America,>50K
28082,"[30, 40[", State-gov,291494,Graduate,16,Married-civ-spouse,Technical, Husband,*,Male,0,0,50,North America,>50K
28083,"[20, 30[", Private,214702,Undergraduate,13,Married-civ-spouse,Nontechnical, Husband,*,Male,0,0,60,North America,<=50K
28084,"[30, 40[", Private,116055,High School,9,Never-married,Other, Unmarried,*,Female,2977,0,35,North America,<=50K
28085,"[30, 40[", Private,226696,Undergraduate,13,Never-married,Nontechnical, Not-in-family,*,Male,0,0,55,North America,>50K
28086,"[30, 40[", Private,216827,High School,9,Separated,Other, Unmarried,*,Female,0,0,40,North America,<=50K
28087,"[40, 50[", Self-emp-not-inc,153132,Professional Education,15,Married-civ-spouse,Nontechnical, Husband,*,Male,15024,0,40,North America,>50K
28088,"[40, 50[", Private,307440,Undergraduate,13,Married-civ-spouse,Technical, Husband,*,Male,0,0,45,Asia,>50K
28089,"[20, 30[", Private,278122,High School,9,Never-married,Other, Own-child,*,Male,0,0,40,North America,<=50K
28090,"[40, 50[", Private,122195,High School,9,Widowed,Technical, Unmarried,*,Female,0,0,40,North America,<=50K
28091,"[30, 40[", Self-emp-not-inc,156890,High School,9,Married-civ-spouse,Nontechnical, Husband,*,Male,0,0,50,North America,<=50K
28092,"[10, 20[", Private,36877,High School,6,Never-married,Nontechnical, Own-child,*,Female,0,0,10,North America,<=50K
28093,"[20, 30[", Private,131178,High School,9,Never-married,Nontechnical, Own-child,*,Male,0,0,23,North America,<=50K
28094,"[30, 40[", Self-emp-inc,62396,Undergraduate,13,Never-married,Technical, Not-in-family,*,Female,0,0,62,North America,>50K
28095,"[30, 40[", Private,73054,High School,9,Divorced,Nontechnical, Unmarried,*,Female,0,0,40,North America,<=50K
28096,"[20, 30[", Private,96844,Undergraduate,10,Never-married,Other, Not-in-family,*,Female,0,0,20,North America,<=50K
28097,"[20, 30[", Private,324922,High School,9,Never-married,Technical, Not-in-family,*,Male,0,0,50,North America,<=50K
28098,"[60, 70[", Private,130684,Undergraduate,10,Married-civ-spouse,Technical, Husband,*,Male,0,0,42,North America,<=50K
28099,"[40, 50[", Private,178983,High School,9,Married-civ-spouse,Other, Wife,*,Female,0,0,30,North America,>50K
28100,"[50, 60[", Private,81038,Undergraduate,10,Married-civ-spouse,Nontechnical, Husband,*,Male,0,0,12,North America,<=50K
28101,"[30, 40[", Private,151967,Undergraduate,10,Married-civ-spouse,Technical, Husband,*,Male,0,0,58,North America,<=50K
28102,"[20, 30[", Private,278107,High School,9,Never-married,Technical, Own-child,*,Male,0,0,60,North America,<=50K
28103,"[50, 60[", Self-emp-not-inc,183146,High School,8,Married-civ-spouse,Nontechnical, Husband,*,Male,0,0,50,North America,>50K
28104,"[50, 60[", Private,183638,High School,9,Widowed,Nontechnical, Unmarried,*,Female,0,0,40,North America,<=50K
28105,"[40, 50[", Private,247892,Undergraduate,10,Married-civ-spouse,Technical, Husband,*,Male,0,0,30,North America,<=50K
28106,"[20, 30[", Private,221480,High School,9,Never-married,Other, Own-child,*,Female,0,0,40,North America,<=50K
28108,"[20, 30[", Private,518530,Undergraduate,10,Never-married,Other, Own-child,*,Female,0,0,40,North America,<=50K
28109,"[20, 30[", Private,193787,Undergraduate,10,Never-married,Technical, Own-child,*,Female,0,0,50,North America,<=50K
28110,"[30, 40[", Self-emp-inc,157466,High School,9,Married-civ-spouse,Other, Husband,*,Male,0,0,45,North America,<=50K
28111,"[40, 50[", Private,141511,High School,6,Married-civ-spouse,Nontechnical, Husband,*,Male,0,0,45,North America,>50K
28112,"[60, 70[", ?,158712,High School,9,Divorced,Other, Not-in-family,*,Female,0,0,99,North America,<=50K
28113,"[20, 30[", Private,252253,Undergraduate,10,Never-married,Other, Unmarried,*,Female,0,0,40,North America,<=50K
28114,"[20, 30[", Private,200450,High School,4,Never-married,Technical, Own-child,*,Female,0,0,52,North America,<=50K
28115,"[30, 40[", State-gov,343789,Undergraduate,10,Married-civ-spouse,Other, Husband,*,Male,0,0,40,North America,>50K
28116,"[40, 50[", Private,277647,High School,9,Married-civ-spouse,Nontechnical, Husband,*,Male,0,1902,40,North America,>50K
28117,"[40, 50[", Private,291566,High School,9,Never-married,Technical, Not-in-family,*,Male,0,0,60,North America,<=50K
28118,"[20, 30[", Private,151382,High School,9,Married-civ-spouse,Other, Husband,*,Male,0,0,60,North America,<=50K
28119,"[30, 40[", Private,221167,Professional Education,15,Divorced,Technical, Not-in-family,*,Female,0,0,35,North America,<=50K
28120,"[30, 40[", Private,196178,High School,9,Married-civ-spouse,Technical, Husband,*,Male,0,0,40,North America,<=50K
28121,"[20, 30[", Private,302422,High School,9,Never-married,Other, Not-in-family,*,Male,0,0,40,North America,<=50K
28122,"[20, 30[", Private,37379,Undergraduate,13,Never-married,Nontechnical, Not-in-family,*,Female,0,0,45,North America,<=50K
28123,"[30, 40[", Self-emp-not-inc,82540,High School,5,Married-civ-spouse,Other, Husband,*,Male,0,0,70,North America,>50K
28125,"[40, 50[", Private,159911,High School,4,Married-civ-spouse,Other, Wife,*,Female,0,0,55,North America,<=50K
28126,"[30, 40[", Private,212781,Undergraduate,13,Married-civ-spouse,Nontechnical, Husband,*,Male,0,0,40,North America,>50K
28127,"[20, 30[", Local-gov,207213,Professional Education,12,Never-married,Technical, Own-child,*,Male,0,0,5,North America,<=50K
28128,"[30, 40[", Private,200192,Undergraduate,10,Married-civ-spouse,Other, Wife,*,Female,0,0,45,North America,<=50K
28129,"[40, 50[", Local-gov,180096,Undergraduate,13,Married-civ-spouse,Technical, Husband,*,Male,0,0,35,North America,<=50K
28130,"[20, 30[", Private,192812,Undergraduate,13,Never-married,Technical, Own-child,*,Female,0,0,40,North America,<=50K
28131,"[10, 20[", Private,105908,High School,9,Never-married,Nontechnical, Other-relative,*,Male,0,0,70,North America,<=50K
28132,"[40, 50[", Private,373366,Primary School,2,Married-civ-spouse,Other, Husband,*,Male,3781,0,50,North America,<=50K
28133,"[20, 30[", State-gov,234190,Undergraduate,10,Never-married,Other, Not-in-family,*,Male,0,0,20,North America,<=50K
28134,"[30, 40[", Private,260868,Undergraduate,13,Married-civ-spouse,Nontechnical, Husband,*,Male,0,0,40,North America,>50K
28135,"[20, 30[", Private,109097,High School,9,Divorced,Other, Unmarried,*,Female,0,0,48,North America,<=50K
28136,"[30, 40[", Private,171393,Graduate,14,Married-civ-spouse,Technical, Husband,*,Male,7298,0,55,North America,>50K
28137,"[40, 50[", Private,209146,High School,9,Married-civ-spouse,Other, Husband,*,Male,0,0,40,North America,<=50K
28138,"[30, 40[", ?,289046,High School,9,Divorced,Other, Not-in-family,*,Male,0,1741,40,North America,<=50K
28139,"[50, 60[", Private,172281,Graduate,14,Divorced,Technical, Not-in-family,*,Male,0,0,40,North America,>50K
28140,"[30, 40[", Private,73023,High School,9,Divorced,Technical, Not-in-family,*,Male,0,0,55,North America,<=50K
28141,"[40, 50[", Private,122626,High School,9,Divorced,Nontechnical, Unmarried,*,Male,0,0,48,North America,<=50K
28142,"[20, 30[", Private,113635,Undergraduate,13,Never-married,Other, Not-in-family,*,Male,0,0,35,North America,<=50K
28143,"[60, 70[", ?,257269,Undergraduate,13,Married-civ-spouse,Other, Husband,*,Male,0,2377,35,North America,>50K
28144,"[20, 30[", ?,191806,Undergraduate,10,Never-married,Other, Own-child,*,Male,0,0,75,North America,<=50K
28145,"[50, 60[", ?,35723,High School,9,Divorced,Other, Own-child,*,Male,0,0,40,North America,<=50K
28146,"[40, 50[", Self-emp-not-inc,30759,Professional Education,11,Married-civ-spouse,Other, Husband,*,Male,0,0,60,North America,<=50K
28147,"[40, 50[", Private,105327,High School,9,Divorced,Technical, Not-in-family,*,Male,0,0,40,North America,<=50K
28148,"[50, 60[", ?,376058,High School,5,Never-married,Other, Own-child,*,Female,0,0,45,North America,<=50K
28149,"[40, 50[", Private,219307,High School,5,Divorced,Other, Not-in-family,*,Male,0,0,40,North America,<=50K
28150,"[40, 50[", Private,208067,High School,9,Divorced,Technical, Other-relative,*,Male,0,0,40,North America,<=50K
28151,"[50, 60[", Self-emp-not-inc,78631,Undergraduate,10,Married-civ-spouse,Nontechnical, Husband,*,Male,0,0,60,North America,<=50K
28152,"[10, 20[", Private,210308,Undergraduate,10,Never-married,Other, Own-child,*,Female,0,0,15,North America,<=50K
28154,"[30, 40[", Private,594187,High School,9,Married-civ-spouse,Technical, Husband,*,Male,0,0,40,North America,<=50K
28155,"[20, 30[", Private,228476,Undergraduate,13,Married-civ-spouse,Nontechnical, Husband,*,Male,0,0,50,North America,>50K
28156,"[20, 30[", Private,126613,Undergraduate,10,Never-married,Other, Own-child,*,Female,0,0,40,North America,<=50K
28157,"[30, 40[", Private,30267,High School,9,Married-civ-spouse,Other, Husband,*,Male,0,0,50,North America,<=50K
28158,"[20, 30[", Private,216811,High School,9,Never-married,Technical, Own-child,*,Female,0,0,16,North America,<=50K
28160,"[30, 40[", Local-gov,199368,Undergraduate,13,Married-civ-spouse,Other, Husband,*,Male,0,0,50,North America,>50K
28161,"[50, 60[", Private,159755,Undergraduate,13,Married-civ-spouse,Nontechnical, Husband,*,Male,0,1887,40,North America,>50K
28162,"[30, 40[", Self-emp-not-inc,188335,High School,9,Married-civ-spouse,Other, Husband,*,Male,0,0,40,North America,<=50K
28163,"[20, 30[", Private,417668,Undergraduate,13,Never-married,Technical, Own-child,*,Male,0,0,30,North America,<=50K
28164,"[50, 60[", ?,141807,High School,9,Never-married,Other, Not-in-family,*,Male,13550,0,40,North America,>50K
28165,"[30, 40[", Private,296317,High School,9,Married-civ-spouse,Technical, Husband,*,Male,0,0,40,North America,<=50K
28166,"[30, 40[", Private,164898,High School,9,Married-civ-spouse,Nontechnical, Husband,*,Male,0,0,40,North America,<=50K
28167,"[10, 20[", Private,452406,High School,7,Never-married,Nontechnical, Own-child,*,Female,0,0,15,North America,<=50K
28168,"[20, 30[", Private,42696,High School,9,Married-spouse-absent,Other, Unmarried,*,Female,0,0,40,North America,<=50K
28169,"[30, 40[", Private,262994,Undergraduate,10,Divorced,Technical, Not-in-family,*,Male,0,0,40,North America,<=50K
28170,"[40, 50[", State-gov,167298,High School,9,Divorced,Nontechnical, Unmarried,*,Female,0,0,40,North America,<=50K
28171,"[50, 60[", Private,103529,High School,7,Divorced,Other, Unmarried,*,Female,0,0,30,North America,<=50K
28172,"[40, 50[", Private,97883,Undergraduate,13,Widowed,Other, Unmarried,*,Female,25236,0,35,North America,>50K
28173,"[40, 50[", State-gov,269417,Graduate,16,Never-married,Nontechnical, Not-in-family,*,Female,0,2258,50,North America,>50K
28174,"[30, 40[", Private,199539,High School,9,Married-civ-spouse,Technical, Husband,*,Male,0,0,48,North America,>50K
28175,"[10, 20[", ?,39460,High School,9,Never-married,Other, Own-child,*,Male,0,0,60,North America,<=50K
28177,"[20, 30[", State-gov,239130,Undergraduate,10,Divorced,Other, Unmarried,*,Male,0,0,40,North America,<=50K
28178,"[40, 50[", Self-emp-inc,151089,Undergraduate,10,Married-civ-spouse,Nontechnical, Husband,*,Male,0,0,50,North America,<=50K
28179,"[20, 30[", Private,331611,Undergraduate,10,Married-civ-spouse,Other, Husband,*,Male,0,0,50,North America,<=50K
28180,"[30, 40[", Self-emp-not-inc,203463,Undergraduate,13,Never-married,Technical, Not-in-family,*,Female,0,0,40,North America,<=50K
28181,"[40, 50[", Private,151518,High School,9,Married-civ-spouse,Nontechnical, Husband,*,Male,0,0,45,North America,<=50K
28182,"[20, 30[", Self-emp-inc,39844,High School,9,Never-married,Other, Not-in-family,*,Male,0,0,50,North America,<=50K
28184,"[60, 70[", Private,123393,High School,7,Married-civ-spouse,Other, Husband,*,Male,0,0,40,North America,<=50K
28185,"[30, 40[", Private,209538,Graduate,14,Married-civ-spouse,Nontechnical, Husband,*,Male,0,0,55,North America,>50K
28186,"[30, 40[", Self-emp-not-inc,238802,High School,9,Married-civ-spouse,Other, Husband,*,Male,0,0,50,North America,<=50K
28187,"[20, 30[", Private,499197,Undergraduate,10,Married-civ-spouse,Technical, Husband,*,Male,0,0,40,North America,<=50K
28188,"[30, 40[", Private,200220,High School,9,Married-civ-spouse,Technical, Husband,*,Male,0,0,40,North America,<=50K
28189,"[30, 40[", Private,114059,Undergraduate,10,Married-civ-spouse,Nontechnical, Husband,*,Male,0,0,60,North America,<=50K
28190,"[10, 20[", Private,434430,High School,9,Never-married,Technical, Not-in-family,*,Male,0,0,30,North America,<=50K
28191,"[40, 50[", Private,185385,High School,9,Married-civ-spouse,Technical, Husband,*,Male,5013,0,24,North America,<=50K
28192,"[20, 30[", Private,225156,High School,9,Never-married,Other, Not-in-family,*,Female,0,0,40,North America,<=50K
28193,"[20, 30[", Private,377931,Undergraduate,10,Married-civ-spouse,Nontechnical, Husband,*,Male,0,2377,48,North America,<=50K
28195,"[20, 30[", Private,226891,Undergraduate,10,Never-married,Other, Unmarried,*,Female,0,0,30,Unknown,<=50K
28198,"[20, 30[", Private,151910,Undergraduate,13,Never-married,Technical, Own-child,*,Female,0,1719,40,North America,<=50K
28199,"[20, 30[", Private,231714,Undergraduate,10,Married-civ-spouse,Technical, Husband,*,Male,0,0,40,North America,<=50K
28200,"[40, 50[", Self-emp-inc,178510,Undergraduate,10,Never-married,Nontechnical, Not-in-family,*,Male,0,2258,60,North America,<=50K
28201,"[40, 50[", Private,178866,High School,9,Married-civ-spouse,Other, Wife,*,Female,0,0,25,North America,>50K
28202,"[30, 40[", Private,110643,Undergraduate,13,Married-civ-spouse,Nontechnical, Husband,*,Male,0,1977,55,North America,>50K
28203,"[30, 40[", Private,148261,Undergraduate,10,Married-civ-spouse,Technical, Husband,*,Male,0,0,40,North America,<=50K
28204,"[40, 50[", Private,217902,High School,9,Married-civ-spouse,Nontechnical, Husband,*,Male,0,0,40,North America,>50K
28205,"[20, 30[", Self-emp-not-inc,77207,Graduate,14,Married-civ-spouse,Technical, Husband,*,Male,0,0,30,North America,<=50K
28206,"[30, 40[", ?,377017,Professional Education,12,Never-married,Other, Own-child,*,Male,0,0,40,North America,<=50K
28207,"[70, 80[", Private,184759,High School,4,Married-civ-spouse,Nontechnical, Husband,*,Male,1797,0,15,North America,<=50K
28208,"[60, 70[", Self-emp-inc,80333,High School,9,Married-civ-spouse,Nontechnical, Husband,*,Male,0,0,40,North America,>50K
28209,"[50, 60[", Private,265086,Undergraduate,13,Married-civ-spouse,Nontechnical, Husband,*,Male,0,0,50,North America,>50K
28210,"[50, 60[", ?,102058,High School,8,Widowed,Other, Not-in-family,*,Male,0,0,30,North America,<=50K
28211,"[20, 30[", Private,333843,High School,9,Never-married,Other, Own-child,*,Female,0,0,40,North America,<=50K
28212,"[30, 40[", Private,296478,Undergraduate,10,Married-civ-spouse,Nontechnical, Husband,*,Male,0,0,40,North America,<=50K
28213,"[20, 30[", Local-gov,116662,High School,9,Married-civ-spouse,Technical, Husband,*,Male,0,0,40,North America,<=50K
28214,"[30, 40[", Self-emp-not-inc,353298,High School,9,Married-civ-spouse,Nontechnical, Husband,*,Male,99999,0,50,North America,>50K
28215,"[40, 50[", Private,142424,Professional Education,11,Never-married,Other, Not-in-family,*,Female,0,0,40,North America,<=50K
28216,"[40, 50[", Local-gov,200808,High School,8,Married-civ-spouse,Other, Husband,*,Male,0,0,35,North America,<=50K
28217,"[20, 30[", Private,119052,High School,9,Never-married,Nontechnical, Not-in-family,*,Female,0,0,40,North America,<=50K
28219,"[40, 50[", Private,151780,Undergraduate,10,Widowed,Nontechnical, Not-in-family,*,Female,0,0,40,North America,<=50K
28221,"[20, 30[", Private,509866,High School,9,Never-married,Other, Not-in-family,*,Male,0,0,78,North America,<=50K
28222,"[20, 30[", State-gov,249385,Undergraduate,13,Never-married,Other, Other-relative,*,Female,0,0,10,North America,<=50K
28223,"[40, 50[", State-gov,109462,Undergraduate,13,Divorced,Other, Unmarried,*,Female,2977,0,40,North America,<=50K
28224,"[50, 60[", Private,250034,Undergraduate,13,Married-civ-spouse,Nontechnical, Husband,*,Male,0,0,50,North America,>50K
28225,"[30, 40[", Private,249720,Undergraduate,13,Divorced,Nontechnical, Unmarried,*,Female,0,0,60,North America,<=50K
28226,"[70, 80[", Self-emp-not-inc,258761,High School,9,Married-civ-spouse,Other, Husband,*,Male,0,0,40,North America,<=50K
28228,"[20, 30[", State-gov,153534,Undergraduate,10,Married-civ-spouse,Other, Husband,*,Male,0,0,40,North America,<=50K
28229,"[30, 40[", Private,193815,Professional Education,12,Married-civ-spouse,Technical, Husband,*,Male,0,0,45,North America,>50K
28230,"[20, 30[", Private,255582,High School,9,Never-married,Technical, Not-in-family,*,Female,0,0,40,North America,<=50K
28231,"[30, 40[", Private,204527,Graduate,16,Married-civ-spouse,Technical, Husband,*,Male,0,0,50,North America,>50K
28233,"[20, 30[", Self-emp-not-inc,229341,High School,9,Never-married,Technical, Not-in-family,*,Male,0,0,50,North America,>50K
28234,"[50, 60[", Private,128143,Undergraduate,13,Married-civ-spouse,Nontechnical, Husband,*,Male,0,0,50,North America,>50K
28235,"[30, 40[", Private,175479,Primary School,3,Never-married,Other, Unmarried,*,Female,0,0,40,North America,<=50K
28236,"[10, 20[", Private,301814,High School,9,Never-married,Nontechnical, Not-in-family,*,Female,0,0,20,North America,<=50K
28237,"[20, 30[", Private,238917,High School,7,Never-married,Nontechnical, Not-in-family,*,Male,0,0,32,North America,<=50K
28238,"[30, 40[", Private,205581,Undergraduate,10,Separated,Technical, Unmarried,*,Female,0,0,50,North America,<=50K
28239,"[40, 50[", Private,340341,Undergraduate,10,Divorced,Other, Unmarried,*,Female,0,0,40,North America,<=50K
28240,"[40, 50[", Private,147860,High School,9,Married-civ-spouse,Nontechnical, Wife,*,Female,0,0,40,North America,<=50K
28241,"[20, 30[", ?,121023,Undergraduate,10,Never-married,Other, Own-child,*,Female,0,0,40,North America,<=50K
28242,"[20, 30[", Private,259496,High School,9,Never-married,Technical, Own-child,*,Female,0,0,40,North America,<=50K
28243,"[30, 40[", Federal-gov,190228,Undergraduate,13,Married-civ-spouse,Other, Husband,*,Male,0,1902,48,North America,>50K
28244,"[40, 50[", Private,180599,Undergraduate,13,Separated,Nontechnical, Unmarried,*,Male,8614,0,40,North America,>50K
28245,"[40, 50[", Private,116358,Undergraduate,13,Married-civ-spouse,Nontechnical, Husband,*,Male,0,0,40,North America,>50K
28246,"[40, 50[", Self-emp-not-inc,180446,Undergraduate,10,Married-civ-spouse,Technical, Husband,*,Male,0,0,40,North America,>50K
28249,"[10, 20[", Private,206599,High School,9,Never-married,Nontechnical, Own-child,*,Female,0,0,40,North America,<=50K
28250,"[50, 60[", Private,313146,High School,9,Married-civ-spouse,Other, Husband,*,Male,0,0,40,North America,<=50K
28252,"[30, 40[", Private,340599,High School,7,Separated,Other, Unmarried,*,Female,0,0,40,North America,<=50K
28253,"[30, 40[", Private,62932,High School,9,Never-married,Technical, Own-child,*,Male,0,0,40,North America,<=50K
28254,"[20, 30[", Private,44861,High School,9,Never-married,Other, Not-in-family,*,Male,0,0,40,North America,<=50K
28255,"[40, 50[", Private,53893,Undergraduate,10,Married-civ-spouse,Technical, Husband,*,Male,0,0,40,North America,>50K
28256,"[50, 60[", Self-emp-inc,152810,High School,9,Married-civ-spouse,Technical, Husband,*,Male,5178,0,45,North America,>50K
28257,"[40, 50[", Local-gov,128401,Graduate,16,Never-married,Technical, Unmarried,*,Female,0,0,40,North America,<=50K
28258,"[20, 30[", Private,336951,High School,9,Married-civ-spouse,Nontechnical, Husband,*,Male,0,0,50,North America,>50K
28259,"[60, 70[", Self-emp-not-inc,95445,Undergraduate,10,Married-civ-spouse,Other, Husband,*,Male,3137,0,46,North America,<=50K
28260,"[40, 50[", Private,54611,High School,9,Married-civ-spouse,Technical, Husband,*,Male,0,0,40,North America,<=50K
28261,"[40, 50[", Self-emp-not-inc,315984,High School,9,Married-civ-spouse,Technical, Husband,*,Male,7688,0,50,North America,>50K
28262,"[20, 30[", Private,210313,High School,6,Never-married,Nontechnical, Other-relative,*,Male,0,0,40,North America,<=50K
28263,"[10, 20[", Private,181020,High School,7,Never-married,Nontechnical, Other-relative,*,Male,0,0,30,North America,<=50K
28265,"[10, 20[", Private,256979,High School,9,Never-married,Technical, Other-relative,*,Male,0,0,35,North America,<=50K
28266,"[60, 70[", Private,47298,Graduate,16,Married-civ-spouse,Technical, Husband,*,Male,0,0,60,North America,>50K
28267,"[40, 50[", Private,125461,Graduate,16,Married-civ-spouse,Nontechnical, Husband,*,Male,0,0,60,North America,>50K
28268,"[20, 30[", Private,209955,High School,9,Never-married,Technical, Not-in-family,*,Male,0,0,48,North America,<=50K
28269,"[30, 40[", Private,182246,High School,9,Never-married,Technical, Not-in-family,*,Male,0,0,40,North America,<=50K
28271,"[40, 50[", ?,91949,High School,9,Never-married,Other, Unmarried,*,Female,0,0,40,North America,<=50K
28272,"[40, 50[", Local-gov,136986,Graduate,14,Married-civ-spouse,Technical, Husband,*,Male,15024,0,35,North America,>50K
28273,"[20, 30[", Federal-gov,183445,High School,9,Never-married,Nontechnical, Unmarried,*,Female,0,0,70,North America,<=50K
28274,"[20, 30[", Private,130741,Undergraduate,13,Never-married,Nontechnical, Own-child,*,Male,0,0,40,North America,<=50K
28275,"[20, 30[", Federal-gov,191878,Undergraduate,10,Never-married,Other, Own-child,*,Female,0,0,20,North America,<=50K
28276,"[20, 30[", ?,233923,Undergraduate,10,Never-married,Other, Own-child,*,Female,0,0,24,North America,<=50K
28277,"[20, 30[", Private,48121,High School,9,Never-married,Nontechnical, Own-child,*,Male,0,0,40,North America,<=50K
28278,"[20, 30[", Private,304302,High School,9,Never-married,Nontechnical, Own-child,*,Male,0,0,40,North America,<=50K
28279,"[30, 40[", Federal-gov,284703,Undergraduate,10,Married-civ-spouse,Technical, Husband,*,Male,0,0,52,North America,<=50K
28280,"[10, 20[", Private,401198,High School,7,Never-married,Nontechnical, Own-child,*,Female,0,0,15,North America,<=50K
28281,"[30, 40[", Private,243357,High School,7,Separated,Other, Unmarried,*,Female,0,0,40,North America,<=50K
28282,"[20, 30[", Private,32276,High School,9,Never-married,Other, Not-in-family,*,Male,0,0,40,North America,<=50K
28283,"[30, 40[", Private,110538,High School,9,Divorced,Other, Not-in-family,*,Male,0,0,70,North America,<=50K
28284,"[20, 30[", Private,257310,High School,9,Never-married,Technical, Not-in-family,*,Male,0,0,40,North America,<=50K
28285,"[20, 30[", Self-emp-not-inc,411950,Undergraduate,10,Married-civ-spouse,Other, Husband,*,Male,0,0,40,North America,<=50K
28286,"[50, 60[", Local-gov,392668,Professional Education,11,Married-civ-spouse,Other, Husband,*,Male,0,0,40,North America,>50K
28287,"[40, 50[", Self-emp-not-inc,52498,Undergraduate,13,Never-married,Technical, Unmarried,*,Female,0,0,50,North America,<=50K
28288,"[30, 40[", Private,223433,Graduate,14,Married-civ-spouse,Nontechnical, Husband,*,Male,7688,0,50,North America,>50K
28289,"[30, 40[", Private,87076,High School,9,Never-married,Technical, Own-child,*,Male,0,0,40,North America,<=50K
28290,"[50, 60[", Private,224854,High School,9,Never-married,Other, Not-in-family,*,Female,0,0,40,North America,<=50K
28291,"[20, 30[", Private,193379,Professional Education,12,Never-married,Technical, Not-in-family,*,Male,0,0,45,North America,<=50K
28292,"[50, 60[", Private,98436,Graduate,14,Married-civ-spouse,Other, Husband,*,Male,0,0,40,North America,<=50K
28293,"[40, 50[", ?,116632,Undergraduate,10,Married-civ-spouse,Other, Husband,*,Male,0,0,60,North America,<=50K
28294,"[60, 70[", Self-emp-inc,210381,Undergraduate,13,Married-civ-spouse,Nontechnical, Husband,*,Male,99999,0,65,North America,>50K
28297,"[20, 30[", Private,59732,High School,9,Married-civ-spouse,Technical, Husband,*,Male,0,0,40,North America,<=50K
28298,"[30, 40[", Private,192900,Undergraduate,10,Married-civ-spouse,Technical, Husband,*,Male,0,0,40,North America,>50K
28299,"[20, 30[", State-gov,90046,Undergraduate,10,Never-married,Other, Not-in-family,*,Female,0,0,40,North America,<=50K
28300,"[40, 50[", Private,272960,Professional Education,12,Married-civ-spouse,Technical, Husband,*,Male,0,0,42,North America,>50K
28301,"[40, 50[", Self-emp-inc,152071,Professional Education,15,Married-civ-spouse,Technical, Husband,*,Male,0,0,60,North America,>50K
28302,"[50, 60[", Private,301583,High School,9,Never-married,Technical, Not-in-family,*,Male,0,0,40,North America,<=50K
28303,"[10, 20[", ?,171964,High School,9,Never-married,Other, Own-child,*,Female,0,1602,20,North America,<=50K
28304,"[40, 50[", Private,315984,High School,9,Married-civ-spouse,Technical, Husband,*,Male,0,0,40,North America,<=50K
28305,"[30, 40[", Private,241962,High School,9,Divorced,Technical, Not-in-family,*,Male,0,0,40,North America,<=50K
28306,"[40, 50[", Private,131591,High School,9,Married-civ-spouse,Other, Husband,*,Male,0,0,45,North America,<=50K
28308,"[50, 60[", Private,53197,Undergraduate,10,Married-civ-spouse,Technical, Husband,*,Male,0,0,40,North America,>50K
28309,"[20, 30[", Private,121023,Undergraduate,13,Never-married,Technical, Not-in-family,*,Female,0,0,40,North America,<=50K
28310,"[50, 60[", Self-emp-not-inc,287229,High School,9,Married-civ-spouse,Technical, Husband,*,Male,0,0,48,North America,>50K
28311,"[20, 30[", Private,163911,Undergraduate,10,Never-married,Other, Own-child,*,Female,0,0,20,North America,<=50K
28312,"[30, 40[", Private,191834,Undergraduate,10,Married-civ-spouse,Technical, Husband,*,Male,0,0,40,North America,>50K
28313,"[20, 30[", Private,204734,Undergraduate,10,Married-civ-spouse,Technical, Wife,*,Female,0,0,40,North America,<=50K
28314,"[40, 50[", Self-emp-not-inc,220978,High School,9,Married-civ-spouse,Nontechnical, Husband,*,Male,0,0,50,North America,<=50K
28315,"[30, 40[", Private,365739,High School,9,Married-civ-spouse,Technical, Husband,*,Male,0,0,40,North America,>50K
28316,"[20, 30[", Private,50103,Undergraduate,10,Never-married,Nontechnical, Not-in-family,*,Female,0,0,40,North America,<=50K
28317,"[30, 40[", Private,283293,High School,9,Married-civ-spouse,Technical, Husband,*,Male,0,0,40,North America,<=50K
28318,"[30, 40[", Self-emp-not-inc,194534,Graduate,14,Married-civ-spouse,Technical, Husband,*,Male,99999,0,60,North America,>50K
28319,"[10, 20[", Private,263338,High School,9,Never-married,Nontechnical, Own-child,*,Male,0,0,20,North America,<=50K
28320,"[30, 40[", ?,504871,High School,9,Married-civ-spouse,Other, Husband,*,Male,0,0,40,North America,>50K
28321,"[30, 40[", Private,348592,High School,9,Married-civ-spouse,Technical, Husband,*,Male,0,0,44,North America,<=50K
28322,"[20, 30[", Private,173944,Graduate,14,Married-civ-spouse,Technical, Husband,*,Male,0,0,40,North America,>50K
28323,"[50, 60[", Private,226135,High School,5,Never-married,Technical, Not-in-family,*,Male,0,0,40,North America,<=50K
28324,"[30, 40[", Private,172375,Undergraduate,13,Never-married,Technical, Not-in-family,*,Male,0,0,38,North America,<=50K
28325,"[50, 60[", Self-emp-inc,127728,Professional Education,15,Married-civ-spouse,Technical, Husband,*,Male,15024,0,60,North America,>50K
28326,"[40, 50[", Private,347025,Graduate,14,Divorced,Technical, Not-in-family,*,Female,0,0,40,North America,<=50K
28327,"[30, 40[", Private,191335,Undergraduate,10,Married-civ-spouse,Technical, Husband,*,Male,0,0,56,North America,<=50K
28328,"[20, 30[", Private,247779,High School,7,Never-married,Nontechnical, Own-child,*,Female,0,0,38,North America,<=50K
28329,"[20, 30[", State-gov,262664,Undergraduate,13,Married-civ-spouse,Other, Husband,*,Male,0,0,40,North America,>50K
28330,"[30, 40[", Private,95855,High School,9,Divorced,Other, Unmarried,*,Female,0,0,40,North America,<=50K
28331,"[30, 40[", Private,74501,High School,9,Divorced,Other, Unmarried,*,Female,0,0,30,North America,<=50K
28332,"[40, 50[", Private,245317,High School,9,Married-civ-spouse,Other, Husband,*,Male,0,0,50,North America,<=50K
28333,"[60, 70[", Private,29059,High School,9,Divorced,Nontechnical, Unmarried,*,Female,0,2754,25,North America,<=50K
28334,"[50, 60[", Private,200316,Undergraduate,10,Married-civ-spouse,Other, Husband,*,Male,0,0,35,North America,<=50K
28335,"[30, 40[", Private,198341,Undergraduate,13,Married-civ-spouse,Nontechnical, Husband,*,Male,0,0,40,Unknown,<=50K
28336,"[50, 60[", Private,100453,High School,4,Separated,Other, Own-child,*,Female,0,0,38,North America,<=50K
28337,"[40, 50[", Self-emp-not-inc,343190,Undergraduate,10,Married-civ-spouse,Technical, Husband,*,Male,0,1887,55,North America,>50K
28338,"[40, 50[", Private,235683,Graduate,14,Divorced,Technical, Unmarried,*,Female,0,0,40,North America,<=50K
28339,"[40, 50[", Private,83237,Undergraduate,13,Married-civ-spouse,Technical, Husband,*,Male,0,0,55,North America,>50K
28340,"[60, 70[", Private,88470,Undergraduate,10,Married-civ-spouse,Other, Husband,*,Male,0,0,40,North America,<=50K
28341,"[20, 30[", Private,198801,High School,9,Married-civ-spouse,Technical, Husband,*,Male,0,0,45,North America,<=50K
28342,"[50, 60[", Private,168107,Undergraduate,13,Married-civ-spouse,Nontechnical, Husband,*,Male,0,0,40,North America,>50K
28344,"[30, 40[", ?,205418,High School,9,Married-civ-spouse,Other, Wife,*,Female,0,0,20,North America,<=50K
28345,"[40, 50[", Private,695411,High School,9,Divorced,Other, Not-in-family,*,Female,0,0,44,North America,<=50K
28346,"[40, 50[", Self-emp-inc,139268,High School,9,Married-civ-spouse,Nontechnical, Husband,*,Male,0,0,50,North America,>50K
28347,"[40, 50[", Federal-gov,192771,High School,9,Never-married,Other, Unmarried,*,Female,0,0,40,North America,<=50K
28348,"[50, 60[", Self-emp-inc,122390,Undergraduate,10,Married-civ-spouse,Nontechnical, Husband,*,Male,0,1977,48,North America,>50K
28349,"[60, 70[", Self-emp-inc,184965,Graduate,16,Married-civ-spouse,Nontechnical, Husband,*,Male,99999,0,40,North America,>50K
28350,"[20, 30[", Private,180837,High School,9,Never-married,Technical, Own-child,*,Female,0,0,40,North America,<=50K
28351,"[30, 40[", Private,159548,Undergraduate,10,Divorced,Other, Unmarried,*,Female,0,0,38,North America,<=50K
28352,"[30, 40[", Private,110554,High School,9,Divorced,Nontechnical, Own-child,*,Female,0,0,35,North America,<=50K
28353,"[30, 40[", Private,103474,Professional Education,11,Divorced,Other, Unmarried,*,Female,0,0,40,North America,<=50K
28354,"[60, 70[", Private,178249,Undergraduate,13,Married-civ-spouse,Nontechnical, Husband,*,Male,0,0,35,North America,>50K
28355,"[20, 30[", Private,138768,Undergraduate,10,Never-married,Nontechnical, Other-relative,*,Male,0,0,40,North America,<=50K
28356,"[40, 50[", Private,321824,High School,9,Married-civ-spouse,Technical, Husband,*,Male,0,0,8,North America,<=50K
28359,"[50, 60[", Private,167651,High School,9,Married-civ-spouse,Technical, Husband,*,Male,0,0,40,North America,>50K
28360,"[60, 70[", State-gov,163689,Undergraduate,10,Married-civ-spouse,Other, Husband,*,Male,0,0,16,North America,<=50K
28361,"[10, 20[", Self-emp-not-inc,45546,Undergraduate,10,Never-married,Nontechnical, Own-child,*,Female,0,0,16,North America,<=50K
28362,"[40, 50[", Private,420986,Undergraduate,13,Married-civ-spouse,Nontechnical, Husband,*,Male,0,0,40,North America,>50K
28363,"[50, 60[", Self-emp-inc,68015,Undergraduate,10,Married-civ-spouse,Nontechnical, Husband,*,Male,0,0,90,North America,>50K
28364,"[50, 60[", Private,175594,High School,9,Married-civ-spouse,Technical, Husband,*,Male,0,0,40,North America,<=50K
28365,"[50, 60[", ?,148673,High School,9,Married-civ-spouse,Other, Husband,*,Male,0,0,10,North America,<=50K
28366,"[30, 40[", Private,206322,High School,9,Married-civ-spouse,Other, Husband,*,Male,0,0,73,North America,>50K
28367,"[30, 40[", Private,272338,High School,9,Married-civ-spouse,Other, Wife,*,Female,0,0,25,North America,<=50K
28368,"[70, 80[", Private,105886,Undergraduate,13,Married-civ-spouse,Technical, Husband,*,Male,1173,0,75,North America,<=50K
28369,"[60, 70[", Private,312498,Undergraduate,13,Married-civ-spouse,Nontechnical, Husband,*,Male,0,0,40,North America,<=50K
28370,"[30, 40[", Private,177675,High School,9,Never-married,Technical, Own-child,*,Male,0,0,40,North America,<=50K
28371,"[50, 60[", Private,152810,High School,9,Married-civ-spouse,Technical, Husband,*,Male,0,0,40,North America,>50K
28372,"[50, 60[", Private,319122,Undergraduate,13,Never-married,Nontechnical, Not-in-family,*,Male,0,0,40,North America,<=50K
28373,"[20, 30[", Private,212304,High School,9,Never-married,Technical, Unmarried,*,Male,0,0,40,North America,<=50K
28374,"[50, 60[", Private,208321,High School,9,Married-civ-spouse,Other, Husband,*,Male,0,1740,40,North America,<=50K
28375,"[30, 40[", Private,240841,Undergraduate,10,Never-married,Other, Not-in-family,*,Female,0,0,25,North America,<=50K
28376,"[40, 50[", Private,208978,High School,9,Divorced,Other, Unmarried,*,Female,0,0,16,North America,<=50K
28377,"[20, 30[", Local-gov,442359,Undergraduate,13,Never-married,Technical, Not-in-family,*,Female,0,1092,40,North America,<=50K
28378,"[20, 30[", Private,198197,Undergraduate,13,Never-married,Technical, Not-in-family,*,Male,0,0,55,North America,>50K
28379,"[40, 50[", Private,261059,Graduate,14,Married-civ-spouse,Technical, Husband,*,Male,0,1977,50,North America,>50K
28380,"[40, 50[", Private,72791,Undergraduate,10,Never-married,Technical, Own-child,*,Male,0,0,40,North America,<=50K
28381,"[20, 30[", Private,275395,High School,9,Married-civ-spouse,Technical, Husband,*,Male,0,0,50,North America,<=50K
28382,"[20, 30[", ?,195767,High School,9,Never-married,Other, Own-child,*,Male,0,0,40,North America,<=50K
28383,"[50, 60[", Private,462966,High School,6,Married-civ-spouse,Other, Husband,*,Male,0,0,8,North America,<=50K
28384,"[20, 30[", ?,265434,Undergraduate,13,Never-married,Other, Not-in-family,*,Female,0,0,40,North America,<=50K
28385,"[30, 40[", Private,31269,High School,9,Married-civ-spouse,Nontechnical, Husband,*,Male,0,0,40,North America,<=50K
28386,"[30, 40[", Local-gov,246291,Undergraduate,13,Never-married,Technical, Not-in-family,*,Female,0,0,46,North America,<=50K
28387,"[50, 60[", Federal-gov,128378,Undergraduate,13,Divorced,Nontechnical, Not-in-family,*,Male,0,0,40,North America,<=50K
28388,"[30, 40[", Local-gov,231180,High School,9,Married-civ-spouse,Other, Husband,*,Male,0,0,45,North America,<=50K
28389,"[30, 40[", Local-gov,206297,High School,9,Married-civ-spouse,Other, Husband,*,Male,0,0,40,North America,>50K
28390,"[40, 50[", Self-emp-inc,337050,Undergraduate,10,Married-civ-spouse,Other, Husband,*,Male,0,0,40,North America,<=50K
28391,"[40, 50[", Private,193075,High School,9,Divorced,Nontechnical, Own-child,*,Female,0,0,20,North America,<=50K
28392,"[30, 40[", Local-gov,169652,Professional Education,11,Never-married,Other, Own-child,*,Male,0,1669,55,North America,<=50K
28393,"[30, 40[", Private,35945,Undergraduate,13,Married-civ-spouse,Nontechnical, Husband,*,Male,0,0,40,North America,>50K
28394,"[20, 30[", ?,141453,Undergraduate,10,Never-married,Other, Own-child,*,Female,0,0,10,North America,<=50K
28396,"[30, 40[", Private,128016,Undergraduate,13,Never-married,Nontechnical, Not-in-family,*,Female,0,0,55,North America,<=50K
28397,"[30, 40[", Private,150057,Undergraduate,10,Married-civ-spouse,Technical, Husband,*,Male,0,0,55,North America,>50K
28398,"[20, 30[", Private,258276,Undergraduate,10,Never-married,Nontechnical, Not-in-family,*,Male,0,0,40,North America,<=50K
28399,"[40, 50[", Private,188465,High School,9,Divorced,Other, Not-in-family,*,Female,0,0,35,North America,<=50K
28400,"[20, 30[", Self-emp-inc,161007,High School,9,Married-civ-spouse,Nontechnical, Husband,*,Male,0,0,40,North America,<=50K
28401,"[30, 40[", Private,403468,High School,9,Married-civ-spouse,Technical, Wife,*,Female,0,0,40,North America,<=50K
28402,"[50, 60[", Federal-gov,181677,Undergraduate,10,Divorced,Nontechnical, Not-in-family,*,Male,0,0,40,North America,<=50K
28403,"[10, 20[", Private,120243,High School,7,Never-married,Other, Own-child,*,Male,0,0,10,North America,<=50K
28404,"[40, 50[", Private,157025,High School,9,Never-married,Technical, Unmarried,*,Male,0,0,40,North America,<=50K
28405,"[20, 30[", Private,306908,Undergraduate,13,Married-civ-spouse,Technical, Husband,*,Male,0,0,50,North America,<=50K
28406,"[60, 70[", Self-emp-not-inc,28061,High School,4,Widowed,Other, Unmarried,*,Male,0,0,50,North America,<=50K
28407,"[50, 60[", Private,95540,Undergraduate,10,Divorced,Other, Unmarried,*,Female,1471,0,40,North America,<=50K
28408,"[20, 30[", Private,135001,High School,9,Married-civ-spouse,Technical, Husband,*,Male,0,0,40,North America,<=50K
28409,"[20, 30[", Private,293398,High School,9,Separated,Nontechnical, Unmarried,*,Female,0,0,40,North America,<=50K
28410,"[20, 30[", Private,185106,High School,9,Never-married,Nontechnical, Own-child,*,Male,0,0,40,North America,<=50K
28411,"[20, 30[", Self-emp-not-inc,245790,High School,6,Divorced,Technical, Not-in-family,*,Male,0,0,80,North America,<=50K
28412,"[20, 30[", Private,134004,Undergraduate,10,Married-civ-spouse,Nontechnical, Wife,*,Female,0,0,40,North America,<=50K
28413,"[20, 30[", Private,205036,High School,9,Never-married,Nontechnical, Not-in-family,*,Male,0,0,42,North America,<=50K
28414,"[20, 30[", Private,244495,High School,5,Never-married,Other, Not-in-family,*,Male,0,0,35,North America,<=50K
28415,"[30, 40[", Private,159179,High School,9,Married-civ-spouse,Technical, Husband,*,Male,0,0,40,North America,<=50K
28416,"[30, 40[", Private,405155,Primary School,3,Married-civ-spouse,Technical, Husband,*,Male,0,0,40,North America,<=50K
28417,"[30, 40[", Private,177437,Undergraduate,10,Married-civ-spouse,Technical, Husband,*,Male,15024,0,45,North America,>50K
28418,"[30, 40[", Federal-gov,402361,High School,9,Never-married,Other, Not-in-family,*,Male,0,0,40,North America,<=50K
28419,"[50, 60[", Self-emp-not-inc,184553,High School,9,Married-civ-spouse,Technical, Husband,*,Male,0,0,50,North America,>50K
28420,"[30, 40[", Private,302626,Undergraduate,10,Divorced,Other, Unmarried,*,Female,0,0,40,North America,<=50K
28421,"[30, 40[", Private,99138,Undergraduate,13,Never-married,Nontechnical, Not-in-family,*,Female,0,0,38,North America,<=50K
28422,"[30, 40[", Private,112731,High School,9,Divorced,Other, Not-in-family,*,Female,0,0,40,North America,<=50K
28423,"[30, 40[", Private,192923,High School,9,Married-civ-spouse,Technical, Husband,*,Male,0,2377,40,North America,<=50K
28424,"[10, 20[", Private,761006,High School,7,Never-married,Other, Own-child,*,Female,0,0,20,North America,<=50K
28425,"[70, 80[", ?,125784,Undergraduate,10,Married-civ-spouse,Other, Husband,*,Male,0,0,8,North America,<=50K
28426,"[20, 30[", Private,182344,High School,9,Never-married,Other, Not-in-family,*,Male,0,0,40,North America,<=50K
28427,"[40, 50[", Self-emp-not-inc,117012,Graduate,14,Never-married,Nontechnical, Not-in-family,*,Female,0,0,55,North America,<=50K
28428,"[30, 40[", Federal-gov,30673,High School,5,Married-civ-spouse,Technical, Husband,*,Male,0,0,40,North America,>50K
28429,"[30, 40[", Federal-gov,484669,Undergraduate,10,Never-married,Technical, Not-in-family,*,Male,0,0,40,North America,<=50K
28430,"[30, 40[", State-gov,314052,High School,9,Divorced,Other, Not-in-family,*,Female,0,0,38,North America,<=50K
28432,"[20, 30[", Private,165412,High School,9,Married-civ-spouse,Technical, Husband,*,Male,0,0,40,North America,<=50K
28433,"[40, 50[", Private,198341,Graduate,14,Married-civ-spouse,Technical, Husband,*,Male,0,1902,55,Asia,>50K
28434,"[40, 50[", Private,116635,Undergraduate,13,Separated,Technical, Unmarried,*,Female,0,0,36,North America,<=50K
28435,"[20, 30[", Private,185452,High School,9,Never-married,Other, Own-child,*,Female,0,0,40,North America,<=50K
28436,"[40, 50[", Private,118686,Undergraduate,10,Divorced,Technical, Unmarried,*,Female,0,0,20,North America,<=50K
28437,"[60, 70[", Private,76939,High School,9,Widowed,Nontechnical, Not-in-family,*,Female,0,0,40,North America,<=50K
28438,"[40, 50[", Federal-gov,160646,Professional Education,11,Married-civ-spouse,Other, Wife,*,Female,0,0,35,North America,<=50K
28440,"[20, 30[", Private,211049,Undergraduate,10,Never-married,Nontechnical, Own-child,*,Female,0,0,30,North America,<=50K
28442,"[30, 40[", Private,283602,Primary School,3,Married-civ-spouse,Other, Husband,*,Male,0,0,59,North America,<=50K
28443,"[10, 20[", Private,155021,High School,7,Never-married,Other, Own-child,*,Female,0,0,6,North America,<=50K
28444,"[50, 60[", Self-emp-not-inc,100569,High School,9,Separated,Other, Unmarried,*,Female,0,0,55,North America,<=50K
28445,"[60, 70[", Private,380462,High School,4,Married-civ-spouse,Other, Husband,*,Male,0,0,40,North America,<=50K
28446,"[60, 70[", Federal-gov,221943,Undergraduate,10,Married-civ-spouse,Other, Husband,*,Male,9386,0,40,North America,>50K
28447,"[30, 40[", Private,114544,Undergraduate,13,Divorced,Nontechnical, Not-in-family,*,Male,0,0,45,North America,>50K
28448,"[30, 40[", Private,248584,Undergraduate,10,Married-civ-spouse,Technical, Husband,*,Male,0,0,40,North America,<=50K
28449,"[60, 70[", Private,227468,High School,9,Divorced,Other, Unmarried,*,Female,0,0,40,North America,<=50K
28450,"[30, 40[", Private,66173,Professional Education,12,Married-civ-spouse,Nontechnical, Wife,*,Female,0,0,15,North America,<=50K
28451,"[30, 40[", Private,107624,Undergraduate,10,Married-civ-spouse,Technical, Husband,*,Male,0,0,50,North America,<=50K
28452,"[50, 60[", Private,70387,Graduate,14,Married-civ-spouse,Technical, Husband,*,Male,4386,0,40,Asia,>50K
28453,"[30, 40[", Private,423616,Professional Education,11,Married-civ-spouse,Technical, Wife,*,Female,0,0,36,North America,>50K
28454,"[40, 50[", Private,98637,Undergraduate,13,Married-civ-spouse,Nontechnical, Husband,*,Male,7298,0,50,North America,>50K
28455,"[20, 30[", Local-gov,216013,High School,9,Married-civ-spouse,Nontechnical, Husband,*,Male,0,0,40,North America,<=50K
28457,"[60, 70[", Local-gov,255711,Undergraduate,13,Widowed,Technical, Unmarried,*,Female,0,0,60,North America,>50K
28458,"[20, 30[", Private,77581,Undergraduate,13,Never-married,Nontechnical, Own-child,*,Male,0,0,40,North America,<=50K
28459,"[20, 30[", Private,152461,Undergraduate,13,Never-married,Technical, Unmarried,*,Female,14344,0,50,North America,>50K
28460,"[20, 30[", Private,203263,High School,9,Never-married,Technical, Own-child,*,Male,0,0,50,North America,<=50K
28461,"[20, 30[", Private,261519,High School,9,Never-married,Nontechnical, Own-child,*,Male,0,0,35,North America,<=50K
28462,"[20, 30[", Private,91189,Undergraduate,13,Married-civ-spouse,Technical, Husband,*,Male,0,0,48,North America,<=50K
28464,"[30, 40[", Local-gov,272471,High School,9,Divorced,Other, Unmarried,*,Female,0,0,40,North America,<=50K
28465,"[30, 40[", Private,311524,High School,9,Never-married,Technical, Own-child,*,Male,0,0,38,North America,<=50K
28467,"[30, 40[", Private,187625,Undergraduate,10,Never-married,Other, Not-in-family,*,Female,0,0,65,North America,<=50K
28468,"[50, 60[", Private,108933,High School,5,Married-civ-spouse,Technical, Husband,*,Male,2885,0,40,North America,<=50K
28469,"[50, 60[", Private,135388,High School,9,Married-civ-spouse,Technical, Husband,*,Male,5178,0,40,North America,>50K
28470,"[40, 50[", Private,169383,Undergraduate,13,Married-civ-spouse,Nontechnical, Husband,*,Male,0,0,45,North America,>50K
28471,"[20, 30[", Self-emp-inc,191129,High School,9,Never-married,Nontechnical, Not-in-family,*,Male,0,0,65,North America,>50K
28472,"[50, 60[", Private,467611,High School,5,Married-civ-spouse,Other, Husband,*,Male,0,0,40,North America,<=50K
28473,"[30, 40[", Private,373185,Undergraduate,10,Never-married,Technical, Unmarried,*,Male,0,0,42,North America,<=50K
28475,"[50, 60[", Private,199934,Undergraduate,13,Married-civ-spouse,Nontechnical, Husband,*,Male,0,0,40,North America,>50K
28476,"[70, 80[", ?,116165,Undergraduate,10,Widowed,Other, Not-in-family,*,Female,0,0,14,North America,<=50K
28477,"[20, 30[", Private,42881,High School,6,Divorced,Technical, Own-child,*,Female,0,0,40,North America,<=50K
28478,"[20, 30[", ?,174666,High School,6,Separated,Other, Not-in-family,*,Male,0,0,80,North America,<=50K
28479,"[20, 30[", Private,169759,High School,9,Never-married,Nontechnical, Own-child,*,Male,0,0,95,North America,<=50K
28481,"[50, 60[", Private,95704,High School,5,Married-civ-spouse,Nontechnical, Husband,*,Male,0,0,40,North America,<=50K
28484,"[30, 40[", Private,159979,Undergraduate,10,Never-married,Nontechnical, Not-in-family,*,Female,0,0,50,North America,<=50K
28485,"[30, 40[", Private,203488,High School,9,Never-married,Technical, Own-child,*,Male,0,0,50,North America,<=50K
28486,"[20, 30[", Private,403671,High School,9,Married-civ-spouse,Technical, Husband,*,Male,0,0,60,North America,<=50K
28488,"[30, 40[", Private,167832,High School,9,Married-civ-spouse,Technical, Husband,*,Male,0,0,40,North America,<=50K
28489,"[50, 60[", Private,145166,Undergraduate,13,Married-civ-spouse,Nontechnical, Husband,*,Male,15024,0,55,North America,>50K
28490,"[40, 50[", State-gov,155657,High School,9,Divorced,Other, Not-in-family,*,Female,0,0,25,North America,<=50K
28491,"[40, 50[", Private,116789,High School,9,Married-civ-spouse,Other, Husband,*,Male,0,0,40,North America,<=50K
28492,"[20, 30[", Private,39234,High School,9,Never-married,Other, Own-child,*,Male,0,0,30,North America,<=50K
28493,"[20, 30[", Private,124111,Undergraduate,13,Never-married,Other, Own-child,*,Female,0,0,40,North America,<=50K
28494,"[40, 50[", Private,172828,High School,5,Married-civ-spouse,Other, Husband,*,Male,0,0,55,North America,<=50K
28495,"[50, 60[", Private,143372,High School,9,Divorced,Nontechnical, Unmarried,*,Female,0,0,40,North America,<=50K
28496,"[30, 40[", Self-emp-not-inc,265807,Professional Education,11,Married-civ-spouse,Nontechnical, Husband,*,Male,3137,0,50,North America,<=50K
28497,"[20, 30[", State-gov,218184,Undergraduate,13,Never-married,Other, Not-in-family,*,Female,0,0,40,North America,<=50K
28498,"[30, 40[", Private,154087,High School,9,Married-civ-spouse,Nontechnical, Husband,*,Male,0,0,40,North America,<=50K
28499,"[20, 30[", Federal-gov,440647,Undergraduate,10,Never-married,Other, Other-relative,*,Male,0,0,40,North America,<=50K
28501,"[50, 60[", Private,125932,High School,4,Widowed,Other, Not-in-family,*,Female,0,0,40,North America,<=50K
28502,"[10, 20[", Private,284652,Undergraduate,10,Never-married,Other, Own-child,*,Female,0,0,15,North America,<=50K
28503,"[20, 30[", ?,214635,Undergraduate,10,Never-married,Other, Own-child,*,Male,0,0,24,North America,<=50K
28504,"[40, 50[", Private,173316,Professional Education,12,Divorced,Technical, Not-in-family,*,Male,0,0,40,North America,<=50K
28506,"[40, 50[", Self-emp-inc,45054,Undergraduate,10,Married-civ-spouse,Other, Husband,*,Male,0,0,40,North America,>50K
28508,"[30, 40[", Private,117381,Undergraduate,13,Divorced,Nontechnical, Not-in-family,*,Male,0,0,40,North America,<=50K
28509,"[30, 40[", Private,258666,Professional Education,11,Never-married,Technical, Not-in-family,*,Female,0,1974,40,North America,<=50K
28510,"[30, 40[", Private,179668,Undergraduate,10,Married-civ-spouse,Technical, Husband,*,Male,0,0,40,North America,>50K
28511,"[50, 60[", Private,127277,Graduate,16,Married-civ-spouse,Technical, Husband,*,Male,0,0,40,Asia,>50K
28512,"[20, 30[", Private,192022,Undergraduate,13,Never-married,Other, Other-relative,*,Female,0,0,40,North America,<=50K
28513,"[50, 60[", Self-emp-not-inc,99551,Undergraduate,13,Widowed,Nontechnical, Unmarried,*,Female,0,0,15,North America,<=50K
28515,"[30, 40[", Private,287658,Professional Education,12,Never-married,Other, Not-in-family,*,Male,0,0,30,North America,<=50K
28516,"[30, 40[", Private,196125,High School,9,Married-civ-spouse,Nontechnical, Husband,*,Male,0,0,40,North America,<=50K
28517,"[10, 20[", Private,275051,High School,7,Never-married,Other, Own-child,*,Female,0,0,8,North America,<=50K
28518,"[30, 40[", Private,23892,High School,9,Married-civ-spouse,Technical, Wife,*,Female,0,0,40,North America,<=50K
28519,"[30, 40[", Federal-gov,376455,Professional Education,15,Married-civ-spouse,Technical, Husband,*,Male,0,1887,50,North America,>50K
28520,"[20, 30[", Private,267989,High School,9,Married-civ-spouse,Technical, Husband,*,Male,0,0,45,North America,<=50K
28521,"[30, 40[", Private,30269,Professional Education,11,Divorced,Nontechnical, Unmarried,*,Female,0,0,40,North America,<=50K
28522,"[40, 50[", Private,204235,Undergraduate,10,Married-civ-spouse,Technical, Husband,*,Male,0,0,40,North America,>50K
28523,"[40, 50[", Local-gov,209057,Graduate,14,Married-civ-spouse,Nontechnical, Husband,*,Male,0,0,50,North America,>50K
28524,"[70, 80[", Private,349347,High School,4,Married-civ-spouse,Nontechnical, Husband,*,Male,0,0,25,North America,<=50K
28525,"[40, 50[", Local-gov,154033,Undergraduate,10,Divorced,Technical, Not-in-family,*,Female,0,1876,40,North America,<=50K
28526,"[20, 30[", Private,124680,High School,9,Never-married,Nontechnical, Unmarried,*,Female,0,0,70,North America,<=50K
28527,"[20, 30[", Private,132805,High School,6,Never-married,Nontechnical, Other-relative,*,Male,0,1980,40,North America,<=50K
28528,"[30, 40[", Private,99233,Professional Education,15,Never-married,Nontechnical, Not-in-family,*,Male,0,0,40,North America,>50K
28529,"[10, 20[", Private,224849,High School,9,Never-married,Nontechnical, Not-in-family,*,Male,0,0,35,North America,<=50K
28531,"[20, 30[", Private,184839,Undergraduate,10,Never-married,Technical, Not-in-family,*,Male,0,0,40,North America,<=50K
28532,"[50, 60[", Private,302847,High School,7,Married-civ-spouse,Technical, Husband,*,Male,0,0,40,North America,<=50K
28533,"[30, 40[", Private,181322,Undergraduate,13,Divorced,Nontechnical, Not-in-family,*,Female,0,0,45,North America,<=50K
28534,"[20, 30[", Local-gov,192213,Graduate,14,Never-married,Technical, Not-in-family,*,Female,0,0,40,North America,<=50K
28535,"[20, 30[", State-gov,37250,Undergraduate,13,Never-married,Technical, Own-child,*,Male,0,0,16,North America,<=50K
28536,"[30, 40[", Self-emp-inc,140854,Undergraduate,13,Married-civ-spouse,Technical, Husband,*,Male,0,0,50,North America,>50K
28537,"[40, 50[", Private,158286,Graduate,14,Married-civ-spouse,Nontechnical, Husband,*,Male,0,0,50,North America,>50K
28538,"[50, 60[", Private,269095,Undergraduate,13,Divorced,Nontechnical, Unmarried,*,Female,0,0,40,North America,>50K
28539,"[20, 30[", Private,279960,High School,9,Married-civ-spouse,Nontechnical, Husband,*,Male,0,0,40,North America,<=50K
28541,"[30, 40[", Private,115360,High School,6,Married-civ-spouse,Technical, Own-child,*,Female,3464,0,40,North America,<=50K
28542,"[40, 50[", Private,337666,High School,9,Divorced,Technical, Not-in-family,*,Male,0,0,40,North America,<=50K
28543,"[60, 70[", ?,255276,Undergraduate,10,Married-civ-spouse,Other, Husband,*,Male,0,0,48,North America,>50K
28544,"[60, 70[", Private,145212,High School,9,Divorced,Nontechnical, Not-in-family,*,Female,0,0,40,North America,<=50K
28545,"[30, 40[", Private,185099,High School,9,Married-civ-spouse,Other, Husband,*,Male,0,0,70,North America,>50K
28546,"[40, 50[", Private,142756,Undergraduate,10,Divorced,Other, Unmarried,*,Female,0,0,35,North America,<=50K
28547,"[20, 30[", Private,156300,Graduate,14,Never-married,Nontechnical, Not-in-family,*,Female,0,0,45,North America,<=50K
28548,"[60, 70[", ?,186266,High School,9,Married-civ-spouse,Other, Wife,*,Female,0,0,8,North America,<=50K
28549,"[30, 40[", Private,219137,High School,9,Married-civ-spouse,Other, Wife,*,Female,0,0,22,North America,<=50K
28550,"[40, 50[", Private,110970,Undergraduate,13,Married-civ-spouse,Technical, Husband,*,Male,0,1902,40,North America,>50K
28551,"[40, 50[", Private,203067,Undergraduate,10,Married-civ-spouse,Technical, Husband,*,Male,0,0,40,North America,>50K
28552,"[50, 60[", Private,148844,High School,9,Divorced,Technical, Not-in-family,*,Female,0,0,40,North America,<=50K
28553,"[20, 30[", Private,154941,Undergraduate,13,Married-civ-spouse,Nontechnical, Husband,*,Male,0,0,40,North America,>50K
28554,"[20, 30[", Private,124111,Professional Education,12,Never-married,Technical, Not-in-family,*,Female,0,0,36,North America,<=50K
28555,"[50, 60[", Private,157303,Undergraduate,10,Divorced,Technical, Not-in-family,*,Female,0,0,48,North America,<=50K
28556,"[30, 40[", Private,113838,Undergraduate,10,Married-civ-spouse,Technical, Husband,*,Male,0,0,45,North America,<=50K
28557,"[30, 40[", Private,165737,Graduate,14,Married-civ-spouse,Technical, Husband,*,Male,0,0,43,Asia,>50K
28558,"[60, 70[", Private,140849,High School,9,Widowed,Other, Not-in-family,*,Female,0,0,24,North America,<=50K
28559,"[40, 50[", Private,200363,Professional Education,11,Divorced,Nontechnical, Not-in-family,*,Female,0,0,44,North America,<=50K
28560,"[60, 70[", Private,180247,High School,4,Married-civ-spouse,Technical, Husband,*,Male,0,0,40,North America,<=50K
28561,"[50, 60[", Private,82578,Graduate,14,Married-civ-spouse,Technical, Husband,*,Male,0,0,38,North America,>50K
28562,"[30, 40[", Private,227146,Undergraduate,13,Married-civ-spouse,Nontechnical, Husband,*,Male,0,0,55,North America,>50K
28563,"[40, 50[", Self-emp-inc,348886,Undergraduate,13,Married-civ-spouse,Nontechnical, Husband,*,Male,0,0,45,North America,>50K
28564,"[60, 70[", Private,90907,Primary School,3,Married-civ-spouse,Other, Husband,*,Male,0,0,40,North America,<=50K
28565,"[20, 30[", Private,142766,Undergraduate,10,Never-married,Other, Not-in-family,*,Male,0,0,20,North America,<=50K
28566,"[30, 40[", Private,246439,Undergraduate,10,Married-civ-spouse,Technical, Husband,*,Male,0,0,45,North America,<=50K
28567,"[30, 40[", Private,184784,High School,6,Divorced,Technical, Not-in-family,*,Female,0,0,40,North America,<=50K
28568,"[10, 20[", Local-gov,195262,High School,7,Never-married,Technical, Own-child,*,Male,0,0,35,North America,<=50K
28569,"[60, 70[", Private,167967,Graduate,14,Married-civ-spouse,Nontechnical, Husband,*,Male,0,0,46,North America,<=50K
28570,"[40, 50[", Private,145636,High School,9,Married-civ-spouse,Technical, Husband,*,Male,0,0,60,North America,>50K
28571,"[40, 50[", Local-gov,170099,Professional Education,12,Married-civ-spouse,Nontechnical, Husband,*,Male,0,0,40,North America,<=50K
28572,"[10, 20[", Private,228253,High School,6,Never-married,Nontechnical, Own-child,*,Male,0,0,10,North America,<=50K
28573,"[20, 30[", Local-gov,205570,High School,9,Married-civ-spouse,Technical, Husband,*,Male,0,0,40,North America,<=50K
28574,"[30, 40[", Federal-gov,506830,Undergraduate,10,Divorced,Technical, Unmarried,*,Female,0,0,40,North America,<=50K
28575,"[20, 30[", Private,412435,High School,9,Married-civ-spouse,Nontechnical, Wife,*,Female,0,0,40,North America,<=50K
28576,"[40, 50[", Private,163331,Undergraduate,10,Widowed,Other, Unmarried,*,Female,0,0,32,North America,<=50K
28577,"[40, 50[", Federal-gov,222756,Graduate,14,Married-civ-spouse,Technical, Husband,*,Male,0,0,40,North America,<=50K
28578,"[30, 40[", State-gov,318918,Undergraduate,13,Married-civ-spouse,Nontechnical, Husband,*,Male,0,0,40,North America,<=50K
28579,"[40, 50[", Private,105188,High School,9,Never-married,Other, Not-in-family,*,Male,0,0,40,North America,<=50K
28580,"[20, 30[", Private,199884,High School,9,Never-married,Other, Unmarried,*,Female,0,0,45,North America,<=50K
28581,"[10, 20[", Private,96483,High School,9,Never-married,Other, Own-child,*,Female,0,0,40,North America,<=50K
28582,"[40, 50[", Self-emp-not-inc,192203,High School,5,Married-civ-spouse,Technical, Husband,*,Male,0,0,40,North America,<=50K
28583,"[50, 60[", Private,203392,Undergraduate,10,Married-civ-spouse,Technical, Husband,*,Male,5013,0,40,North America,<=50K
28584,"[30, 40[", Private,99646,High School,9,Married-civ-spouse,Other, Husband,*,Male,0,0,50,North America,<=50K
28585,"[30, 40[", Private,167440,Undergraduate,13,Married-civ-spouse,Other, Husband,*,Male,4508,0,40,North America,<=50K
28586,"[20, 30[", ?,210095,Primary School,3,Never-married,Other, Unmarried,*,Female,0,0,25,North America,<=50K
28587,"[40, 50[", Private,219591,Undergraduate,10,Divorced,Nontechnical, Own-child,*,Male,0,0,40,North America,<=50K
28588,"[60, 70[", Private,30270,High School,4,Married-civ-spouse,Nontechnical, Husband,*,Male,0,0,40,North America,<=50K
28591,"[30, 40[", Private,330715,Undergraduate,10,Married-civ-spouse,Technical, Husband,*,Male,0,0,40,North America,<=50K
28592,"[20, 30[", Self-emp-not-inc,35448,High School,9,Separated,Other, Unmarried,*,Female,0,0,50,North America,<=50K
28593,"[50, 60[", State-gov,172970,High School,9,Married-civ-spouse,Other, Husband,*,Male,0,0,40,North America,<=50K
28594,"[20, 30[", Self-emp-inc,189502,Undergraduate,13,Married-civ-spouse,Nontechnical, Husband,*,Male,0,0,80,North America,>50K
28595,"[30, 40[", Private,61518,High School,9,Married-civ-spouse,Nontechnical, Husband,*,Male,0,0,35,North America,<=50K
28596,"[30, 40[", Private,574005,Undergraduate,13,Married-civ-spouse,Technical, Husband,*,Male,0,0,44,North America,>50K
28597,"[20, 30[", Private,281356,Primary School,2,Never-married,Other, Not-in-family,*,Male,0,0,66,North America,<=50K
28598,"[40, 50[", Private,138975,High School,9,Married-civ-spouse,Technical, Husband,*,Male,0,0,56,North America,<=50K
28599,"[30, 40[", Private,176969,Undergraduate,13,Never-married,Nontechnical, Not-in-family,*,Male,0,0,55,North America,<=50K
28601,"[40, 50[", Private,194924,High School,9,Married-civ-spouse,Nontechnical, Husband,*,Male,0,0,35,North America,>50K
28602,"[40, 50[", Private,478205,Undergraduate,13,Never-married,Technical, Other-relative,*,Female,0,0,40,North America,<=50K
28603,"[70, 80[", ?,128224,Primary School,3,Married-civ-spouse,Other, Husband,*,Male,0,0,25,North America,<=50K
28604,"[50, 60[", Local-gov,30118,Undergraduate,10,Married-civ-spouse,Other, Husband,*,Male,3137,0,42,North America,<=50K
28605,"[50, 60[", Self-emp-not-inc,290688,Primary School,3,Married-civ-spouse,Technical, Husband,*,Male,0,0,40,North America,<=50K
28606,"[30, 40[", State-gov,85566,Undergraduate,13,Married-civ-spouse,Technical, Husband,*,Male,0,0,40,North America,<=50K
28607,"[40, 50[", Private,121874,Professional Education,12,Married-civ-spouse,Nontechnical, Husband,*,Male,7688,0,50,North America,>50K
28608,"[40, 50[", Self-emp-not-inc,29036,Undergraduate,10,Never-married,Technical, Not-in-family,*,Male,0,0,35,North America,<=50K
28609,"[30, 40[", Private,348152,High School,9,Married-civ-spouse,Technical, Husband,*,Male,0,0,40,North America,<=50K
28610,"[30, 40[", Local-gov,73715,Undergraduate,10,Married-civ-spouse,Other, Husband,*,Male,0,0,60,North America,>50K
28612,"[30, 40[", Private,236359,Undergraduate,10,Divorced,Other, Not-in-family,*,Female,0,0,37,North America,<=50K
28613,"[30, 40[", Private,19899,High School,9,Married-civ-spouse,Technical, Husband,*,Male,15024,0,45,North America,>50K
28614,"[10, 20[", Private,138760,High School,9,Never-married,Technical, Own-child,*,Male,0,0,40,North America,<=50K
28615,"[40, 50[", Local-gov,354962,High School,9,Married-civ-spouse,Technical, Husband,*,Male,0,0,40,North America,<=50K
28616,"[40, 50[", Private,181363,Professional Education,12,Married-civ-spouse,Nontechnical, Husband,*,Male,0,0,40,North America,>50K
28617,"[30, 40[", Private,393360,Undergraduate,10,Never-married,Other, Own-child,*,Male,0,0,30,North America,<=50K
28619,"[30, 40[", Private,110013,Undergraduate,10,Divorced,Other, Unmarried,*,Female,0,0,43,North America,<=50K
28620,"[20, 30[", Private,193304,High School,9,Married-civ-spouse,Technical, Husband,*,Male,0,0,40,North America,<=50K
28621,"[30, 40[", Private,118551,Undergraduate,13,Never-married,Other, Not-in-family,*,Female,0,0,35,North America,<=50K
28622,"[50, 60[", Private,201991,Undergraduate,13,Married-civ-spouse,Technical, Husband,*,Male,0,0,40,North America,<=50K
28623,"[30, 40[", Private,157446,High School,7,Never-married,Technical, Not-in-family,*,Male,0,0,65,North America,<=50K
28624,"[20, 30[", Local-gov,283217,Undergraduate,10,Never-married,Other, Own-child,*,Male,0,0,40,North America,<=50K
28625,"[20, 30[", Private,247794,High School,9,Never-married,Nontechnical, Not-in-family,*,Female,0,0,84,North America,<=50K
28626,"[30, 40[", Private,43712,Undergraduate,13,Married-civ-spouse,Technical, Husband,*,Male,7298,0,60,North America,>50K
28627,"[60, 70[", Private,35649,Undergraduate,10,Married-civ-spouse,Other, Husband,*,Male,0,0,6,North America,<=50K
28629,"[60, 70[", ?,71467,High School,9,Married-civ-spouse,Other, Husband,*,Male,3103,0,40,North America,>50K
28630,"[10, 20[", Private,271837,Undergraduate,10,Never-married,Technical, Own-child,*,Male,0,0,16,North America,<=50K
28631,"[40, 50[", Private,400061,Undergraduate,10,Married-civ-spouse,Technical, Husband,*,Male,0,0,40,North America,>50K
28632,"[10, 20[", Private,62972,High School,7,Never-married,Other, Own-child,*,Male,0,0,16,North America,<=50K
28633,"[20, 30[", Private,174907,Professional Education,12,Never-married,Nontechnical, Own-child,*,Female,0,0,32,North America,<=50K
28635,"[40, 50[", Private,268358,High School,7,Separated,Technical, Not-in-family,*,Female,0,0,40,North America,<=50K
28636,"[50, 60[", Federal-gov,176904,High School,9,Married-civ-spouse,Nontechnical, Husband,*,Male,0,0,40,North America,<=50K
28637,"[20, 30[", Private,176683,Professional Education,12,Never-married,Nontechnical, Not-in-family,*,Male,0,0,52,North America,<=50K
28638,"[30, 40[", Private,98077,High School,9,Married-civ-spouse,Other, Husband,*,Male,0,0,42,North America,<=50K
28639,"[30, 40[", Private,266461,High School,9,Never-married,Other, Own-child,*,Male,0,0,48,North America,<=50K
28640,"[50, 60[", Private,312477,Undergraduate,10,Married-civ-spouse,Other, Husband,*,Male,3908,0,40,North America,<=50K
28641,"[20, 30[", Private,604045,Undergraduate,13,Never-married,Nontechnical, Not-in-family,*,Male,0,0,40,North America,<=50K
28642,"[30, 40[", Local-gov,131568,Undergraduate,13,Married-civ-spouse,Technical, Husband,*,Male,0,0,40,North America,>50K
28643,"[40, 50[", Private,97688,High School,9,Divorced,Nontechnical, Not-in-family,*,Male,0,0,47,North America,<=50K
28644,"[20, 30[", Private,373628,Undergraduate,13,Never-married,Other, Own-child,*,Female,0,0,20,North America,<=50K
28645,"[50, 60[", Private,367984,Professional Education,11,Married-civ-spouse,Nontechnical, Husband,*,Male,15024,0,40,North America,>50K
28646,"[40, 50[", Self-emp-not-inc,193459,Undergraduate,10,Married-civ-spouse,Technical, Husband,*,Male,0,0,50,North America,<=50K
28647,"[40, 50[", Private,250733,High School,9,Married-civ-spouse,Technical, Husband,*,Male,0,0,46,North America,<=50K
28648,"[40, 50[", Federal-gov,199725,Professional Education,11,Divorced,Technical, Not-in-family,*,Female,0,0,60,North America,<=50K
28650,"[30, 40[", Private,122076,Undergraduate,10,Married-civ-spouse,Other, Husband,*,Male,7298,0,43,North America,>50K
28652,"[50, 60[", Self-emp-not-inc,42402,Professional Education,15,Married-civ-spouse,Technical, Husband,*,Male,0,2415,30,North America,>50K
28653,"[20, 30[", Private,315974,Undergraduate,10,Never-married,Nontechnical, Not-in-family,*,Female,0,0,40,North America,<=50K
28655,"[20, 30[", Private,160786,High School,9,Divorced,Other, Not-in-family,*,Male,0,0,30,North America,<=50K
28656,"[30, 40[", Private,85374,High School,9,Married-civ-spouse,Technical, Husband,*,Male,0,0,40,North America,<=50K
28657,"[40, 50[", Private,465974,High School,7,Never-married,Other, Own-child,*,Male,0,0,30,North America,<=50K
28658,"[40, 50[", Private,78529,Undergraduate,13,Married-civ-spouse,Nontechnical, Husband,*,Male,0,0,60,North America,>50K
28659,"[30, 40[", State-gov,98037,Professional Education,11,Married-civ-spouse,Other, Husband,*,Male,0,0,40,North America,<=50K
28660,"[20, 30[", Private,178390,High School,9,Never-married,Nontechnical, Own-child,*,Male,0,0,40,North America,<=50K
28661,"[50, 60[", Private,210940,High School,9,Married-civ-spouse,Nontechnical, Husband,*,Male,0,2002,45,North America,<=50K
28662,"[40, 50[", Private,64506,Undergraduate,10,Divorced,Other, Not-in-family,*,Male,0,0,30,North America,<=50K
28664,"[20, 30[", Private,234460,High School,5,Never-married,Technical, Own-child,*,Female,0,0,40,North America,<=50K
28665,"[20, 30[", Private,176760,Professional Education,15,Never-married,Technical, Not-in-family,*,Male,0,0,55,North America,<=50K
28666,"[40, 50[", State-gov,59460,Undergraduate,10,Divorced,Other, Unmarried,*,Female,0,0,38,North America,<=50K
28667,"[10, 20[", Private,234428,High School,7,Never-married,Other, Own-child,*,Male,0,0,20,North America,<=50K
28668,"[30, 40[", Private,215047,Undergraduate,13,Never-married,Other, Not-in-family,*,Male,0,0,50,North America,<=50K
28671,"[40, 50[", Private,148995,Graduate,14,Married-civ-spouse,Nontechnical, Husband,*,Male,0,0,40,North America,>50K
28672,"[20, 30[", Private,229773,Undergraduate,10,Married-civ-spouse,Technical, Husband,*,Male,0,0,35,North America,<=50K
28673,"[20, 30[", Private,174461,Professional Education,12,Divorced,Other, Not-in-family,*,Female,0,0,22,North America,<=50K
28674,"[20, 30[", Private,250647,Professional Education,11,Married-civ-spouse,Technical, Husband,*,Male,0,0,40,North America,<=50K
28675,"[40, 50[", Local-gov,119904,Undergraduate,13,Married-civ-spouse,Technical, Wife,*,Female,7688,0,30,North America,>50K
28676,"[20, 30[", Self-emp-not-inc,151402,High School,9,Married-civ-spouse,Other, Husband,*,Male,0,1573,70,North America,<=50K
28677,"[30, 40[", Private,184556,Undergraduate,10,Divorced,Technical, Unmarried,*,Female,0,0,40,North America,<=50K
28678,"[30, 40[", Private,263561,Undergraduate,10,Married-civ-spouse,Technical, Husband,*,Male,0,0,60,North America,>50K
28679,"[10, 20[", Private,177945,Undergraduate,10,Never-married,Nontechnical, Own-child,*,Male,0,0,25,North America,<=50K
28680,"[40, 50[", Private,306889,Undergraduate,13,Married-civ-spouse,Nontechnical, Wife,*,Female,0,0,40,North America,>50K
28681,"[50, 60[", Local-gov,54377,Graduate,14,Divorced,Technical, Not-in-family,*,Female,0,0,40,North America,<=50K
28682,"[40, 50[", Private,144351,High School,9,Divorced,Technical, Unmarried,*,Male,0,625,40,North America,<=50K
28684,"[20, 30[", Private,181675,High School,9,Never-married,Other, Not-in-family,*,Male,0,0,40,North America,<=50K
28685,"[30, 40[", Private,172129,High School,5,Married-civ-spouse,Nontechnical, Husband,*,Male,0,0,40,North America,<=50K
28686,"[40, 50[", ?,350759,High School,9,Married-civ-spouse,Other, Husband,*,Male,0,0,40,North America,<=50K
28687,"[50, 60[", Self-emp-not-inc,105592,High School,4,Married-civ-spouse,Other, Husband,*,Male,0,0,40,North America,>50K
28688,"[20, 30[", ?,200061,Undergraduate,10,Never-married,Other, Own-child,*,Female,0,0,40,Unknown,<=50K
28689,"[30, 40[", Self-emp-inc,200689,Undergraduate,13,Divorced,Nontechnical, Unmarried,*,Female,0,0,40,North America,<=50K
28690,"[30, 40[", Private,386726,Graduate,14,Married-civ-spouse,Technical, Wife,*,Female,0,1977,44,North America,>50K
28691,"[20, 30[", Local-gov,135567,Undergraduate,13,Never-married,Other, Not-in-family,*,Female,4101,0,60,North America,<=50K
28692,"[30, 40[", Local-gov,282753,Professional Education,11,Divorced,Nontechnical, Own-child,*,Male,0,0,40,North America,<=50K
28694,"[30, 40[", Self-emp-inc,153976,High School,9,Married-civ-spouse,Nontechnical, Husband,*,Male,0,0,60,North America,<=50K
28695,"[50, 60[", Self-emp-inc,96062,Professional Education,12,Married-civ-spouse,Nontechnical, Husband,*,Male,0,0,60,North America,<=50K
28696,"[30, 40[", Private,152933,Undergraduate,10,Never-married,Nontechnical, Not-in-family,*,Male,0,0,45,North America,<=50K
28698,"[40, 50[", Private,254291,Graduate,14,Married-civ-spouse,Technical, Husband,*,Male,0,0,40,North America,>50K
28699,"[50, 60[", Self-emp-not-inc,101432,High School,9,Married-civ-spouse,Nontechnical, Husband,*,Male,0,0,50,North America,<=50K
28700,"[40, 50[", Private,125776,Professional Education,11,Married-civ-spouse,Other, Husband,*,Male,0,0,40,North America,>50K
28701,"[60, 70[", Self-emp-not-inc,165479,High School,9,Married-civ-spouse,Nontechnical, Husband,*,Male,0,0,5,North America,<=50K
28702,"[40, 50[", Federal-gov,172307,High School,9,Married-civ-spouse,Other, Husband,*,Male,0,0,48,North America,>50K
28703,"[20, 30[", Private,176729,High School,9,Married-civ-spouse,Technical, Husband,*,Male,0,0,40,North America,>50K
28704,"[60, 70[", Private,174276,Undergraduate,10,Widowed,Nontechnical, Unmarried,*,Female,0,0,50,North America,>50K
28706,"[40, 50[", Self-emp-not-inc,79531,Undergraduate,10,Married-civ-spouse,Nontechnical, Husband,*,Male,0,0,55,North America,>50K
28707,"[20, 30[", Private,306460,High School,9,Never-married,Other, Unmarried,*,Male,0,0,40,North America,<=50K
28708,"[10, 20[", Private,55284,High School,9,Never-married,Nontechnical, Own-child,*,Female,0,0,25,North America,<=50K
28709,"[20, 30[", Private,172063,Undergraduate,10,Never-married,Nontechnical, Own-child,*,Female,0,0,24,North America,<=50K
28710,"[20, 30[", Private,141028,High School,9,Never-married,Other, Own-child,*,Male,0,0,30,North America,<=50K
28711,"[30, 40[", Private,37274,Undergraduate,10,Married-civ-spouse,Nontechnical, Husband,*,Male,0,0,40,North America,<=50K
28712,"[60, 70[", Private,31389,High School,7,Never-married,Other, Not-in-family,*,Male,0,0,12,North America,<=50K
28713,"[20, 30[", Private,415913,Undergraduate,10,Never-married,Nontechnical, Not-in-family,*,Male,0,0,30,North America,<=50K
28715,"[50, 60[", ?,202903,High School,4,Married-civ-spouse,Other, Wife,*,Female,1173,0,45,North America,<=50K
28716,"[50, 60[", Private,159770,High School,9,Married-civ-spouse,Technical, Husband,*,Male,0,0,40,North America,<=50K
28718,"[40, 50[", Private,126003,High School,9,Married-civ-spouse,Technical, Husband,*,Male,0,0,40,North America,>50K
28719,"[20, 30[", Local-gov,225193,Undergraduate,13,Never-married,Technical, Not-in-family,*,Female,0,0,40,North America,<=50K
28720,"[20, 30[", Private,297735,Undergraduate,10,Married-civ-spouse,Technical, Husband,*,Male,0,0,40,North America,>50K
28721,>=80, Self-emp-not-inc,225892,High School,9,Married-civ-spouse,Other, Husband,*,Male,1409,0,40,North America,<=50K
28722,"[30, 40[", Private,605502,High School,6,Never-married,Other, Not-in-family,*,Female,0,0,40,North America,<=50K
28723,"[30, 40[", Private,174150,Graduate,14,Married-civ-spouse,Nontechnical, Husband,*,Male,0,0,40,North America,>50K
28724,"[30, 40[", Private,165466,High School,9,Married-civ-spouse,Other, Husband,*,Male,0,0,60,North America,>50K
28725,"[50, 60[", State-gov,189728,High School,9,Separated,Other, Not-in-family,*,Female,0,0,35,North America,<=50K
28726,"[40, 50[", Private,360491,High School,9,Widowed,Other, Unmarried,*,Female,0,0,40,North America,<=50K
28727,"[30, 40[", Private,115040,High School,9,Married-civ-spouse,Other, Husband,*,Male,0,0,40,North America,<=50K
28728,"[30, 40[", Private,262688,Undergraduate,10,Married-civ-spouse,Nontechnical, Husband,*,Male,7688,0,50,North America,>50K
28729,"[70, 80[", Self-emp-inc,158437,Professional Education,15,Married-civ-spouse,Technical, Husband,*,Male,0,0,35,North America,>50K
28733,"[20, 30[", Private,60668,Undergraduate,10,Never-married,Technical, Not-in-family,*,Male,0,0,40,North America,<=50K
28735,"[60, 70[", Private,155256,High School,9,Married-civ-spouse,Nontechnical, Husband,*,Male,0,0,45,North America,>50K
28736,"[50, 60[", Private,244770,High School,9,Never-married,Other, Other-relative,*,Female,0,0,40,North America,<=50K
28737,"[30, 40[", Private,312108,High School,9,Never-married,Other, Unmarried,*,Female,0,0,40,North America,<=50K
28738,"[50, 60[", Private,102828,High School,9,Married-civ-spouse,Technical, Husband,*,Male,7688,0,40,North America,>50K
28739,"[30, 40[", Private,93225,High School,7,Married-civ-spouse,Technical, Husband,*,Male,0,0,40,North America,<=50K
28740,"[70, 80[", Self-emp-inc,231002,High School,9,Married-civ-spouse,Nontechnical, Husband,*,Male,0,0,30,North America,>50K
28742,"[40, 50[", Private,118721,High School,8,Divorced,Other, Not-in-family,*,Male,0,0,40,North America,<=50K
28743,"[30, 40[", Private,151989,Professional Education,11,Married-civ-spouse,Technical, Wife,*,Female,0,0,40,North America,<=50K
28744,"[20, 30[", Private,109112,High School,9,Married-civ-spouse,Technical, Husband,*,Male,0,0,48,North America,<=50K
28745,"[30, 40[", Private,589809,Undergraduate,10,Never-married,Nontechnical, Not-in-family,*,Male,13550,0,60,North America,>50K
28746,"[30, 40[", Private,172538,Undergraduate,13,Married-civ-spouse,Nontechnical, Husband,*,Male,15024,0,50,North America,>50K
28747,"[30, 40[", State-gov,318982,Graduate,14,Married-civ-spouse,Technical, Husband,*,Male,0,1848,40,North America,>50K
28748,"[40, 50[", Private,204629,Graduate,14,Married-civ-spouse,Nontechnical, Husband,*,Male,0,0,50,North America,>50K
28750,"[10, 20[", Private,369463,High School,9,Never-married,Other, Own-child,*,Female,0,0,40,North America,<=50K
28751,"[50, 60[", Private,79324,Undergraduate,10,Married-civ-spouse,Nontechnical, Husband,*,Male,0,0,40,North America,<=50K
28752,"[30, 40[", Private,61178,Undergraduate,13,Divorced,Other, Unmarried,*,Male,0,0,40,North America,<=50K
28753,"[20, 30[", Private,204226,High School,7,Never-married,Other, Own-child,*,Female,0,0,40,North America,<=50K
28754,"[10, 20[", Private,183110,High School,7,Never-married,Nontechnical, Own-child,*,Male,0,0,16,North America,<=50K
28755,"[40, 50[", Private,96321,Undergraduate,10,Married-civ-spouse,Nontechnical, Husband,*,Male,0,0,50,North America,>50K
28757,"[30, 40[", Private,108997,High School,9,Divorced,Other, Unmarried,*,Female,0,0,40,North America,<=50K
28759,"[30, 40[", Self-emp-not-inc,134737,Undergraduate,13,Married-civ-spouse,Technical, Husband,*,Male,0,0,70,North America,>50K
28760,"[30, 40[", Self-emp-inc,49795,Undergraduate,13,Never-married,Technical, Not-in-family,*,Male,0,0,45,North America,<=50K
28761,"[30, 40[", State-gov,131588,Undergraduate,10,Never-married,Technical, Unmarried,*,Female,0,0,20,North America,<=50K
28762,"[20, 30[", Private,307643,High School,9,Married-civ-spouse,Other, Husband,*,Male,0,0,40,North America,<=50K
28763,"[40, 50[", Local-gov,351350,Undergraduate,10,Divorced,Other, Unmarried,*,Female,0,0,40,North America,<=50K
28764,"[40, 50[", Private,260761,High School,9,Married-civ-spouse,Technical, Husband,*,Male,0,0,40,North America,>50K
28765,"[70, 80[", Private,156310,High School,6,Married-civ-spouse,Other, Husband,*,Male,2414,0,12,North America,<=50K
28766,"[30, 40[", Private,207789,High School,9,Divorced,Nontechnical, Not-in-family,*,Male,0,0,52,North America,<=50K
28767,"[60, 70[", Self-emp-not-inc,252842,High School,9,Married-civ-spouse,Other, Husband,*,Male,1797,0,20,North America,<=50K
28768,"[20, 30[", Private,294936,High School,9,Married-civ-spouse,Other, Husband,*,Male,4064,0,45,North America,<=50K
28769,"[20, 30[", Private,196269,High School,7,Married-civ-spouse,Nontechnical, Husband,*,Male,0,0,40,North America,<=50K
28770,"[10, 20[", Private,46402,High School,4,Never-married,Nontechnical, Own-child,*,Male,0,0,8,North America,<=50K
28771,"[30, 40[", Self-emp-not-inc,267161,Undergraduate,13,Divorced,Nontechnical, Unmarried,*,Female,0,0,30,North America,<=50K
28772,"[60, 70[", Private,160456,High School,7,Widowed,Other, Not-in-family,*,Female,0,0,40,North America,<=50K
28773,"[20, 30[", ?,123983,Undergraduate,10,Never-married,Other, Other-relative,*,Male,0,0,10,Asia,<=50K
28774,"[50, 60[", Private,123053,Graduate,14,Married-civ-spouse,Technical, Husband,*,Male,5013,0,40,Asia,<=50K
28776,"[30, 40[", Private,269323,Undergraduate,10,Married-civ-spouse,Nontechnical, Husband,*,Male,0,0,40,North America,>50K
28777,"[10, 20[", Self-emp-not-inc,42857,Undergraduate,10,Never-married,Technical, Not-in-family,*,Female,0,0,35,North America,<=50K
28778,"[50, 60[", Self-emp-not-inc,183915,Undergraduate,13,Married-civ-spouse,Technical, Husband,*,Male,0,0,45,North America,>50K
28779,"[20, 30[", Private,211391,High School,6,Never-married,Nontechnical, Not-in-family,*,Female,0,0,15,North America,<=50K
28780,"[20, 30[", Local-gov,193130,Undergraduate,10,Never-married,Other, Not-in-family,*,Female,0,0,40,North America,<=50K
28781,"[20, 30[", Private,86745,Undergraduate,13,Never-married,Other, Other-relative,*,Female,0,0,16,North America,<=50K
28782,"[30, 40[", Private,226525,Professional Education,11,Never-married,Other, Own-child,*,Male,0,0,40,North America,<=50K
28783,"[60, 70[", ?,270339,High School,6,Married-civ-spouse,Other, Husband,*,Male,0,0,35,North America,<=50K
28784,"[40, 50[", Self-emp-not-inc,343742,High School,6,Never-married,Technical, Not-in-family,*,Male,0,0,32,North America,<=50K
28785,"[50, 60[", Private,150975,High School,9,Divorced,Technical, Not-in-family,*,Female,0,0,40,North America,<=50K
28786,"[30, 40[", Private,207301,Professional Education,12,Divorced,Nontechnical, Own-child,*,Female,0,0,40,North America,<=50K
28787,"[10, 20[", Private,135924,Undergraduate,10,Never-married,Other, Own-child,*,Male,0,0,40,North America,<=50K
28788,"[40, 50[", Private,184277,Professional Education,11,Divorced,Other, Unmarried,*,Female,0,0,55,North America,>50K
28789,"[20, 30[", Private,142233,High School,9,Never-married,Nontechnical, Not-in-family,*,Female,0,0,35,North America,<=50K
28790,"[40, 50[", Self-emp-inc,120902,Undergraduate,13,Married-civ-spouse,Nontechnical, Husband,*,Male,3103,0,37,North America,>50K
28791,"[60, 70[", Local-gov,158412,High School,9,Widowed,Other, Not-in-family,*,Female,0,0,40,North America,<=50K
28792,"[30, 40[", Private,126161,Graduate,16,Never-married,Technical, Not-in-family,*,Male,0,0,45,North America,<=50K
28793,"[30, 40[", Private,149347,High School,9,Never-married,Technical, Not-in-family,*,Male,0,0,70,North America,<=50K
28794,"[20, 30[", Private,322674,Undergraduate,10,Never-married,Other, Not-in-family,*,Male,0,0,32,North America,<=50K
28795,"[20, 30[", Private,55390,Professional Education,12,Never-married,Technical, Not-in-family,*,Male,0,0,45,North America,<=50K
28796,"[30, 40[", State-gov,200904,Undergraduate,13,Married-civ-spouse,Nontechnical, Wife,*,Female,0,0,30,North America,>50K
28797,"[40, 50[", Private,166056,High School,9,Divorced,Other, Unmarried,*,Female,0,0,40,North America,<=50K
28799,"[40, 50[", Private,168324,Undergraduate,10,Married-civ-spouse,Other, Wife,*,Female,0,0,40,North America,>50K
28801,"[40, 50[", Private,126889,Undergraduate,13,Married-civ-spouse,Nontechnical, Husband,*,Male,0,1887,60,North America,>50K
28802,"[20, 30[", ?,401690,High School,9,Never-married,Other, Not-in-family,*,Female,0,0,30,North America,<=50K
28803,"[40, 50[", Self-emp-inc,117605,High School,9,Married-civ-spouse,Nontechnical, Husband,*,Male,0,0,48,North America,>50K
28804,"[20, 30[", Federal-gov,410446,High School,9,Never-married,Other, Other-relative,*,Male,0,0,20,North America,<=50K
28805,"[60, 70[", Self-emp-inc,38472,Undergraduate,10,Widowed,Nontechnical, Not-in-family,*,Female,14084,0,60,North America,>50K
28806,"[30, 40[", Self-emp-not-inc,335704,Undergraduate,10,Married-civ-spouse,Nontechnical, Husband,*,Male,0,0,40,North America,<=50K
28807,"[20, 30[", Private,70261,Undergraduate,13,Married-civ-spouse,Technical, Husband,*,Male,0,0,50,North America,<=50K
28808,"[10, 20[", Private,47577,Undergraduate,10,Never-married,Other, Not-in-family,*,Male,0,0,50,North America,<=50K
28809,"[20, 30[", Private,117767,High School,9,Never-married,Other, Own-child,*,Male,0,0,35,North America,<=50K
28810,"[30, 40[", Private,179641,Undergraduate,13,Never-married,Technical, Not-in-family,*,Female,0,0,45,North America,<=50K
28811,"[20, 30[", ?,343553,High School,7,Never-married,Other, Not-in-family,*,Male,0,0,40,North America,<=50K
28812,"[30, 40[", Self-emp-not-inc,328466,Primary School,3,Married-civ-spouse,Other, Husband,*,Male,0,0,50,North America,>50K
28813,"[40, 50[", Private,265097,High School,9,Never-married,Nontechnical, Other-relative,*,Male,0,0,5,North America,<=50K
28814,"[30, 40[", Local-gov,414791,Undergraduate,13,Married-civ-spouse,Nontechnical, Husband,*,Male,0,0,42,North America,>50K
28815,"[50, 60[", Local-gov,48055,High School,8,Widowed,Other, Not-in-family,*,Female,0,0,40,North America,<=50K
28816,"[20, 30[", Private,341672,Undergraduate,10,Never-married,Other, Other-relative,*,Male,0,0,40,Asia,<=50K
28817,"[40, 50[", Private,266764,Undergraduate,10,Married-civ-spouse,Technical, Husband,*,Male,0,0,45,North America,>50K
28818,"[30, 40[", Private,233571,High School,9,Divorced,Other, Own-child,*,Female,0,0,50,North America,<=50K
28819,"[50, 60[", Private,126592,Undergraduate,10,Married-civ-spouse,Technical, Husband,*,Male,7688,0,40,North America,>50K
28820,"[40, 50[", Private,70754,High School,9,Married-civ-spouse,Technical, Husband,*,Male,0,0,40,North America,<=50K
28821,"[50, 60[", Private,138852,Undergraduate,10,Divorced,Technical, Not-in-family,*,Male,4650,0,22,North America,<=50K
28822,"[30, 40[", Private,175856,Undergraduate,10,Married-civ-spouse,Nontechnical, Husband,*,Male,0,0,40,North America,<=50K
28823,"[40, 50[", Private,193494,High School,9,Married-civ-spouse,Nontechnical, Husband,*,Male,0,0,46,North America,<=50K
28824,"[40, 50[", Private,104334,Undergraduate,10,Married-civ-spouse,Nontechnical, Husband,*,Male,0,0,50,North America,>50K
28825,"[40, 50[", Federal-gov,197332,Undergraduate,13,Divorced,Technical, Not-in-family,*,Male,0,0,40,North America,<=50K
28826,"[20, 30[", Private,205844,Undergraduate,10,Never-married,Nontechnical, Own-child,*,Female,0,0,25,North America,<=50K
28827,"[40, 50[", Local-gov,206459,Graduate,14,Married-civ-spouse,Other, Husband,*,Male,0,0,35,North America,<=50K
28830,"[40, 50[", Private,183342,Professional Education,15,Married-civ-spouse,Nontechnical, Husband,*,Male,0,0,55,North America,>50K
28831,"[40, 50[", Private,105614,High School,6,Married-civ-spouse,Technical, Husband,*,Male,0,0,50,North America,<=50K
28833,"[40, 50[", Private,77373,Undergraduate,10,Married-civ-spouse,Other, Husband,*,Male,0,1848,65,North America,>50K
28834,"[20, 30[", Private,207473,High School,4,Married-civ-spouse,Other, Husband,*,Male,0,0,40,North America,<=50K
28835,"[40, 50[", Private,149161,Undergraduate,10,Married-civ-spouse,Nontechnical, Husband,*,Male,0,0,60,Unknown,<=50K
28836,"[10, 20[", Private,311974,High School,9,Never-married,Technical, Other-relative,*,Male,0,0,25,North America,<=50K
28837,"[50, 60[", Private,175127,High School,6,Married-civ-spouse,Nontechnical, Husband,*,Male,0,0,40,North America,<=50K
28838,"[50, 60[", Self-emp-not-inc,111625,High School,9,Married-civ-spouse,Technical, Husband,*,Male,0,0,60,North America,<=50K
28839,"[20, 30[", Private,48895,High School,9,Never-married,Technical, Not-in-family,*,Male,0,0,50,North America,<=50K
28840,"[20, 30[", Private,27049,High School,9,Never-married,Other, Not-in-family,*,Female,0,0,25,North America,<=50K
28843,"[20, 30[", Private,218343,High School,9,Never-married,Other, Own-child,*,Female,0,0,40,North America,<=50K
28844,"[20, 30[", Private,227626,High School,9,Married-civ-spouse,Other, Husband,*,Male,0,0,60,North America,<=50K
28846,"[30, 40[", Private,30916,High School,9,Married-civ-spouse,Technical, Husband,*,Male,0,0,40,North America,<=50K
28847,"[50, 60[", Private,276229,Undergraduate,10,Divorced,Technical, Not-in-family,*,Female,0,0,40,North America,<=50K
28849,"[60, 70[", ?,39100,High School,9,Married-civ-spouse,Other, Wife,*,Female,0,0,5,North America,<=50K
28850,"[40, 50[", Private,192776,Undergraduate,13,Married-civ-spouse,Technical, Husband,*,Male,7298,0,55,North America,>50K
28851,"[60, 70[", Private,147280,Graduate,14,Married-civ-spouse,Nontechnical, Husband,*,Male,0,0,60,North America,>50K
28852,"[10, 20[", Private,187770,High School,9,Never-married,Nontechnical, Own-child,*,Male,0,0,30,North America,<=50K
28854,"[30, 40[", Self-emp-not-inc,107410,High School,9,Married-civ-spouse,Technical, Husband,*,Male,0,0,40,North America,<=50K
28855,"[20, 30[", ?,170272,Undergraduate,10,Never-married,Other, Own-child,*,Female,0,0,25,North America,<=50K
28856,"[30, 40[", Private,86808,Undergraduate,10,Never-married,Other, Own-child,*,Female,0,0,38,North America,<=50K
28857,"[40, 50[", Private,149210,High School,9,Separated,Technical, Unmarried,*,Male,0,0,45,North America,<=50K
28858,"[60, 70[", Private,123411,High School,4,Married-civ-spouse,Other, Husband,*,Male,0,0,53,North America,<=50K
28859,"[20, 30[", ?,306779,Undergraduate,10,Never-married,Other, Own-child,*,Male,0,0,40,North America,<=50K
28860,"[20, 30[", Private,487347,High School,9,Never-married,Other, Not-in-family,*,Male,0,0,45,North America,<=50K
28861,"[10, 20[", Private,283945,High School,6,Never-married,Nontechnical, Other-relative,*,Male,0,1602,45,North America,<=50K
28862,"[20, 30[", Private,375698,Undergraduate,10,Never-married,Other, Own-child,*,Female,0,0,15,North America,<=50K
28863,"[40, 50[", Private,271753,Undergraduate,13,Married-civ-spouse,Other, Husband,*,Male,0,0,40,North America,<=50K
28864,"[20, 30[", Private,251854,Undergraduate,13,Never-married,Other, Not-in-family,*,Female,0,0,40,North America,<=50K
28865,"[40, 50[", Private,264052,Undergraduate,13,Married-civ-spouse,Nontechnical, Husband,*,Male,15024,0,50,North America,>50K
28866,"[40, 50[", State-gov,28451,Undergraduate,13,Married-civ-spouse,Technical, Husband,*,Male,0,0,37,North America,>50K
28867,"[20, 30[", Private,282604,Undergraduate,10,Never-married,Nontechnical, Other-relative,*,Male,0,0,20,North America,<=50K
28868,"[20, 30[", Private,185908,Undergraduate,13,Married-civ-spouse,Nontechnical, Husband,*,Male,0,0,55,North America,>50K
28869,"[50, 60[", Federal-gov,198186,Undergraduate,13,Widowed,Technical, Not-in-family,*,Female,0,0,40,North America,<=50K
28870,"[40, 50[", Private,242521,Professional Education,11,Married-civ-spouse,Technical, Husband,*,Male,0,0,40,North America,>50K
28871,"[20, 30[", Private,337940,Primary School,3,Never-married,Other, Not-in-family,*,Male,0,0,40,North America,<=50K
28872,"[30, 40[", Private,212064,Undergraduate,13,Never-married,Technical, Own-child,*,Female,0,0,40,North America,<=50K
28873,"[30, 40[", Private,129263,High School,9,Widowed,Other, Not-in-family,*,Female,0,0,40,North America,<=50K
28874,"[60, 70[", Local-gov,144761,High School,9,Widowed,Other, Not-in-family,*,Male,0,1668,20,North America,<=50K
28875,"[40, 50[", Private,109912,Undergraduate,10,Never-married,Technical, Not-in-family,*,Female,0,0,40,North America,>50K
28876,"[40, 50[", Private,113324,High School,9,Married-civ-spouse,Nontechnical, Husband,*,Male,0,0,40,North America,<=50K
28877,"[40, 50[", Private,187795,Undergraduate,13,Married-civ-spouse,Nontechnical, Husband,*,Male,0,0,45,North America,>50K
28878,"[20, 30[", Private,173724,Undergraduate,10,Never-married,Nontechnical, Own-child,*,Male,0,0,20,North America,<=50K
28879,"[40, 50[", Private,185129,Undergraduate,13,Divorced,Technical, Own-child,*,Male,0,0,40,North America,<=50K
28880,"[50, 60[", Private,73134,High School,9,Married-civ-spouse,Nontechnical, Husband,*,Male,15024,0,60,North America,>50K
28881,"[40, 50[", Private,236040,Undergraduate,10,Married-civ-spouse,Technical, Husband,*,Male,0,0,40,North America,>50K
28882,"[30, 40[", Private,74194,High School,9,Never-married,Other, Unmarried,*,Male,0,0,40,North America,<=50K
28883,"[30, 40[", Local-gov,102130,Graduate,14,Married-civ-spouse,Technical, Husband,*,Male,0,0,45,North America,<=50K
28884,"[20, 30[", Private,140915,Undergraduate,10,Never-married,Nontechnical, Other-relative,*,Male,0,0,25,Asia,<=50K
28885,"[60, 70[", ?,107575,High School,9,Divorced,Other, Not-in-family,*,Female,2964,0,35,North America,<=50K
28887,"[30, 40[", Self-emp-not-inc,258037,High School,9,Married-civ-spouse,Other, Husband,*,Male,0,0,45,North America,>50K
28888,"[10, 20[", Private,391585,High School,9,Never-married,Technical, Other-relative,*,Female,0,0,40,North America,<=50K
28889,"[40, 50[", Self-emp-not-inc,233130,High School,9,Married-civ-spouse,Nontechnical, Husband,*,Male,0,0,45,North America,<=50K
28890,"[30, 40[", Private,101345,Undergraduate,13,Married-civ-spouse,Nontechnical, Wife,*,Female,3103,0,55,North America,>50K
28891,"[20, 30[", ?,32897,Professional Education,12,Married-civ-spouse,Other, Husband,*,Male,0,0,20,North America,<=50K
28892,"[20, 30[", Private,248612,Undergraduate,13,Never-married,Technical, Own-child,*,Male,0,0,30,North America,<=50K
28893,"[30, 40[", Private,212465,High School,9,Married-civ-spouse,Technical, Husband,*,Male,0,0,40,North America,<=50K
28894,"[20, 30[", Private,198587,Undergraduate,10,Never-married,Technical, Not-in-family,*,Female,2174,0,50,North America,<=50K
28896,"[30, 40[", Private,588003,Undergraduate,13,Married-civ-spouse,Nontechnical, Husband,*,Male,15024,0,40,North America,>50K
28897,"[30, 40[", Private,46807,Undergraduate,13,Never-married,Technical, Not-in-family,*,Male,0,0,40,North America,<=50K
28898,"[20, 30[", Private,210498,Undergraduate,10,Married-civ-spouse,Nontechnical, Husband,*,Male,0,0,80,North America,<=50K
28899,"[30, 40[", Private,206951,Graduate,14,Married-civ-spouse,Nontechnical, Husband,*,Male,0,0,40,North America,>50K
28900,"[20, 30[", Self-emp-not-inc,237466,Undergraduate,10,Married-civ-spouse,Other, Wife,*,Female,0,0,30,North America,>50K
28901,"[50, 60[", Private,279636,High School,9,Never-married,Other, Not-in-family,*,Male,0,0,50,North America,<=50K
28902,"[40, 50[", Private,29320,Undergraduate,13,Married-civ-spouse,Technical, Husband,*,Male,0,0,40,North America,<=50K
28903,"[50, 60[", Private,271262,High School,9,Married-civ-spouse,Other, Husband,*,Male,0,0,40,North America,>50K
28904,"[20, 30[", ?,29361,Professional Education,12,Never-married,Other, Not-in-family,*,Female,0,0,45,North America,<=50K
28905,"[30, 40[", Private,76773,Undergraduate,10,Divorced,Technical, Unmarried,*,Female,0,0,40,North America,<=50K
28906,"[20, 30[", Private,109004,High School,9,Separated,Technical, Unmarried,*,Male,0,0,40,North America,<=50K
28907,"[40, 50[", Private,226902,Undergraduate,13,Divorced,Technical, Other-relative,*,Male,0,0,40,North America,<=50K
28908,"[40, 50[", Private,176552,High School,7,Divorced,Technical, Unmarried,*,Male,0,0,40,North America,>50K
28909,"[40, 50[", Private,182303,Undergraduate,10,Married-civ-spouse,Nontechnical, Husband,*,Male,0,0,50,North America,>50K
28910,"[50, 60[", Local-gov,296253,Graduate,14,Divorced,Technical, Unmarried,*,Female,8614,0,60,North America,>50K
28911,"[20, 30[", Private,218215,Undergraduate,10,Never-married,Nontechnical, Own-child,*,Female,0,0,30,North America,<=50K
28913,"[40, 50[", Self-emp-not-inc,51271,High School,9,Married-civ-spouse,Other, Husband,*,Male,4386,0,70,North America,<=50K
28914,"[40, 50[", Private,96100,High School,4,Married-civ-spouse,Technical, Husband,*,Male,0,0,40,North America,<=50K
28915,"[20, 30[", Local-gov,82393,High School,9,Never-married,Nontechnical, Unmarried,*,Male,0,1590,45,North America,<=50K
28916,"[20, 30[", Private,248978,High School,7,Married-civ-spouse,Nontechnical, Husband,*,Male,0,0,40,North America,<=50K
28917,"[40, 50[", Private,254367,High School,9,Never-married,Other, Not-in-family,*,Male,0,1590,48,North America,<=50K
28918,"[50, 60[", ?,200235,High School,9,Married-civ-spouse,Other, Husband,*,Male,0,0,50,North America,>50K
28919,"[50, 60[", Private,94429,Undergraduate,10,Married-civ-spouse,Technical, Husband,*,Male,0,0,40,North America,>50K
28921,"[20, 30[", Private,119793,Undergraduate,10,Never-married,Nontechnical, Other-relative,*,Male,0,0,50,North America,<=50K
28922,"[50, 60[", ?,85815,High School,9,Divorced,Other, Own-child,*,Male,0,0,20,North America,<=50K
28923,"[20, 30[", Local-gov,197764,Undergraduate,13,Never-married,Technical, Not-in-family,*,Female,0,0,40,North America,<=50K
28926,"[30, 40[", Private,197886,Undergraduate,10,Married-civ-spouse,Nontechnical, Husband,*,Male,15024,0,45,North America,>50K
28927,"[40, 50[", Private,355728,High School,9,Divorced,Technical, Own-child,*,Male,0,0,40,North America,<=50K
28928,"[40, 50[", Private,121124,Undergraduate,13,Married-civ-spouse,Technical, Husband,*,Male,15024,0,50,North America,>50K
28929,"[50, 60[", State-gov,193720,High School,9,Married-civ-spouse,Technical, Husband,*,Male,0,0,56,North America,>50K
28930,"[20, 30[", Private,347292,High School,9,Never-married,Nontechnical, Not-in-family,*,Male,0,0,40,North America,<=50K
28931,"[20, 30[", Private,34506,High School,9,Never-married,Technical, Unmarried,*,Female,0,0,40,North America,<=50K
28932,"[20, 30[", Private,326370,Undergraduate,10,Never-married,Other, Not-in-family,*,Male,0,0,38,Unknown,<=50K
28933,"[20, 30[", ?,269221,Undergraduate,10,Never-married,Other, Own-child,*,Male,0,0,40,North America,<=50K
28934,"[30, 40[", Private,63509,Professional Education,11,Married-civ-spouse,Technical, Husband,*,Male,0,0,50,North America,<=50K
28935,"[40, 50[", Private,148254,High School,9,Married-civ-spouse,Nontechnical, Wife,*,Female,0,0,16,North America,>50K
28936,"[30, 40[", Private,190511,High School,9,Never-married,Technical, Not-in-family,*,Male,0,0,30,North America,<=50K
28939,"[50, 60[", Private,206862,High School,9,Married-civ-spouse,Technical, Husband,*,Male,0,0,40,North America,<=50K
28940,"[40, 50[", Private,189498,Undergraduate,13,Married-civ-spouse,Technical, Husband,*,Male,0,1848,45,North America,>50K
28941,"[20, 30[", Private,166320,High School,9,Never-married,Technical, Not-in-family,*,Male,0,0,40,North America,<=50K
28943,"[20, 30[", ?,86337,Undergraduate,10,Never-married,Other, Not-in-family,*,Female,0,0,15,North America,<=50K
28944,"[40, 50[", Local-gov,54190,Graduate,14,Married-civ-spouse,Technical, Husband,*,Male,0,0,50,North America,>50K
28945,"[10, 20[", Private,147069,High School,6,Never-married,Nontechnical, Own-child,*,Female,0,0,16,North America,<=50K
28946,"[50, 60[", Private,282023,Graduate,14,Married-civ-spouse,Technical, Husband,*,Male,0,0,40,North America,>50K
28947,"[30, 40[", Self-emp-inc,379485,Professional Education,12,Divorced,Nontechnical, Unmarried,*,Male,0,0,45,North America,<=50K
28948,>=80, Private,129338,High School,4,Married-civ-spouse,Other, Husband,*,Male,0,0,10,North America,<=50K
28949,"[20, 30[", Private,99829,Undergraduate,10,Never-married,Technical, Own-child,*,Female,0,0,30,North America,<=50K
28950,"[40, 50[", State-gov,182254,Undergraduate,10,Divorced,Other, Unmarried,*,Female,0,0,40,North America,<=50K
28951,"[30, 40[", Private,109428,Professional Education,12,Married-civ-spouse,Other, Wife,*,Female,0,1740,40,North America,<=50K
28952,"[40, 50[", Self-emp-not-inc,351161,Undergraduate,13,Married-civ-spouse,Technical, Husband,*,Male,0,1887,40,North America,>50K
28953,"[60, 70[", ?,210750,Undergraduate,10,Married-civ-spouse,Other, Husband,*,Male,0,0,50,North America,<=50K
28954,"[50, 60[", Private,132716,High School,9,Married-civ-spouse,Other, Husband,*,Male,0,0,40,North America,>50K
28955,"[30, 40[", Private,242984,Undergraduate,10,Separated,Nontechnical, Not-in-family,*,Male,0,0,40,North America,<=50K
28956,"[30, 40[", Private,101509,Undergraduate,10,Divorced,Nontechnical, Not-in-family,*,Female,0,0,40,North America,<=50K
28957,"[20, 30[", ?,509629,Undergraduate,10,Never-married,Other, Own-child,*,Female,0,0,35,North America,<=50K
28958,"[30, 40[", Private,119957,Undergraduate,13,Separated,Other, Unmarried,*,Female,0,0,35,North America,<=50K
28959,"[30, 40[", Private,69727,High School,4,Married-civ-spouse,Other, Husband,*,Male,0,0,40,North America,<=50K
28960,"[30, 40[", Private,204590,Undergraduate,13,Divorced,Technical, Unmarried,*,Female,0,213,40,North America,<=50K
28961,"[30, 40[", ?,50862,High School,9,Married-civ-spouse,Other, Husband,*,Male,0,0,55,North America,<=50K
28962,"[50, 60[", Private,182907,High School,9,Never-married,Nontechnical, Own-child,*,Male,0,0,25,North America,<=50K
28963,"[50, 60[", Private,206487,Undergraduate,10,Married-civ-spouse,Technical, Husband,*,Male,0,0,40,North America,>50K
28964,"[20, 30[", Private,168015,High School,9,Divorced,Technical, Unmarried,*,Female,0,0,40,North America,<=50K
28965,"[20, 30[", Private,149396,Undergraduate,10,Never-married,Other, Other-relative,*,Female,0,0,30,North America,<=50K
28966,"[30, 40[", Federal-gov,184964,Undergraduate,10,Divorced,Other, Not-in-family,*,Male,0,0,40,North America,>50K
28967,"[30, 40[", Private,398988,Undergraduate,13,Never-married,Nontechnical, Not-in-family,*,Male,0,0,40,North America,<=50K
28968,"[20, 30[", Private,128777,High School,4,Divorced,Technical, Unmarried,*,Female,0,0,55,North America,<=50K
28969,"[60, 70[", Private,252413,Undergraduate,10,Married-civ-spouse,Technical, Husband,*,Male,0,0,32,North America,>50K
28971,"[50, 60[", Private,216851,High School,5,Never-married,Nontechnical, Own-child,*,Male,0,0,40,North America,<=50K
28973,"[40, 50[", State-gov,363875,Undergraduate,10,Divorced,Other, Unmarried,*,Female,0,0,40,North America,<=50K
28974,"[60, 70[", Private,287277,High School,9,Divorced,Other, Not-in-family,*,Male,0,0,40,North America,<=50K
28975,"[30, 40[", Self-emp-not-inc,172342,Undergraduate,10,Divorced,Other, Unmarried,*,Female,0,0,40,North America,<=50K
28976,"[20, 30[", Private,308498,Undergraduate,10,Never-married,Technical, Own-child,*,Male,0,0,15,North America,<=50K
28977,"[20, 30[", Private,122127,Undergraduate,13,Never-married,Technical, Not-in-family,*,Female,8614,0,40,North America,>50K
28978,"[30, 40[", Private,106437,Professional Education,15,Married-civ-spouse,Technical, Wife,*,Female,0,0,60,North America,>50K
28979,"[40, 50[", Self-emp-inc,306289,High School,9,Married-civ-spouse,Nontechnical, Husband,*,Male,0,0,40,North America,>50K
28980,"[40, 50[", Self-emp-inc,201699,Graduate,16,Married-civ-spouse,Technical, Husband,*,Male,0,0,60,North America,>50K
28981,"[40, 50[", Private,282062,High School,5,Married-civ-spouse,Other, Husband,*,Male,0,0,40,North America,<=50K
28982,"[40, 50[", Private,235108,High School,9,Married-civ-spouse,Technical, Husband,*,Male,0,0,40,North America,<=50K
28983,"[30, 40[", Private,339482,High School,9,Married-civ-spouse,Technical, Husband,*,Male,0,0,40,North America,<=50K
28984,"[20, 30[", Private,181820,Undergraduate,10,Never-married,Other, Own-child,*,Male,0,0,40,North America,<=50K
28985,"[40, 50[", Self-emp-not-inc,99335,Undergraduate,10,Married-civ-spouse,Nontechnical, Husband,*,Male,0,0,50,North America,<=50K
28986,"[40, 50[", Private,367533,Undergraduate,10,Married-civ-spouse,Technical, Husband,*,Male,2580,0,40,North America,<=50K
28987,"[50, 60[", Private,64960,Professional Education,11,Married-civ-spouse,Technical, Husband,*,Male,0,1902,45,North America,<=50K
28988,"[50, 60[", Private,269095,High School,9,Divorced,Other, Not-in-family,*,Female,0,0,40,North America,<=50K
28989,"[40, 50[", Private,58683,Undergraduate,13,Married-civ-spouse,Nontechnical, Husband,*,Male,15024,0,55,North America,>50K
28990,"[30, 40[", Self-emp-not-inc,89508,Undergraduate,10,Married-civ-spouse,Nontechnical, Husband,*,Male,3908,0,60,North America,<=50K
28991,"[10, 20[", Private,100999,Undergraduate,10,Never-married,Other, Own-child,*,Female,0,0,20,North America,<=50K
28992,"[10, 20[", Private,34125,High School,6,Never-married,Other, Own-child,*,Female,0,0,28,North America,<=50K
28993,"[20, 30[", Private,115057,High School,9,Never-married,Technical, Not-in-family,*,Male,0,0,40,North America,<=50K
28994,"[40, 50[", Private,139126,High School,9,Divorced,Other, Not-in-family,*,Male,0,0,40,North America,<=50K
28996,"[40, 50[", Federal-gov,178866,High School,9,Married-civ-spouse,Other, Wife,*,Female,0,0,20,North America,>50K
28997,"[50, 60[", Private,139850,Graduate,14,Married-civ-spouse,Nontechnical, Husband,*,Male,0,0,45,North America,>50K
28998,"[20, 30[", Private,61435,High School,9,Married-civ-spouse,Technical, Husband,*,Male,0,0,45,North America,<=50K
28999,"[30, 40[", Private,309230,Undergraduate,10,Married-civ-spouse,Technical, Husband,*,Male,0,0,40,North America,>50K
29000,"[20, 30[", Private,45613,Undergraduate,10,Never-married,Other, Not-in-family,*,Female,0,0,40,North America,<=50K
29001,"[20, 30[", Private,272615,High School,7,Never-married,Technical, Own-child,*,Male,0,0,40,North America,<=50K
29002,"[30, 40[", Private,54318,Undergraduate,13,Married-civ-spouse,Nontechnical, Husband,*,Male,0,0,50,North America,>50K
29003,"[20, 30[", Private,165519,High School,9,Married-civ-spouse,Technical, Husband,*,Male,0,0,40,North America,<=50K
29004,"[40, 50[", Private,48495,Undergraduate,13,Married-civ-spouse,Technical, Husband,*,Male,0,0,42,North America,>50K
29005,"[30, 40[", Private,143123,Undergraduate,13,Married-civ-spouse,Nontechnical, Husband,*,Male,0,0,40,North America,>50K
29008,"[40, 50[", Private,191451,Graduate,14,Divorced,Nontechnical, Unmarried,*,Female,0,0,60,North America,>50K
29009,"[30, 40[", Private,99146,Undergraduate,13,Married-civ-spouse,Nontechnical, Husband,*,Male,0,0,60,North America,>50K
29010,"[40, 50[", Private,235986,High School,9,Never-married,Nontechnical, Own-child,*,Female,0,0,50,North America,<=50K
29011,"[30, 40[", Local-gov,429897,Undergraduate,13,Married-civ-spouse,Technical, Husband,*,Male,0,0,45,North America,>50K
29012,"[20, 30[", Private,189897,High School,9,Married-civ-spouse,Technical, Own-child,*,Male,0,0,40,North America,<=50K
29013,"[50, 60[", Private,145155,High School,9,Widowed,Other, Not-in-family,*,Female,0,0,40,North America,<=50K
29014,"[20, 30[", State-gov,192257,High School,9,Never-married,Other, Own-child,*,Male,2174,0,40,North America,<=50K
29015,"[30, 40[", Private,194960,High School,9,Never-married,Other, Not-in-family,*,Male,0,0,40,North America,<=50K
29016,"[40, 50[", Local-gov,357814,High School,8,Married-civ-spouse,Other, Other-relative,*,Female,0,0,35,North America,<=50K
29017,"[20, 30[", Local-gov,137629,High School,9,Married-civ-spouse,Nontechnical, Husband,*,Male,0,0,80,North America,>50K
29018,"[40, 50[", Private,156526,Undergraduate,10,Never-married,Technical, Not-in-family,*,Male,0,0,33,North America,<=50K
29019,"[20, 30[", Private,189238,High School,5,Never-married,Other, Own-child,*,Female,0,0,38,North America,<=50K
29020,"[20, 30[", Private,202989,High School,9,Never-married,Technical, Not-in-family,*,Male,0,0,40,North America,<=50K
29021,"[20, 30[", Private,25684,High School,9,Never-married,Technical, Not-in-family,*,Female,0,0,40,North America,<=50K
29022,"[30, 40[", Self-emp-not-inc,192939,High School,9,Married-civ-spouse,Technical, Husband,*,Male,0,0,50,North America,<=50K
29023,"[20, 30[", Private,138692,Undergraduate,10,Never-married,Technical, Own-child,*,Male,0,0,50,North America,<=50K
29024,"[20, 30[", Private,222249,High School,9,Never-married,Other, Other-relative,*,Female,0,0,40,North America,<=50K
29026,"[20, 30[", ?,190650,Undergraduate,13,Never-married,Other, Not-in-family,*,Male,0,0,35,North America,<=50K
29027,"[30, 40[", Private,56004,Undergraduate,10,Never-married,Nontechnical, Own-child,*,Female,0,0,40,North America,<=50K
29028,"[40, 50[", Private,182313,Undergraduate,10,Married-civ-spouse,Nontechnical, Husband,*,Male,0,0,40,North America,<=50K
29029,"[40, 50[", Self-emp-not-inc,138962,Undergraduate,10,Married-civ-spouse,Nontechnical, Husband,*,Male,0,0,72,Unknown,<=50K
29030,"[30, 40[", Private,277248,Graduate,14,Married-civ-spouse,Nontechnical, Husband,*,Male,0,0,60,North America,>50K
29031,"[20, 30[", Private,125031,High School,9,Never-married,Nontechnical, Other-relative,*,Male,0,0,40,North America,<=50K
29032,"[40, 50[", State-gov,216414,Graduate,16,Married-civ-spouse,Technical, Husband,*,Male,0,0,40,North America,>50K
29034,"[20, 30[", Private,356133,Undergraduate,10,Never-married,Technical, Other-relative,*,Female,0,0,40,North America,<=50K
29035,"[40, 50[", Private,185397,Professional Education,12,Divorced,Technical, Not-in-family,*,Male,0,0,40,North America,<=50K
29036,"[20, 30[", Private,308285,High School,9,Never-married,Technical, Own-child,*,Male,0,0,40,North America,<=50K
29037,"[40, 50[", Private,56651,High School,9,Married-civ-spouse,Technical, Husband,*,Male,0,0,40,North America,<=50K
29039,"[40, 50[", Federal-gov,44706,Undergraduate,13,Divorced,Technical, Unmarried,*,Female,0,0,50,North America,>50K
29040,"[30, 40[", ?,222548,Undergraduate,10,Married-civ-spouse,Other, Wife,*,Female,0,0,4,North America,<=50K
29041,"[30, 40[", Private,248754,Undergraduate,10,Married-civ-spouse,Technical, Husband,*,Male,0,0,40,North America,<=50K
29042,"[20, 30[", Private,104981,High School,9,Never-married,Nontechnical, Not-in-family,*,Male,0,0,40,North America,<=50K
29043,"[20, 30[", Private,315065,Undergraduate,10,Never-married,Other, Unmarried,*,Male,0,0,35,North America,<=50K
29044,"[40, 50[", Private,188325,High School,9,Married-civ-spouse,Other, Husband,*,Male,0,0,40,North America,<=50K
29045,"[20, 30[", Private,221661,High School,9,Never-married,Nontechnical, Own-child,*,Female,0,0,35,North America,<=50K
29046,"[50, 60[", Private,81973,Graduate,14,Married-civ-spouse,Nontechnical, Husband,*,Male,0,0,40,North America,>50K
29047,"[30, 40[", Private,169122,Undergraduate,10,Married-civ-spouse,Technical, Husband,*,Male,0,0,50,North America,<=50K
29048,"[40, 50[", Private,216734,Undergraduate,10,Divorced,Nontechnical, Not-in-family,*,Female,0,0,40,North America,<=50K
29049,"[30, 40[", Private,98101,High School,4,Married-civ-spouse,Other, Husband,*,Male,0,0,40,North America,<=50K
29050,"[10, 20[", Private,292511,Undergraduate,10,Never-married,Other, Own-child,*,Male,0,0,25,North America,<=50K
29051,"[20, 30[", Private,122971,Undergraduate,10,Never-married,Nontechnical, Own-child,*,Male,0,0,35,North America,<=50K
29052,"[20, 30[", Private,124953,Undergraduate,13,Never-married,Technical, Own-child,*,Male,0,0,50,North America,<=50K
29053,"[50, 60[", Private,123011,Undergraduate,10,Married-civ-spouse,Technical, Husband,*,Male,0,0,40,North America,>50K
29054,"[30, 40[", Private,76417,High School,9,Married-civ-spouse,Technical, Husband,*,Male,0,0,52,North America,<=50K
29055,"[40, 50[", Private,351576,Undergraduate,13,Never-married,Nontechnical, Not-in-family,*,Male,0,0,50,North America,>50K
29056,"[40, 50[", Federal-gov,33794,Undergraduate,13,Married-civ-spouse,Technical, Husband,*,Male,3103,0,40,North America,>50K
29057,"[30, 40[", Private,79923,Graduate,14,Married-civ-spouse,Technical, Husband,*,Male,0,0,45,North America,>50K
29058,"[30, 40[", Private,117983,High School,6,Divorced,Other, Unmarried,*,Female,0,0,45,North America,<=50K
29059,"[30, 40[", Private,186110,Undergraduate,10,Married-civ-spouse,Other, Husband,*,Male,0,0,40,North America,<=50K
29060,"[30, 40[", Private,187589,High School,9,Married-civ-spouse,Nontechnical, Husband,*,Male,5178,0,40,North America,>50K
29061,"[30, 40[", ?,319685,Professional Education,11,Married-civ-spouse,Other, Husband,*,Male,0,0,54,North America,>50K
29062,"[60, 70[", ?,64101,High School,8,Married-civ-spouse,Other, Husband,*,Male,0,0,24,North America,<=50K
29063,"[40, 50[", Self-emp-not-inc,162923,High School,9,Married-civ-spouse,Technical, Husband,*,Male,0,0,60,North America,<=50K
29064,"[20, 30[", Private,288519,Undergraduate,13,Never-married,Other, Not-in-family,*,Female,0,0,40,North America,<=50K
29065,"[20, 30[", Private,33798,Professional Education,11,Married-civ-spouse,Technical, Husband,*,Male,0,0,40,North America,<=50K
29066,"[20, 30[", Private,195734,High School,9,Never-married,Other, Own-child,*,Female,2354,0,40,North America,<=50K
29067,"[20, 30[", Private,214120,High School,9,Never-married,Other, Own-child,*,Male,0,0,40,North America,<=50K
29068,"[20, 30[", Private,113515,High School,9,Never-married,Nontechnical, Not-in-family,*,Female,0,0,40,North America,<=50K
29069,"[50, 60[", Self-emp-not-inc,261230,Undergraduate,10,Divorced,Technical, Not-in-family,*,Female,0,0,40,North America,<=50K
29070,"[30, 40[", Private,98515,Professional Education,11,Divorced,Technical, Unmarried,*,Female,0,0,40,North America,<=50K
29071,"[40, 50[", Private,187715,Undergraduate,10,Married-civ-spouse,Nontechnical, Husband,*,Male,0,0,50,North America,<=50K
29072,"[20, 30[", ?,214238,High School,4,Never-married,Other, Not-in-family,*,Female,0,0,40,North America,<=50K
29073,"[30, 40[", Private,123964,Undergraduate,10,Married-civ-spouse,Nontechnical, Husband,*,Male,4386,0,50,North America,<=50K
29074,"[20, 30[", Private,68991,High School,9,Never-married,Other, Unmarried,*,Male,0,0,40,North America,<=50K
29076,"[10, 20[", Private,198320,High School,9,Never-married,Other, Not-in-family,*,Female,0,0,45,North America,<=50K
29077,"[30, 40[", Private,709798,Undergraduate,13,Married-civ-spouse,Technical, Husband,*,Male,0,0,60,North America,>50K
29078,"[60, 70[", Private,372838,High School,9,Married-civ-spouse,Technical, Husband,*,Male,0,0,40,North America,<=50K
29079,"[30, 40[", Private,160402,Undergraduate,10,Divorced,Nontechnical, Not-in-family,*,Male,0,0,38,North America,<=50K
29080,"[40, 50[", Private,98475,Undergraduate,13,Divorced,Nontechnical, Not-in-family,*,Male,0,0,45,North America,<=50K
29082,"[20, 30[", Private,136985,Professional Education,12,Never-married,Technical, Own-child,*,Male,0,0,40,North America,<=50K
29083,"[50, 60[", Private,187356,Undergraduate,10,Married-civ-spouse,Technical, Husband,*,Male,0,0,66,North America,<=50K
29084,"[40, 50[", State-gov,107231,Undergraduate,10,Married-civ-spouse,Nontechnical, Husband,*,Male,0,1740,40,North America,<=50K
29085,"[20, 30[", Private,305874,Undergraduate,10,Never-married,Other, Own-child,*,Male,0,0,40,North America,<=50K
29086,"[30, 40[", Private,290922,Graduate,14,Never-married,Technical, Own-child,*,Female,0,0,40,North America,<=50K
29087,"[40, 50[", Private,248254,Undergraduate,10,Married-civ-spouse,Technical, Wife,*,Female,7298,0,40,North America,>50K
29088,"[30, 40[", Private,160808,High School,9,Married-civ-spouse,Technical, Husband,*,Male,4386,0,48,North America,<=50K
29089,"[30, 40[", Private,247321,High School,9,Married-civ-spouse,Technical, Husband,*,Male,0,0,45,North America,<=50K
29090,"[50, 60[", Private,247651,High School,4,Divorced,Technical, Unmarried,*,Female,0,0,56,North America,<=50K
29091,"[20, 30[", Private,214702,High School,9,Never-married,Technical, Not-in-family,*,Male,0,1974,35,North America,<=50K
29092,"[60, 70[", Private,75577,High School,4,Married-civ-spouse,Other, Husband,*,Male,2580,0,50,North America,<=50K
29093,"[30, 40[", Private,561334,Undergraduate,10,Married-civ-spouse,Nontechnical, Husband,*,Male,0,0,50,North America,>50K
29094,"[30, 40[", ?,224886,High School,9,Married-civ-spouse,Other, Husband,*,Male,0,0,40,North America,<=50K
29095,"[40, 50[", Local-gov,401134,Undergraduate,13,Divorced,Technical, Unmarried,*,Female,0,0,40,North America,<=50K
29096,"[30, 40[", Private,258170,High School,9,Divorced,Nontechnical, Unmarried,*,Female,0,0,38,North America,<=50K
29097,"[60, 70[", ?,141181,High School,5,Married-civ-spouse,Other, Husband,*,Male,0,0,2,North America,<=50K
29098,"[30, 40[", Private,292370,Undergraduate,13,Married-civ-spouse,Technical, Husband,*,Male,0,0,50,Unknown,>50K
29099,"[20, 30[", Private,300871,Undergraduate,10,Married-civ-spouse,Technical, Husband,*,Male,0,0,40,North America,<=50K
29100,"[40, 50[", Private,136721,High School,8,Married-civ-spouse,Technical, Husband,*,Male,0,0,40,North America,<=50K
29101,"[10, 20[", ?,140399,Undergraduate,10,Never-married,Other, Other-relative,*,Female,0,0,30,North America,<=50K
29102,"[30, 40[", Private,109133,Undergraduate,10,Never-married,Nontechnical, Not-in-family,*,Male,0,0,40,North America,<=50K
29103,"[40, 50[", Private,186534,High School,9,Married-civ-spouse,Nontechnical, Husband,*,Male,0,0,55,North America,>50K
29105,"[30, 40[", Private,241885,Undergraduate,10,Separated,Technical, Not-in-family,*,Male,0,0,40,North America,<=50K
29106,"[20, 30[", Private,97165,Undergraduate,10,Never-married,Technical, Other-relative,*,Female,0,0,40,North America,<=50K
29107,"[30, 40[", Private,212918,Undergraduate,10,Never-married,Technical, Not-in-family,*,Male,0,0,70,North America,<=50K
29108,"[20, 30[", Private,211585,High School,9,Married-civ-spouse,Other, Own-child,*,Female,0,0,40,North America,<=50K
29109,"[40, 50[", Local-gov,178309,Undergraduate,10,Divorced,Technical, Not-in-family,*,Female,0,0,40,North America,<=50K
29110,"[40, 50[", Self-emp-inc,481987,High School,6,Married-civ-spouse,Nontechnical, Husband,*,Male,0,0,40,North America,<=50K
29111,"[20, 30[", Private,215211,High School,9,Married-civ-spouse,Nontechnical, Husband,*,Male,0,0,50,North America,<=50K
29112,"[30, 40[", Local-gov,194901,Undergraduate,13,Married-civ-spouse,Technical, Husband,*,Male,0,0,40,North America,>50K
29113,"[40, 50[", Private,340885,Undergraduate,13,Married-civ-spouse,Technical, Husband,*,Male,0,1977,40,North America,>50K
29114,"[30, 40[", Local-gov,190290,Professional Education,11,Never-married,Other, Not-in-family,*,Male,0,0,56,North America,<=50K
29115,"[20, 30[", Private,188569,Undergraduate,10,Never-married,Other, Not-in-family,*,Female,0,0,25,North America,<=50K
29116,"[20, 30[", Private,162282,Professional Education,11,Never-married,Nontechnical, Own-child,*,Male,0,0,40,North America,<=50K
29117,"[30, 40[", Private,287315,Undergraduate,10,Married-civ-spouse,Nontechnical, Husband,*,Male,0,0,55,North America,>50K
29118,"[30, 40[", Self-emp-inc,304212,Undergraduate,10,Never-married,Nontechnical, Own-child,*,Male,0,0,45,North America,<=50K
29119,"[70, 80[", ?,200878,High School,9,Widowed,Other, Not-in-family,*,Female,0,0,15,North America,<=50K
29120,"[30, 40[", Local-gov,256864,Professional Education,11,Married-civ-spouse,Nontechnical, Husband,*,Male,0,0,40,North America,<=50K
29121,"[50, 60[", Self-emp-not-inc,46401,Undergraduate,10,Married-civ-spouse,Technical, Wife,*,Female,0,0,40,North America,>50K
29122,"[30, 40[", Private,37778,Undergraduate,10,Married-civ-spouse,Nontechnical, Husband,*,Male,0,0,40,North America,<=50K
29123,"[20, 30[", Private,191722,Undergraduate,10,Married-civ-spouse,Other, Husband,*,Male,7688,0,54,North America,>50K
29124,"[60, 70[", Self-emp-not-inc,103643,High School,9,Married-civ-spouse,Nontechnical, Husband,*,Male,0,0,15,North America,>50K
29125,"[20, 30[", Private,143766,Undergraduate,10,Never-married,Technical, Own-child,*,Male,0,0,55,North America,<=50K
29126,"[20, 30[", State-gov,204425,Undergraduate,10,Never-married,Nontechnical, Own-child,*,Female,0,0,20,North America,<=50K
29127,"[20, 30[", Private,156257,Undergraduate,10,Married-civ-spouse,Technical, Husband,*,Male,0,0,60,North America,>50K
29128,"[10, 20[", ?,113185,High School,7,Never-married,Other, Own-child,*,Male,0,0,25,North America,<=50K
29129,"[40, 50[", Self-emp-inc,112262,High School,9,Married-civ-spouse,Technical, Husband,*,Male,0,0,50,North America,<=50K
29130,"[10, 20[", Private,28031,High School,5,Never-married,Other, Own-child,*,Male,0,0,16,North America,<=50K
29131,"[50, 60[", Private,320102,Graduate,16,Married-civ-spouse,Technical, Husband,*,Male,0,0,50,North America,>50K
29132,"[50, 60[", Self-emp-not-inc,334273,Undergraduate,13,Married-civ-spouse,Nontechnical, Husband,*,Male,0,0,8,North America,<=50K
29134,"[40, 50[", Private,278900,High School,9,Married-civ-spouse,Technical, Husband,*,Male,0,0,40,North America,<=50K
29135,"[20, 30[", Private,142528,Undergraduate,10,Never-married,Nontechnical, Own-child,*,Male,0,0,20,North America,<=50K
29136,"[50, 60[", Federal-gov,343014,Undergraduate,10,Married-civ-spouse,Nontechnical, Husband,*,Male,0,0,40,North America,<=50K
29138,"[30, 40[", Self-emp-not-inc,81030,Graduate,16,Married-civ-spouse,Technical, Husband,*,Male,0,0,40,North America,>50K
29139,"[40, 50[", Self-emp-not-inc,34007,High School,9,Married-civ-spouse,Other, Husband,*,Male,0,0,70,North America,>50K
29140,"[30, 40[", Private,29662,Undergraduate,10,Never-married,Nontechnical, Not-in-family,*,Female,0,0,60,North America,<=50K
29141,"[50, 60[", Private,347446,High School,5,Married-civ-spouse,Technical, Husband,*,Male,0,0,40,North America,<=50K
29142,"[30, 40[", Private,90668,High School,9,Never-married,Other, Not-in-family,*,Female,0,0,40,North America,<=50K
29143,"[40, 50[", Private,190403,Undergraduate,13,Married-civ-spouse,Other, Husband,*,Male,0,0,40,North America,<=50K
29144,"[50, 60[", Private,109015,Undergraduate,10,Married-civ-spouse,Nontechnical, Wife,*,Female,7688,0,50,North America,>50K
29145,"[30, 40[", Private,234807,Undergraduate,13,Married-civ-spouse,Nontechnical, Wife,*,Female,0,0,50,North America,>50K
29146,"[10, 20[", Private,157131,High School,7,Never-married,Nontechnical, Own-child,*,Female,0,0,30,North America,<=50K
29147,"[50, 60[", Private,94081,High School,9,Married-civ-spouse,Nontechnical, Husband,*,Male,0,0,40,North America,>50K
29149,"[20, 30[", Private,103164,High School,7,Married-civ-spouse,Technical, Husband,*,Male,0,0,40,North America,<=50K
29150,"[10, 20[", Private,570002,Undergraduate,10,Never-married,Nontechnical, Own-child,*,Female,0,0,25,North America,<=50K
29151,"[20, 30[", State-gov,215797,Undergraduate,13,Never-married,Technical, Not-in-family,*,Female,0,0,40,North America,<=50K
29152,"[20, 30[", Private,289405,Undergraduate,10,Never-married,Nontechnical, Own-child,*,Male,0,1602,15,North America,<=50K
29153,"[20, 30[", Private,239461,Graduate,14,Never-married,Technical, Own-child,*,Male,0,0,35,North America,<=50K
29154,"[30, 40[", Private,101510,Undergraduate,13,Divorced,Nontechnical, Not-in-family,*,Female,0,0,50,North America,>50K
29155,"[30, 40[", Self-emp-inc,443546,Professional Education,11,Married-civ-spouse,Nontechnical, Husband,*,Male,0,0,35,North America,<=50K
29156,"[30, 40[", Federal-gov,141029,Graduate,14,Divorced,Technical, Not-in-family,*,Female,0,0,40,North America,<=50K
29157,"[30, 40[", Private,207202,High School,9,Married-civ-spouse,Technical, Husband,*,Male,0,0,48,North America,>50K
29159,"[30, 40[", Private,222989,High School,9,Married-civ-spouse,Other, Husband,*,Male,0,0,30,North America,<=50K
29160,"[70, 80[", Self-emp-not-inc,36325,High School,9,Married-civ-spouse,Other, Husband,*,Male,0,0,30,North America,<=50K
29161,"[40, 50[", Private,73394,Undergraduate,10,Married-civ-spouse,Nontechnical, Wife,*,Female,0,0,50,North America,<=50K
29162,"[20, 30[", Private,249046,High School,6,Married-civ-spouse,Nontechnical, Husband,*,Male,0,0,40,North America,<=50K
29163,"[50, 60[", Federal-gov,100653,High School,9,Divorced,Other, Not-in-family,*,Female,0,0,8,North America,<=50K
29164,"[40, 50[", Local-gov,1125613,High School,9,Divorced,Other, Not-in-family,*,Male,0,0,40,North America,<=50K
29165,"[30, 40[", Private,101352,Undergraduate,10,Married-civ-spouse,Technical, Wife,*,Female,0,0,32,North America,>50K
29167,"[20, 30[", Private,192711,Undergraduate,10,Never-married,Nontechnical, Own-child,*,Female,0,0,40,North America,<=50K
29168,"[30, 40[", Private,273362,High School,9,Married-civ-spouse,Technical, Husband,*,Male,0,0,40,North America,>50K
29169,"[40, 50[", Private,100451,High School,9,Married-civ-spouse,Technical, Husband,*,Male,7688,0,38,North America,>50K
29170,"[30, 40[", Private,85399,High School,9,Never-married,Technical, Not-in-family,*,Female,0,0,40,North America,<=50K
29171,"[40, 50[", Local-gov,168191,Undergraduate,13,Married-civ-spouse,Technical, Husband,*,Male,0,0,35,North America,>50K
29172,"[20, 30[", Private,153475,Undergraduate,13,Never-married,Nontechnical, Not-in-family,*,Female,0,0,40,North America,<=50K
29173,"[60, 70[", Self-emp-not-inc,196773,High School,4,Married-civ-spouse,Nontechnical, Husband,*,Male,0,0,30,North America,>50K
29174,"[40, 50[", Private,180138,High School,9,Never-married,Nontechnical, Not-in-family,*,Male,0,0,50,North America,<=50K
29175,"[20, 30[", Private,48347,Undergraduate,10,Never-married,Technical, Own-child,*,Male,0,0,40,North America,<=50K
29176,"[50, 60[", Private,175071,Undergraduate,10,Married-civ-spouse,Technical, Husband,*,Male,15024,0,40,North America,>50K
29177,"[60, 70[", ?,129476,Undergraduate,13,Married-civ-spouse,Other, Husband,*,Male,0,0,6,North America,<=50K
29178,"[20, 30[", Private,181772,Undergraduate,10,Married-civ-spouse,Technical, Husband,*,Male,0,0,40,North America,<=50K
29179,"[20, 30[", Private,284317,Undergraduate,10,Never-married,Other, Own-child,*,Female,0,0,35,North America,<=50K
29180,"[20, 30[", Private,237305,Undergraduate,10,Never-married,Technical, Other-relative,*,Female,0,0,35,North America,<=50K
29181,"[60, 70[", Self-emp-inc,111321,Undergraduate,13,Married-civ-spouse,Nontechnical, Husband,*,Male,0,0,16,North America,<=50K
29182,"[40, 50[", Private,278476,Undergraduate,10,Married-civ-spouse,Nontechnical, Husband,*,Male,0,0,60,North America,>50K
29183,"[40, 50[", Private,39060,High School,9,Married-civ-spouse,Nontechnical, Husband,*,Male,0,0,60,North America,>50K
29185,"[40, 50[", Private,198000,Undergraduate,10,Never-married,Technical, Unmarried,*,Female,0,0,38,North America,>50K
29186,"[20, 30[", Private,397962,High School,9,Never-married,Other, Other-relative,*,Female,0,0,40,North America,<=50K
29187,"[30, 40[", Private,178370,High School,9,Divorced,Other, Unmarried,*,Female,0,0,99,North America,>50K
29189,"[40, 50[", Private,56072,Graduate,14,Divorced,Technical, Not-in-family,*,Male,0,0,20,North America,<=50K
29190,"[20, 30[", Private,176756,Undergraduate,10,Married-civ-spouse,Nontechnical, Husband,*,Male,0,0,40,North America,<=50K
29191,"[20, 30[", Private,60374,High School,9,Married-civ-spouse,Other, Own-child,*,Female,0,0,35,North America,<=50K
29192,"[50, 60[", Private,165681,Undergraduate,10,Married-civ-spouse,Technical, Husband,*,Male,0,0,40,North America,>50K
29193,"[40, 50[", Self-emp-not-inc,287037,High School,9,Married-civ-spouse,Technical, Husband,*,Male,0,0,40,North America,<=50K
29194,"[30, 40[", Self-emp-not-inc,55568,Undergraduate,13,Married-civ-spouse,Other, Wife,*,Female,0,0,50,North America,<=50K
29196,"[10, 20[", Private,201178,High School,9,Never-married,Nontechnical, Not-in-family,*,Female,0,0,30,North America,<=50K
29197,"[20, 30[", Private,37250,Undergraduate,10,Married-civ-spouse,Technical, Husband,*,Male,0,1651,40,North America,<=50K
29198,"[50, 60[", Private,314149,Professional Education,11,Married-civ-spouse,Nontechnical, Husband,*,Male,0,1740,50,North America,<=50K
29199,"[10, 20[", Private,264593,Undergraduate,10,Never-married,Nontechnical, Other-relative,*,Male,0,0,40,North America,<=50K
29200,"[30, 40[", Private,159589,High School,9,Never-married,Nontechnical, Own-child,*,Male,0,0,50,North America,<=50K
29201,"[30, 40[", Private,454915,High School,9,Never-married,Nontechnical, Other-relative,*,Male,0,0,40,North America,<=50K
29202,"[30, 40[", Private,285131,High School,9,Married-civ-spouse,Technical, Husband,*,Male,0,0,40,North America,<=50K
29203,"[30, 40[", Private,150057,High School,9,Never-married,Nontechnical, Not-in-family,*,Male,0,0,40,North America,<=50K
29204,"[20, 30[", Private,55390,Undergraduate,10,Never-married,Other, Own-child,*,Male,0,0,45,North America,<=50K
29205,"[20, 30[", Private,314894,High School,9,Never-married,Nontechnical, Own-child,*,Female,0,0,45,North America,<=50K
29207,"[20, 30[", Local-gov,124483,Undergraduate,13,Never-married,Other, Not-in-family,*,Male,0,0,20,Asia,<=50K
29208,"[30, 40[", Self-emp-inc,97986,Professional Education,12,Married-civ-spouse,Nontechnical, Husband,*,Male,0,0,68,North America,<=50K
29209,"[30, 40[", Private,210562,High School,9,Married-civ-spouse,Other, Husband,*,Male,0,0,65,North America,<=50K
29210,"[20, 30[", Private,233280,Professional Education,12,Never-married,Nontechnical, Own-child,*,Female,0,0,37,North America,<=50K
29211,"[50, 60[", Local-gov,164300,Undergraduate,13,Divorced,Other, Unmarried,*,Female,0,0,38,North America,<=50K
29213,"[20, 30[", Private,263773,Undergraduate,10,Married-civ-spouse,Other, Wife,*,Female,0,0,40,North America,>50K
29214,"[50, 60[", Private,96459,High School,7,Never-married,Technical, Not-in-family,*,Male,0,0,40,North America,<=50K
29215,"[30, 40[", Federal-gov,116608,High School,9,Divorced,Other, Unmarried,*,Female,0,0,40,North America,<=50K
29216,"[20, 30[", Private,180007,Undergraduate,10,Never-married,Nontechnical, Own-child,*,Male,0,0,40,North America,<=50K
29217,"[20, 30[", Private,305466,High School,9,Never-married,Nontechnical, Not-in-family,*,Male,0,0,40,North America,<=50K
29218,"[20, 30[", Private,238917,High School,9,Never-married,Technical, Other-relative,*,Male,0,0,40,North America,<=50K
29219,"[20, 30[", Private,129784,Undergraduate,10,Never-married,Other, Own-child,*,Female,0,0,40,North America,<=50K
29220,"[20, 30[", Private,367390,Undergraduate,10,Never-married,Technical, Unmarried,*,Male,0,0,50,North America,<=50K
29221,"[20, 30[", Private,235691,High School,9,Never-married,Nontechnical, Unmarried,*,Male,0,0,40,North America,<=50K
29222,"[60, 70[", ?,166425,Undergraduate,10,Widowed,Other, Not-in-family,*,Female,0,0,24,North America,<=50K
29223,"[40, 50[", Self-emp-not-inc,160369,High School,6,Divorced,Other, Unmarried,*,Male,0,0,25,North America,<=50K
29224,"[30, 40[", Private,206298,Undergraduate,10,Divorced,Other, Not-in-family,*,Female,0,0,40,North America,<=50K
29225,"[20, 30[", Private,183523,Undergraduate,13,Never-married,Technical, Not-in-family,*,Male,0,0,45,North America,<=50K
29226,"[10, 20[", Private,217342,High School,6,Never-married,Nontechnical, Own-child,*,Female,0,0,5,North America,<=50K
29227,"[40, 50[", State-gov,141858,Professional Education,15,Married-civ-spouse,Technical, Husband,*,Male,0,0,72,North America,<=50K
29228,"[50, 60[", Private,213296,Undergraduate,10,Married-civ-spouse,Technical, Husband,*,Male,0,0,48,North America,>50K
29229,"[20, 30[", Self-emp-inc,201682,Undergraduate,13,Never-married,Other, Own-child,*,Female,0,0,35,North America,<=50K
29230,"[60, 70[", Private,178312,High School,9,Married-civ-spouse,Nontechnical, Husband,*,Male,7298,0,65,North America,>50K
29231,"[30, 40[", Private,269723,High School,9,Never-married,Nontechnical, Not-in-family,*,Female,0,0,40,North America,<=50K
29232,"[20, 30[", Private,200593,High School,9,Married-civ-spouse,Nontechnical, Husband,*,Male,0,0,50,North America,<=50K
29233,"[20, 30[", Private,32616,Undergraduate,13,Never-married,Other, Own-child,*,Female,0,0,20,North America,<=50K
29234,"[20, 30[", Private,259510,Undergraduate,13,Married-civ-spouse,Technical, Husband,*,Male,5013,0,30,North America,<=50K
29235,"[40, 50[", Self-emp-not-inc,271828,Undergraduate,13,Married-civ-spouse,Technical, Husband,*,Male,0,0,20,North America,<=50K
29236,"[50, 60[", Self-emp-inc,78104,Undergraduate,10,Married-civ-spouse,Nontechnical, Husband,*,Male,7298,0,60,North America,>50K
29237,"[20, 30[", Private,113703,Undergraduate,10,Never-married,Nontechnical, Other-relative,*,Male,0,0,20,North America,<=50K
29238,"[40, 50[", Private,187802,Undergraduate,10,Never-married,Nontechnical, Not-in-family,*,Male,0,0,40,North America,<=50K
29239,"[40, 50[", Private,440706,High School,4,Married-civ-spouse,Technical, Husband,*,Male,0,0,40,North America,>50K
29240,"[30, 40[", Private,191834,High School,9,Divorced,Technical, Other-relative,*,Male,0,0,40,North America,<=50K
29241,"[30, 40[", Private,149184,Professional Education,15,Married-civ-spouse,Technical, Husband,*,Male,0,1977,50,North America,>50K
29242,"[40, 50[", Self-emp-inc,315998,Undergraduate,13,Married-civ-spouse,Nontechnical, Husband,*,Male,0,0,50,North America,<=50K
29243,"[30, 40[", Private,159589,Undergraduate,13,Married-civ-spouse,Technical, Husband,*,Male,7688,0,50,North America,>50K
29244,"[30, 40[", Private,60313,High School,9,Never-married,Technical, Not-in-family,*,Male,0,0,40,North America,<=50K
29245,"[50, 60[", Local-gov,32855,High School,9,Married-civ-spouse,Other, Husband,*,Male,0,0,48,North America,<=50K
29246,"[50, 60[", Private,142326,Undergraduate,13,Divorced,Technical, Not-in-family,*,Female,0,0,50,North America,<=50K
29247,"[60, 70[", Self-emp-not-inc,201965,High School,9,Married-civ-spouse,Nontechnical, Husband,*,Male,0,0,40,North America,<=50K
29248,"[50, 60[", Private,172333,High School,9,Married-civ-spouse,Nontechnical, Husband,*,Male,7688,0,40,North America,>50K
29249,"[30, 40[", Private,206541,Professional Education,11,Married-civ-spouse,Technical, Husband,*,Male,0,0,45,North America,>50K
29250,"[30, 40[", Self-emp-not-inc,177828,High School,9,Divorced,Technical, Not-in-family,*,Male,0,0,50,North America,<=50K
29251,"[20, 30[", Private,303440,Undergraduate,13,Separated,Nontechnical, Not-in-family,*,Female,0,0,50,North America,>50K
29252,"[20, 30[", Private,89991,Undergraduate,10,Never-married,Other, Own-child,*,Female,0,0,11,North America,<=50K
29253,"[30, 40[", Private,186009,High School,9,Married-civ-spouse,Technical, Husband,*,Male,0,0,40,North America,>50K
29254,"[50, 60[", Private,170988,High School,9,Married-civ-spouse,Nontechnical, Husband,*,Male,0,0,55,North America,<=50K
29256,"[50, 60[", Self-emp-not-inc,213654,High School,9,Married-civ-spouse,Nontechnical, Husband,*,Male,0,0,40,North America,<=50K
29257,"[50, 60[", Self-emp-inc,32316,High School,8,Widowed,Nontechnical, Not-in-family,*,Female,0,0,40,North America,<=50K
29258,"[30, 40[", Self-emp-not-inc,150371,High School,9,Never-married,Technical, Not-in-family,*,Male,0,0,40,North America,<=50K
29259,"[10, 20[", ?,387871,High School,6,Never-married,Other, Own-child,*,Male,0,0,30,North America,<=50K
29260,"[20, 30[", Private,314649,Undergraduate,10,Married-civ-spouse,Nontechnical, Husband,*,Male,0,0,60,North America,<=50K
29261,"[40, 50[", Private,240255,Professional Education,11,Married-civ-spouse,Technical, Husband,*,Male,0,0,40,North America,>50K
29262,"[60, 70[", Private,206339,High School,9,Married-civ-spouse,Other, Husband,*,Male,0,0,40,North America,<=50K
29263,"[40, 50[", Self-emp-inc,230168,Undergraduate,10,Married-civ-spouse,Nontechnical, Husband,*,Male,0,0,91,North America,<=50K
29264,"[40, 50[", Private,171424,Undergraduate,13,Married-civ-spouse,Technical, Husband,*,Male,7298,0,45,North America,>50K
29265,"[30, 40[", Private,148581,High School,9,Married-civ-spouse,Technical, Husband,*,Male,0,0,55,North America,>50K
29266,"[50, 60[", Local-gov,89705,Graduate,14,Married-civ-spouse,Technical, Husband,*,Male,0,0,40,North America,>50K
29267,"[40, 50[", Self-emp-not-inc,248406,High School,9,Married-civ-spouse,Other, Husband,*,Male,0,0,40,North America,<=50K
29268,"[20, 30[", Local-gov,72594,Undergraduate,10,Married-civ-spouse,Other, Husband,*,Male,0,0,55,North America,>50K
29269,"[30, 40[", Local-gov,137537,Undergraduate,13,Divorced,Technical, Unmarried,*,Female,0,0,40,North America,<=50K
29271,"[30, 40[", Private,217274,Undergraduate,10,Married-civ-spouse,Technical, Husband,*,Male,0,0,50,North America,<=50K
29272,"[10, 20[", Private,69151,High School,5,Never-married,Nontechnical, Own-child,*,Male,0,0,25,North America,<=50K
29273,"[50, 60[", Self-emp-not-inc,81107,Undergraduate,10,Married-civ-spouse,Nontechnical, Wife,*,Female,0,0,80,North America,>50K
29274,"[30, 40[", Private,205852,Undergraduate,13,Married-civ-spouse,Nontechnical, Husband,*,Male,0,0,40,North America,>50K
29275,"[30, 40[", Private,201117,Undergraduate,13,Married-civ-spouse,Nontechnical, Husband,*,Male,0,0,50,North America,<=50K
29276,"[30, 40[", Private,397307,Graduate,14,Never-married,Nontechnical, Not-in-family,*,Female,0,0,55,North America,<=50K
29277,"[30, 40[", Private,115422,High School,9,Married-civ-spouse,Other, Husband,*,Male,0,0,30,North America,<=50K
29279,"[10, 20[", Local-gov,39815,High School,6,Never-married,Other, Own-child,*,Female,0,0,25,North America,<=50K
29280,"[40, 50[", Private,151584,Undergraduate,10,Married-civ-spouse,Other, Husband,*,Male,0,0,32,North America,<=50K
29281,"[10, 20[", Private,164938,Undergraduate,10,Never-married,Other, Own-child,*,Female,0,0,25,North America,<=50K
29282,"[30, 40[", Self-emp-not-inc,179896,High School,9,Married-civ-spouse,Technical, Wife,*,Female,3137,0,40,North America,<=50K
29283,"[20, 30[", Private,253841,High School,9,Never-married,Nontechnical, Not-in-family,*,Male,0,0,45,North America,<=50K
29284,"[20, 30[", Private,177955,Primary School,3,Never-married,Other, Other-relative,*,Female,2176,0,40,North America,<=50K
29285,"[60, 70[", Private,113323,Undergraduate,13,Married-civ-spouse,Technical, Husband,*,Male,20051,0,40,North America,>50K
29286,"[30, 40[", Private,320305,High School,4,Married-civ-spouse,Other, Husband,*,Male,0,0,40,North America,<=50K
29287,"[20, 30[", Private,229287,Undergraduate,13,Never-married,Nontechnical, Other-relative,*,Female,0,0,25,North America,<=50K
29288,"[10, 20[", Private,100790,High School,9,Never-married,Technical, Not-in-family,*,Female,0,0,40,North America,<=50K
29289,"[30, 40[", Private,331419,Professional Education,12,Never-married,Technical, Not-in-family,*,Male,4787,0,50,North America,>50K
29291,"[60, 70[", Private,202226,Undergraduate,10,Divorced,Technical, Own-child,*,Male,0,0,44,North America,>50K
29292,"[50, 60[", Private,308087,Undergraduate,10,Married-civ-spouse,Technical, Husband,*,Male,0,1977,18,North America,>50K
29293,"[40, 50[", Private,220124,High School,9,Separated,Technical, Not-in-family,*,Male,0,0,37,North America,<=50K
29294,"[30, 40[", State-gov,31703,Undergraduate,10,Never-married,Other, Own-child,*,Male,0,0,40,North America,<=50K
29295,"[50, 60[", Local-gov,153908,Graduate,14,Divorced,Nontechnical, Not-in-family,*,Female,0,0,40,North America,<=50K
29296,"[40, 50[", Private,180599,Professional Education,15,Married-civ-spouse,Technical, Husband,*,Male,15024,0,60,North America,>50K
29297,"[10, 20[", ?,252046,High School,9,Never-married,Other, Own-child,*,Female,0,0,30,North America,<=50K
29298,"[60, 70[", Self-emp-inc,160062,High School,9,Married-civ-spouse,Other, Husband,*,Male,0,0,25,North America,<=50K
29299,"[30, 40[", Self-emp-not-inc,148443,High School,9,Married-civ-spouse,Other, Husband,*,Male,0,0,60,North America,<=50K
29300,"[20, 30[", Private,91733,Undergraduate,13,Never-married,Technical, Own-child,*,Female,3325,0,40,North America,<=50K
29301,"[30, 40[", Private,176634,Professional Education,12,Never-married,Technical, Not-in-family,*,Female,0,0,40,North America,<=50K
29302,"[40, 50[", Local-gov,74949,Undergraduate,10,Never-married,Nontechnical, Not-in-family,*,Male,0,0,40,North America,<=50K
29303,"[40, 50[", Private,165484,Undergraduate,10,Married-civ-spouse,Nontechnical, Husband,*,Male,0,0,65,North America,>50K
29304,"[20, 30[", Private,44738,High School,9,Never-married,Nontechnical, Other-relative,*,Male,0,0,40,North America,<=50K
29305,"[30, 40[", Private,130040,High School,9,Divorced,Nontechnical, Not-in-family,*,Male,0,0,40,North America,<=50K
29306,"[30, 40[", Self-emp-not-inc,234537,Undergraduate,10,Married-civ-spouse,Technical, Husband,*,Male,0,0,60,North America,<=50K
29307,"[30, 40[", Private,179016,High School,9,Never-married,Technical, Not-in-family,*,Male,0,0,40,North America,<=50K
29308,"[20, 30[", Private,335421,Graduate,14,Never-married,Nontechnical, Own-child,*,Female,0,0,40,North America,<=50K
29310,"[20, 30[", ?,313786,High School,9,Divorced,Other, Other-relative,*,Female,0,0,40,North America,<=50K
29312,"[60, 70[", Private,131519,High School,9,Divorced,Nontechnical, Not-in-family,*,Female,0,0,40,North America,<=50K
29313,"[40, 50[", Private,285060,Undergraduate,13,Married-civ-spouse,Nontechnical, Husband,*,Male,0,0,50,North America,>50K
29314,"[20, 30[", State-gov,189765,Undergraduate,10,Separated,Other, Unmarried,*,Female,0,0,50,North America,<=50K
29315,"[20, 30[", Private,130905,Undergraduate,13,Never-married,Nontechnical, Own-child,*,Female,0,0,40,North America,<=50K
29316,"[50, 60[", Private,146325,High School,9,Married-civ-spouse,Technical, Husband,*,Male,0,0,44,North America,>50K
29317,"[30, 40[", Private,102821,High School,8,Married-civ-spouse,Other, Husband,*,Male,0,0,40,North America,<=50K
29318,"[20, 30[", ?,137876,Undergraduate,10,Never-married,Other, Own-child,*,Male,0,0,40,North America,<=50K
29319,"[20, 30[", Private,388998,Undergraduate,13,Never-married,Nontechnical, Not-in-family,*,Male,13550,0,46,North America,>50K
29320,"[20, 30[", Private,82910,Undergraduate,10,Married-civ-spouse,Other, Husband,*,Male,0,0,40,North America,<=50K
29321,"[30, 40[", Private,309122,High School,9,Divorced,Other, Unmarried,*,Female,0,0,35,North America,<=50K
29325,"[20, 30[", ?,133515,Undergraduate,10,Never-married,Other, Own-child,*,Female,0,0,15,Europe,<=50K
29326,"[20, 30[", Private,55215,Undergraduate,13,Never-married,Nontechnical, Own-child,*,Male,0,0,55,North America,<=50K
29327,"[30, 40[", Self-emp-inc,176357,High School,9,Married-civ-spouse,Nontechnical, Husband,*,Male,0,0,50,North America,<=50K
29328,"[60, 70[", Private,185836,Professional Education,15,Married-civ-spouse,Nontechnical, Husband,*,Male,0,0,40,North America,>50K
29329,"[20, 30[", Self-emp-not-inc,54152,Undergraduate,10,Never-married,Technical, Not-in-family,*,Female,0,0,35,North America,<=50K
29331,"[30, 40[", Private,224566,High School,9,Never-married,Technical, Unmarried,*,Male,0,0,40,North America,<=50K
29332,"[50, 60[", Private,200040,High School,9,Married-civ-spouse,Technical, Husband,*,Male,0,0,40,North America,<=50K
29333,"[20, 30[", Private,41526,Undergraduate,13,Never-married,Technical, Own-child,*,Male,0,0,30,North America,<=50K
29334,"[20, 30[", Private,89598,Undergraduate,10,Never-married,Other, Unmarried,*,Female,0,0,60,North America,<=50K
29335,"[30, 40[", Private,323811,Undergraduate,10,Married-civ-spouse,Technical, Husband,*,Male,0,0,55,North America,<=50K
29336,"[40, 50[", State-gov,30824,Undergraduate,10,Divorced,Other, Not-in-family,*,Female,0,0,40,North America,<=50K
29337,"[20, 30[", Federal-gov,181096,Undergraduate,10,Never-married,Technical, Own-child,*,Male,0,0,20,North America,<=50K
29338,"[40, 50[", Private,217953,High School,9,Married-civ-spouse,Technical, Husband,*,Male,0,0,40,North America,<=50K
29339,"[40, 50[", Private,222635,Primary School,3,Married-civ-spouse,Technical, Husband,*,Male,0,0,40,North America,<=50K
29340,"[50, 60[", ?,121942,High School,4,Married-civ-spouse,Other, Husband,*,Male,0,0,40,North America,<=50K
29341,"[50, 60[", Private,346871,High School,9,Divorced,Technical, Not-in-family,*,Male,4787,0,46,North America,>50K
29342,"[30, 40[", Private,184889,High School,9,Never-married,Other, Own-child,*,Female,0,0,20,North America,<=50K
29344,"[20, 30[", Private,125010,High School,9,Never-married,Other, Own-child,*,Female,0,0,30,North America,<=50K
29345,"[30, 40[", Private,53135,High School,9,Never-married,Technical, Not-in-family,*,Male,0,0,40,North America,<=50K
29346,"[40, 50[", Private,498328,High School,6,Married-civ-spouse,Other, Husband,*,Male,0,0,40,North America,<=50K
29347,"[40, 50[", Private,604380,High School,9,Married-civ-spouse,Other, Husband,*,Male,0,0,40,North America,<=50K
29348,"[20, 30[", Private,174327,High School,9,Married-civ-spouse,Technical, Husband,*,Male,0,0,50,North America,<=50K
29349,"[20, 30[", Self-emp-not-inc,357283,High School,9,Never-married,Nontechnical, Not-in-family,*,Male,0,0,40,North America,<=50K
29350,"[10, 20[", Federal-gov,280728,Undergraduate,10,Never-married,Nontechnical, Own-child,*,Female,0,0,32,North America,<=50K
29351,"[60, 70[", Self-emp-not-inc,185039,High School,9,Married-civ-spouse,Nontechnical, Husband,*,Male,9386,0,12,North America,>50K
29352,"[50, 60[", Self-emp-inc,251240,Graduate,14,Married-civ-spouse,Nontechnical, Husband,*,Male,0,0,40,North America,>50K
29354,"[30, 40[", Private,210541,Undergraduate,13,Divorced,Nontechnical, Unmarried,*,Female,0,0,30,North America,<=50K
29355,"[40, 50[", Private,172364,High School,9,Separated,Nontechnical, Not-in-family,*,Female,0,0,48,North America,<=50K
29356,"[50, 60[", Self-emp-not-inc,138611,High School,9,Married-civ-spouse,Nontechnical, Husband,*,Male,7688,0,55,North America,>50K
29358,"[30, 40[", Private,139647,Undergraduate,10,Divorced,Nontechnical, Not-in-family,*,Female,0,0,40,North America,>50K
29359,"[20, 30[", ?,174461,High School,9,Never-married,Other, Own-child,*,Female,0,0,5,North America,<=50K
29360,"[70, 80[", ?,123345,High School,9,Widowed,Other, Not-in-family,*,Female,0,0,65,North America,<=50K
29361,"[40, 50[", Private,164427,High School,9,Divorced,Other, Own-child,*,Female,0,0,45,North America,<=50K
29362,"[50, 60[", Private,205235,High School,9,Married-civ-spouse,Other, Husband,*,Male,0,0,60,North America,>50K
29363,"[40, 50[", Self-emp-inc,192779,Professional Education,15,Married-civ-spouse,Technical, Husband,*,Male,15024,0,60,North America,>50K
29364,"[40, 50[", Private,163434,High School,9,Never-married,Technical, Not-in-family,*,Male,0,0,50,North America,<=50K
29365,"[20, 30[", Private,264055,Undergraduate,13,Never-married,Other, Own-child,*,Male,0,0,40,North America,<=50K
29366,"[20, 30[", Private,336215,Professional Education,12,Never-married,Other, Not-in-family,*,Female,0,0,25,North America,<=50K
29367,"[30, 40[", Federal-gov,78307,Undergraduate,13,Married-civ-spouse,Technical, Husband,*,Male,0,0,40,North America,<=50K
29368,"[40, 50[", Federal-gov,233059,Professional Education,11,Married-civ-spouse,Technical, Husband,*,Male,0,0,40,North America,<=50K
29369,"[60, 70[", Private,91433,High School,6,Divorced,Technical, Unmarried,*,Female,0,0,40,North America,<=50K
29370,"[50, 60[", Local-gov,157525,Undergraduate,10,Divorced,Other, Not-in-family,*,Male,0,0,48,North America,<=50K
29371,"[20, 30[", Private,86065,High School,9,Never-married,Other, Unmarried,*,Female,0,0,40,North America,<=50K
29372,"[40, 50[", Private,22831,High School,9,Never-married,Other, Not-in-family,*,Female,0,0,40,North America,<=50K
29373,"[40, 50[", Private,180181,Graduate,14,Divorced,Nontechnical, Unmarried,*,Female,0,0,40,North America,<=50K
29375,"[20, 30[", ?,125905,Undergraduate,10,Never-married,Other, Own-child,*,Male,0,0,40,North America,<=50K
29376,"[30, 40[", Private,336793,Undergraduate,13,Never-married,Other, Other-relative,*,Male,0,0,40,North America,<=50K
29378,"[20, 30[", Private,283969,High School,9,Never-married,Technical, Own-child,*,Male,0,0,40,North America,<=50K
29379,"[30, 40[", Self-emp-not-inc,35595,High School,9,Married-civ-spouse,Technical, Husband,*,Male,0,0,50,North America,<=50K
29380,"[20, 30[", Private,410240,High School,9,Never-married,Technical, Own-child,*,Male,0,0,40,North America,<=50K
29382,"[20, 30[", State-gov,294400,High School,9,Married-civ-spouse,Other, Husband,*,Male,0,0,38,North America,<=50K
29383,"[40, 50[", Private,65353,Undergraduate,10,Divorced,Other, Own-child,*,Male,3325,0,55,North America,<=50K
29384,"[50, 60[", Private,189719,Undergraduate,13,Married-civ-spouse,Nontechnical, Husband,*,Male,0,0,45,North America,>50K
29385,"[20, 30[", Private,23438,High School,9,Married-civ-spouse,Technical, Husband,*,Male,0,0,40,North America,<=50K
29386,"[20, 30[", Private,178037,High School,9,Never-married,Nontechnical, Unmarried,*,Male,0,0,40,North America,<=50K
29387,"[20, 30[", Private,109815,Undergraduate,10,Never-married,Other, Not-in-family,*,Female,0,0,40,North America,<=50K
29388,"[30, 40[", Private,197860,High School,9,Never-married,Other, Not-in-family,*,Male,0,0,40,North America,<=50K
29389,"[30, 40[", Private,271933,High School,9,Divorced,Other, Not-in-family,*,Female,0,0,40,North America,<=50K
29390,"[50, 60[", Private,141663,High School,9,Never-married,Other, Not-in-family,*,Male,0,0,15,North America,<=50K
29391,"[10, 20[", ?,199609,Undergraduate,10,Never-married,Other, Own-child,*,Female,0,0,40,North America,<=50K
29392,"[50, 60[", Private,92215,High School,5,Divorced,Technical, Not-in-family,*,Female,0,0,40,North America,>50K
29394,"[20, 30[", Private,235393,High School,9,Married-civ-spouse,Technical, Husband,*,Male,0,0,40,North America,<=50K
29395,"[50, 60[", Private,151864,High School,9,Married-civ-spouse,Technical, Husband,*,Male,0,0,40,North America,<=50K
29396,"[20, 30[", Private,189277,High School,9,Never-married,Technical, Unmarried,*,Female,0,0,40,North America,<=50K
29397,"[50, 60[", ?,204577,Undergraduate,13,Married-civ-spouse,Other, Husband,*,Male,0,1902,60,North America,>50K
29398,"[40, 50[", Private,344572,High School,9,Divorced,Nontechnical, Not-in-family,*,Female,0,0,40,North America,>50K
29399,"[20, 30[", Private,265356,Undergraduate,10,Never-married,Nontechnical, Other-relative,*,Male,0,0,40,North America,<=50K
29400,"[30, 40[", Self-emp-inc,166880,High School,9,Never-married,Other, Not-in-family,*,Female,0,0,70,North America,<=50K
29403,"[30, 40[", Private,112627,High School,9,Married-civ-spouse,Other, Husband,*,Male,0,0,40,North America,<=50K
29404,"[40, 50[", Private,125120,Undergraduate,10,Divorced,Other, Unmarried,*,Female,0,0,55,North America,<=50K
29405,"[20, 30[", Private,60409,High School,9,Never-married,Nontechnical, Not-in-family,*,Female,0,0,40,North America,<=50K
29407,"[40, 50[", Private,583755,High School,9,Married-civ-spouse,Other, Husband,*,Male,0,0,40,North America,>50K
29408,"[30, 40[", Private,68089,High School,9,Never-married,Technical, Unmarried,*,Female,0,0,40,North America,<=50K
29409,"[30, 40[", Private,306646,Professional Education,12,Married-civ-spouse,Nontechnical, Husband,*,Male,0,0,50,North America,>50K
29410,"[20, 30[", Private,186573,High School,9,Never-married,Other, Not-in-family,*,Female,0,0,46,North America,<=50K
29411,"[20, 30[", Private,279580,Undergraduate,13,Never-married,Nontechnical, Not-in-family,*,Male,10520,0,45,North America,>50K
29412,"[30, 40[", Private,437909,High School,9,Married-civ-spouse,Technical, Husband,*,Male,0,0,40,North America,<=50K
29413,"[50, 60[", Private,420691,Primary School,2,Married-civ-spouse,Other, Husband,*,Male,0,0,40,North America,<=50K
29414,"[30, 40[", Federal-gov,94193,High School,9,Divorced,Other, Unmarried,*,Female,0,0,40,North America,<=50K
29415,"[40, 50[", Private,154076,High School,9,Married-civ-spouse,Technical, Husband,*,Male,7688,0,50,North America,>50K
29416,"[50, 60[", Private,145879,Undergraduate,10,Married-civ-spouse,Nontechnical, Husband,*,Male,0,0,65,North America,<=50K
29417,"[20, 30[", Private,208946,Undergraduate,13,Never-married,Nontechnical, Own-child,*,Male,0,0,32,North America,<=50K
29419,"[30, 40[", Private,178587,Professional Education,11,Divorced,Other, Not-in-family,*,Female,0,0,38,North America,<=50K
29420,"[30, 40[", Private,213208,Professional Education,11,Married-civ-spouse,Technical, Husband,*,Male,0,0,38,North America,<=50K
29421,"[30, 40[", ?,139770,Professional Education,11,Married-civ-spouse,Other, Wife,*,Female,0,0,20,North America,>50K
29422,"[20, 30[", Private,153869,High School,9,Never-married,Nontechnical, Own-child,*,Male,0,0,37,North America,<=50K
29423,"[20, 30[", Private,88676,High School,9,Never-married,Other, Own-child,*,Male,0,0,35,North America,<=50K
29424,"[40, 50[", Local-gov,151089,High School,9,Married-civ-spouse,Technical, Husband,*,Male,0,0,40,North America,<=50K
29426,"[40, 50[", Private,30457,Undergraduate,13,Married-civ-spouse,Nontechnical, Husband,*,Male,15024,0,40,North America,>50K
29427,"[70, 80[", Self-emp-not-inc,213349,High School,9,Married-civ-spouse,Other, Husband,*,Male,0,0,20,North America,<=50K
29428,"[40, 50[", Private,192776,Undergraduate,13,Married-civ-spouse,Technical, Husband,*,Male,0,0,50,North America,<=50K
29429,"[60, 70[", Private,192884,Professional Education,15,Married-civ-spouse,Nontechnical, Husband,*,Male,0,0,60,North America,<=50K
29430,"[50, 60[", Private,103024,High School,9,Divorced,Technical, Not-in-family,*,Male,0,0,42,North America,>50K
29431,"[40, 50[", Federal-gov,510072,Undergraduate,13,Married-civ-spouse,Nontechnical, Husband,*,Male,0,0,40,North America,>50K
29432,"[30, 40[", Private,178615,Professional Education,12,Married-civ-spouse,Technical, Husband,*,Male,0,0,40,North America,<=50K
29433,"[20, 30[", Private,249956,Undergraduate,10,Never-married,Other, Own-child,*,Female,0,0,10,North America,<=50K
29434,"[50, 60[", Private,177705,Undergraduate,13,Divorced,Nontechnical, Not-in-family,*,Male,0,0,50,North America,>50K
29435,"[40, 50[", Self-emp-inc,121124,Professional Education,15,Never-married,Technical, Not-in-family,*,Male,0,0,50,North America,>50K
29436,"[10, 20[", ?,25837,High School,7,Never-married,Other, Own-child,*,Male,0,0,72,North America,<=50K
29438,"[30, 40[", Private,89735,High School,9,Never-married,Technical, Own-child,*,Male,0,1504,40,North America,<=50K
29439,"[30, 40[", Private,222548,High School,9,Divorced,Other, Own-child,*,Female,0,0,40,North America,<=50K
29440,"[40, 50[", Private,47314,Undergraduate,10,Married-civ-spouse,Technical, Husband,*,Male,0,1902,40,Unknown,>50K
29441,"[60, 70[", Private,316359,Undergraduate,10,Divorced,Nontechnical, Not-in-family,*,Female,0,0,40,North America,<=50K
29443,"[50, 60[", Private,271795,High School,7,Divorced,Technical, Not-in-family,*,Male,0,0,49,North America,<=50K
29444,"[20, 30[", Private,31801,High School,9,Never-married,Nontechnical, Other-relative,*,Male,0,0,60,North America,<=50K
29445,"[20, 30[", Private,196508,Undergraduate,10,Never-married,Nontechnical, Own-child,*,Female,0,0,40,North America,<=50K
29446,"[50, 60[", Private,189933,Undergraduate,10,Married-civ-spouse,Other, Husband,*,Male,0,0,84,North America,<=50K
29447,"[20, 30[", ?,501172,Undergraduate,10,Married-civ-spouse,Other, Husband,*,Male,0,419,20,North America,<=50K
29448,"[30, 40[", Private,361497,High School,9,Never-married,Other, Not-in-family,*,Male,0,0,70,North America,<=50K
29449,"[20, 30[", Private,150175,Undergraduate,10,Never-married,Other, Own-child,*,Female,0,0,20,North America,<=50K
29450,"[40, 50[", Local-gov,155106,Professional Education,11,Married-civ-spouse,Nontechnical, Husband,*,Male,0,0,40,North America,<=50K
29451,"[30, 40[", Self-emp-not-inc,62272,High School,9,Divorced,Nontechnical, Unmarried,*,Female,0,0,40,North America,<=50K
29452,"[30, 40[", Private,189916,Undergraduate,10,Married-civ-spouse,Nontechnical, Wife,*,Female,0,0,40,North America,<=50K
29453,"[10, 20[", Private,324011,High School,5,Never-married,Other, Own-child,*,Male,0,0,20,North America,<=50K
29454,"[30, 40[", Private,105803,Undergraduate,10,Married-civ-spouse,Technical, Husband,*,Male,0,0,50,North America,>50K
29455,"[60, 70[", ?,53588,High School,9,Widowed,Other, Not-in-family,*,Female,0,0,40,North America,<=50K
29456,"[20, 30[", Private,107998,High School,9,Divorced,Technical, Own-child,*,Female,0,0,40,North America,<=50K
29458,"[30, 40[", Private,167777,High School,7,Married-civ-spouse,Technical, Husband,*,Male,0,0,35,North America,<=50K
29459,"[20, 30[", Private,228860,Undergraduate,10,Married-civ-spouse,Nontechnical, Husband,*,Male,0,1887,50,North America,>50K
29460,"[40, 50[", Self-emp-inc,40666,Professional Education,15,Married-civ-spouse,Technical, Husband,*,Male,0,0,55,North America,>50K
29461,"[40, 50[", Private,277488,Undergraduate,10,Married-civ-spouse,Technical, Husband,*,Male,3103,0,40,North America,>50K
29462,"[40, 50[", Local-gov,195897,High School,4,Married-civ-spouse,Technical, Husband,*,Male,0,0,40,North America,<=50K
29463,"[30, 40[", Private,242984,Undergraduate,13,Never-married,Nontechnical, Not-in-family,*,Male,0,0,40,North America,<=50K
29464,"[50, 60[", Local-gov,236497,Undergraduate,13,Married-civ-spouse,Technical, Husband,*,Male,0,0,40,North America,<=50K
29465,"[10, 20[", ?,312634,High School,7,Never-married,Other, Own-child,*,Male,0,0,25,North America,<=50K
29467,"[30, 40[", Private,24292,Undergraduate,13,Married-civ-spouse,Nontechnical, Husband,*,Male,0,0,45,North America,>50K
29469,"[40, 50[", Self-emp-not-inc,121238,Undergraduate,10,Never-married,Technical, Unmarried,*,Male,0,0,40,North America,<=50K
29470,"[30, 40[", Private,281982,Undergraduate,10,Married-civ-spouse,Technical, Husband,*,Male,0,0,40,North America,>50K
29471,"[30, 40[", Self-emp-not-inc,348739,Professional Education,15,Married-civ-spouse,Technical, Husband,*,Male,0,0,50,North America,>50K
29472,"[40, 50[", Private,194189,High School,4,Married-civ-spouse,Nontechnical, Husband,*,Male,0,0,40,North America,<=50K
29474,"[20, 30[", Private,205939,Undergraduate,13,Never-married,Nontechnical, Own-child,*,Male,2202,0,4,North America,<=50K
29475,"[30, 40[", Private,62165,High School,9,Never-married,Other, Own-child,*,Male,0,0,40,North America,<=50K
29476,"[20, 30[", Private,224361,Undergraduate,10,Married-civ-spouse,Technical, Husband,*,Male,0,0,40,North America,<=50K
29477,"[40, 50[", Private,34722,Undergraduate,10,Married-civ-spouse,Nontechnical, Husband,*,Male,0,0,55,North America,<=50K
29478,"[30, 40[", Private,175972,Undergraduate,10,Married-civ-spouse,Other, Wife,*,Female,0,0,40,North America,<=50K
29479,"[30, 40[", Self-emp-not-inc,359428,High School,9,Married-civ-spouse,Nontechnical, Husband,*,Male,0,0,60,North America,<=50K
29480,"[20, 30[", ?,138504,High School,9,Separated,Other, Unmarried,*,Female,0,0,37,North America,<=50K
29481,"[10, 20[", Private,268952,High School,8,Never-married,Other, Own-child,*,Male,0,0,20,North America,<=50K
29483,"[20, 30[", Private,118799,High School,9,Divorced,Other, Not-in-family,*,Female,0,0,40,North America,<=50K
29485,"[30, 40[", Self-emp-not-inc,609789,Professional Education,11,Never-married,Technical, Not-in-family,*,Male,0,0,40,North America,<=50K
29486,"[30, 40[", Private,123157,High School,9,Never-married,Other, Not-in-family,*,Male,0,0,38,North America,<=50K
29489,"[30, 40[", Private,138441,Professional Education,12,Married-civ-spouse,Technical, Husband,*,Male,0,0,55,North America,<=50K
29490,"[20, 30[", Private,239753,High School,9,Married-civ-spouse,Other, Wife,*,Female,0,2057,20,North America,<=50K
29491,"[30, 40[", Private,262158,Undergraduate,13,Divorced,Nontechnical, Unmarried,*,Female,0,0,45,North America,<=50K
29492,"[20, 30[", Self-emp-inc,133373,Undergraduate,13,Never-married,Nontechnical, Not-in-family,*,Male,0,0,80,North America,<=50K
29493,"[20, 30[", Private,57916,High School,9,Separated,Other, Own-child,*,Male,0,0,40,North America,<=50K
29495,"[30, 40[", Private,161016,Undergraduate,10,Divorced,Technical, Not-in-family,*,Female,0,0,32,North America,<=50K
29496,"[20, 30[", Private,227491,High School,9,Never-married,Nontechnical, Not-in-family,*,Female,0,0,25,North America,<=50K
29497,"[50, 60[", Private,306790,High School,9,Divorced,Technical, Not-in-family,*,Male,0,0,40,North America,<=50K
29498,"[20, 30[", Private,33831,High School,9,Never-married,Other, Unmarried,*,Female,0,0,40,North America,<=50K
29499,"[30, 40[", Private,188972,Undergraduate,10,Never-married,Technical, Not-in-family,*,Female,0,0,40,North America,<=50K
29500,"[50, 60[", Private,313546,High School,9,Separated,Other, Unmarried,*,Female,0,0,40,North America,<=50K
29501,"[30, 40[", Private,220585,High School,9,Married-civ-spouse,Nontechnical, Husband,*,Male,0,0,55,North America,>50K
29502,"[20, 30[", Local-gov,476599,Undergraduate,13,Never-married,Technical, Not-in-family,*,Female,0,0,40,North America,<=50K
29503,"[20, 30[", Private,163665,Undergraduate,10,Never-married,Nontechnical, Own-child,*,Female,0,0,15,North America,<=50K
29504,"[30, 40[", Private,306646,Undergraduate,13,Married-civ-spouse,Nontechnical, Husband,*,Male,0,0,55,North America,>50K
29505,"[40, 50[", Private,206470,Undergraduate,13,Married-civ-spouse,Technical, Husband,*,Male,0,0,40,Europe,<=50K
29506,"[30, 40[", Private,169583,Graduate,14,Never-married,Nontechnical, Not-in-family,*,Female,0,0,50,North America,<=50K
29507,"[10, 20[", State-gov,127085,Undergraduate,10,Never-married,Other, Own-child,*,Male,0,0,10,North America,<=50K
29508,"[10, 20[", Private,152044,High School,6,Never-married,Other, Own-child,*,Female,0,0,3,North America,<=50K
29509,"[30, 40[", Private,111387,High School,6,Divorced,Nontechnical, Own-child,*,Male,0,0,40,North America,<=50K
29510,"[40, 50[", Private,102318,Undergraduate,10,Married-civ-spouse,Other, Husband,*,Male,0,1887,40,North America,>50K
29511,"[20, 30[", Private,213692,Undergraduate,10,Never-married,Technical, Own-child,*,Male,0,0,45,North America,<=50K
29512,"[20, 30[", Private,163665,High School,9,Never-married,Nontechnical, Not-in-family,*,Female,0,0,32,North America,<=50K
29513,"[30, 40[", Private,30529,High School,9,Married-civ-spouse,Nontechnical, Husband,*,Male,0,0,40,North America,<=50K
29514,"[30, 40[", Private,290226,High School,9,Never-married,Other, Own-child,*,Male,0,0,40,North America,<=50K
29515,"[40, 50[", Private,182136,High School,9,Married-civ-spouse,Other, Husband,*,Male,0,0,40,North America,<=50K
29516,"[20, 30[", Private,73266,Undergraduate,10,Never-married,Other, Own-child,*,Male,0,0,40,North America,<=50K
29517,"[10, 20[", State-gov,60412,Undergraduate,10,Never-married,Other, Own-child,*,Female,0,0,15,North America,<=50K
29518,"[70, 80[", Private,187891,High School,7,Married-civ-spouse,Other, Husband,*,Male,0,0,40,North America,<=50K
29519,"[30, 40[", Private,194304,Undergraduate,10,Divorced,Other, Not-in-family,*,Male,0,0,55,North America,<=50K
29520,"[30, 40[", Private,160910,Undergraduate,10,Married-civ-spouse,Nontechnical, Husband,*,Male,0,0,50,North America,<=50K
29521,"[20, 30[", Private,148300,Undergraduate,10,Never-married,Other, Own-child,*,Female,0,0,35,North America,<=50K
29522,"[30, 40[", Private,165743,Undergraduate,10,Married-civ-spouse,Technical, Husband,*,Male,0,0,45,North America,>50K
29524,"[40, 50[", Private,184018,Professional Education,12,Married-civ-spouse,Technical, Husband,*,Male,0,0,50,North America,<=50K
29525,"[30, 40[", Federal-gov,188069,Undergraduate,10,Married-civ-spouse,Other, Husband,*,Male,0,0,40,Asia,>50K
29526,"[50, 60[", Private,138852,High School,9,Married-civ-spouse,Other, Husband,*,Male,7298,0,40,North America,>50K
29527,"[20, 30[", ?,78529,High School,6,Separated,Other, Unmarried,*,Female,0,0,12,North America,<=50K
29528,"[20, 30[", Private,164441,High School,9,Never-married,Other, Own-child,*,Male,0,0,40,North America,<=50K
29529,"[20, 30[", Private,199419,Undergraduate,10,Never-married,Other, Not-in-family,*,Female,0,0,40,North America,<=50K
29530,"[40, 50[", Private,181342,High School,9,Married-civ-spouse,Nontechnical, Wife,*,Female,0,0,40,North America,<=50K
29531,"[40, 50[", Private,173382,Professional Education,12,Divorced,Technical, Unmarried,*,Female,0,0,40,North America,<=50K
29532,"[10, 20[", Private,184924,High School,5,Never-married,Nontechnical, Own-child,*,Male,0,1719,15,North America,<=50K
29533,"[20, 30[", Private,215384,High School,7,Never-married,Other, Not-in-family,*,Male,0,0,40,North America,<=50K
29534,"[40, 50[", State-gov,424094,Graduate,16,Never-married,Technical, Not-in-family,*,Female,0,0,40,North America,<=50K
29535,"[40, 50[", Federal-gov,212120,Professional Education,11,Married-civ-spouse,Other, Husband,*,Male,0,0,40,North America,>50K
29536,"[40, 50[", Private,185764,Undergraduate,10,Married-civ-spouse,Technical, Husband,*,Male,0,0,60,North America,<=50K
29537,"[40, 50[", Local-gov,133969,Graduate,14,Divorced,Technical, Not-in-family,*,Male,0,0,40,North America,<=50K
29538,"[20, 30[", Private,32616,Undergraduate,10,Never-married,Other, Not-in-family,*,Female,0,0,30,North America,<=50K
29539,"[40, 50[", Private,149210,High School,9,Married-civ-spouse,Other, Husband,*,Male,0,0,40,North America,<=50K
29540,"[20, 30[", Private,161210,High School,9,Married-civ-spouse,Technical, Husband,*,Male,0,0,50,North America,<=50K
29542,"[40, 50[", Private,282069,Undergraduate,10,Divorced,Technical, Unmarried,*,Male,0,0,42,North America,<=50K
29543,"[20, 30[", Private,97508,High School,9,Never-married,Other, Own-child,*,Male,0,0,50,North America,<=50K
29544,"[30, 40[", Private,356823,Undergraduate,13,Never-married,Technical, Not-in-family,*,Female,10520,0,45,North America,>50K
29545,"[20, 30[", Private,171133,Professional Education,11,Never-married,Other, Own-child,*,Female,0,0,40,North America,<=50K
29546,"[20, 30[", Private,231638,Undergraduate,10,Never-married,Technical, Unmarried,*,Female,0,0,24,North America,<=50K
29547,"[40, 50[", Private,191342,Undergraduate,13,Married-civ-spouse,Nontechnical, Husband,*,Male,0,0,40,Asia,>50K
29548,"[50, 60[", Private,226497,Undergraduate,10,Married-civ-spouse,Technical, Husband,*,Male,0,0,45,North America,>50K
29549,"[40, 50[", Self-emp-not-inc,373606,Undergraduate,10,Divorced,Nontechnical, Unmarried,*,Male,0,0,65,North America,>50K
29550,"[30, 40[", Private,39150,High School,9,Married-civ-spouse,Technical, Husband,*,Male,0,0,40,North America,<=50K
29551,"[30, 40[", Private,288840,High School,9,Married-spouse-absent,Other, Unmarried,*,Female,0,0,38,North America,<=50K
29552,"[30, 40[", Private,293703,Undergraduate,10,Married-civ-spouse,Technical, Husband,*,Male,0,0,40,Asia,<=50K
29553,"[40, 50[", Private,79586,Undergraduate,13,Married-civ-spouse,Other, Husband,*,Male,0,0,40,North America,>50K
29554,"[40, 50[", Self-emp-not-inc,82098,Undergraduate,10,Married-civ-spouse,Nontechnical, Husband,*,Male,0,0,65,North America,<=50K
29555,"[30, 40[", Private,245372,Undergraduate,13,Married-civ-spouse,Technical, Husband,*,Male,7688,0,45,North America,>50K
29556,"[20, 30[", Private,78261,High School,9,Married-civ-spouse,Technical, Husband,*,Male,0,0,40,North America,<=50K
29557,"[30, 40[", Private,355996,High School,6,Never-married,Nontechnical, Not-in-family,*,Male,0,0,40,North America,<=50K
29558,"[60, 70[", Private,218490,Undergraduate,13,Divorced,Nontechnical, Not-in-family,*,Male,27828,0,55,North America,>50K
29559,"[40, 50[", Private,110908,Professional Education,11,Married-civ-spouse,Other, Wife,*,Female,0,0,25,North America,<=50K
29560,"[40, 50[", Federal-gov,34218,Undergraduate,13,Married-civ-spouse,Nontechnical, Husband,*,Male,7298,0,50,North America,>50K
29561,"[40, 50[", Private,248895,High School,9,Married-civ-spouse,Technical, Husband,*,Male,0,0,45,North America,<=50K
29562,"[20, 30[", Private,363707,High School,9,Married-civ-spouse,Nontechnical, Husband,*,Male,0,0,40,North America,<=50K
29563,"[30, 40[", Private,272411,Undergraduate,13,Never-married,Nontechnical, Not-in-family,*,Female,0,0,40,North America,<=50K
29564,"[30, 40[", Private,128033,Undergraduate,10,Married-civ-spouse,Nontechnical, Husband,*,Male,0,0,60,North America,<=50K
29565,"[20, 30[", Private,177287,High School,9,Never-married,Nontechnical, Not-in-family,*,Female,0,0,38,North America,<=50K
29566,"[40, 50[", Private,197344,High School,9,Never-married,Nontechnical, Not-in-family,*,Male,0,0,50,North America,<=50K
29567,"[40, 50[", Private,285858,Undergraduate,13,Married-civ-spouse,Other, Husband,*,Male,0,0,40,North America,>50K
29568,"[20, 30[", Self-emp-inc,193868,High School,9,Never-married,Nontechnical, Not-in-family,*,Male,0,0,50,North America,<=50K
29569,"[10, 20[", Private,232082,High School,9,Never-married,Technical, Own-child,*,Male,0,0,40,North America,<=50K
29570,"[30, 40[", Private,27408,High School,9,Divorced,Technical, Unmarried,*,Male,0,0,50,North America,<=50K
29571,"[40, 50[", Private,247043,High School,7,Married-civ-spouse,Technical, Husband,*,Male,0,0,42,North America,<=50K
29572,"[20, 30[", Local-gov,162404,High School,9,Never-married,Other, Not-in-family,*,Male,2174,0,40,North America,<=50K
29574,"[60, 70[", Local-gov,179285,High School,9,Married-civ-spouse,Nontechnical, Husband,*,Male,3432,0,20,North America,<=50K
29575,"[30, 40[", Private,30433,Undergraduate,13,Never-married,Nontechnical, Not-in-family,*,Female,0,0,35,North America,<=50K
29576,"[40, 50[", Self-emp-not-inc,102771,Undergraduate,13,Married-civ-spouse,Other, Husband,*,Male,0,0,40,North America,>50K
29577,"[40, 50[", Self-emp-not-inc,221172,High School,9,Divorced,Technical, Not-in-family,*,Male,0,0,40,North America,<=50K
29578,"[30, 40[", Private,108116,Undergraduate,13,Married-civ-spouse,Nontechnical, Husband,*,Male,0,1902,60,North America,>50K
29579,"[20, 30[", Private,375499,High School,6,Never-married,Other, Not-in-family,*,Male,0,0,20,North America,<=50K
29580,"[20, 30[", Private,178688,Professional Education,11,Never-married,Technical, Other-relative,*,Male,0,0,40,North America,<=50K
29581,"[20, 30[", Private,276709,Undergraduate,10,Never-married,Nontechnical, Other-relative,*,Female,0,0,40,North America,<=50K
29582,"[20, 30[", ?,238087,Undergraduate,10,Never-married,Other, Own-child,*,Male,0,0,30,North America,<=50K
29583,"[40, 50[", Private,84790,Undergraduate,10,Married-civ-spouse,Technical, Husband,*,Male,0,0,40,North America,<=50K
29584,"[20, 30[", State-gov,37482,Undergraduate,10,Never-married,Other, Own-child,*,Female,0,0,40,North America,<=50K
29585,"[40, 50[", State-gov,178686,Undergraduate,13,Married-civ-spouse,Technical, Husband,*,Male,0,0,38,North America,>50K
29586,"[30, 40[", ?,153926,High School,9,Married-civ-spouse,Other, Wife,*,Female,0,0,40,North America,<=50K
29587,"[50, 60[", Private,110748,Undergraduate,13,Married-civ-spouse,Nontechnical, Husband,*,Male,0,1887,40,North America,>50K
29588,"[20, 30[", Private,116613,Undergraduate,10,Never-married,Technical, Own-child,*,Female,0,0,24,North America,<=50K
29589,"[20, 30[", Private,108687,Undergraduate,10,Never-married,Nontechnical, Own-child,*,Female,0,0,40,North America,<=50K
29590,"[30, 40[", Private,365739,High School,9,Never-married,Technical, Not-in-family,*,Male,0,0,40,North America,<=50K
29592,"[30, 40[", Private,125933,Undergraduate,13,Married-civ-spouse,Nontechnical, Husband,*,Male,0,0,40,Unknown,>50K
29593,"[30, 40[", Private,140854,Undergraduate,13,Married-civ-spouse,Nontechnical, Husband,*,Male,0,0,50,North America,>50K
29595,"[40, 50[", Private,46870,Undergraduate,10,Divorced,Nontechnical, Not-in-family,*,Female,0,0,40,North America,<=50K
29596,"[20, 30[", Private,351324,Undergraduate,13,Never-married,Nontechnical, Own-child,*,Female,0,0,40,North America,<=50K
29597,"[30, 40[", Self-emp-not-inc,189265,Professional Education,12,Divorced,Other, Not-in-family,*,Female,0,0,40,North America,<=50K
29598,"[20, 30[", Private,236564,High School,9,Never-married,Other, Not-in-family,*,Male,0,0,40,North America,<=50K
29599,"[40, 50[", Federal-gov,557644,High School,9,Never-married,Other, Unmarried,*,Female,0,0,40,North America,<=50K
29600,"[30, 40[", Private,374454,High School,9,Divorced,Other, Own-child,*,Male,0,0,40,North America,<=50K
29601,"[60, 70[", ?,160654,High School,9,Married-civ-spouse,Other, Husband,*,Male,0,0,20,North America,<=50K
29602,"[10, 20[", Private,122775,High School,9,Never-married,Other, Own-child,*,Male,0,0,35,North America,<=50K
29603,"[20, 30[", Private,214413,High School,7,Never-married,Technical, Unmarried,*,Male,6497,0,48,North America,<=50K
29604,"[30, 40[", Private,329425,Undergraduate,10,Never-married,Other, Own-child,*,Male,0,0,48,North America,<=50K
29605,"[60, 70[", Private,178312,Professional Education,12,Married-civ-spouse,Nontechnical, Husband,*,Male,0,0,42,North America,<=50K
29606,"[20, 30[", Private,241951,High School,9,Never-married,Technical, Not-in-family,*,Male,0,0,45,North America,<=50K
29607,"[50, 60[", Private,130143,High School,9,Married-civ-spouse,Technical, Husband,*,Male,0,0,48,North America,<=50K
29608,"[40, 50[", Self-emp-inc,114580,Professional Education,15,Married-civ-spouse,Nontechnical, Wife,*,Female,0,2415,55,North America,>50K
29609,"[40, 50[", Self-emp-inc,130126,Undergraduate,10,Married-civ-spouse,Nontechnical, Husband,*,Male,15024,0,45,North America,>50K
29611,"[40, 50[", Private,163814,High School,6,Married-civ-spouse,Technical, Husband,*,Male,0,0,40,North America,<=50K
29612,"[40, 50[", Private,69586,Undergraduate,10,Divorced,Other, Not-in-family,*,Male,0,0,40,North America,<=50K
29613,"[30, 40[", Private,237903,Undergraduate,13,Never-married,Technical, Unmarried,*,Female,0,0,40,North America,<=50K
29615,"[30, 40[", Private,243165,Undergraduate,13,Never-married,Technical, Unmarried,*,Male,0,0,40,North America,<=50K
29616,"[30, 40[", State-gov,173806,Graduate,14,Never-married,Technical, Not-in-family,*,Male,0,0,30,North America,<=50K
29617,"[20, 30[", Self-emp-not-inc,65308,High School,9,Married-civ-spouse,Other, Husband,*,Male,0,0,50,North America,<=50K
29618,"[40, 50[", Private,408531,High School,9,Divorced,Other, Unmarried,*,Female,0,0,40,North America,>50K
29619,"[40, 50[", Private,235786,Undergraduate,10,Married-civ-spouse,Technical, Husband,*,Male,7298,0,45,North America,>50K
29620,"[30, 40[", Private,314963,Undergraduate,10,Married-civ-spouse,Technical, Husband,*,Male,0,0,40,North America,<=50K
29621,"[30, 40[", Private,81206,High School,9,Divorced,Nontechnical, Not-in-family,*,Male,0,0,40,North America,<=50K
29622,"[50, 60[", Federal-gov,293196,Undergraduate,10,Married-civ-spouse,Technical, Husband,*,Male,0,0,40,North America,>50K
29624,"[20, 30[", Local-gov,45474,Undergraduate,13,Married-civ-spouse,Technical, Husband,*,Male,0,0,60,North America,<=50K
29625,"[20, 30[", Private,372728,Undergraduate,13,Never-married,Other, Not-in-family,*,Female,0,0,24,North America,<=50K
29627,"[30, 40[", Self-emp-not-inc,34180,High School,9,Never-married,Other, Not-in-family,*,Male,0,0,70,North America,>50K
29628,"[50, 60[", Private,327589,High School,9,Divorced,Technical, Not-in-family,*,Female,0,0,40,North America,<=50K
29629,"[30, 40[", Private,706180,Undergraduate,13,Divorced,Nontechnical, Unmarried,*,Female,0,0,40,North America,<=50K
29630,"[30, 40[", Private,32550,High School,6,Divorced,Nontechnical, Not-in-family,*,Male,0,0,40,North America,<=50K
29634,"[60, 70[", Private,174711,High School,9,Never-married,Other, Not-in-family,*,Female,0,0,32,North America,<=50K
29635,"[30, 40[", Private,171150,Undergraduate,13,Married-civ-spouse,Nontechnical, Husband,*,Male,99999,0,60,North America,>50K
29636,"[30, 40[", Self-emp-inc,77689,Undergraduate,13,Married-civ-spouse,Nontechnical, Husband,*,Male,7688,0,50,North America,>50K
29637,"[20, 30[", Private,193898,Undergraduate,13,Divorced,Nontechnical, Not-in-family,*,Male,0,0,52,North America,<=50K
29638,"[30, 40[", Private,195000,Undergraduate,13,Married-civ-spouse,Nontechnical, Husband,*,Male,7298,0,45,North America,>50K
29639,"[20, 30[", Private,303121,Undergraduate,10,Never-married,Other, Own-child,*,Male,0,0,30,North America,<=50K
29640,"[30, 40[", Self-emp-not-inc,188540,High School,5,Married-civ-spouse,Technical, Husband,*,Male,0,0,50,North America,<=50K
29641,"[40, 50[", Private,158656,Professional Education,12,Never-married,Technical, Unmarried,*,Female,0,0,36,North America,<=50K
29642,"[40, 50[", Self-emp-inc,204196,Undergraduate,13,Divorced,Nontechnical, Unmarried,*,Male,0,0,50,North America,>50K
29643,"[20, 30[", Private,183802,High School,9,Married-civ-spouse,Nontechnical, Husband,*,Male,0,0,40,North America,<=50K
29644,"[40, 50[", Private,148995,High School,9,Married-civ-spouse,Nontechnical, Husband,*,Male,0,0,40,North America,>50K
29645,"[20, 30[", Private,190903,High School,7,Married-civ-spouse,Other, Wife,*,Female,0,0,20,North America,<=50K
29646,"[30, 40[", State-gov,173780,Undergraduate,10,Divorced,Technical, Unmarried,*,Female,0,0,30,North America,<=50K
29647,"[40, 50[", Private,251239,Undergraduate,10,Married-civ-spouse,Nontechnical, Husband,*,Male,0,0,40,North America,<=50K
29648,"[40, 50[", Private,112761,High School,9,Divorced,Technical, Unmarried,*,Female,0,0,40,North America,<=50K
29649,"[30, 40[", State-gov,425785,Professional Education,11,Married-civ-spouse,Technical, Husband,*,Male,0,0,40,North America,<=50K
29651,"[20, 30[", Private,119156,High School,9,Never-married,Other, Own-child,*,Male,0,0,50,North America,<=50K
29653,"[30, 40[", Private,185556,Undergraduate,10,Never-married,Technical, Not-in-family,*,Female,0,0,12,North America,>50K
29654,"[50, 60[", Private,109277,High School,9,Married-civ-spouse,Technical, Husband,*,Male,0,0,40,North America,>50K
29655,"[40, 50[", Self-emp-inc,36020,Undergraduate,13,Married-civ-spouse,Nontechnical, Husband,*,Male,0,0,50,North America,>50K
29656,"[40, 50[", Private,45857,High School,7,Married-civ-spouse,Other, Wife,*,Female,0,0,36,North America,<=50K
29657,"[50, 60[", Private,184882,Professional Education,11,Married-civ-spouse,Other, Husband,*,Male,5178,0,50,North America,>50K
29658,"[40, 50[", State-gov,342834,Undergraduate,10,Divorced,Other, Not-in-family,*,Female,0,0,40,North America,<=50K
29659,"[60, 70[", Private,234743,Undergraduate,10,Married-civ-spouse,Nontechnical, Husband,*,Male,0,0,24,North America,<=50K
29660,"[20, 30[", Federal-gov,106179,Undergraduate,10,Never-married,Technical, Not-in-family,*,Female,0,1408,40,North America,<=50K
29661,"[30, 40[", Private,177895,Undergraduate,10,Married-civ-spouse,Technical, Wife,*,Female,5013,0,40,North America,<=50K
29662,"[60, 70[", ?,257876,Professional Education,15,Married-civ-spouse,Other, Husband,*,Male,0,0,40,North America,<=50K
29663,"[60, 70[", Private,86067,Professional Education,12,Married-civ-spouse,Nontechnical, Husband,*,Male,15024,0,40,North America,>50K
29664,"[60, 70[", Private,66634,Undergraduate,13,Divorced,Nontechnical, Unmarried,*,Male,27828,0,50,North America,>50K
29665,"[30, 40[", Private,138441,High School,9,Married-civ-spouse,Nontechnical, Husband,*,Male,0,0,35,North America,<=50K
29666,"[20, 30[", Private,279802,Undergraduate,10,Never-married,Other, Own-child,*,Female,0,0,40,North America,<=50K
29667,"[50, 60[", Private,407138,High School,4,Married-civ-spouse,Technical, Husband,*,Male,2936,0,50,North America,<=50K
29668,"[50, 60[", Private,31732,Undergraduate,10,Married-civ-spouse,Nontechnical, Husband,*,Male,0,0,45,North America,>50K
29669,"[20, 30[", Private,204172,High School,9,Never-married,Nontechnical, Own-child,*,Female,0,0,48,North America,<=50K
29670,"[30, 40[", Private,100593,Undergraduate,10,Divorced,Technical, Unmarried,*,Female,0,0,6,North America,<=50K
29671,"[30, 40[", Local-gov,162623,Graduate,14,Never-married,Technical, Not-in-family,*,Female,0,0,50,North America,<=50K
29672,"[30, 40[", Self-emp-not-inc,80933,High School,9,Married-civ-spouse,Other, Husband,*,Male,0,0,60,North America,<=50K
29673,"[10, 20[", Private,47425,High School,7,Never-married,Other, Own-child,*,Female,0,0,15,North America,<=50K
29674,"[20, 30[", Private,107812,Undergraduate,13,Married-civ-spouse,Nontechnical, Other-relative,*,Male,0,0,40,North America,>50K
29675,"[20, 30[", Self-emp-inc,104443,Undergraduate,10,Never-married,Other, Own-child,*,Female,0,0,20,North America,<=50K
29676,"[50, 60[", Private,117496,Undergraduate,13,Divorced,Technical, Unmarried,*,Female,0,1755,40,North America,>50K
29677,"[30, 40[", Private,209691,High School,4,Divorced,Other, Not-in-family,*,Male,0,0,40,North America,<=50K
29678,"[20, 30[", Private,314525,Undergraduate,13,Never-married,Technical, Not-in-family,*,Male,0,0,40,North America,<=50K
29679,"[20, 30[", Private,190772,Professional Education,12,Never-married,Other, Not-in-family,*,Female,0,0,40,North America,<=50K
29681,"[40, 50[", Private,187370,Graduate,14,Married-civ-spouse,Nontechnical, Husband,*,Male,15024,0,50,North America,>50K
29683,"[40, 50[", Federal-gov,219293,High School,9,Married-civ-spouse,Other, Husband,*,Male,0,0,80,North America,>50K
29684,"[10, 20[", Private,136363,High School,6,Never-married,Other, Own-child,*,Male,0,0,20,North America,<=50K
29685,"[40, 50[", Private,233799,Primary School,2,Married-civ-spouse,Technical, Husband,*,Male,0,0,40,North America,<=50K
29686,"[20, 30[", Private,207611,Undergraduate,13,Never-married,Nontechnical, Own-child,*,Female,0,0,40,North America,<=50K
29687,"[40, 50[", Self-emp-inc,178344,Professional Education,11,Divorced,Nontechnical, Unmarried,*,Female,0,0,30,North America,<=50K
29688,"[20, 30[", Self-emp-inc,187652,High School,9,Divorced,Nontechnical, Not-in-family,*,Male,0,0,78,North America,>50K
29689,"[20, 30[", Private,188545,Professional Education,12,Never-married,Other, Own-child,*,Female,0,1974,20,North America,<=50K
29690,"[40, 50[", Local-gov,58124,Undergraduate,13,Divorced,Technical, Unmarried,*,Male,0,0,45,North America,<=50K
29691,"[30, 40[", Private,321733,Undergraduate,13,Divorced,Nontechnical, Not-in-family,*,Male,0,1741,40,North America,<=50K
29692,"[30, 40[", Private,206253,High School,5,Never-married,Nontechnical, Not-in-family,*,Female,0,0,40,North America,<=50K
29693,"[20, 30[", ?,152140,High School,9,Married-civ-spouse,Other, Wife,*,Female,0,0,40,North America,<=50K
29695,"[40, 50[", Private,606752,Graduate,14,Divorced,Technical, Not-in-family,*,Male,0,0,40,North America,<=50K
29696,"[30, 40[", Private,29933,Undergraduate,13,Married-civ-spouse,Nontechnical, Husband,*,Male,0,0,50,North America,>50K
29697,"[20, 30[", Private,114158,Undergraduate,13,Never-married,Nontechnical, Own-child,*,Female,3325,0,10,North America,<=50K
29699,"[30, 40[", Self-emp-inc,65624,Undergraduate,13,Married-civ-spouse,Nontechnical, Husband,*,Male,0,0,50,North America,>50K
29700,"[30, 40[", Private,34146,High School,9,Married-civ-spouse,Technical, Husband,*,Male,0,0,68,North America,<=50K
29701,"[30, 40[", Self-emp-not-inc,34378,Professional Education,11,Married-civ-spouse,Other, Husband,*,Male,3908,0,75,North America,<=50K
29702,"[30, 40[", Private,141490,High School,9,Married-civ-spouse,Nontechnical, Wife,*,Female,0,0,45,North America,<=50K
29703,"[30, 40[", Private,199227,High School,9,Divorced,Other, Not-in-family,*,Male,0,0,50,North America,<=50K
29704,"[20, 30[", Private,224954,Undergraduate,10,Never-married,Nontechnical, Own-child,*,Male,0,0,40,North America,<=50K
29705,"[20, 30[", Private,231357,High School,9,Never-married,Other, Not-in-family,*,Female,0,0,40,North America,<=50K
29706,"[30, 40[", Self-emp-inc,113530,High School,9,Never-married,Technical, Not-in-family,*,Male,0,0,45,North America,<=50K
29707,"[30, 40[", Private,22245,Professional Education,11,Married-civ-spouse,Technical, Husband,*,Male,0,0,40,North America,<=50K
29708,"[30, 40[", Private,36383,Undergraduate,13,Married-civ-spouse,Nontechnical, Husband,*,Male,0,0,40,North America,>50K
29709,"[30, 40[", Private,320305,High School,9,Married-civ-spouse,Technical, Husband,*,Male,0,0,32,North America,<=50K
29710,"[60, 70[", ?,201657,Undergraduate,13,Divorced,Other, Not-in-family,*,Female,0,0,60,North America,<=50K
29711,"[30, 40[", Private,48935,Undergraduate,13,Married-civ-spouse,Technical, Wife,*,Female,0,0,40,North America,<=50K
29712,"[40, 50[", Private,101455,High School,9,Married-civ-spouse,Other, Wife,*,Female,0,0,40,North America,<=50K
29713,"[10, 20[", Local-gov,243960,Undergraduate,10,Never-married,Nontechnical, Own-child,*,Female,0,0,16,North America,<=50K
29714,"[20, 30[", Private,90915,Professional Education,12,Never-married,Other, Own-child,*,Female,0,0,15,North America,<=50K
29715,"[20, 30[", Private,315287,Undergraduate,10,Never-married,Technical, Not-in-family,*,Male,0,0,40,North America,<=50K
29716,"[40, 50[", Private,106255,Undergraduate,10,Married-civ-spouse,Technical, Husband,*,Male,0,0,40,North America,<=50K
29718,"[30, 40[", Self-emp-not-inc,170979,Professional Education,15,Married-civ-spouse,Technical, Husband,*,Male,0,1887,40,North America,>50K
29719,"[40, 50[", Private,210525,Undergraduate,13,Married-civ-spouse,Technical, Husband,*,Male,0,0,40,North America,>50K
29720,"[30, 40[", Private,195488,High School,9,Never-married,Other, Own-child,*,Female,0,0,40,North America,<=50K
29721,"[10, 20[", Private,152246,Undergraduate,10,Never-married,Other, Own-child,*,Male,0,0,16,North America,<=50K
29722,"[60, 70[", Self-emp-not-inc,187794,High School,9,Married-civ-spouse,Other, Husband,*,Male,3103,0,60,North America,>50K
29723,"[40, 50[", Private,110396,Graduate,14,Never-married,Nontechnical, Not-in-family,*,Male,14084,0,56,North America,>50K
29725,"[40, 50[", State-gov,254817,Undergraduate,10,Never-married,Other, Not-in-family,*,Female,0,0,40,North America,<=50K
29726,"[30, 40[", Private,41777,High School,8,Never-married,Other, Not-in-family,*,Male,0,0,20,North America,<=50K
29727,"[50, 60[", Self-emp-not-inc,234841,High School,9,Married-civ-spouse,Other, Husband,*,Male,0,0,72,North America,<=50K
29728,"[30, 40[", Private,79586,Undergraduate,13,Married-civ-spouse,Technical, Husband,*,Male,0,0,40,Asia,<=50K
29729,"[40, 50[", Private,115331,High School,9,Married-civ-spouse,Other, Husband,*,Male,0,0,35,North America,<=50K
29730,"[30, 40[", Private,63564,High School,9,Never-married,Other, Own-child,*,Female,0,0,40,North America,<=50K
29731,"[20, 30[", Private,132053,Undergraduate,10,Never-married,Other, Own-child,*,Female,0,1721,35,North America,<=50K
29732,"[40, 50[", Private,370502,High School,9,Married-civ-spouse,Other, Husband,*,Male,0,0,25,North America,<=50K
29733,"[30, 40[", Private,59083,Undergraduate,13,Married-civ-spouse,Other, Husband,*,Male,0,1902,45,North America,>50K
29734,"[20, 30[", Private,69413,Undergraduate,10,Never-married,Nontechnical, Own-child,*,Female,0,0,40,North America,<=50K
29735,"[40, 50[", Private,32981,High School,9,Divorced,Technical, Not-in-family,*,Male,0,0,40,North America,<=50K
29736,"[20, 30[", Private,176683,High School,9,Never-married,Other, Own-child,*,Male,0,0,40,North America,<=50K
29737,"[60, 70[", ?,144116,High School,6,Married-civ-spouse,Other, Husband,*,Male,0,0,40,North America,<=50K
29739,"[30, 40[", State-gov,150657,Undergraduate,13,Never-married,Technical, Other-relative,*,Female,0,0,40,North America,<=50K
29740,"[50, 60[", Self-emp-not-inc,124793,Undergraduate,10,Married-civ-spouse,Technical, Husband,*,Male,0,0,55,North America,<=50K
29741,"[50, 60[", Private,22211,Graduate,14,Married-civ-spouse,Technical, Husband,*,Male,7688,0,50,North America,>50K
29742,"[40, 50[", Private,270565,Professional Education,11,Married-civ-spouse,Technical, Husband,*,Male,0,0,60,North America,<=50K
29743,"[20, 30[", Private,38251,Professional Education,12,Never-married,Other, Unmarried,*,Female,0,0,35,North America,<=50K
29744,"[60, 70[", State-gov,162945,Professional Education,15,Married-civ-spouse,Nontechnical, Husband,*,Male,20051,0,55,North America,>50K
29745,"[50, 60[", Private,195638,High School,9,Never-married,Other, Unmarried,*,Female,0,0,45,North America,<=50K
29747,"[40, 50[", Self-emp-not-inc,44006,Professional Education,11,Divorced,Other, Not-in-family,*,Male,0,0,40,North America,<=50K
29748,"[40, 50[", Private,119679,High School,9,Married-civ-spouse,Technical, Husband,*,Male,0,1579,42,North America,<=50K
29749,"[10, 20[", Private,333953,High School,8,Never-married,Other, Other-relative,*,Female,0,0,30,North America,<=50K
29750,"[40, 50[", Local-gov,172111,Undergraduate,13,Divorced,Nontechnical, Unmarried,*,Female,0,0,60,North America,<=50K
29751,"[50, 60[", Self-emp-not-inc,32372,High School,8,Married-civ-spouse,Other, Husband,*,Male,0,0,99,North America,<=50K
29753,"[40, 50[", Self-emp-not-inc,123681,Undergraduate,13,Married-civ-spouse,Technical, Husband,*,Male,0,0,30,North America,<=50K
29754,"[40, 50[", Private,317360,Undergraduate,10,Divorced,Other, Not-in-family,*,Female,0,0,50,North America,<=50K
29755,"[60, 70[", Federal-gov,119832,Undergraduate,10,Married-civ-spouse,Other, Husband,*,Male,7298,0,40,North America,>50K
29756,"[40, 50[", Private,135056,High School,9,Never-married,Nontechnical, Own-child,*,Female,0,0,40,North America,<=50K
29757,"[10, 20[", State-gov,135162,Undergraduate,10,Never-married,Other, Own-child,*,Female,0,0,10,North America,<=50K
29758,"[30, 40[", Self-emp-not-inc,194004,High School,9,Married-civ-spouse,Nontechnical, Husband,*,Male,0,0,70,North America,<=50K
29759,"[40, 50[", Private,177633,High School,9,Married-civ-spouse,Technical, Husband,*,Male,0,0,50,North America,>50K
29760,"[50, 60[", Local-gov,212864,High School,9,Married-civ-spouse,Other, Husband,*,Male,3908,0,40,North America,<=50K
29761,"[30, 40[", Private,30509,Undergraduate,10,Divorced,Technical, Unmarried,*,Female,0,0,45,North America,<=50K
29762,"[20, 30[", Private,118712,High School,9,Never-married,Technical, Unmarried,*,Male,0,0,35,North America,<=50K
29763,"[40, 50[", Private,199018,Professional Education,15,Married-civ-spouse,Nontechnical, Husband,*,Male,0,0,40,North America,>50K
29764,"[10, 20[", Private,151799,High School,7,Never-married,Other, Own-child,*,Female,0,0,20,North America,<=50K
29765,"[20, 30[", Private,181280,High School,9,Married-civ-spouse,Technical, Husband,*,Male,0,0,40,North America,<=50K
29766,"[50, 60[", Private,232024,Undergraduate,10,Divorced,Other, Not-in-family,*,Female,0,0,60,North America,<=50K
29767,"[30, 40[", Private,226267,Professional Education,12,Married-civ-spouse,Nontechnical, Husband,*,Male,0,0,40,North America,<=50K
29768,"[30, 40[", Private,240467,Graduate,14,Never-married,Nontechnical, Unmarried,*,Female,0,0,35,North America,<=50K
29769,"[40, 50[", Private,154374,Undergraduate,13,Married-civ-spouse,Nontechnical, Husband,*,Male,0,0,40,North America,>50K
29770,"[20, 30[", State-gov,231473,Professional Education,12,Married-civ-spouse,Other, Husband,*,Male,0,0,30,North America,<=50K
29771,"[50, 60[", Private,158813,Undergraduate,10,Married-civ-spouse,Nontechnical, Husband,*,Male,0,0,60,North America,>50K
29772,"[30, 40[", Private,346478,Undergraduate,13,Married-civ-spouse,Nontechnical, Husband,*,Male,0,2415,45,North America,>50K
29773,"[50, 60[", Private,215990,Undergraduate,10,Married-civ-spouse,Technical, Husband,*,Male,7688,0,40,North America,>50K
29774,"[30, 40[", Private,177154,Undergraduate,13,Married-civ-spouse,Nontechnical, Husband,*,Male,15024,0,50,North America,>50K
29775,"[40, 50[", Self-emp-not-inc,238188,High School,9,Married-civ-spouse,Other, Husband,*,Male,0,0,96,North America,<=50K
29776,"[50, 60[", Self-emp-not-inc,156800,Undergraduate,13,Married-civ-spouse,Technical, Husband,*,Male,0,0,50,North America,<=50K
29778,"[50, 60[", Private,175339,High School,9,Married-civ-spouse,Nontechnical, Husband,*,Male,0,0,40,North America,>50K
29779,"[40, 50[", Private,37937,Professional Education,11,Married-civ-spouse,Other, Husband,*,Male,0,0,45,North America,<=50K
29780,"[40, 50[", Federal-gov,166634,Undergraduate,13,Married-civ-spouse,Other, Wife,*,Female,7688,0,40,North America,>50K
29783,"[20, 30[", Local-gov,213195,Professional Education,12,Married-civ-spouse,Other, Wife,*,Female,0,0,40,North America,>50K
29784,"[30, 40[", Private,157747,High School,9,Married-civ-spouse,Other, Husband,*,Male,0,0,45,North America,>50K
29785,"[20, 30[", Private,227840,High School,9,Never-married,Other, Not-in-family,*,Female,0,0,40,North America,<=50K
29786,"[40, 50[", Private,169104,Undergraduate,13,Married-civ-spouse,Technical, Husband,*,Male,0,0,40,Unknown,>50K
29787,"[40, 50[", Private,186916,Undergraduate,10,Married-civ-spouse,Other, Husband,*,Male,0,1887,60,North America,>50K
29788,"[30, 40[", Private,37646,Professional Education,12,Married-civ-spouse,Technical, Husband,*,Male,0,0,65,North America,<=50K
29789,"[20, 30[", Private,157028,Graduate,14,Never-married,Technical, Not-in-family,*,Male,0,0,55,North America,>50K
29790,"[30, 40[", Private,188774,Undergraduate,13,Never-married,Nontechnical, Not-in-family,*,Male,0,2824,40,North America,>50K
29791,"[60, 70[", ?,146272,Undergraduate,10,Married-civ-spouse,Other, Husband,*,Male,3411,0,15,North America,<=50K
29792,"[20, 30[", Private,182656,Professional Education,11,Divorced,Other, Unmarried,*,Female,0,0,40,North America,<=50K
29793,"[40, 50[", Self-emp-not-inc,200471,Undergraduate,10,Married-civ-spouse,Technical, Husband,*,Male,0,0,40,North America,<=50K
29794,"[40, 50[", Private,358465,Undergraduate,10,Divorced,Other, Not-in-family,*,Female,0,0,40,North America,<=50K
29795,"[10, 20[", Private,78602,High School,7,Never-married,Other, Other-relative,*,Female,0,0,20,North America,<=50K
29796,"[40, 50[", Private,213416,Primary School,3,Married-civ-spouse,Technical, Husband,*,Male,0,0,40,North America,<=50K
29797,"[40, 50[", Local-gov,345911,Undergraduate,10,Divorced,Other, Not-in-family,*,Female,0,0,40,North America,<=50K
29798,"[30, 40[", ?,119522,Undergraduate,13,Divorced,Other, Not-in-family,*,Male,0,0,50,North America,<=50K
29799,"[40, 50[", Federal-gov,126320,Undergraduate,10,Married-civ-spouse,Other, Husband,*,Male,0,0,40,North America,<=50K
29800,"[30, 40[", Self-emp-not-inc,235271,Undergraduate,13,Divorced,Nontechnical, Not-in-family,*,Male,0,0,50,North America,>50K
29801,"[60, 70[", Private,141745,High School,9,Divorced,Other, Not-in-family,*,Female,0,0,40,North America,<=50K
29802,"[40, 50[", Private,359461,Undergraduate,13,Married-civ-spouse,Technical, Husband,*,Male,0,0,40,North America,<=50K
29803,"[30, 40[", Private,109351,Undergraduate,13,Never-married,Nontechnical, Not-in-family,*,Female,8614,0,45,North America,>50K
29804,"[60, 70[", Private,148113,High School,6,Married-civ-spouse,Technical, Husband,*,Male,0,0,40,North America,<=50K
29805,"[60, 70[", Self-emp-not-inc,75478,Undergraduate,13,Married-civ-spouse,Nontechnical, Husband,*,Male,0,0,40,North America,<=50K
29806,"[30, 40[", Private,100375,Professional Education,15,Married-civ-spouse,Technical, Husband,*,Male,99999,0,60,North America,>50K
29807,"[10, 20[", ?,28455,Undergraduate,10,Never-married,Other, Own-child,*,Female,0,0,40,North America,<=50K
29808,"[30, 40[", Private,231413,Undergraduate,13,Married-civ-spouse,Technical, Husband,*,Male,0,0,40,North America,<=50K
29809,"[30, 40[", Local-gov,119421,Undergraduate,13,Married-civ-spouse,Technical, Wife,*,Female,0,0,42,North America,<=50K
29810,"[10, 20[", Private,206998,High School,7,Never-married,Nontechnical, Own-child,*,Male,0,0,10,North America,<=50K
29811,"[50, 60[", Private,183810,Undergraduate,10,Married-civ-spouse,Nontechnical, Husband,*,Male,0,0,40,North America,<=50K
29812,"[30, 40[", Self-emp-inc,187053,Undergraduate,13,Separated,Technical, Not-in-family,*,Female,0,0,50,North America,<=50K
29813,"[30, 40[", Local-gov,155781,High School,9,Married-civ-spouse,Other, Husband,*,Male,4064,0,50,North America,<=50K
29814,"[50, 60[", ?,193895,High School,4,Divorced,Other, Unmarried,*,Female,0,0,40,North America,<=50K
29815,"[30, 40[", Private,48520,Undergraduate,10,Married-civ-spouse,Technical, Husband,*,Male,0,0,40,North America,<=50K
29816,"[10, 20[", Self-emp-inc,170125,High School,9,Never-married,Nontechnical, Own-child,*,Male,0,0,40,North America,<=50K
29817,"[40, 50[", Private,107584,High School,9,Married-civ-spouse,Technical, Husband,*,Male,0,0,40,North America,<=50K
29818,"[20, 30[", Private,196742,High School,9,Divorced,Other, Unmarried,*,Female,0,0,40,North America,<=50K
29819,"[50, 60[", ?,244214,High School,9,Married-civ-spouse,Other, Husband,*,Male,0,0,35,North America,<=50K
29820,"[40, 50[", Local-gov,127921,Undergraduate,13,Married-civ-spouse,Technical, Husband,*,Male,0,0,40,North America,<=50K
29821,"[30, 40[", Private,42617,Undergraduate,10,Divorced,Technical, Not-in-family,*,Female,0,0,30,North America,<=50K
29822,"[40, 50[", Local-gov,191389,High School,9,Divorced,Other, Unmarried,*,Female,0,0,35,North America,<=50K
29823,"[30, 40[", Private,187983,Professional Education,15,Married-civ-spouse,Nontechnical, Wife,*,Female,0,0,40,North America,<=50K
29824,"[10, 20[", Private,215110,High School,9,Never-married,Nontechnical, Own-child,*,Male,0,0,40,North America,<=50K
29825,"[20, 30[", Private,230292,High School,9,Married-civ-spouse,Technical, Husband,*,Male,0,0,40,North America,<=50K
29826,"[30, 40[", Private,90159,Undergraduate,13,Married-civ-spouse,Technical, Wife,*,Female,0,0,32,North America,>50K
29827,"[40, 50[", Private,175398,Professional Education,11,Divorced,Technical, Not-in-family,*,Female,0,0,20,North America,<=50K
29828,"[50, 60[", Self-emp-not-inc,53366,High School,7,Married-civ-spouse,Technical, Husband,*,Male,0,0,20,North America,<=50K
29829,"[50, 60[", Private,46155,Professional Education,11,Divorced,Technical, Unmarried,*,Female,0,0,40,North America,>50K
29830,"[50, 60[", Private,61708,High School,9,Married-civ-spouse,Other, Husband,*,Male,6418,0,50,North America,>50K
29831,"[30, 40[", Local-gov,112650,High School,9,Married-civ-spouse,Other, Husband,*,Male,0,0,40,North America,<=50K
29832,"[40, 50[", Private,173682,Professional Education,11,Married-civ-spouse,Technical, Husband,*,Male,0,0,43,North America,>50K
29833,"[20, 30[", Private,160981,Undergraduate,10,Never-married,Other, Not-in-family,*,Female,0,0,52,North America,<=50K
29834,"[50, 60[", Private,72257,Undergraduate,10,Married-civ-spouse,Nontechnical, Husband,*,Male,0,0,55,North America,<=50K
29835,"[20, 30[", ?,182332,Professional Education,11,Married-civ-spouse,Other, Wife,*,Female,0,0,40,North America,<=50K
29837,"[20, 30[", Private,417668,Undergraduate,10,Never-married,Other, Own-child,*,Male,0,0,20,North America,<=50K
29838,"[20, 30[", Private,107458,High School,9,Married-civ-spouse,Other, Husband,*,Male,0,0,40,North America,<=50K
29839,"[70, 80[", Private,147551,Undergraduate,10,Married-civ-spouse,Technical, Husband,*,Male,0,2174,50,North America,>50K
29840,"[40, 50[", Self-emp-inc,33729,Undergraduate,13,Married-civ-spouse,Nontechnical, Husband,*,Male,0,0,45,North America,>50K
29841,"[40, 50[", Private,101977,Undergraduate,10,Married-civ-spouse,Nontechnical, Husband,*,Male,0,0,45,North America,<=50K
29842,"[30, 40[", ?,374716,High School,5,Married-civ-spouse,Other, Wife,*,Female,0,0,35,North America,<=50K
29843,"[30, 40[", Private,214378,High School,9,Divorced,Technical, Own-child,*,Female,0,0,40,North America,>50K
29844,"[20, 30[", Private,111243,High School,9,Never-married,Nontechnical, Other-relative,*,Female,0,0,50,North America,<=50K
29845,"[30, 40[", Private,252947,Undergraduate,10,Married-civ-spouse,Nontechnical, Husband,*,Male,0,0,40,North America,<=50K
29846,"[30, 40[", Local-gov,118500,Undergraduate,10,Divorced,Other, Unmarried,*,Female,0,0,40,North America,<=50K
29847,"[40, 50[", Private,195612,Undergraduate,10,Married-civ-spouse,Nontechnical, Husband,*,Male,7298,0,40,North America,>50K
29848,"[40, 50[", Local-gov,174575,High School,9,Married-civ-spouse,Technical, Husband,*,Male,0,0,40,North America,<=50K
29849,"[20, 30[", Private,190391,Undergraduate,10,Married-civ-spouse,Nontechnical, Husband,*,Male,0,0,40,North America,<=50K
29850,"[60, 70[", Private,166715,Undergraduate,10,Married-civ-spouse,Nontechnical, Husband,*,Male,0,0,20,North America,<=50K
29851,"[40, 50[", Self-emp-not-inc,142725,High School,9,Married-civ-spouse,Other, Husband,*,Male,0,0,45,North America,<=50K
29852,"[30, 40[", Private,73471,Undergraduate,13,Married-civ-spouse,Nontechnical, Husband,*,Male,0,1887,47,North America,>50K
29854,"[30, 40[", Private,316141,Undergraduate,10,Divorced,Technical, Unmarried,*,Female,7443,0,40,North America,<=50K
29855,"[60, 70[", Local-gov,248595,Primary School,2,Married-civ-spouse,Other, Husband,*,Male,0,0,40,North America,<=50K
29856,"[50, 60[", Private,90189,High School,4,Divorced,Other, Own-child,*,Female,0,0,16,North America,<=50K
29857,"[40, 50[", Private,205195,Professional Education,12,Married-civ-spouse,Nontechnical, Husband,*,Male,0,0,60,North America,>50K
29858,"[20, 30[", Private,148940,High School,9,Never-married,Nontechnical, Own-child,*,Male,0,0,40,North America,<=50K
29859,"[50, 60[", Local-gov,298035,Graduate,14,Married-civ-spouse,Technical, Husband,*,Male,0,0,40,North America,<=50K
29860,"[50, 60[", Private,154728,Undergraduate,10,Married-civ-spouse,Technical, Husband,*,Male,0,0,40,North America,>50K
29861,"[40, 50[", Private,166809,Undergraduate,13,Divorced,Nontechnical, Unmarried,*,Female,0,0,40,North America,>50K
29862,"[30, 40[", State-gov,97136,Undergraduate,13,Never-married,Technical, Unmarried,*,Female,0,0,40,North America,<=50K
29863,"[30, 40[", Private,347623,Graduate,14,Never-married,Nontechnical, Unmarried,*,Male,0,0,40,North America,<=50K
29864,"[40, 50[", Private,117917,High School,9,Married-civ-spouse,Technical, Husband,*,Male,0,0,50,North America,<=50K
29865,"[40, 50[", Private,266860,Undergraduate,13,Married-civ-spouse,Nontechnical, Husband,*,Male,0,0,50,North America,>50K
29866,"[20, 30[", Private,71864,Undergraduate,10,Never-married,Technical, Own-child,*,Female,0,0,35,North America,<=50K
29867,"[40, 50[", Private,158451,Graduate,14,Married-civ-spouse,Technical, Wife,*,Female,0,0,2,North America,>50K
29868,"[20, 30[", Private,229826,High School,9,Never-married,Nontechnical, Not-in-family,*,Male,0,0,30,North America,<=50K
29869,"[10, 20[", Private,121788,Undergraduate,10,Never-married,Nontechnical, Not-in-family,*,Female,0,0,30,North America,<=50K
29870,"[40, 50[", Private,151365,High School,9,Divorced,Technical, Not-in-family,*,Female,0,0,40,North America,<=50K
29871,"[40, 50[", Private,360884,Undergraduate,10,Never-married,Technical, Not-in-family,*,Female,0,0,50,North America,>50K
29872,"[50, 60[", Private,36480,High School,9,Married-civ-spouse,Nontechnical, Husband,*,Male,15024,0,50,North America,>50K
29873,"[40, 50[", Self-emp-not-inc,116666,Professional Education,15,Married-civ-spouse,Technical, Husband,*,Male,0,0,35,North America,>50K
29874,"[60, 70[", Local-gov,214143,Undergraduate,13,Married-civ-spouse,Other, Husband,*,Male,0,0,40,North America,<=50K
29875,"[10, 20[", Private,45316,High School,7,Never-married,Other, Own-child,*,Female,0,0,20,North America,<=50K
29877,"[40, 50[", Self-emp-not-inc,48495,High School,9,Married-civ-spouse,Nontechnical, Husband,*,Male,0,0,45,North America,<=50K
29879,"[40, 50[", Local-gov,170846,Graduate,14,Divorced,Nontechnical, Not-in-family,*,Female,0,0,40,North America,<=50K
29880,"[60, 70[", Private,142922,High School,9,Married-civ-spouse,Technical, Husband,*,Male,0,0,50,North America,<=50K
29881,"[70, 80[", ?,181301,High School,9,Married-civ-spouse,Other, Husband,*,Male,0,0,40,North America,<=50K
29882,"[30, 40[", Private,286675,High School,9,Married-civ-spouse,Other, Husband,*,Male,0,0,40,North America,<=50K
29883,"[20, 30[", Private,233168,Undergraduate,13,Married-civ-spouse,Technical, Wife,*,Female,0,0,46,North America,>50K
29884,"[30, 40[", Private,177304,Undergraduate,10,Married-civ-spouse,Nontechnical, Husband,*,Male,0,0,44,North America,<=50K
29885,"[40, 50[", Private,336984,High School,9,Never-married,Nontechnical, Own-child,*,Male,0,0,17,North America,<=50K
29886,"[30, 40[", Self-emp-not-inc,379412,Professional Education,11,Married-civ-spouse,Technical, Husband,*,Male,0,0,40,North America,<=50K
29887,"[20, 30[", Private,180778,High School,9,Never-married,Technical, Not-in-family,*,Male,0,0,75,North America,<=50K
29890,"[30, 40[", Private,329993,Undergraduate,10,Married-civ-spouse,Other, Husband,*,Male,0,0,50,North America,<=50K
29891,"[40, 50[", Private,247469,Graduate,16,Married-civ-spouse,Technical, Wife,*,Female,0,0,30,North America,>50K
29892,"[50, 60[", Private,673764,Graduate,14,Never-married,Technical, Not-in-family,*,Male,27828,0,40,North America,>50K
29893,"[20, 30[", Private,155775,High School,9,Never-married,Technical, Own-child,*,Male,0,0,30,North America,<=50K
29894,"[30, 40[", Private,81223,High School,9,Divorced,Nontechnical, Not-in-family,*,Female,0,0,48,North America,<=50K
29895,"[40, 50[", Private,236021,Undergraduate,10,Never-married,Nontechnical, Not-in-family,*,Male,0,0,50,North America,<=50K
29896,"[30, 40[", State-gov,103371,Professional Education,11,Never-married,Other, Unmarried,*,Female,0,0,40,North America,<=50K
29897,"[10, 20[", Private,199480,High School,6,Never-married,Nontechnical, Own-child,*,Male,0,0,25,North America,<=50K
29898,"[50, 60[", Private,152657,High School,6,Married-civ-spouse,Technical, Husband,*,Male,0,0,40,North America,<=50K
29899,"[40, 50[", Federal-gov,460214,Undergraduate,10,Married-civ-spouse,Other, Husband,*,Male,0,0,40,North America,>50K
29900,"[30, 40[", Private,91039,Graduate,14,Married-civ-spouse,Nontechnical, Husband,*,Male,0,0,65,North America,>50K
29901,"[40, 50[", Private,197372,High School,9,Married-civ-spouse,Technical, Husband,*,Male,0,0,60,North America,>50K
29902,"[60, 70[", ?,267198,Professional Education,15,Married-civ-spouse,Other, Husband,*,Male,0,0,16,North America,<=50K
29903,"[30, 40[", State-gov,111883,Undergraduate,10,Never-married,Technical, Not-in-family,*,Male,0,0,40,North America,<=50K
29904,"[20, 30[", Private,66917,High School,7,Married-civ-spouse,Other, Own-child,*,Male,0,0,40,North America,<=50K
29905,"[10, 20[", Private,292583,High School,9,Never-married,Other, Own-child,*,Female,0,0,30,North America,<=50K
29906,"[20, 30[", Private,391679,High School,9,Never-married,Nontechnical, Other-relative,*,Male,0,0,60,North America,<=50K
29907,"[30, 40[", Private,475324,Undergraduate,13,Married-civ-spouse,Nontechnical, Husband,*,Male,0,0,45,North America,<=50K
29908,"[30, 40[", Self-emp-not-inc,218164,High School,9,Married-civ-spouse,Technical, Husband,*,Male,0,0,40,North America,<=50K
29909,"[40, 50[", Self-emp-not-inc,101534,Undergraduate,10,Married-civ-spouse,Nontechnical, Husband,*,Male,0,1902,15,North America,>50K
29910,"[30, 40[", Federal-gov,65706,Undergraduate,10,Divorced,Nontechnical, Unmarried,*,Female,0,0,38,North America,<=50K
29911,"[50, 60[", Self-emp-not-inc,156606,Undergraduate,10,Married-civ-spouse,Nontechnical, Wife,*,Female,0,0,30,North America,<=50K
29912,"[20, 30[", Private,200967,High School,9,Divorced,Other, Own-child,*,Female,0,0,10,North America,<=50K
29913,"[30, 40[", Local-gov,164493,Undergraduate,10,Never-married,Other, Own-child,*,Female,0,0,10,North America,<=50K
29914,"[30, 40[", Private,547886,Undergraduate,13,Separated,Nontechnical, Unmarried,*,Female,0,0,40,North America,<=50K
29915,"[40, 50[", Private,232145,High School,9,Divorced,Technical, Not-in-family,*,Male,0,0,40,North America,<=50K
29916,"[40, 50[", Private,96421,Undergraduate,13,Divorced,Technical, Unmarried,*,Female,0,0,24,North America,<=50K
29918,"[50, 60[", Local-gov,234143,Graduate,14,Married-civ-spouse,Nontechnical, Husband,*,Male,0,0,45,North America,>50K
29919,"[20, 30[", Private,380544,Undergraduate,10,Married-civ-spouse,Other, Husband,*,Male,0,0,40,North America,>50K
29920,"[30, 40[", Local-gov,103886,Undergraduate,10,Divorced,Nontechnical, Not-in-family,*,Male,0,0,50,North America,<=50K
29921,"[50, 60[", State-gov,54709,High School,9,Divorced,Other, Unmarried,*,Female,0,0,46,North America,<=50K
29922,"[20, 30[", Private,276548,High School,9,Married-civ-spouse,Nontechnical, Wife,*,Female,0,0,20,North America,<=50K
29923,"[50, 60[", Local-gov,176046,Graduate,14,Married-civ-spouse,Technical, Wife,*,Female,0,2267,40,North America,<=50K
29924,"[30, 40[", Private,114605,High School,9,Married-civ-spouse,Other, Husband,*,Male,0,0,40,North America,<=50K
29925,"[40, 50[", Private,323713,High School,9,Married-civ-spouse,Technical, Husband,*,Male,0,0,40,North America,<=50K
29926,"[30, 40[", Self-emp-not-inc,261382,Undergraduate,10,Married-civ-spouse,Other, Husband,*,Male,0,0,40,North America,<=50K
29927,"[40, 50[", Private,223548,High School,4,Married-civ-spouse,Nontechnical, Husband,*,Male,0,0,30,North America,<=50K
29928,"[40, 50[", Self-emp-not-inc,355978,Graduate,16,Married-civ-spouse,Other, Husband,*,Male,0,2002,45,North America,<=50K
29929,"[40, 50[", Private,107218,Undergraduate,13,Married-civ-spouse,Nontechnical, Husband,*,Male,0,0,40,North America,<=50K
29930,"[20, 30[", Self-emp-not-inc,31717,High School,9,Married-civ-spouse,Technical, Husband,*,Male,0,0,40,North America,<=50K
29931,"[50, 60[", Private,328947,Undergraduate,10,Widowed,Other, Not-in-family,*,Female,0,0,40,North America,<=50K
29932,"[50, 60[", Private,148431,High School,9,Married-civ-spouse,Technical, Husband,*,Male,0,0,40,North America,<=50K
29933,"[40, 50[", Private,121602,Undergraduate,13,Married-civ-spouse,Nontechnical, Husband,*,Male,0,0,40,North America,<=50K
29934,"[60, 70[", Private,244087,Graduate,16,Married-civ-spouse,Technical, Husband,*,Male,15024,0,50,North America,>50K
29935,"[30, 40[", Private,83425,Undergraduate,10,Never-married,Other, Unmarried,*,Female,0,0,40,North America,<=50K
29937,"[20, 30[", Private,57898,Undergraduate,10,Never-married,Other, Not-in-family,*,Male,0,0,30,North America,<=50K
29938,"[40, 50[", State-gov,175304,Undergraduate,10,Divorced,Nontechnical, Not-in-family,*,Female,0,0,40,North America,<=50K
29939,"[60, 70[", Self-emp-inc,102663,High School,4,Married-civ-spouse,Nontechnical, Husband,*,Male,0,0,50,North America,<=50K
29940,"[10, 20[", Private,99175,High School,7,Never-married,Other, Not-in-family,*,Female,0,0,20,North America,<=50K
29941,"[30, 40[", Private,208358,Undergraduate,10,Married-civ-spouse,Technical, Husband,*,Male,0,0,40,North America,>50K
29942,"[60, 70[", Private,361561,Professional Education,15,Married-civ-spouse,Technical, Husband,*,Male,0,0,3,North America,<=50K
29943,"[20, 30[", Private,215115,Undergraduate,13,Never-married,Other, Not-in-family,*,Female,0,0,40,North America,<=50K
29944,"[30, 40[", Federal-gov,207066,High School,9,Married-civ-spouse,Nontechnical, Husband,*,Male,0,0,42,North America,>50K
29945,"[30, 40[", Federal-gov,160910,High School,9,Married-civ-spouse,Technical, Husband,*,Male,0,0,40,North America,<=50K
29946,"[30, 40[", Private,64879,Undergraduate,10,Divorced,Nontechnical, Not-in-family,*,Female,0,0,40,North America,<=50K
29947,"[30, 40[", Private,430035,High School,5,Married-civ-spouse,Other, Husband,*,Male,0,0,54,North America,<=50K
29948,"[30, 40[", State-gov,74163,Undergraduate,13,Never-married,Technical, Not-in-family,*,Female,0,0,40,North America,<=50K
29949,"[30, 40[", Self-emp-inc,98389,High School,9,Married-civ-spouse,Nontechnical, Husband,*,Male,0,0,50,North America,>50K
29950,"[20, 30[", Private,386019,High School,5,Never-married,Other, Unmarried,*,Male,0,0,70,North America,<=50K
29951,"[10, 20[", Private,112795,High School,6,Never-married,Other, Own-child,*,Female,0,0,15,North America,<=50K
29952,"[40, 50[", Private,332465,Undergraduate,13,Married-civ-spouse,Technical, Husband,*,Male,0,0,35,North America,<=50K
29953,"[10, 20[", Private,38611,High School,7,Never-married,Other, Own-child,*,Female,0,0,23,North America,<=50K
29954,"[50, 60[", Private,368797,Graduate,14,Married-civ-spouse,Nontechnical, Husband,*,Male,0,1977,60,North America,>50K
29955,"[30, 40[", Private,24106,Undergraduate,10,Married-civ-spouse,Nontechnical, Husband,*,Male,0,0,40,North America,>50K
29956,"[60, 70[", ?,108683,Undergraduate,10,Married-civ-spouse,Other, Wife,*,Female,0,0,12,North America,>50K
29957,"[30, 40[", Self-emp-not-inc,241998,Undergraduate,13,Married-civ-spouse,Technical, Husband,*,Male,0,0,45,North America,<=50K
29958,"[50, 60[", Private,312446,Undergraduate,13,Married-civ-spouse,Nontechnical, Husband,*,Male,0,0,60,North America,>50K
29959,"[40, 50[", Private,69333,High School,9,Married-civ-spouse,Technical, Husband,*,Male,0,0,48,North America,<=50K
29960,"[30, 40[", Private,172538,Graduate,14,Never-married,Technical, Own-child,*,Male,0,0,40,North America,<=50K
29961,"[20, 30[", Private,275884,High School,9,Separated,Other, Unmarried,*,Female,0,0,40,North America,<=50K
29962,"[40, 50[", Private,43479,Undergraduate,10,Married-civ-spouse,Other, Husband,*,Male,0,0,48,North America,<=50K
29963,"[30, 40[", Private,199864,Undergraduate,10,Married-civ-spouse,Other, Wife,*,Female,0,2057,40,North America,<=50K
29964,"[50, 60[", Private,235197,High School,9,Never-married,Other, Not-in-family,*,Female,0,0,38,North America,<=50K
29965,"[30, 40[", Private,170376,High School,9,Married-civ-spouse,Technical, Husband,*,Male,0,0,45,North America,>50K
29966,"[20, 30[", Private,325179,Undergraduate,10,Never-married,Technical, Own-child,*,Male,0,0,50,North America,<=50K
29967,"[10, 20[", ?,351195,High School,5,Never-married,Other, Other-relative,*,Male,0,1719,35,North America,<=50K
29968,"[30, 40[", Private,141841,High School,9,Never-married,Other, Own-child,*,Male,0,0,36,North America,<=50K
29970,"[20, 30[", Private,137974,Undergraduate,10,Never-married,Other, Own-child,*,Female,0,0,30,North America,<=50K
29971,"[60, 70[", Self-emp-inc,161325,Professional Education,12,Married-civ-spouse,Nontechnical, Husband,*,Male,0,1887,50,North America,>50K
29972,"[40, 50[", Private,293623,High School,7,Married-civ-spouse,Technical, Husband,*,Male,0,0,40,North America,<=50K
29973,"[20, 30[", Private,37783,Undergraduate,10,Never-married,Other, Not-in-family,*,Female,0,0,25,North America,<=50K
29974,"[40, 50[", Federal-gov,308027,Undergraduate,13,Divorced,Nontechnical, Not-in-family,*,Female,0,0,40,North America,<=50K
29975,"[40, 50[", Self-emp-not-inc,149218,Undergraduate,13,Married-civ-spouse,Other, Husband,*,Male,0,0,77,North America,<=50K
29976,"[40, 50[", Local-gov,374450,High School,9,Married-civ-spouse,Other, Wife,*,Female,5178,0,40,North America,>50K
29977,"[40, 50[", Local-gov,61885,Graduate,14,Married-civ-spouse,Technical, Husband,*,Male,0,0,37,North America,>50K
29978,"[20, 30[", State-gov,291196,Undergraduate,13,Never-married,Technical, Not-in-family,*,Male,0,0,40,North America,<=50K
29979,"[40, 50[", Private,45366,High School,9,Married-civ-spouse,Technical, Husband,*,Male,0,0,72,North America,>50K
29980,"[20, 30[", Private,203027,High School,9,Never-married,Other, Not-in-family,*,Male,0,0,55,North America,<=50K
29982,"[10, 20[", Private,132680,High School,6,Never-married,Other, Own-child,*,Female,0,1602,10,North America,<=50K
29983,"[50, 60[", Private,155574,High School,9,Married-civ-spouse,Technical, Husband,*,Male,0,0,40,North America,>50K
29984,"[30, 40[", State-gov,193565,Graduate,14,Never-married,Technical, Not-in-family,*,Male,0,0,40,North America,<=50K
29985,"[40, 50[", Self-emp-not-inc,123598,High School,9,Never-married,Technical, Not-in-family,*,Male,0,0,30,North America,<=50K
29986,"[40, 50[", Private,456236,Graduate,14,Married-civ-spouse,Other, Husband,*,Male,0,0,40,North America,<=50K
29987,"[40, 50[", Private,163229,High School,9,Divorced,Technical, Not-in-family,*,Male,0,0,50,North America,<=50K
29988,"[20, 30[", Local-gov,419740,Undergraduate,13,Never-married,Technical, Not-in-family,*,Male,0,0,52,North America,<=50K
29989,"[40, 50[", Local-gov,118853,Undergraduate,10,Married-civ-spouse,Technical, Husband,*,Male,4386,0,99,North America,>50K
29990,"[30, 40[", Private,31449,Professional Education,12,Divorced,Technical, Unmarried,*,Female,0,0,40,North America,<=50K
29991,"[30, 40[", Private,204163,Undergraduate,10,Divorced,Technical, Unmarried,*,Female,0,0,55,North America,<=50K
29992,"[10, 20[", Private,177629,High School,7,Never-married,Nontechnical, Own-child,*,Female,0,0,20,North America,<=50K
29993,"[20, 30[", Private,186370,High School,9,Married-civ-spouse,Nontechnical, Husband,*,Male,0,0,40,North America,<=50K
29994,"[40, 50[", Private,188307,High School,9,Divorced,Technical, Unmarried,*,Female,0,0,40,North America,<=50K
29997,"[60, 70[", Local-gov,167347,Undergraduate,10,Married-civ-spouse,Other, Husband,*,Male,0,0,35,North America,<=50K
29998,"[40, 50[", Private,184378,High School,9,Separated,Technical, Not-in-family,*,Male,0,0,40,North America,<=50K
29999,"[30, 40[", Private,348960,High School,9,Never-married,Technical, Not-in-family,*,Male,0,0,50,North America,<=50K
30000,"[20, 30[", Local-gov,69640,Undergraduate,10,Never-married,Other, Not-in-family,*,Male,0,0,40,North America,<=50K
30001,"[20, 30[", Private,297457,High School,9,Never-married,Other, Own-child,*,Male,0,0,40,North America,<=50K
30002,"[10, 20[", Private,279593,High School,7,Never-married,Technical, Own-child,*,Female,0,0,2,North America,<=50K
30003,"[20, 30[", Private,211968,Undergraduate,10,Never-married,Technical, Own-child,*,Female,0,0,15,North America,<=50K
30004,"[10, 20[", Private,194561,Undergraduate,10,Never-married,Other, Own-child,*,Male,0,0,12,North America,<=50K
30005,"[20, 30[", Private,140414,High School,9,Married-civ-spouse,Technical, Husband,*,Male,0,0,40,North America,<=50K
30006,"[40, 50[", State-gov,24763,Graduate,14,Married-civ-spouse,Technical, Husband,*,Male,0,1887,45,North America,>50K
30008,"[30, 40[", Private,48972,Undergraduate,10,Divorced,Other, Unmarried,*,Female,0,0,40,North America,<=50K
30009,"[20, 30[", Self-emp-not-inc,35032,Undergraduate,13,Never-married,Nontechnical, Not-in-family,*,Male,0,0,50,North America,<=50K
30010,"[40, 50[", Private,228583,Undergraduate,10,Married-civ-spouse,Technical, Husband,*,Male,0,0,40,Unknown,<=50K
30011,"[50, 60[", Private,392668,Graduate,16,Married-civ-spouse,Nontechnical, Husband,*,Male,15024,0,84,North America,>50K
30012,"[30, 40[", Private,108140,Undergraduate,13,Married-civ-spouse,Nontechnical, Husband,*,Male,0,0,40,North America,>50K
30013,"[30, 40[", State-gov,112497,Undergraduate,13,Married-civ-spouse,Other, Husband,*,Male,0,0,60,North America,<=50K
30014,"[40, 50[", Federal-gov,142581,Undergraduate,10,Married-civ-spouse,Other, Husband,*,Male,0,0,40,North America,>50K
30015,"[20, 30[", Private,147982,High School,7,Divorced,Technical, Not-in-family,*,Female,0,0,40,North America,<=50K
30016,"[30, 40[", State-gov,440129,Undergraduate,10,Divorced,Other, Not-in-family,*,Male,0,0,40,North America,>50K
30018,"[40, 50[", Private,31807,Undergraduate,10,Never-married,Nontechnical, Unmarried,*,Female,0,0,40,North America,<=50K
30019,"[10, 20[", Private,166153,High School,9,Never-married,Nontechnical, Own-child,*,Female,0,0,30,North America,<=50K
30020,"[40, 50[", Self-emp-inc,212954,Undergraduate,10,Married-civ-spouse,Other, Husband,*,Male,0,0,50,North America,<=50K
30021,"[40, 50[", Private,52291,Undergraduate,13,Married-civ-spouse,Technical, Husband,*,Male,7688,0,45,North America,>50K
30022,"[70, 80[", Self-emp-not-inc,303588,Undergraduate,10,Married-civ-spouse,Technical, Husband,*,Male,0,0,20,North America,<=50K
30023,"[10, 20[", Private,96176,Undergraduate,10,Never-married,Other, Own-child,*,Female,0,0,20,North America,<=50K
30024,"[40, 50[", Private,184632,Professional Education,11,Married-civ-spouse,Technical, Husband,*,Male,0,0,50,North America,<=50K
30025,"[20, 30[", Private,137618,Undergraduate,10,Never-married,Other, Own-child,*,Male,0,0,35,North America,<=50K
30026,"[10, 20[", Private,160029,High School,7,Never-married,Other, Other-relative,*,Female,0,0,22,North America,<=50K
30027,"[40, 50[", Private,178780,Undergraduate,10,Married-civ-spouse,Nontechnical, Husband,*,Male,0,0,49,North America,>50K
30028,"[10, 20[", Private,39756,Undergraduate,10,Never-married,Other, Own-child,*,Female,0,0,15,North America,<=50K
30029,"[30, 40[", Private,35309,High School,9,Married-civ-spouse,Technical, Husband,*,Male,0,0,40,North America,<=50K
30030,"[50, 60[", Private,117253,High School,9,Widowed,Technical, Unmarried,*,Female,0,0,40,North America,<=50K
30031,"[40, 50[", Local-gov,303212,Undergraduate,13,Married-civ-spouse,Technical, Husband,*,Male,0,0,40,North America,>50K
30032,"[20, 30[", Private,214542,Undergraduate,10,Never-married,Technical, Own-child,*,Male,0,0,60,North America,<=50K
30033,"[30, 40[", Private,342019,Professional Education,12,Married-civ-spouse,Technical, Husband,*,Male,0,0,40,North America,<=50K
30034,"[50, 60[", Private,126668,Professional Education,11,Married-civ-spouse,Technical, Husband,*,Male,5178,0,50,North America,>50K
30035,"[20, 30[", Private,401508,High School,9,Never-married,Other, Unmarried,*,Female,0,0,40,North America,<=50K
30036,"[40, 50[", Private,25005,Undergraduate,13,Married-civ-spouse,Technical, Husband,*,Male,15024,0,99,North America,>50K
30037,"[30, 40[", Self-emp-not-inc,85708,High School,9,Married-civ-spouse,Technical, Husband,*,Male,0,0,40,North America,<=50K
30038,"[20, 30[", Private,115677,Professional Education,12,Never-married,Other, Own-child,*,Male,0,0,32,North America,<=50K
30039,"[20, 30[", Private,144259,High School,9,Never-married,Technical, Own-child,*,Male,0,0,50,North America,<=50K
30040,"[20, 30[", Private,197583,Undergraduate,13,Never-married,Nontechnical, Not-in-family,*,Female,0,0,20,North America,<=50K
30041,"[20, 30[", State-gov,142766,Undergraduate,10,Never-married,Nontechnical, Own-child,*,Male,0,0,40,North America,<=50K
30042,"[60, 70[", ?,132626,Undergraduate,10,Married-civ-spouse,Other, Husband,*,Male,0,0,6,North America,<=50K
30043,"[30, 40[", Self-emp-inc,185621,Undergraduate,13,Never-married,Nontechnical, Not-in-family,*,Female,0,0,60,North America,>50K
30044,"[50, 60[", Local-gov,29887,High School,9,Married-civ-spouse,Nontechnical, Husband,*,Male,0,0,56,North America,<=50K
30045,"[30, 40[", Private,117381,High School,9,Married-civ-spouse,Technical, Husband,*,Male,0,0,40,North America,<=50K
30046,"[20, 30[", Private,211482,Undergraduate,13,Married-civ-spouse,Nontechnical, Husband,*,Male,0,0,40,North America,<=50K
30047,"[30, 40[", Federal-gov,90653,High School,9,Never-married,Nontechnical, Unmarried,*,Female,0,1380,40,North America,<=50K
30048,"[50, 60[", Private,209535,High School,9,Divorced,Other, Not-in-family,*,Male,0,0,40,North America,<=50K
30050,"[10, 20[", Private,174732,Undergraduate,10,Never-married,Other, Own-child,*,Male,0,0,25,North America,<=50K
30051,"[30, 40[", Private,297847,High School,9,Never-married,Other, Not-in-family,*,Female,0,2001,40,North America,<=50K
30052,"[50, 60[", Private,110213,High School,9,Widowed,Other, Not-in-family,*,Female,0,0,40,North America,>50K
30053,"[30, 40[", Private,162601,High School,9,Divorced,Other, Unmarried,*,Female,0,0,40,North America,<=50K
30054,"[40, 50[", Private,108438,High School,6,Separated,Technical, Unmarried,*,Female,0,0,40,North America,<=50K
30055,"[40, 50[", Self-emp-inc,132222,High School,9,Married-civ-spouse,Nontechnical, Husband,*,Male,0,0,40,North America,<=50K
30056,"[10, 20[", Private,174394,High School,9,Never-married,Other, Own-child,*,Female,0,0,20,North America,<=50K
30057,"[70, 80[", Self-emp-not-inc,322789,High School,9,Married-civ-spouse,Other, Husband,*,Male,0,0,35,North America,<=50K
30058,"[50, 60[", Federal-gov,72436,High School,9,Married-civ-spouse,Nontechnical, Husband,*,Male,0,0,57,North America,>50K
30059,"[20, 30[", ?,60726,High School,9,Never-married,Other, Own-child,*,Male,0,0,40,North America,<=50K
30060,"[20, 30[", Private,190273,High School,8,Never-married,Other, Own-child,*,Male,0,0,35,North America,<=50K
30061,"[30, 40[", ?,393376,High School,7,Never-married,Other, Not-in-family,*,Female,0,0,40,North America,<=50K
30062,"[30, 40[", Private,140571,Professional Education,11,Divorced,Technical, Unmarried,*,Female,0,0,40,North America,<=50K
30063,"[20, 30[", Private,584790,Professional Education,11,Married-civ-spouse,Other, Husband,*,Male,0,0,40,North America,>50K
30064,"[20, 30[", Private,197666,Undergraduate,10,Never-married,Other, Not-in-family,*,Female,0,0,24,Europe,<=50K
30065,"[30, 40[", Private,245090,Undergraduate,10,Married-civ-spouse,Technical, Husband,*,Male,3137,0,50,North America,<=50K
30066,"[40, 50[", Private,192569,Professional Education,15,Divorced,Technical, Not-in-family,*,Female,0,0,39,North America,>50K
30067,"[30, 40[", Local-gov,158291,Undergraduate,13,Never-married,Technical, Not-in-family,*,Male,8614,0,40,North America,>50K
30068,"[10, 20[", ?,113915,High School,9,Never-married,Other, Own-child,*,Male,0,0,10,North America,<=50K
30070,"[20, 30[", Private,192455,High School,9,Never-married,Other, Unmarried,*,Female,0,0,40,North America,<=50K
30071,"[30, 40[", Private,317040,Professional Education,11,Divorced,Other, Unmarried,*,Female,0,0,54,North America,<=50K
30072,"[30, 40[", Private,218689,Graduate,14,Married-civ-spouse,Nontechnical, Husband,*,Male,0,1977,50,North America,>50K
30073,"[10, 20[", Private,116626,High School,7,Never-married,Nontechnical, Own-child,*,Male,0,1719,18,North America,<=50K
30074,"[30, 40[", Federal-gov,48458,Undergraduate,10,Never-married,Other, Own-child,*,Female,0,0,40,North America,<=50K
30075,"[30, 40[", Self-emp-not-inc,241469,High School,5,Married-civ-spouse,Technical, Husband,*,Male,2635,0,30,North America,<=50K
30076,"[30, 40[", Private,167990,Graduate,14,Never-married,Nontechnical, Not-in-family,*,Male,14084,0,40,North America,>50K
30077,"[40, 50[", Private,261929,Undergraduate,13,Married-civ-spouse,Nontechnical, Husband,*,Male,7688,0,40,North America,>50K
30078,"[50, 60[", Private,425804,Undergraduate,10,Never-married,Nontechnical, Not-in-family,*,Female,0,0,45,North America,>50K
30079,"[30, 40[", Private,33394,Undergraduate,13,Married-civ-spouse,Nontechnical, Husband,*,Male,0,1887,35,North America,>50K
30080,"[50, 60[", Private,72812,High School,6,Never-married,Other, Not-in-family,*,Male,0,0,40,North America,<=50K
30081,"[30, 40[", Private,89040,Professional Education,11,Married-civ-spouse,Other, Husband,*,Male,0,0,40,North America,<=50K
30082,"[60, 70[", Local-gov,164518,High School,9,Widowed,Other, Not-in-family,*,Female,0,0,38,North America,<=50K
30083,"[50, 60[", Private,182740,High School,9,Divorced,Technical, Unmarried,*,Male,0,0,40,North America,<=50K
30084,"[50, 60[", Private,361875,Undergraduate,10,Divorced,Nontechnical, Not-in-family,*,Female,0,0,50,North America,<=50K
30085,"[20, 30[", Private,197130,High School,9,Never-married,Nontechnical, Own-child,*,Female,0,0,30,North America,<=50K
30086,"[20, 30[", Private,340335,Undergraduate,13,Never-married,Other, Not-in-family,*,Female,0,0,40,North America,<=50K
30087,"[20, 30[", Private,293984,High School,6,Married-civ-spouse,Technical, Own-child,*,Male,0,0,40,North America,<=50K
30088,"[50, 60[", State-gov,261584,Undergraduate,13,Never-married,Nontechnical, Not-in-family,*,Female,0,0,40,North America,<=50K
30089,"[20, 30[", Private,170302,High School,9,Never-married,Other, Other-relative,*,Male,0,0,50,North America,<=50K
30090,"[40, 50[", Private,481987,Graduate,14,Married-civ-spouse,Technical, Husband,*,Male,0,0,18,North America,>50K
30091,"[20, 30[", Private,88449,High School,9,Married-civ-spouse,Technical, Husband,*,Male,0,0,36,North America,<=50K
30092,"[60, 70[", Self-emp-not-inc,261897,High School,6,Widowed,Other, Unmarried,*,Male,0,0,20,North America,<=50K
30093,"[60, 70[", Private,250552,High School,9,Married-civ-spouse,Other, Husband,*,Male,0,0,40,North America,>50K
30094,"[60, 70[", Private,88513,High School,9,Married-civ-spouse,Nontechnical, Husband,*,Male,0,0,18,North America,<=50K
30095,"[40, 50[", Private,168293,Graduate,14,Divorced,Nontechnical, Unmarried,*,Female,0,0,45,North America,<=50K
30096,"[30, 40[", Private,283921,High School,9,Married-civ-spouse,Other, Husband,*,Male,0,0,50,North America,<=50K
30097,"[20, 30[", Private,407043,High School,9,Married-civ-spouse,Other, Husband,*,Male,0,0,40,North America,<=50K
30098,"[40, 50[", Private,63745,Professional Education,11,Never-married,Other, Not-in-family,*,Female,0,0,40,North America,<=50K
30099,"[50, 60[", Private,49893,Graduate,14,Married-civ-spouse,Technical, Husband,*,Male,0,0,60,North America,>50K
30100,"[30, 40[", Private,241962,High School,7,Married-civ-spouse,Technical, Husband,*,Male,0,0,50,North America,<=50K
30101,"[30, 40[", Private,338416,High School,6,Divorced,Technical, Not-in-family,*,Male,0,0,60,North America,<=50K
30102,"[20, 30[", ?,212888,High School,7,Married-civ-spouse,Other, Wife,*,Female,0,0,56,North America,<=50K
30103,"[50, 60[", Federal-gov,310320,Undergraduate,13,Married-civ-spouse,Technical, Husband,*,Male,0,0,48,North America,>50K
30104,"[50, 60[", Private,359972,Undergraduate,13,Married-civ-spouse,Nontechnical, Husband,*,Male,0,1887,40,North America,>50K
30106,"[50, 60[", Private,125000,Undergraduate,13,Married-civ-spouse,Other, Husband,*,Male,0,0,40,North America,>50K
30107,"[30, 40[", Private,286675,Undergraduate,10,Never-married,Nontechnical, Not-in-family,*,Male,0,0,60,North America,<=50K
30108,"[10, 20[", Private,165532,Undergraduate,10,Never-married,Nontechnical, Own-child,*,Male,0,0,15,North America,<=50K
30110,"[40, 50[", Private,213140,Undergraduate,13,Married-civ-spouse,Technical, Husband,*,Male,0,0,40,Unknown,>50K
30112,"[30, 40[", Private,183612,High School,9,Married-civ-spouse,Other, Husband,*,Male,0,0,20,North America,<=50K
30113,"[30, 40[", Private,391114,High School,9,Never-married,Nontechnical, Own-child,*,Male,0,0,40,North America,<=50K
30115,"[40, 50[", Self-emp-inc,320124,High School,9,Married-civ-spouse,Nontechnical, Wife,*,Female,15024,0,40,North America,>50K
30116,"[40, 50[", Private,799281,High School,9,Divorced,Other, Unmarried,*,Female,0,0,38,North America,<=50K
30117,"[40, 50[", Private,657397,High School,9,Married-civ-spouse,Technical, Husband,*,Male,0,0,40,North America,<=50K
30118,"[30, 40[", State-gov,373432,Undergraduate,13,Married-civ-spouse,Technical, Husband,*,Male,7298,0,55,North America,>50K
30119,"[50, 60[", Private,168660,High School,7,Married-civ-spouse,Nontechnical, Husband,*,Male,0,0,40,North America,<=50K
30120,"[40, 50[", Private,191149,Undergraduate,10,Divorced,Other, Unmarried,*,Female,0,0,57,North America,<=50K
30121,"[30, 40[", Private,356824,High School,9,Separated,Technical, Unmarried,*,Female,0,0,40,North America,<=50K
30122,"[20, 30[", Private,191782,High School,7,Never-married,Technical, Own-child,*,Female,0,0,40,North America,<=50K
30123,"[60, 70[", Self-emp-not-inc,29859,High School,4,Married-civ-spouse,Other, Husband,*,Male,7688,0,60,North America,>50K
30124,"[50, 60[", Private,204226,High School,9,Divorced,Nontechnical, Not-in-family,*,Male,0,0,45,North America,<=50K
30125,"[40, 50[", Local-gov,246862,Undergraduate,10,Divorced,Technical, Not-in-family,*,Female,3325,0,40,North America,<=50K
30126,"[20, 30[", Private,496526,High School,9,Never-married,Other, Not-in-family,*,Female,0,0,40,North America,<=50K
30127,"[30, 40[", Private,426431,Graduate,14,Never-married,Technical, Not-in-family,*,Male,10520,0,40,North America,>50K
30128,"[30, 40[", Private,84154,Undergraduate,13,Married-civ-spouse,Nontechnical, Husband,*,Male,0,0,50,North America,<=50K
30129,"[30, 40[", Federal-gov,45937,Professional Education,12,Married-civ-spouse,Nontechnical, Wife,*,Female,0,0,40,North America,>50K
30130,"[30, 40[", Private,130021,High School,9,Married-civ-spouse,Technical, Husband,*,Male,0,0,45,North America,<=50K
30131,"[30, 40[", Private,63021,Undergraduate,10,Divorced,Nontechnical, Not-in-family,*,Female,0,0,35,North America,<=50K
30132,"[20, 30[", Private,367306,Undergraduate,10,Never-married,Other, Own-child,*,Female,0,0,40,North America,<=50K
30133,"[30, 40[", Private,65624,High School,9,Divorced,Nontechnical, Not-in-family,*,Male,0,0,40,North America,<=50K
30134,"[40, 50[", Self-emp-not-inc,144928,High School,9,Never-married,Other, Not-in-family,*,Male,0,0,60,North America,<=50K
30135,"[20, 30[", Private,117747,Undergraduate,10,Never-married,Technical, Other-relative,*,Female,0,0,40,Asia,<=50K
30136,"[10, 20[", Private,266681,High School,7,Never-married,Other, Own-child,*,Male,0,0,20,North America,<=50K
30137,"[20, 30[", Private,152035,High School,9,Never-married,Other, Not-in-family,*,Female,0,0,40,North America,<=50K
30138,"[30, 40[", Private,190023,High School,9,Married-civ-spouse,Other, Husband,*,Male,0,0,60,North America,>50K
30139,"[40, 50[", Private,233130,High School,9,Divorced,Nontechnical, Not-in-family,*,Male,0,0,20,North America,<=50K
30140,"[20, 30[", Private,149637,Undergraduate,10,Never-married,Other, Not-in-family,*,Female,0,0,25,North America,<=50K
30141,"[60, 70[", Federal-gov,224277,Undergraduate,10,Widowed,Other, Not-in-family,*,Female,0,0,40,North America,<=50K
30142,"[20, 30[", Private,121559,High School,9,Married-civ-spouse,Technical, Husband,*,Male,0,0,40,North America,<=50K
30143,"[50, 60[", Self-emp-not-inc,230951,Undergraduate,13,Married-civ-spouse,Nontechnical, Husband,*,Male,0,0,40,North America,>50K
30144,"[10, 20[", Private,345285,High School,7,Never-married,Nontechnical, Own-child,*,Female,0,0,20,North America,<=50K
30145,"[60, 70[", Self-emp-not-inc,28367,High School,9,Married-civ-spouse,Nontechnical, Husband,*,Male,0,0,55,North America,<=50K
30146,"[40, 50[", Private,320744,High School,9,Never-married,Technical, Not-in-family,*,Male,3325,0,50,North America,<=50K
30147,"[30, 40[", Private,243773,High School,5,Never-married,Other, Unmarried,*,Female,0,0,20,North America,<=50K
30148,"[50, 60[", Private,151474,High School,5,Divorced,Nontechnical, Unmarried,*,Female,0,0,40,North America,<=50K
30149,"[50, 60[", Private,135465,Undergraduate,13,Married-civ-spouse,Nontechnical, Husband,*,Male,0,0,50,North America,>50K
30150,"[20, 30[", Private,210781,Undergraduate,13,Never-married,Other, Own-child,*,Female,0,0,35,North America,<=50K
30151,"[30, 40[", Local-gov,359001,Undergraduate,10,Married-civ-spouse,Other, Husband,*,Male,0,0,48,North America,<=50K
30152,"[40, 50[", Private,119471,Graduate,16,Married-civ-spouse,Technical, Husband,*,Male,0,0,40,Asia,>50K
30153,"[30, 40[", Private,226396,High School,9,Married-civ-spouse,Other, Wife,*,Female,0,0,30,North America,<=50K
30154,"[30, 40[", Private,283122,Undergraduate,10,Married-civ-spouse,Technical, Husband,*,Male,0,0,45,North America,<=50K
30155,"[30, 40[", Self-emp-not-inc,326400,High School,9,Married-civ-spouse,Other, Husband,*,Male,0,0,30,North America,<=50K
30156,"[30, 40[", ?,169186,High School,9,Married-civ-spouse,Other, Husband,*,Male,0,0,5,North America,<=50K
30158,"[20, 30[", ?,208406,High School,9,Never-married,Other, Not-in-family,*,Male,0,0,35,North America,<=50K
30159,"[40, 50[", Private,96741,Professional Education,12,Divorced,Nontechnical, Unmarried,*,Male,0,0,40,North America,<=50K
30160,"[30, 40[", State-gov,255191,High School,9,Never-married,Other, Not-in-family,*,Male,0,0,40,North America,<=50K
30161,"[30, 40[", Private,177733,High School,5,Separated,Technical, Unmarried,*,Female,0,0,35,North America,<=50K
30162,"[50, 60[", State-gov,137815,High School,8,Never-married,Other, Own-child,*,Male,4101,0,40,North America,<=50K
30163,"[30, 40[", ?,187203,Professional Education,11,Divorced,Other, Own-child,*,Male,0,0,50,North America,<=50K
30164,"[40, 50[", Private,168515,Professional Education,11,Divorced,Technical, Not-in-family,*,Female,0,0,40,North America,<=50K
30165,"[30, 40[", Private,122672,High School,9,Married-civ-spouse,Other, Husband,*,Male,0,0,50,North America,<=50K
30166,"[20, 30[", Private,195199,High School,9,Never-married,Technical, Own-child,*,Female,0,0,30,North America,<=50K
30167,"[60, 70[", Local-gov,179813,High School,6,Married-civ-spouse,Other, Husband,*,Male,0,0,10,North America,<=50K
30169,"[50, 60[", Private,41890,High School,9,Married-civ-spouse,Technical, Husband,*,Male,0,0,40,North America,<=50K
30170,"[40, 50[", Private,373050,High School,8,Married-civ-spouse,Other, Husband,*,Male,0,0,40,Unknown,<=50K
30171,"[40, 50[", Private,80430,High School,9,Divorced,Other, Not-in-family,*,Female,0,0,40,North America,<=50K
30172,"[30, 40[", Private,198613,High School,9,Married-civ-spouse,Other, Husband,*,Male,0,0,35,North America,<=50K
30173,"[20, 30[", Private,330571,Undergraduate,13,Married-civ-spouse,Technical, Wife,*,Female,0,0,40,North America,<=50K
30174,"[20, 30[", Private,209205,Undergraduate,13,Never-married,Technical, Not-in-family,*,Male,0,0,60,North America,>50K
30175,"[20, 30[", Private,132243,Professional Education,12,Never-married,Other, Own-child,*,Female,0,0,5,North America,<=50K
30176,"[40, 50[", Self-emp-not-inc,237670,Professional Education,11,Divorced,Nontechnical, Not-in-family,*,Male,0,0,25,North America,<=50K
30177,"[20, 30[", Private,193586,High School,9,Never-married,Nontechnical, Not-in-family,*,Female,0,0,25,North America,<=50K
30178,"[60, 70[", Self-emp-not-inc,197353,High School,9,Married-civ-spouse,Technical, Husband,*,Male,0,1740,40,North America,<=50K
30179,"[20, 30[", Self-emp-not-inc,74538,Undergraduate,10,Never-married,Technical, Not-in-family,*,Male,0,0,25,North America,<=50K
30180,"[30, 40[", Private,89718,Undergraduate,10,Married-civ-spouse,Other, Husband,*,Male,0,0,45,North America,<=50K
30181,"[30, 40[", Private,93169,Undergraduate,10,Divorced,Other, Unmarried,*,Female,0,0,40,North America,<=50K
30182,"[70, 80[", Self-emp-not-inc,292915,Undergraduate,13,Married-civ-spouse,Nontechnical, Husband,*,Male,0,1825,12,North America,>50K
30183,"[40, 50[", Private,328570,Undergraduate,10,Divorced,Technical, Unmarried,*,Female,0,0,38,North America,<=50K
30184,"[20, 30[", Private,312157,Undergraduate,10,Never-married,Technical, Not-in-family,*,Female,0,0,40,North America,<=50K
30185,"[40, 50[", Private,193459,High School,7,Married-civ-spouse,Nontechnical, Husband,*,Male,0,0,40,North America,<=50K
30186,"[20, 30[", Private,236804,High School,7,Married-civ-spouse,Other, Husband,*,Male,0,0,40,North America,<=50K
30187,"[30, 40[", Private,126223,High School,9,Separated,Technical, Unmarried,*,Female,0,0,40,North America,<=50K
30188,"[50, 60[", State-gov,172281,Undergraduate,13,Married-civ-spouse,Nontechnical, Husband,*,Male,0,0,35,North America,>50K
30190,"[30, 40[", Private,331395,Undergraduate,10,Never-married,Nontechnical, Not-in-family,*,Male,0,0,50,North America,<=50K
30192,"[30, 40[", Private,318647,Undergraduate,13,Married-civ-spouse,Nontechnical, Husband,*,Male,0,0,48,North America,>50K
30193,"[20, 30[", Private,332931,Undergraduate,10,Never-married,Other, Own-child,*,Female,0,0,40,North America,<=50K
30194,"[60, 70[", Self-emp-inc,76212,High School,9,Married-civ-spouse,Other, Husband,*,Male,0,0,50,North America,>50K
30196,"[20, 30[", Private,440969,Undergraduate,10,Never-married,Other, Own-child,*,Female,0,0,24,North America,<=50K
30197,"[30, 40[", Private,154950,Professional Education,15,Never-married,Technical, Not-in-family,*,Male,0,0,40,North America,<=50K
30198,"[20, 30[", Private,218343,Professional Education,12,Never-married,Nontechnical, Own-child,*,Female,0,0,40,North America,<=50K
30199,"[20, 30[", Private,239577,Undergraduate,10,Never-married,Other, Own-child,*,Male,0,0,40,North America,<=50K
30201,"[60, 70[", Local-gov,203525,High School,4,Married-civ-spouse,Technical, Husband,*,Male,2829,0,40,North America,<=50K
30202,"[20, 30[", Private,182342,High School,9,Never-married,Nontechnical, Not-in-family,*,Male,0,0,40,North America,<=50K
30203,"[40, 50[", Private,25649,Undergraduate,10,Married-civ-spouse,Other, Husband,*,Male,7298,0,50,North America,>50K
30204,"[20, 30[", Private,243569,High School,7,Married-civ-spouse,Nontechnical, Husband,*,Male,3942,0,40,North America,<=50K
30205,"[30, 40[", Private,187870,Professional Education,15,Married-civ-spouse,Technical, Husband,*,Male,0,2415,90,North America,>50K
30206,"[20, 30[", ?,289116,Undergraduate,10,Never-married,Other, Own-child,*,Female,0,0,5,North America,<=50K
30207,"[30, 40[", Private,487330,Undergraduate,10,Married-civ-spouse,Technical, Husband,*,Male,0,0,30,North America,<=50K
30208,"[10, 20[", ?,34019,High School,6,Never-married,Other, Own-child,*,Male,0,0,20,North America,<=50K
30209,"[10, 20[", ?,250541,High School,7,Never-married,Other, Own-child,*,Male,0,0,8,North America,<=50K
30210,"[20, 30[", Self-emp-not-inc,318987,Professional Education,11,Married-civ-spouse,Other, Husband,*,Male,0,0,40,North America,<=50K
30211,"[50, 60[", Self-emp-not-inc,140558,High School,9,Married-civ-spouse,Nontechnical, Husband,*,Male,0,0,40,North America,<=50K
30213,"[30, 40[", Self-emp-not-inc,76855,Undergraduate,10,Divorced,Nontechnical, Unmarried,*,Female,0,0,40,North America,<=50K
30214,"[50, 60[", Private,308764,Undergraduate,10,Divorced,Nontechnical, Unmarried,*,Female,0,0,40,North America,<=50K
30215,"[50, 60[", Federal-gov,339905,Undergraduate,10,Married-civ-spouse,Nontechnical, Husband,*,Male,0,0,40,North America,>50K
30216,"[50, 60[", Private,227856,Undergraduate,13,Married-civ-spouse,Nontechnical, Husband,*,Male,7298,0,60,North America,>50K
30217,"[50, 60[", Private,156430,Undergraduate,13,Married-civ-spouse,Technical, Husband,*,Male,0,0,40,North America,>50K
30218,"[40, 50[", ?,98265,High School,9,Divorced,Other, Not-in-family,*,Female,0,0,40,North America,<=50K
30219,"[70, 80[", Private,116640,Undergraduate,10,Married-civ-spouse,Technical, Husband,*,Male,3471,0,20,North America,<=50K
30220,"[30, 40[", Private,187167,Undergraduate,10,Divorced,Nontechnical, Not-in-family,*,Female,0,0,40,North America,<=50K
30221,"[20, 30[", Private,184078,High School,8,Divorced,Technical, Not-in-family,*,Female,0,0,40,North America,<=50K
30222,"[30, 40[", Private,108140,Undergraduate,13,Divorced,Technical, Other-relative,*,Male,0,0,40,North America,<=50K
30223,"[40, 50[", Private,150533,Undergraduate,10,Separated,Technical, Not-in-family,*,Male,0,1876,55,North America,<=50K
30224,"[50, 60[", Self-emp-not-inc,313702,High School,9,Never-married,Nontechnical, Not-in-family,*,Male,0,0,40,North America,<=50K
30225,"[20, 30[", Private,39803,Undergraduate,10,Never-married,Other, Own-child,*,Male,0,1719,36,North America,<=50K
30226,"[20, 30[", Private,252752,Undergraduate,10,Never-married,Other, Not-in-family,*,Female,0,0,45,North America,<=50K
30227,"[50, 60[", Private,111700,Undergraduate,10,Divorced,Nontechnical, Other-relative,*,Female,0,0,20,North America,>50K
30228,"[40, 50[", Private,361842,High School,9,Widowed,Technical, Not-in-family,*,Female,0,0,40,North America,<=50K
30229,"[10, 20[", Private,231438,High School,7,Never-married,Other, Own-child,*,Female,0,0,12,North America,<=50K
30231,"[60, 70[", Local-gov,116620,Graduate,14,Married-civ-spouse,Technical, Husband,*,Male,0,0,25,North America,<=50K
30232,"[30, 40[", Private,112212,High School,9,Married-civ-spouse,Other, Husband,*,Male,0,1485,40,North America,<=50K
30233,"[70, 80[", Self-emp-not-inc,109101,Undergraduate,10,Married-civ-spouse,Nontechnical, Husband,*,Male,0,0,4,North America,<=50K
30234,"[50, 60[", Federal-gov,72998,High School,7,Divorced,Technical, Not-in-family,*,Female,14084,0,40,North America,>50K
30235,"[40, 50[", Private,147265,Graduate,14,Married-civ-spouse,Technical, Husband,*,Male,0,0,40,North America,>50K
30236,"[20, 30[", State-gov,314645,Professional Education,12,Never-married,Other, Not-in-family,*,Female,0,0,25,North America,<=50K
30237,"[20, 30[", Private,444554,High School,9,Never-married,Nontechnical, Own-child,*,Male,0,0,50,North America,<=50K
30238,"[20, 30[", Private,129629,Professional Education,11,Never-married,Technical, Other-relative,*,Female,0,0,36,North America,<=50K
30239,"[30, 40[", Private,106761,Undergraduate,13,Married-civ-spouse,Nontechnical, Husband,*,Male,0,0,45,North America,>50K
30240,"[10, 20[", Private,189924,High School,9,Never-married,Nontechnical, Own-child,*,Female,0,0,24,North America,<=50K
30241,"[30, 40[", Private,311194,High School,7,Never-married,Nontechnical, Unmarried,*,Female,0,0,17,North America,<=50K
30242,"[50, 60[", Self-emp-not-inc,89737,Undergraduate,10,Married-civ-spouse,Technical, Husband,*,Male,0,0,48,North America,<=50K
30243,"[40, 50[", Private,49298,High School,9,Divorced,Nontechnical, Not-in-family,*,Male,0,0,50,North America,<=50K
30244,"[50, 60[", Self-emp-inc,190333,Professional Education,15,Married-civ-spouse,Technical, Husband,*,Male,99999,0,55,North America,>50K
30245,"[10, 20[", Private,251923,High School,7,Never-married,Nontechnical, Own-child,*,Female,0,0,15,North America,<=50K
30246,"[40, 50[", Local-gov,298445,Professional Education,15,Married-civ-spouse,Technical, Wife,*,Female,0,1977,60,North America,>50K
30247,"[30, 40[", Private,180284,Undergraduate,10,Married-civ-spouse,Nontechnical, Husband,*,Male,0,0,50,North America,<=50K
30248,"[50, 60[", Private,154342,Graduate,14,Married-civ-spouse,Technical, Husband,*,Male,7688,0,45,North America,>50K
30249,"[50, 60[", State-gov,68658,Undergraduate,10,Married-civ-spouse,Nontechnical, Husband,*,Male,0,0,40,North America,>50K
30250,"[60, 70[", Private,203783,High School,9,Widowed,Other, Unmarried,*,Female,0,0,8,North America,<=50K
30251,"[20, 30[", Private,250037,Undergraduate,10,Never-married,Other, Not-in-family,*,Female,0,0,50,North America,<=50K
30252,"[30, 40[", Private,158688,Undergraduate,10,Married-civ-spouse,Other, Husband,*,Male,0,0,40,North America,<=50K
30253,"[40, 50[", Private,214781,Graduate,14,Married-civ-spouse,Nontechnical, Husband,*,Male,0,0,45,North America,<=50K
30255,"[50, 60[", State-gov,109015,High School,8,Divorced,Other, Unmarried,*,Female,0,0,40,North America,<=50K
30256,"[20, 30[", Private,194630,Undergraduate,13,Never-married,Nontechnical, Not-in-family,*,Male,0,0,45,North America,<=50K
30257,"[20, 30[", Private,239375,Undergraduate,13,Never-married,Technical, Own-child,*,Male,0,0,40,North America,<=50K
30258,"[50, 60[", Private,35576,Undergraduate,10,Married-civ-spouse,Nontechnical, Husband,*,Male,0,2415,50,North America,>50K
30259,"[30, 40[", Federal-gov,363630,High School,9,Married-civ-spouse,Other, Husband,*,Male,7688,0,52,North America,>50K
30260,"[30, 40[", Self-emp-not-inc,182926,Graduate,14,Never-married,Technical, Not-in-family,*,Male,0,0,40,North America,<=50K
30261,"[20, 30[", Private,117222,Undergraduate,10,Never-married,Technical, Own-child,*,Male,0,0,15,North America,<=50K
30262,"[30, 40[", Private,110643,Undergraduate,10,Never-married,Nontechnical, Not-in-family,*,Male,0,0,52,North America,<=50K
30263,"[50, 60[", Self-emp-not-inc,170217,High School,9,Married-civ-spouse,Other, Husband,*,Male,0,0,45,North America,<=50K
30264,"[30, 40[", Private,193285,High School,9,Married-civ-spouse,Nontechnical, Husband,*,Male,0,0,40,North America,<=50K
30265,"[30, 40[", Private,161075,High School,9,Never-married,Technical, Unmarried,*,Male,0,0,40,North America,<=50K
30266,"[50, 60[", Private,322691,Graduate,14,Married-civ-spouse,Technical, Husband,*,Male,0,0,50,North America,>50K
30267,"[10, 20[", Private,229431,Undergraduate,10,Never-married,Technical, Own-child,*,Male,0,0,11,North America,<=50K
30268,"[60, 70[", ?,106282,High School,5,Widowed,Other, Not-in-family,*,Female,0,0,40,North America,<=50K
30269,"[20, 30[", Private,105694,High School,9,Married-civ-spouse,Nontechnical, Husband,*,Male,0,0,42,North America,<=50K
30270,"[20, 30[", Private,199883,Undergraduate,10,Married-civ-spouse,Technical, Husband,*,Male,0,0,60,North America,<=50K
30271,"[40, 50[", State-gov,100800,Graduate,14,Divorced,Technical, Not-in-family,*,Male,0,0,35,North America,<=50K
30272,"[20, 30[", Private,256278,High School,4,Married-civ-spouse,Nontechnical, Other-relative,*,Female,0,0,30,North America,<=50K
30273,"[30, 40[", Private,156464,High School,9,Married-civ-spouse,Nontechnical, Husband,*,Male,0,1902,50,North America,>50K
30275,"[10, 20[", Private,285013,High School,9,Never-married,Nontechnical, Own-child,*,Male,0,0,10,North America,<=50K
30277,"[30, 40[", ?,369386,Undergraduate,10,Married-civ-spouse,Other, Wife,*,Female,5178,0,40,North America,>50K
30278,"[30, 40[", Private,219902,High School,9,Separated,Other, Unmarried,*,Female,0,0,30,North America,<=50K
30280,"[20, 30[", Private,169124,High School,9,Married-civ-spouse,Other, Husband,*,Male,0,0,45,North America,<=50K
30281,"[30, 40[", Private,183000,Professional Education,15,Never-married,Technical, Not-in-family,*,Male,0,0,55,North America,<=50K
30283,"[30, 40[", Private,242984,High School,9,Married-civ-spouse,Nontechnical, Husband,*,Male,0,1887,45,North America,>50K
30284,"[60, 70[", State-gov,132055,High School,9,Married-civ-spouse,Nontechnical, Husband,*,Male,0,1825,40,North America,>50K
30286,"[60, 70[", Private,223975,High School,4,Married-civ-spouse,Technical, Husband,*,Male,0,0,20,North America,<=50K
30287,"[50, 60[", Private,357788,High School,9,Married-civ-spouse,Technical, Husband,*,Male,0,0,40,North America,<=50K
30288,"[40, 50[", Private,406811,High School,9,Separated,Nontechnical, Unmarried,*,Female,0,0,40,North America,<=50K
30290,"[40, 50[", Private,140644,High School,9,Married-civ-spouse,Nontechnical, Husband,*,Male,0,0,40,North America,>50K
30291,"[10, 20[", Private,355477,High School,9,Never-married,Other, Own-child,*,Male,0,0,25,North America,<=50K
30292,"[30, 40[", Private,151773,Undergraduate,10,Married-civ-spouse,Technical, Husband,*,Male,0,0,45,North America,<=50K
30293,"[50, 60[", State-gov,341548,Undergraduate,10,Divorced,Other, Not-in-family,*,Female,0,0,40,North America,<=50K
30294,"[20, 30[", Private,512771,High School,5,Married-civ-spouse,Other, Husband,*,Male,0,0,45,North America,<=50K
30295,"[60, 70[", ?,141580,Graduate,14,Married-civ-spouse,Other, Husband,*,Male,0,0,40,North America,<=50K
30296,"[20, 30[", Private,48988,Undergraduate,10,Never-married,Other, Not-in-family,*,Male,0,0,40,North America,<=50K
30297,"[20, 30[", Private,201022,Undergraduate,13,Married-civ-spouse,Nontechnical, Wife,*,Female,0,0,50,North America,>50K
30298,"[20, 30[", Private,82777,High School,9,Married-civ-spouse,Nontechnical, Own-child,*,Male,0,0,40,North America,<=50K
30299,"[40, 50[", Private,152676,High School,4,Divorced,Technical, Unmarried,*,Male,0,0,40,North America,<=50K
30300,"[10, 20[", Private,115815,High School,9,Never-married,Technical, Own-child,*,Male,0,0,20,North America,<=50K
30303,"[50, 60[", Private,89690,Undergraduate,13,Divorced,Technical, Not-in-family,*,Female,0,0,40,North America,>50K
30304,"[40, 50[", Private,126868,High School,9,Divorced,Technical, Not-in-family,*,Male,0,0,40,North America,<=50K
30305,"[50, 60[", Private,95128,Undergraduate,10,Divorced,Nontechnical, Not-in-family,*,Male,0,0,50,North America,<=50K
30306,"[30, 40[", Private,185567,High School,9,Divorced,Technical, Unmarried,*,Male,0,0,40,North America,>50K
30307,"[20, 30[", Private,301408,Undergraduate,10,Never-married,Nontechnical, Own-child,*,Female,0,1602,22,North America,<=50K
30308,"[30, 40[", Private,216256,Professional Education,11,Never-married,Other, Not-in-family,*,Male,0,0,60,North America,<=50K
30309,"[40, 50[", Private,182541,Undergraduate,10,Divorced,Technical, Unmarried,*,Male,0,0,48,North America,<=50K
30310,"[30, 40[", Private,172855,High School,9,Divorced,Other, Unmarried,*,Female,0,0,40,North America,<=50K
30311,"[50, 60[", Private,68684,High School,9,Married-civ-spouse,Technical, Husband,*,Male,0,0,44,North America,<=50K
30312,"[40, 50[", Private,364832,High School,4,Divorced,Nontechnical, Not-in-family,*,Female,0,0,40,North America,<=50K
30313,"[20, 30[", ?,264300,Undergraduate,10,Married-civ-spouse,Other, Wife,*,Female,0,0,20,North America,<=50K
30314,"[50, 60[", Self-emp-inc,349910,Professional Education,12,Married-civ-spouse,Technical, Husband,*,Male,0,0,40,North America,<=50K
30315,"[40, 50[", Private,276218,High School,9,Married-civ-spouse,Nontechnical, Wife,*,Female,0,0,40,North America,>50K
30316,"[20, 30[", Private,251196,Undergraduate,10,Never-married,Other, Own-child,*,Female,0,0,20,North America,<=50K
30317,"[30, 40[", Private,196898,Undergraduate,13,Never-married,Technical, Not-in-family,*,Female,0,0,40,North America,<=50K
30318,"[30, 40[", Private,58343,Undergraduate,10,Married-civ-spouse,Technical, Husband,*,Male,0,0,40,North America,>50K
30319,"[10, 20[", Self-emp-inc,101061,High School,7,Never-married,Other, Own-child,*,Male,0,0,70,North America,<=50K
30320,"[40, 50[", Private,415051,Undergraduate,10,Married-civ-spouse,Nontechnical, Husband,*,Male,0,0,60,North America,>50K
30321,"[20, 30[", Private,174043,Undergraduate,13,Never-married,Other, Not-in-family,*,Male,0,0,40,North America,<=50K
30323,"[20, 30[", State-gov,110946,High School,9,Never-married,Other, Own-child,*,Female,0,0,43,North America,<=50K
30324,"[20, 30[", Private,313873,High School,7,Never-married,Technical, Own-child,*,Male,0,0,30,North America,<=50K
30327,"[20, 30[", Private,191497,Undergraduate,10,Never-married,Nontechnical, Own-child,*,Female,0,0,20,North America,<=50K
30328,"[10, 20[", Private,128617,High School,6,Never-married,Nontechnical, Own-child,*,Male,0,0,26,North America,<=50K
30330,"[20, 30[", Local-gov,263600,High School,9,Married-civ-spouse,Other, Husband,*,Male,0,0,40,North America,>50K
30331,"[60, 70[", Private,257277,High School,9,Widowed,Other, Not-in-family,*,Female,0,0,38,North America,<=50K
30332,"[30, 40[", Private,339442,High School,9,Separated,Technical, Not-in-family,*,Male,2176,0,40,North America,<=50K
30333,"[30, 40[", Local-gov,289442,High School,9,Never-married,Other, Not-in-family,*,Male,0,0,40,North America,<=50K
30334,"[20, 30[", ?,162667,High School,7,Never-married,Other, Unmarried,*,Male,0,0,40,North America,<=50K
30335,"[10, 20[", Local-gov,466325,High School,7,Never-married,Other, Own-child,*,Male,0,0,12,North America,<=50K
30336,"[50, 60[", Private,142169,High School,9,Never-married,Nontechnical, Own-child,*,Male,0,0,40,North America,<=50K
30337,"[40, 50[", Private,252079,Undergraduate,10,Married-civ-spouse,Other, Husband,*,Male,0,0,40,North America,>50K
30338,"[30, 40[", State-gov,119628,Graduate,16,Married-civ-spouse,Technical, Husband,*,Male,0,0,50,Asia,<=50K
30339,"[50, 60[", Private,175804,Undergraduate,13,Married-civ-spouse,Nontechnical, Husband,*,Male,0,0,40,North America,>50K
30340,"[50, 60[", Private,70720,High School,9,Married-civ-spouse,Other, Husband,*,Male,0,0,78,North America,<=50K
30341,"[50, 60[", State-gov,201513,High School,9,Divorced,Other, Own-child,*,Female,0,0,40,North America,<=50K
30342,"[40, 50[", Private,257609,Undergraduate,13,Married-civ-spouse,Nontechnical, Husband,*,Male,0,0,40,North America,>50K
30343,"[40, 50[", Private,124692,Undergraduate,10,Married-civ-spouse,Nontechnical, Own-child,*,Male,0,0,40,North America,>50K
30344,"[20, 30[", Private,268525,High School,9,Married-civ-spouse,Technical, Husband,*,Male,0,0,48,North America,<=50K
30345,"[20, 30[", Private,250630,Undergraduate,13,Never-married,Nontechnical, Not-in-family,*,Female,0,0,40,North America,<=50K
30348,"[20, 30[", Private,250967,Professional Education,11,Married-civ-spouse,Technical, Husband,*,Male,0,1887,48,North America,>50K
30349,"[40, 50[", Private,153254,High School,9,Married-civ-spouse,Technical, Husband,*,Male,0,0,40,North America,<=50K
30351,"[60, 70[", Private,171933,High School,4,Married-civ-spouse,Technical, Husband,*,Male,0,0,40,North America,<=50K
30352,"[60, 70[", Private,211408,Professional Education,11,Married-civ-spouse,Technical, Husband,*,Male,0,0,40,North America,>50K
30353,"[40, 50[", Private,48193,Professional Education,12,Married-civ-spouse,Technical, Husband,*,Male,0,0,40,North America,<=50K
30354,"[30, 40[", Private,22463,High School,9,Married-civ-spouse,Technical, Husband,*,Male,0,0,40,North America,<=50K
30355,"[20, 30[", Private,440969,High School,9,Never-married,Other, Own-child,*,Female,0,0,40,North America,<=50K
30356,"[20, 30[", State-gov,164922,Undergraduate,10,Never-married,Nontechnical, Own-child,*,Male,0,0,40,North America,<=50K
30357,"[40, 50[", Local-gov,134524,Professional Education,11,Divorced,Technical, Unmarried,*,Female,0,0,45,North America,<=50K
30358,"[60, 70[", Private,176689,High School,9,Married-civ-spouse,Other, Husband,*,Male,0,0,40,North America,<=50K
30359,"[20, 30[", Private,220993,High School,9,Never-married,Technical, Not-in-family,*,Male,0,0,50,North America,<=50K
30360,"[20, 30[", Private,512828,High School,9,Never-married,Other, Own-child,*,Male,0,0,40,North America,<=50K
30361,"[30, 40[", State-gov,422275,Primary School,3,Married-civ-spouse,Other, Husband,*,Male,0,0,40,North America,<=50K
30362,"[30, 40[", Local-gov,65291,Professional Education,11,Never-married,Other, Not-in-family,*,Female,0,0,40,North America,<=50K
30363,"[60, 70[", Private,197080,High School,8,Married-civ-spouse,Other, Husband,*,Male,9386,0,60,North America,>50K
30364,"[40, 50[", Federal-gov,181657,Undergraduate,10,Divorced,Nontechnical, Not-in-family,*,Female,0,0,50,North America,<=50K
30365,"[50, 60[", Private,190257,High School,9,Married-civ-spouse,Other, Husband,*,Male,0,0,53,North America,>50K
30366,"[20, 30[", Private,238068,High School,9,Married-civ-spouse,Technical, Husband,*,Male,0,0,40,North America,<=50K
30367,"[10, 20[", Private,337046,High School,6,Never-married,Other, Own-child,*,Male,0,0,40,North America,<=50K
30368,"[20, 30[", Private,187248,High School,9,Married-civ-spouse,Technical, Not-in-family,*,Male,0,0,40,North America,<=50K
30369,"[20, 30[", ?,250037,Undergraduate,10,Never-married,Other, Own-child,*,Female,0,0,18,Unknown,<=50K
30370,"[40, 50[", Private,285750,High School,9,Married-civ-spouse,Other, Husband,*,Male,4064,0,55,North America,<=50K
30371,"[20, 30[", Private,260617,High School,6,Never-married,Technical, Not-in-family,*,Male,0,0,40,North America,<=50K
30372,"[40, 50[", Private,216999,High School,9,Married-civ-spouse,Technical, Husband,*,Male,0,0,40,North America,>50K
30373,"[30, 40[", Private,531055,High School,9,Married-civ-spouse,Technical, Husband,*,Male,0,1902,48,North America,>50K
30374,"[40, 50[", State-gov,121265,Graduate,14,Divorced,Technical, Not-in-family,*,Male,0,0,40,North America,<=50K
30375,"[40, 50[", Local-gov,184466,Graduate,14,Married-civ-spouse,Technical, Husband,*,Male,0,0,38,North America,>50K
30377,"[50, 60[", Private,114228,High School,9,Divorced,Technical, Not-in-family,*,Male,3325,0,40,North America,<=50K
30378,"[20, 30[", Local-gov,121144,Undergraduate,13,Never-married,Technical, Own-child,*,Female,0,0,18,North America,<=50K
30379,"[20, 30[", Private,26842,Undergraduate,10,Never-married,Technical, Not-in-family,*,Female,2176,0,40,North America,<=50K
30380,"[20, 30[", Private,113054,High School,9,Separated,Technical, Not-in-family,*,Male,0,0,43,North America,<=50K
30381,"[30, 40[", Private,256636,High School,9,Divorced,Nontechnical, Not-in-family,*,Male,0,0,40,North America,<=50K
30382,"[30, 40[", Private,152246,High School,9,Married-civ-spouse,Other, Husband,*,Male,0,0,52,North America,<=50K
30383,"[30, 40[", Private,108140,Graduate,14,Married-civ-spouse,Technical, Husband,*,Male,0,0,50,North America,>50K
30384,"[20, 30[", ?,203353,Undergraduate,10,Never-married,Other, Own-child,*,Female,0,0,40,North America,<=50K
30385,"[40, 50[", Private,207207,High School,9,Divorced,Nontechnical, Unmarried,*,Female,0,0,45,North America,<=50K
30386,"[20, 30[", Private,115420,High School,9,Married-civ-spouse,Technical, Husband,*,Male,0,0,50,North America,<=50K
30387,"[30, 40[", Private,80058,High School,9,Never-married,Other, Not-in-family,*,Male,0,0,40,North America,<=50K
30388,"[30, 40[", Local-gov,48520,Professional Education,12,Never-married,Other, Unmarried,*,Male,0,0,40,North America,<=50K
30389,"[60, 70[", Private,411652,High School,8,Married-civ-spouse,Technical, Husband,*,Male,0,0,40,North America,<=50K
30390,"[40, 50[", Private,154405,High School,6,Married-civ-spouse,Nontechnical, Husband,*,Male,0,0,45,North America,<=50K
30391,"[50, 60[", Local-gov,104917,Graduate,14,Married-civ-spouse,Technical, Husband,*,Male,0,0,40,North America,>50K
30392,"[10, 20[", State-gov,261422,Undergraduate,10,Never-married,Technical, Own-child,*,Male,0,0,40,North America,<=50K
30393,"[30, 40[", Private,48915,High School,9,Married-civ-spouse,Technical, Husband,*,Male,0,0,40,North America,>50K
30394,"[60, 70[", Private,172037,High School,9,Married-civ-spouse,Other, Husband,*,Male,0,0,40,North America,<=50K
30395,"[20, 30[", Private,144833,Undergraduate,10,Married-civ-spouse,Nontechnical, Husband,*,Male,0,0,40,North America,<=50K
30396,"[20, 30[", Private,275116,High School,6,Married-civ-spouse,Other, Husband,*,Male,0,0,40,North America,<=50K
30397,"[60, 70[", ?,72886,High School,9,Married-civ-spouse,Other, Husband,*,Male,0,0,38,North America,>50K
30398,"[60, 70[", Private,103575,High School,9,Married-civ-spouse,Technical, Husband,*,Male,0,0,37,North America,<=50K
30399,"[50, 60[", Private,200783,Undergraduate,10,Married-civ-spouse,Nontechnical, Husband,*,Male,0,0,40,North America,<=50K
30401,"[30, 40[", Local-gov,44694,Graduate,14,Married-civ-spouse,Technical, Wife,*,Female,0,0,45,North America,>50K
30402,"[10, 20[", ?,48703,High School,7,Never-married,Other, Own-child,*,Female,0,0,30,North America,<=50K
30403,"[50, 60[", Private,91905,High School,9,Married-civ-spouse,Nontechnical, Wife,*,Female,0,0,4,North America,<=50K
30404,"[30, 40[", Private,168906,Undergraduate,13,Divorced,Nontechnical, Not-in-family,*,Female,0,0,50,North America,>50K
30405,"[30, 40[", State-gov,147215,Undergraduate,13,Married-civ-spouse,Nontechnical, Wife,*,Female,0,0,55,North America,>50K
30406,"[20, 30[", Private,153546,High School,7,Divorced,Other, Unmarried,*,Female,0,0,40,North America,<=50K
30407,"[30, 40[", Private,35595,Professional Education,11,Married-civ-spouse,Technical, Husband,*,Male,0,0,40,North America,<=50K
30408,"[30, 40[", Private,225507,High School,6,Never-married,Other, Own-child,*,Female,0,0,25,North America,<=50K
30409,"[40, 50[", Private,345504,Professional Education,11,Divorced,Other, Not-in-family,*,Female,0,0,35,North America,<=50K
30410,"[60, 70[", Private,137205,Professional Education,11,Married-civ-spouse,Technical, Husband,*,Male,0,0,48,North America,<=50K
30411,"[20, 30[", Private,327779,Undergraduate,10,Married-civ-spouse,Nontechnical, Husband,*,Male,0,0,20,North America,<=50K
30412,"[40, 50[", ?,213416,Primary School,3,Married-civ-spouse,Other, Husband,*,Male,0,0,32,North America,<=50K
30413,"[40, 50[", Private,362883,Undergraduate,10,Married-civ-spouse,Other, Husband,*,Male,0,0,40,North America,<=50K
30414,"[40, 50[", Private,131309,Graduate,14,Married-civ-spouse,Technical, Husband,*,Male,0,0,45,North America,>50K
30415,"[40, 50[", Private,188331,Undergraduate,10,Separated,Technical, Not-in-family,*,Female,0,0,38,North America,<=50K
30416,"[30, 40[", Federal-gov,194740,Undergraduate,10,Never-married,Other, Not-in-family,*,Male,0,0,40,North America,<=50K
30417,"[40, 50[", Private,43711,High School,9,Never-married,Technical, Not-in-family,*,Male,0,0,45,North America,<=50K
30418,"[40, 50[", Private,187033,High School,9,Married-civ-spouse,Technical, Husband,*,Male,0,2051,40,North America,<=50K
30419,"[20, 30[", Private,233923,Undergraduate,10,Never-married,Other, Own-child,*,Female,0,0,20,North America,<=50K
30420,"[50, 60[", Private,84278,Undergraduate,13,Married-civ-spouse,Technical, Husband,*,Male,0,0,55,North America,>50K
30421,"[20, 30[", Private,437666,High School,9,Married-civ-spouse,Technical, Husband,*,Male,2885,0,50,North America,<=50K
30423,"[20, 30[", Private,129767,Undergraduate,10,Never-married,Other, Not-in-family,*,Female,0,1721,40,North America,<=50K
30424,"[30, 40[", Private,180284,Undergraduate,10,Married-civ-spouse,Other, Husband,*,Male,0,0,40,North America,>50K
30425,"[30, 40[", Private,108320,High School,9,Divorced,Technical, Not-in-family,*,Male,4101,0,40,North America,<=50K
30426,"[50, 60[", Self-emp-inc,75214,Professional Education,15,Married-civ-spouse,Technical, Husband,*,Male,0,0,32,North America,>50K
30427,"[40, 50[", Private,284758,High School,9,Divorced,Nontechnical, Unmarried,*,Female,0,0,40,North America,<=50K
30428,"[40, 50[", Self-emp-inc,188330,Undergraduate,13,Married-civ-spouse,Nontechnical, Husband,*,Male,0,0,60,North America,<=50K
30429,"[30, 40[", Private,333651,Undergraduate,13,Married-civ-spouse,Technical, Husband,*,Male,15024,0,70,North America,>50K
30430,"[20, 30[", Local-gov,115305,Professional Education,11,Married-civ-spouse,Other, Husband,*,Male,7688,0,40,North America,>50K
30431,"[50, 60[", Private,172962,Undergraduate,13,Divorced,Technical, Not-in-family,*,Male,0,1340,40,North America,<=50K
30432,"[40, 50[", Private,198096,High School,9,Married-civ-spouse,Technical, Husband,*,Male,0,0,40,North America,>50K
30433,"[20, 30[", Private,163265,High School,9,Married-civ-spouse,Other, Husband,*,Male,0,0,40,North America,<=50K
30434,"[30, 40[", Federal-gov,128608,Undergraduate,13,Never-married,Nontechnical, Own-child,*,Male,0,0,40,North America,<=50K
30435,"[40, 50[", Private,107460,High School,9,Separated,Nontechnical, Unmarried,*,Female,0,0,37,North America,<=50K
30437,"[20, 30[", Private,403671,High School,9,Never-married,Other, Other-relative,*,Male,0,0,40,North America,<=50K
30438,"[50, 60[", Private,159378,High School,9,Married-civ-spouse,Technical, Husband,*,Male,0,0,45,North America,>50K
30439,"[20, 30[", Private,170070,High School,9,Never-married,Technical, Own-child,*,Female,0,0,25,North America,<=50K
30440,"[40, 50[", State-gov,192323,High School,9,Divorced,Nontechnical, Not-in-family,*,Male,0,0,40,North America,<=50K
30441,"[50, 60[", Private,135796,High School,6,Married-civ-spouse,Technical, Husband,*,Male,0,0,48,North America,<=50K
30442,"[20, 30[", Private,232985,High School,9,Never-married,Nontechnical, Other-relative,*,Male,0,0,20,North America,<=50K
30443,"[20, 30[", Private,34532,Undergraduate,13,Never-married,Technical, Not-in-family,*,Male,0,0,30,North America,<=50K
30444,"[10, 20[", ?,371316,High School,6,Never-married,Other, Own-child,*,Male,0,0,25,North America,<=50K
30445,"[20, 30[", Private,236994,High School,9,Never-married,Nontechnical, Own-child,*,Male,0,0,60,North America,<=50K
30446,"[10, 20[", Private,208366,High School,9,Never-married,Nontechnical, Not-in-family,*,Male,0,0,40,North America,<=50K
30447,"[60, 70[", State-gov,102640,High School,9,Widowed,Technical, Unmarried,*,Female,0,0,35,North America,<=50K
30448,"[30, 40[", Private,111377,Undergraduate,10,Married-civ-spouse,Nontechnical, Husband,*,Male,0,0,55,North America,<=50K
30449,"[30, 40[", Federal-gov,472166,Undergraduate,10,Divorced,Nontechnical, Unmarried,*,Female,0,0,40,North America,<=50K
30450,"[30, 40[", ?,86551,High School,8,Married-civ-spouse,Other, Husband,*,Male,0,0,40,North America,<=50K
30451,"[40, 50[", Private,70943,High School,9,Married-civ-spouse,Technical, Husband,*,Male,5178,0,40,North America,>50K
30452,"[30, 40[", Private,294919,High School,9,Divorced,Other, Own-child,*,Male,0,0,60,North America,<=50K
30453,"[20, 30[", Private,408383,Undergraduate,10,Never-married,Other, Own-child,*,Male,0,0,40,North America,<=50K
30454,"[30, 40[", Private,255454,High School,9,Never-married,Technical, Own-child,*,Male,0,0,30,North America,<=50K
30455,"[30, 40[", Private,193260,Undergraduate,10,Married-civ-spouse,Technical, Husband,*,Male,0,0,40,Asia,<=50K
30456,"[20, 30[", ?,191935,High School,9,Never-married,Other, Not-in-family,*,Male,0,0,40,North America,<=50K
30457,"[40, 50[", Local-gov,125461,Undergraduate,13,Never-married,Technical, Not-in-family,*,Male,0,0,40,North America,<=50K
30458,"[50, 60[", Private,97005,High School,9,Married-civ-spouse,Technical, Husband,*,Male,0,0,40,North America,<=50K
30459,"[40, 50[", Private,183319,Primary School,3,Married-civ-spouse,Technical, Husband,*,Male,0,0,60,North America,<=50K
30460,"[30, 40[", State-gov,167049,High School,8,Never-married,Other, Unmarried,*,Female,0,0,40,North America,<=50K
30461,"[30, 40[", Private,185216,Undergraduate,10,Never-married,Other, Own-child,*,Male,0,0,40,North America,<=50K
30462,"[50, 60[", Private,161838,Professional Education,11,Married-civ-spouse,Technical, Husband,*,Male,0,0,57,North America,<=50K
30463,"[30, 40[", Private,165848,Undergraduate,13,Married-civ-spouse,Nontechnical, Husband,*,Male,0,0,44,North America,<=50K
30464,"[20, 30[", Private,138816,High School,9,Never-married,Nontechnical, Own-child,*,Male,0,0,20,North America,<=50K
30465,"[30, 40[", Self-emp-not-inc,99761,Undergraduate,13,Never-married,Other, Not-in-family,*,Female,0,0,15,North America,<=50K
30466,"[30, 40[", Private,112139,High School,9,Married-civ-spouse,Technical, Husband,*,Male,0,0,40,North America,<=50K
30467,"[30, 40[", Private,129020,High School,9,Married-civ-spouse,Nontechnical, Husband,*,Male,0,0,40,North America,<=50K
30468,"[30, 40[", ?,365465,Professional Education,11,Never-married,Other, Own-child,*,Male,0,0,15,North America,<=50K
30469,"[20, 30[", Self-emp-not-inc,259873,High School,9,Married-civ-spouse,Other, Husband,*,Male,0,0,60,North America,>50K
30470,"[30, 40[", Self-emp-inc,89622,Undergraduate,10,Married-civ-spouse,Nontechnical, Husband,*,Male,0,0,50,North America,>50K
30471,"[20, 30[", State-gov,201556,Undergraduate,13,Never-married,Technical, Not-in-family,*,Male,0,0,50,North America,<=50K
30472,"[40, 50[", Private,176286,High School,9,Married-civ-spouse,Technical, Husband,*,Male,0,0,40,North America,<=50K
30473,"[40, 50[", Private,192894,High School,4,Married-civ-spouse,Other, Husband,*,Male,0,0,30,North America,<=50K
30474,"[30, 40[", Private,172232,High School,9,Never-married,Other, Unmarried,*,Female,0,0,30,North America,<=50K
30475,"[30, 40[", Self-emp-not-inc,163204,High School,9,Married-civ-spouse,Technical, Husband,*,Male,3411,0,25,North America,<=50K
30476,"[30, 40[", Private,265737,Undergraduate,10,Married-civ-spouse,Nontechnical, Husband,*,Male,0,1887,60,North America,>50K
30477,"[40, 50[", Private,215304,Undergraduate,13,Married-civ-spouse,Technical, Husband,*,Male,0,0,45,North America,>50K
30478,"[20, 30[", Private,185952,Graduate,14,Never-married,Technical, Not-in-family,*,Male,0,0,30,North America,<=50K
30479,"[30, 40[", Private,216845,High School,9,Never-married,Nontechnical, Unmarried,*,Male,0,0,42,North America,<=50K
30480,"[30, 40[", Local-gov,35683,Professional Education,12,Divorced,Other, Unmarried,*,Female,0,0,10,North America,<=50K
30481,"[50, 60[", Self-emp-not-inc,371305,High School,9,Married-civ-spouse,Nontechnical, Husband,*,Male,0,1902,60,North America,>50K
30482,"[40, 50[", Private,102359,Undergraduate,10,Married-civ-spouse,Nontechnical, Husband,*,Male,0,0,50,North America,>50K
30483,"[20, 30[", Private,200089,Primary School,3,Never-married,Nontechnical, Unmarried,*,Male,0,0,30,North America,<=50K
30484,"[40, 50[", State-gov,207120,Professional Education,11,Married-civ-spouse,Nontechnical, Husband,*,Male,0,0,38,North America,>50K
30485,"[40, 50[", Private,295334,Graduate,16,Married-civ-spouse,Technical, Husband,*,Male,0,0,60,North America,>50K
30486,"[30, 40[", Private,234537,Professional Education,12,Divorced,Nontechnical, Not-in-family,*,Male,0,0,40,North America,<=50K
30487,"[60, 70[", Private,142922,High School,9,Married-civ-spouse,Other, Husband,*,Male,0,0,40,North America,<=50K
30488,"[50, 60[", State-gov,181641,Undergraduate,10,Divorced,Technical, Not-in-family,*,Female,0,0,37,North America,<=50K
30489,"[30, 40[", Private,185325,High School,9,Never-married,Other, Not-in-family,*,Male,0,0,35,North America,<=50K
30490,"[20, 30[", Private,167336,Undergraduate,10,Never-married,Nontechnical, Not-in-family,*,Female,10520,0,40,North America,>50K
30491,"[20, 30[", Private,379778,High School,9,Never-married,Other, Not-in-family,*,Male,0,0,40,North America,<=50K
30492,"[30, 40[", Private,176117,Undergraduate,10,Never-married,Nontechnical, Own-child,*,Female,0,0,35,North America,<=50K
30493,"[30, 40[", Private,100228,Undergraduate,10,Never-married,Technical, Not-in-family,*,Male,0,0,40,North America,<=50K
30494,"[20, 30[", Private,150296,High School,9,Never-married,Other, Own-child,*,Female,0,0,32,North America,<=50K
30495,"[40, 50[", Federal-gov,25005,Graduate,14,Married-civ-spouse,Nontechnical, Husband,*,Male,5013,0,12,North America,<=50K
30496,"[50, 60[", Private,134120,High School,6,Married-civ-spouse,Technical, Husband,*,Male,99999,0,40,North America,>50K
30497,"[30, 40[", Self-emp-not-inc,251710,High School,6,Married-spouse-absent,Other, Not-in-family,*,Female,0,1721,15,North America,<=50K
30498,"[20, 30[", Private,653574,Undergraduate,10,Never-married,Other, Own-child,*,Male,0,0,33,North America,<=50K
30499,"[30, 40[", Private,175441,High School,9,Never-married,Nontechnical, Not-in-family,*,Male,0,0,40,North America,<=50K
30500,"[30, 40[", Private,333119,Undergraduate,10,Never-married,Technical, Not-in-family,*,Male,0,0,40,North America,<=50K
30501,"[20, 30[", Private,89154,High School,7,Never-married,Other, Own-child,*,Male,0,0,42,North America,<=50K
30502,"[60, 70[", Private,198727,High School,9,Married-civ-spouse,Technical, Husband,*,Male,0,0,30,North America,<=50K
30503,"[40, 50[", Private,87284,Undergraduate,10,Never-married,Nontechnical, Not-in-family,*,Male,0,0,40,North America,<=50K
30504,"[30, 40[", Private,180686,High School,9,Married-civ-spouse,Technical, Husband,*,Male,0,0,45,North America,>50K
30505,"[20, 30[", Private,227070,Undergraduate,10,Never-married,Other, Unmarried,*,Female,0,0,48,North America,<=50K
30506,"[50, 60[", Local-gov,189824,Undergraduate,10,Married-civ-spouse,Nontechnical, Husband,*,Male,7298,0,40,North America,>50K
30507,"[20, 30[", Local-gov,348986,High School,9,Never-married,Nontechnical, Other-relative,*,Male,0,0,40,North America,<=50K
30508,"[30, 40[", Private,96185,High School,9,Divorced,Other, Unmarried,*,Female,0,0,32,North America,<=50K
30509,"[20, 30[", Private,112693,High School,9,Married-civ-spouse,Technical, Husband,*,Male,0,0,35,North America,<=50K
30510,"[20, 30[", Private,417605,Primary School,3,Never-married,Technical, Not-in-family,*,Male,0,0,40,North America,<=50K
30512,"[20, 30[", Private,340408,Undergraduate,10,Divorced,Technical, Not-in-family,*,Male,0,0,46,North America,<=50K
30513,"[10, 20[", ?,187539,High School,7,Never-married,Other, Own-child,*,Female,0,0,10,North America,<=50K
30514,"[20, 30[", Private,237051,Undergraduate,10,Never-married,Other, Own-child,*,Female,0,0,25,North America,<=50K
30515,"[40, 50[", Private,175622,Graduate,14,Married-civ-spouse,Technical, Husband,*,Male,0,0,40,North America,<=50K
30516,"[30, 40[", Private,389725,High School,8,Divorced,Technical, Own-child,*,Male,0,0,35,North America,<=50K
30517,"[20, 30[", Private,182812,Undergraduate,10,Never-married,Other, Own-child,*,Female,0,0,40,North America,<=50K
30518,"[30, 40[", Self-emp-not-inc,245372,Undergraduate,10,Married-civ-spouse,Technical, Husband,*,Male,3137,0,50,North America,<=50K
30519,"[30, 40[", Local-gov,93886,Undergraduate,13,Married-civ-spouse,Technical, Wife,*,Female,0,0,46,North America,>50K
30521,"[20, 30[", State-gov,212232,Undergraduate,10,Married-civ-spouse,Nontechnical, Husband,*,Male,0,0,40,North America,>50K
30522,"[50, 60[", Private,300104,High School,9,Married-civ-spouse,Technical, Husband,*,Male,0,0,84,North America,>50K
30523,"[20, 30[", Private,156933,High School,9,Never-married,Nontechnical, Own-child,*,Male,0,0,25,North America,<=50K
30524,"[20, 30[", Private,286734,Undergraduate,10,Never-married,Other, Not-in-family,*,Female,0,0,35,North America,<=50K
30525,"[40, 50[", Self-emp-inc,143482,Undergraduate,10,Married-civ-spouse,Technical, Wife,*,Female,0,0,65,North America,>50K
30526,"[30, 40[", Private,226357,High School,9,Married-civ-spouse,Technical, Husband,*,Male,0,0,40,North America,<=50K
30527,"[40, 50[", Private,104892,Undergraduate,13,Married-civ-spouse,Technical, Husband,*,Male,0,0,40,North America,<=50K
30528,"[40, 50[", Private,223194,High School,9,Married-civ-spouse,Technical, Husband,*,Male,0,1485,40,North America,<=50K
30529,"[30, 40[", Self-emp-not-inc,272090,Undergraduate,10,Married-civ-spouse,Other, Wife,*,Female,0,0,20,North America,<=50K
30530,"[50, 60[", Private,204816,Graduate,14,Divorced,Technical, Not-in-family,*,Male,0,0,30,North America,<=50K
30531,"[50, 60[", Private,230039,High School,4,Never-married,Other, Own-child,*,Female,0,0,30,North America,<=50K
30532,"[40, 50[", Private,242619,Professional Education,12,Divorced,Technical, Not-in-family,*,Male,0,0,80,North America,<=50K
30534,"[30, 40[", Private,87310,High School,5,Never-married,Technical, Not-in-family,*,Male,0,0,50,North America,<=50K
30536,"[20, 30[", Federal-gov,163862,Undergraduate,13,Married-civ-spouse,Nontechnical, Husband,*,Male,5178,0,40,North America,>50K
30537,"[30, 40[", Private,239409,High School,6,Married-civ-spouse,Technical, Husband,*,Male,0,0,50,North America,<=50K
30538,"[30, 40[", Private,203717,High School,9,Divorced,Technical, Unmarried,*,Male,0,0,40,North America,<=50K
30539,"[40, 50[", Private,172274,Graduate,16,Divorced,Technical, Unmarried,*,Female,0,3004,35,North America,>50K
30540,"[30, 40[", Self-emp-not-inc,65278,Professional Education,12,Never-married,Technical, Own-child,*,Male,0,0,40,North America,<=50K
30541,"[30, 40[", Self-emp-inc,135289,High School,9,Married-civ-spouse,Other, Husband,*,Male,0,0,60,North America,<=50K
30542,"[20, 30[", Private,246974,Professional Education,11,Married-civ-spouse,Nontechnical, Husband,*,Male,0,0,40,North America,<=50K
30544,"[20, 30[", Private,118023,Undergraduate,10,Never-married,Nontechnical, Own-child,*,Male,0,0,30,North America,<=50K
30545,"[40, 50[", Private,102308,Undergraduate,13,Married-civ-spouse,Technical, Husband,*,Male,0,0,50,North America,>50K
30546,"[40, 50[", Private,45564,Undergraduate,10,Married-civ-spouse,Nontechnical, Husband,*,Male,0,0,40,North America,>50K
30547,"[10, 20[", Private,137646,High School,7,Never-married,Other, Own-child,*,Female,0,0,15,North America,<=50K
30548,"[10, 20[", Private,237646,Undergraduate,10,Never-married,Other, Own-child,*,Male,0,0,30,North America,<=50K
30549,"[30, 40[", Local-gov,189843,High School,9,Divorced,Other, Not-in-family,*,Male,0,0,47,North America,>50K
30551,"[40, 50[", Private,288437,High School,9,Married-civ-spouse,Other, Husband,*,Male,4064,0,40,North America,<=50K
30552,"[30, 40[", Private,106347,High School,9,Married-civ-spouse,Other, Husband,*,Male,0,0,40,North America,<=50K
30553,"[30, 40[", Private,316471,Undergraduate,13,Never-married,Other, Not-in-family,*,Male,0,0,50,North America,<=50K
30554,"[20, 30[", Private,50058,Undergraduate,10,Never-married,Other, Not-in-family,*,Female,0,0,35,North America,<=50K
30555,"[30, 40[", Self-emp-not-inc,182089,High School,9,Married-civ-spouse,Other, Husband,*,Male,0,0,85,North America,<=50K
30556,"[30, 40[", Private,186865,Graduate,16,Married-civ-spouse,Technical, Husband,*,Male,0,0,60,North America,>50K
30557,"[20, 30[", State-gov,158206,Professional Education,12,Never-married,Technical, Not-in-family,*,Male,0,0,30,North America,<=50K
30558,"[60, 70[", ?,229744,Primary School,2,Married-civ-spouse,Other, Husband,*,Male,3942,0,20,North America,<=50K
30559,"[20, 30[", Private,141545,High School,9,Married-civ-spouse,Other, Husband,*,Male,0,1902,45,North America,<=50K
30560,"[50, 60[", Local-gov,50929,Undergraduate,10,Married-civ-spouse,Nontechnical, Husband,*,Male,0,0,60,North America,>50K
30561,"[60, 70[", Private,132529,High School,9,Married-civ-spouse,Technical, Husband,*,Male,0,0,40,North America,<=50K
30562,"[40, 50[", Private,260696,Undergraduate,13,Divorced,Nontechnical, Not-in-family,*,Female,0,0,40,North America,<=50K
30563,"[30, 40[", Private,231180,High School,9,Divorced,Other, Not-in-family,*,Male,0,0,60,North America,<=50K
30564,"[40, 50[", Private,223277,Undergraduate,13,Married-civ-spouse,Other, Husband,*,Male,0,0,50,North America,>50K
30565,"[20, 30[", Private,279538,High School,7,Married-civ-spouse,Nontechnical, Other-relative,*,Male,2961,0,35,North America,<=50K
30566,"[40, 50[", Private,46044,Graduate,14,Married-civ-spouse,Nontechnical, Husband,*,Male,0,0,40,North America,<=50K
30567,"[40, 50[", Private,168071,Professional Education,12,Divorced,Technical, Not-in-family,*,Male,0,0,50,North America,<=50K
30568,"[20, 30[", Private,79691,High School,9,Never-married,Technical, Own-child,*,Male,0,0,40,North America,<=50K
30569,"[70, 80[", ?,114204,Undergraduate,10,Married-civ-spouse,Other, Husband,*,Male,0,0,13,North America,<=50K
30570,"[20, 30[", Private,124111,Undergraduate,10,Never-married,Other, Own-child,*,Female,0,0,40,North America,<=50K
30571,"[40, 50[", Private,104521,Professional Education,11,Married-civ-spouse,Technical, Husband,*,Male,0,0,40,North America,>50K
30573,"[30, 40[", Private,112564,High School,9,Married-civ-spouse,Other, Husband,*,Male,0,0,45,North America,<=50K
30574,"[40, 50[", State-gov,32186,Undergraduate,13,Separated,Technical, Not-in-family,*,Female,0,0,40,North America,<=50K
30575,"[20, 30[", Private,239663,Undergraduate,10,Never-married,Nontechnical, Own-child,*,Male,2597,0,50,North America,<=50K
30577,"[40, 50[", State-gov,175537,Undergraduate,10,Divorced,Technical, Not-in-family,*,Female,0,0,38,North America,<=50K
30578,"[20, 30[", Private,444304,Undergraduate,13,Married-civ-spouse,Technical, Husband,*,Male,0,0,40,North America,>50K
30579,"[10, 20[", Private,27415,High School,7,Never-married,Nontechnical, Own-child,*,Male,0,0,20,North America,<=50K
30580,"[30, 40[", Private,174343,High School,5,Married-civ-spouse,Technical, Husband,*,Male,0,0,40,North America,<=50K
30581,"[30, 40[", Private,148143,High School,9,Never-married,Technical, Unmarried,*,Female,0,0,40,North America,<=50K
30583,"[20, 30[", Private,165097,High School,9,Never-married,Technical, Not-in-family,*,Male,0,0,40,North America,<=50K
30584,"[10, 20[", ?,51574,High School,9,Never-married,Other, Own-child,*,Female,0,1602,38,North America,<=50K
30585,"[50, 60[", Private,167651,Professional Education,11,Married-civ-spouse,Technical, Husband,*,Male,0,0,40,North America,>50K
30586,"[40, 50[", Local-gov,29075,Professional Education,12,Married-civ-spouse,Technical, Wife,*,Female,0,0,40,North America,<=50K
30588,"[60, 70[", State-gov,71075,Undergraduate,10,Divorced,Nontechnical, Not-in-family,*,Female,0,0,55,North America,<=50K
30589,"[30, 40[", Private,129573,High School,9,Married-civ-spouse,Other, Husband,*,Male,0,0,65,North America,<=50K
30590,"[40, 50[", Local-gov,183765,Professional Education,12,Never-married,Technical, Not-in-family,*,Male,0,0,40,North America,>50K
30591,"[20, 30[", Private,164991,High School,9,Divorced,Nontechnical, Unmarried,*,Female,0,0,38,North America,<=50K
30592,"[50, 60[", Local-gov,154891,High School,9,Divorced,Other, Unmarried,*,Male,0,0,52,North America,<=50K
30593,"[30, 40[", Private,200117,High School,6,Married-civ-spouse,Technical, Husband,*,Male,0,0,40,North America,<=50K
30594,"[20, 30[", Private,176389,High School,9,Married-civ-spouse,Technical, Husband,*,Male,0,0,40,North America,<=50K
30596,"[30, 40[", Private,178841,Undergraduate,13,Married-civ-spouse,Nontechnical, Wife,*,Female,0,0,40,North America,>50K
30597,"[40, 50[", Local-gov,191149,Graduate,14,Never-married,Technical, Unmarried,*,Female,0,0,40,North America,<=50K
30598,"[40, 50[", Private,29702,Professional Education,11,Never-married,Technical, Not-in-family,*,Male,0,0,30,North America,<=50K
30599,"[20, 30[", Private,157893,High School,9,Never-married,Other, Own-child,*,Female,0,0,40,North America,<=50K
30600,"[60, 70[", Local-gov,31993,High School,4,Married-civ-spouse,Other, Husband,*,Male,0,0,10,North America,<=50K
30601,"[20, 30[", Federal-gov,210736,High School,9,Never-married,Other, Not-in-family,*,Female,0,1974,40,North America,<=50K
30602,"[20, 30[", Private,39615,Undergraduate,10,Never-married,Nontechnical, Own-child,*,Male,0,0,10,North America,<=50K
30603,"[20, 30[", Private,200511,High School,9,Married-civ-spouse,Nontechnical, Husband,*,Male,0,0,50,North America,<=50K
30604,"[40, 50[", Self-emp-not-inc,47818,High School,9,Divorced,Nontechnical, Unmarried,*,Female,0,0,60,North America,<=50K
30605,"[20, 30[", Private,183155,Undergraduate,13,Married-civ-spouse,Technical, Husband,*,Male,0,0,55,North America,<=50K
30606,"[30, 40[", Self-emp-inc,374905,High School,9,Married-civ-spouse,Nontechnical, Husband,*,Male,0,0,50,North America,>50K
30607,"[30, 40[", Private,128876,Undergraduate,10,Married-civ-spouse,Technical, Husband,*,Male,0,0,40,North America,<=50K
30609,"[40, 50[", Private,153414,Undergraduate,13,Married-civ-spouse,Nontechnical, Husband,*,Male,0,0,40,North America,>50K
30610,"[50, 60[", Self-emp-not-inc,24790,Undergraduate,10,Married-civ-spouse,Nontechnical, Husband,*,Male,0,0,99,North America,>50K
30611,"[30, 40[", Private,316769,High School,7,Never-married,Other, Unmarried,*,Female,0,0,40,North America,<=50K
30612,"[30, 40[", Private,126569,High School,9,Never-married,Technical, Own-child,*,Male,0,0,40,North America,<=50K
30613,"[10, 20[", Private,128538,High School,7,Never-married,Nontechnical, Own-child,*,Female,0,0,25,North America,<=50K
30614,"[20, 30[", Private,234640,Professional Education,11,Never-married,Other, Own-child,*,Female,0,0,35,North America,<=50K
30615,"[20, 30[", ?,65372,Undergraduate,10,Divorced,Other, Unmarried,*,Female,0,0,40,North America,<=50K
30616,"[40, 50[", Private,343377,Undergraduate,10,Married-civ-spouse,Other, Husband,*,Male,0,0,40,North America,<=50K
30617,"[50, 60[", Federal-gov,30731,Undergraduate,13,Married-civ-spouse,Nontechnical, Husband,*,Male,0,0,45,North America,>50K
30618,"[30, 40[", Private,412379,High School,9,Never-married,Other, Not-in-family,*,Female,0,0,40,North America,<=50K
30619,"[40, 50[", Self-emp-inc,112320,Undergraduate,13,Divorced,Nontechnical, Not-in-family,*,Female,0,0,50,North America,<=50K
30621,"[30, 40[", Local-gov,100135,Undergraduate,13,Married-civ-spouse,Technical, Wife,*,Female,0,0,35,North America,>50K
30622,"[20, 30[", Private,128061,High School,9,Never-married,Other, Own-child,*,Female,594,0,15,North America,<=50K
30623,"[70, 80[", ?,402306,Undergraduate,10,Married-civ-spouse,Other, Husband,*,Male,0,0,32,North America,<=50K
30624,"[30, 40[", ?,98389,Undergraduate,10,Never-married,Other, Unmarried,*,Male,0,0,10,North America,<=50K
30625,"[20, 30[", Private,179565,Undergraduate,13,Never-married,Other, Not-in-family,*,Female,0,0,40,North America,<=50K
30626,"[30, 40[", Private,64922,Undergraduate,13,Married-civ-spouse,Nontechnical, Husband,*,Male,7688,0,50,North America,>50K
30627,"[70, 80[", Private,102610,High School,6,Married-civ-spouse,Nontechnical, Husband,*,Male,0,0,32,North America,<=50K
30628,"[60, 70[", ?,115513,Undergraduate,13,Married-civ-spouse,Other, Husband,*,Male,5556,0,48,North America,>50K
30629,"[30, 40[", Private,150548,High School,9,Never-married,Technical, Not-in-family,*,Female,0,0,30,North America,<=50K
30630,"[50, 60[", Private,133219,High School,9,Married-civ-spouse,Other, Husband,*,Male,4386,0,30,North America,>50K
30631,"[40, 50[", Local-gov,67001,High School,9,Married-civ-spouse,Other, Husband,*,Male,0,0,40,North America,<=50K
30632,"[60, 70[", Private,162347,Professional Education,15,Married-civ-spouse,Nontechnical, Husband,*,Male,0,1902,40,North America,>50K
30633,"[10, 20[", Private,138557,High School,7,Never-married,Nontechnical, Own-child,*,Male,0,0,40,North America,<=50K
30635,"[40, 50[", Private,66006,High School,6,Never-married,Other, Not-in-family,*,Male,0,0,40,North America,<=50K
30636,"[20, 30[", State-gov,176077,Graduate,14,Never-married,Technical, Not-in-family,*,Female,0,0,37,North America,<=50K
30637,"[30, 40[", Private,218322,High School,9,Married-civ-spouse,Technical, Husband,*,Male,0,0,40,North America,<=50K
30639,"[40, 50[", Private,168232,Undergraduate,13,Married-civ-spouse,Other, Husband,*,Male,7298,0,40,North America,>50K
30640,"[30, 40[", Private,161690,Professional Education,11,Never-married,Technical, Not-in-family,*,Female,0,0,40,North America,<=50K
30641,"[20, 30[", ?,242736,Professional Education,12,Never-married,Other, Own-child,*,Female,0,0,40,North America,<=50K
30642,"[30, 40[", Self-emp-not-inc,67317,Undergraduate,13,Married-civ-spouse,Other, Husband,*,Male,0,0,60,North America,<=50K
30643,"[30, 40[", Private,265807,High School,9,Married-civ-spouse,Other, Husband,*,Male,0,2051,55,North America,<=50K
30644,"[30, 40[", Private,99357,Professional Education,12,Never-married,Other, Not-in-family,*,Female,0,0,30,North America,<=50K
30645,"[50, 60[", Private,170070,High School,9,Married-civ-spouse,Nontechnical, Wife,*,Female,0,0,40,North America,>50K
30646,"[50, 60[", State-gov,231166,Professional Education,11,Married-civ-spouse,Nontechnical, Husband,*,Male,0,0,40,North America,<=50K
30647,"[20, 30[", Private,62339,Undergraduate,13,Never-married,Technical, Own-child,*,Male,0,0,40,North America,<=50K
30648,"[20, 30[", State-gov,118520,High School,9,Married-civ-spouse,Other, Husband,*,Male,0,0,42,North America,<=50K
30649,"[40, 50[", Private,155659,High School,9,Married-civ-spouse,Technical, Husband,*,Male,0,0,40,North America,>50K
30650,"[20, 30[", Local-gov,157331,Undergraduate,13,Never-married,Technical, Not-in-family,*,Female,0,0,40,North America,<=50K
30651,"[40, 50[", Private,341762,Graduate,14,Married-civ-spouse,Nontechnical, Husband,*,Male,0,0,65,North America,>50K
30652,"[30, 40[", Private,164190,Undergraduate,13,Never-married,Nontechnical, Not-in-family,*,Male,0,0,42,North America,<=50K
30653,"[40, 50[", Private,83064,Undergraduate,13,Married-civ-spouse,Nontechnical, Husband,*,Male,0,0,50,North America,<=50K
30654,"[20, 30[", Private,304283,High School,9,Married-civ-spouse,Technical, Husband,*,Male,0,0,40,North America,<=50K
30655,"[20, 30[", Private,436798,Undergraduate,10,Married-civ-spouse,Technical, Husband,*,Male,0,0,40,North America,<=50K
30656,"[20, 30[", Private,29302,Undergraduate,10,Never-married,Other, Own-child,*,Female,0,0,40,Unknown,<=50K
30658,"[40, 50[", Private,79036,High School,9,Divorced,Nontechnical, Unmarried,*,Male,0,0,40,North America,<=50K
30659,"[70, 80[", Private,165622,Undergraduate,10,Widowed,Other, Not-in-family,*,Female,0,0,25,North America,<=50K
30660,"[20, 30[", ?,177287,Undergraduate,10,Never-married,Other, Own-child,*,Female,0,0,40,North America,<=50K
30661,"[50, 60[", Private,199847,Undergraduate,13,Married-civ-spouse,Nontechnical, Husband,*,Male,15024,0,60,North America,>50K
30662,"[20, 30[", Private,22966,Undergraduate,13,Married-civ-spouse,Nontechnical, Husband,*,Male,0,0,45,North America,<=50K
30663,"[20, 30[", Private,59068,High School,9,Married-civ-spouse,Nontechnical, Husband,*,Male,0,0,40,North America,<=50K
30664,"[50, 60[", Private,77336,High School,9,Married-civ-spouse,Nontechnical, Husband,*,Male,0,0,40,North America,<=50K
30665,"[40, 50[", Local-gov,96524,High School,9,Married-civ-spouse,Nontechnical, Husband,*,Male,0,0,60,North America,>50K
30666,"[10, 20[", Private,143868,High School,5,Never-married,Other, Own-child,*,Male,0,0,40,North America,<=50K
30667,"[40, 50[", Private,121424,Undergraduate,13,Married-civ-spouse,Nontechnical, Husband,*,Male,0,0,55,North America,>50K
30668,"[30, 40[", Private,176279,Undergraduate,13,Divorced,Nontechnical, Not-in-family,*,Female,0,0,40,North America,<=50K
30669,"[40, 50[", Self-emp-inc,177905,Undergraduate,13,Married-civ-spouse,Nontechnical, Husband,*,Male,7688,0,70,North America,>50K
30671,"[50, 60[", Private,353881,High School,9,Divorced,Other, Not-in-family,*,Male,0,0,45,North America,<=50K
30672,"[40, 50[", Local-gov,177937,Graduate,16,Married-civ-spouse,Technical, Husband,*,Male,0,0,36,North America,>50K
30673,"[20, 30[", ?,122244,High School,9,Never-married,Other, Not-in-family,*,Female,0,0,28,North America,<=50K
30674,"[40, 50[", Private,125892,High School,9,Married-civ-spouse,Nontechnical, Husband,*,Male,0,0,40,North America,<=50K
30675,"[40, 50[", Private,155472,Professional Education,12,Never-married,Technical, Unmarried,*,Female,1151,0,50,North America,<=50K
30676,"[40, 50[", Private,355728,Professional Education,11,Never-married,Technical, Not-in-family,*,Male,0,0,44,North America,<=50K
30677,"[10, 20[", ?,245274,Undergraduate,10,Never-married,Other, Own-child,*,Male,0,0,16,North America,<=50K
30678,"[10, 20[", Private,240330,High School,8,Never-married,Other, Own-child,*,Male,0,0,18,North America,<=50K
30679,"[50, 60[", Private,182944,High School,9,Widowed,Technical, Unmarried,*,Female,0,0,40,North America,<=50K
30680,"[20, 30[", Private,264498,Undergraduate,13,Never-married,Technical, Not-in-family,*,Female,0,0,40,North America,<=50K
30681,"[30, 40[", Private,110426,Professional Education,12,Married-civ-spouse,Nontechnical, Wife,*,Female,15024,0,45,North America,>50K
30682,"[20, 30[", Private,166971,High School,9,Married-civ-spouse,Nontechnical, Husband,*,Male,0,0,52,North America,<=50K
30683,"[40, 50[", Private,347653,Professional Education,15,Married-civ-spouse,Technical, Husband,*,Male,0,1977,50,North America,>50K
30684,"[30, 40[", Private,33975,Undergraduate,10,Married-civ-spouse,Nontechnical, Husband,*,Male,0,0,40,North America,>50K
30685,"[40, 50[", Self-emp-not-inc,215219,High School,7,Separated,Other, Unmarried,*,Female,0,0,30,North America,<=50K
30686,"[30, 40[", Private,190772,High School,9,Never-married,Other, Not-in-family,*,Female,0,1617,40,North America,<=50K
30687,"[60, 70[", ?,331527,High School,6,Married-civ-spouse,Other, Husband,*,Male,0,0,40,North America,<=50K
30688,"[40, 50[", Private,162494,Undergraduate,10,Divorced,Nontechnical, Unmarried,*,Female,0,0,45,North America,>50K
30689,"[20, 30[", Local-gov,85918,Undergraduate,13,Married-civ-spouse,Other, Husband,*,Male,0,0,68,North America,<=50K
30690,"[30, 40[", Private,91367,Graduate,14,Married-civ-spouse,Nontechnical, Husband,*,Male,0,1848,45,North America,>50K
30691,"[20, 30[", Private,182342,Undergraduate,10,Never-married,Other, Own-child,*,Male,0,0,40,North America,<=50K
30692,"[40, 50[", Private,129640,High School,9,Never-married,Other, Not-in-family,*,Female,0,0,40,North America,<=50K
30693,"[70, 80[", ?,133536,High School,9,Married-civ-spouse,Other, Husband,*,Male,0,0,28,North America,<=50K
30694,"[40, 50[", Private,148738,High School,9,Married-civ-spouse,Nontechnical, Husband,*,Male,0,1740,35,North America,<=50K
30695,"[40, 50[", Private,102583,High School,9,Married-civ-spouse,Nontechnical, Husband,*,Male,0,0,30,North America,>50K
30696,"[30, 40[", Private,111387,High School,5,Never-married,Technical, Not-in-family,*,Male,0,0,40,North America,<=50K
30697,"[20, 30[", Private,241752,High School,9,Never-married,Nontechnical, Not-in-family,*,Male,0,0,40,North America,<=50K
30698,"[20, 30[", ?,334593,Undergraduate,10,Never-married,Other, Not-in-family,*,Male,0,0,40,North America,<=50K
30699,"[40, 50[", Private,101950,Undergraduate,13,Divorced,Other, Not-in-family,*,Female,0,0,35,North America,<=50K
30701,"[50, 60[", Private,183973,High School,7,Married-civ-spouse,Technical, Husband,*,Male,0,0,48,North America,>50K
30702,"[40, 50[", Private,142061,Undergraduate,10,Divorced,Nontechnical, Unmarried,*,Female,0,0,40,North America,<=50K
30703,"[30, 40[", Private,158615,Undergraduate,10,Married-civ-spouse,Nontechnical, Husband,*,Male,0,0,40,North America,<=50K
30704,"[30, 40[", Private,29145,Professional Education,11,Never-married,Other, Not-in-family,*,Male,0,0,40,North America,<=50K
30705,"[30, 40[", Private,40135,High School,9,Never-married,Other, Own-child,*,Male,0,0,30,North America,<=50K
30706,"[20, 30[", Private,224640,Undergraduate,10,Never-married,Nontechnical, Not-in-family,*,Female,0,0,40,North America,<=50K
30707,"[20, 30[", ?,146651,High School,9,Married-civ-spouse,Other, Own-child,*,Female,0,0,15,North America,<=50K
30708,"[20, 30[", Private,167737,High School,9,Never-married,Other, Other-relative,*,Male,0,0,50,North America,<=50K
30709,"[20, 30[", Private,60331,Undergraduate,10,Never-married,Technical, Not-in-family,*,Male,0,0,40,North America,<=50K
30710,"[30, 40[", Private,187167,High School,9,Divorced,Other, Not-in-family,*,Female,0,0,35,North America,<=50K
30711,"[10, 20[", ?,157131,High School,9,Never-married,Other, Own-child,*,Female,0,0,12,North America,<=50K
30712,"[20, 30[", Local-gov,255237,Undergraduate,13,Never-married,Technical, Not-in-family,*,Female,0,0,40,North America,<=50K
30713,"[50, 60[", ?,192325,Undergraduate,10,Divorced,Other, Not-in-family,*,Female,0,0,20,North America,<=50K
30714,"[40, 50[", Private,163342,High School,9,Never-married,Other, Not-in-family,*,Female,0,0,70,North America,<=50K
30715,"[30, 40[", Private,129775,Undergraduate,13,Married-civ-spouse,Nontechnical, Husband,*,Male,0,0,65,North America,<=50K
30716,"[10, 20[", Private,206008,Undergraduate,10,Never-married,Nontechnical, Unmarried,*,Male,2176,0,40,North America,<=50K
30717,"[20, 30[", Private,397317,Professional Education,12,Never-married,Technical, Not-in-family,*,Female,0,0,40,North America,<=50K
30718,"[30, 40[", Private,745768,Undergraduate,10,Never-married,Other, Unmarried,*,Female,0,0,40,North America,<=50K
30719,"[30, 40[", Private,141550,High School,6,Divorced,Technical, Not-in-family,*,Male,0,0,40,North America,<=50K
30720,"[50, 60[", Private,35576,High School,9,Widowed,Technical, Not-in-family,*,Male,0,0,40,North America,<=50K
30721,"[20, 30[", Private,376383,High School,9,Never-married,Other, Unmarried,*,Male,0,0,35,North America,<=50K
30722,"[40, 50[", Self-emp-not-inc,200825,Undergraduate,10,Married-civ-spouse,Nontechnical, Husband,*,Male,0,0,30,North America,>50K
30723,"[30, 40[", ?,362787,High School,9,Never-married,Other, Unmarried,*,Female,0,0,35,North America,<=50K
30724,"[40, 50[", Private,116789,High School,9,Married-civ-spouse,Other, Husband,*,Male,0,0,40,North America,>50K
30726,"[40, 50[", Private,362654,High School,9,Married-civ-spouse,Technical, Husband,*,Male,0,0,40,North America,<=50K
30727,"[20, 30[", ?,107801,Undergraduate,10,Never-married,Other, Own-child,*,Female,0,0,3,North America,<=50K
30728,"[60, 70[", Private,170939,Undergraduate,13,Divorced,Technical, Not-in-family,*,Male,6723,0,40,North America,<=50K
30729,"[30, 40[", Local-gov,224234,High School,9,Married-civ-spouse,Other, Husband,*,Male,0,0,40,North America,<=50K
30730,"[30, 40[", Private,478346,High School,9,Married-civ-spouse,Nontechnical, Wife,*,Female,7688,0,40,North America,>50K
30731,"[60, 70[", Private,211162,High School,9,Married-civ-spouse,Nontechnical, Husband,*,Male,0,0,40,North America,<=50K
30732,"[20, 30[", Private,147638,Undergraduate,13,Never-married,Other, Other-relative,*,Female,0,0,40,Asia,<=50K
30733,"[40, 50[", Private,104647,High School,9,Divorced,Other, Not-in-family,*,Male,0,0,40,North America,<=50K
30734,"[40, 50[", Private,67365,High School,9,Married-civ-spouse,Technical, Husband,*,Male,0,0,40,North America,>50K
30736,"[30, 40[", Private,176335,Graduate,14,Married-civ-spouse,Nontechnical, Husband,*,Male,7688,0,65,North America,>50K
30737,"[30, 40[", Self-emp-not-inc,268482,High School,5,Married-civ-spouse,Technical, Husband,*,Male,0,0,40,North America,<=50K
30738,"[20, 30[", State-gov,288731,Undergraduate,13,Married-civ-spouse,Technical, Husband,*,Male,0,0,20,North America,<=50K
30739,"[30, 40[", Private,231082,Undergraduate,13,Divorced,Technical, Not-in-family,*,Female,0,0,50,North America,<=50K
30740,"[40, 50[", State-gov,333530,Undergraduate,10,Married-civ-spouse,Nontechnical, Wife,*,Female,0,0,40,North America,>50K
30741,"[60, 70[", Private,214288,High School,9,Married-civ-spouse,Technical, Husband,*,Male,0,0,40,North America,<=50K
30742,"[20, 30[", Private,118023,High School,9,Never-married,Other, Own-child,*,Male,0,0,24,North America,<=50K
30743,"[20, 30[", Private,187088,Undergraduate,10,Never-married,Other, Own-child,*,Female,0,0,20,North America,<=50K
30744,"[60, 70[", ?,174073,High School,9,Married-civ-spouse,Other, Husband,*,Male,0,0,40,North America,<=50K
30745,"[20, 30[", Private,133833,Undergraduate,10,Never-married,Other, Own-child,*,Female,0,0,25,North America,<=50K
30746,"[30, 40[", Private,229772,High School,6,Married-civ-spouse,Technical, Husband,*,Male,0,0,40,North America,<=50K
30747,"[60, 70[", Private,210082,High School,9,Widowed,Other, Not-in-family,*,Female,0,0,40,North America,<=50K
30748,"[20, 30[", Private,119287,Undergraduate,13,Married-civ-spouse,Nontechnical, Wife,*,Female,15024,0,28,North America,>50K
30749,"[40, 50[", Self-emp-not-inc,111772,Professional Education,12,Married-civ-spouse,Technical, Husband,*,Male,0,1887,40,North America,>50K
30750,"[20, 30[", Private,122999,High School,9,Never-married,Technical, Other-relative,*,Male,0,0,40,North America,<=50K
30751,"[20, 30[", Private,44767,High School,9,Married-civ-spouse,Other, Husband,*,Male,0,0,40,North America,<=50K
30752,"[40, 50[", Private,200574,Professional Education,12,Married-civ-spouse,Technical, Husband,*,Male,0,0,44,North America,<=50K
30753,"[50, 60[", Private,236596,Undergraduate,10,Married-civ-spouse,Nontechnical, Husband,*,Male,0,0,40,North America,>50K
30754,"[30, 40[", Private,33124,Professional Education,15,Never-married,Technical, Not-in-family,*,Female,0,0,99,North America,<=50K
30755,"[50, 60[", Local-gov,308764,High School,9,Widowed,Other, Unmarried,*,Female,0,0,40,North America,<=50K
30757,"[30, 40[", ?,99483,High School,9,Never-married,Other, Own-child,*,Male,0,0,40,North America,<=50K
30758,"[50, 60[", Private,230951,Undergraduate,13,Married-civ-spouse,Nontechnical, Husband,*,Male,0,0,40,North America,<=50K
30759,"[40, 50[", Private,99355,High School,9,Married-civ-spouse,Other, Husband,*,Male,0,0,40,North America,>50K
30760,"[30, 40[", Private,857532,High School,8,Never-married,Other, Own-child,*,Male,0,0,40,North America,<=50K
30762,"[30, 40[", Private,154410,High School,9,Married-civ-spouse,Technical, Husband,*,Male,0,2051,40,Europe,<=50K
30763,"[10, 20[", Private,198943,Undergraduate,10,Never-married,Other, Own-child,*,Female,0,0,35,North America,<=50K
30764,"[30, 40[", Private,311696,High School,7,Married-civ-spouse,Other, Wife,*,Female,0,0,30,North America,<=50K
30765,"[30, 40[", Private,252897,Undergraduate,10,Divorced,Nontechnical, Own-child,*,Female,0,0,25,North America,<=50K
30766,"[40, 50[", Self-emp-not-inc,39539,High School,9,Married-civ-spouse,Other, Husband,*,Male,0,0,99,North America,>50K
30767,"[40, 50[", Self-emp-inc,122066,Undergraduate,10,Divorced,Nontechnical, Not-in-family,*,Male,0,0,25,North America,<=50K
30768,"[50, 60[", Private,110977,Graduate,14,Married-civ-spouse,Nontechnical, Husband,*,Male,0,1902,50,North America,>50K
30769,"[40, 50[", Local-gov,199590,Undergraduate,10,Married-civ-spouse,Technical, Husband,*,Male,0,1887,40,North America,>50K
30770,"[20, 30[", Private,202721,Undergraduate,10,Never-married,Other, Own-child,*,Female,0,0,40,North America,<=50K
30771,"[20, 30[", Private,197565,Professional Education,11,Never-married,Other, Own-child,*,Female,0,0,35,North America,<=50K
30772,"[20, 30[", Private,206827,Undergraduate,10,Never-married,Nontechnical, Own-child,*,Female,5060,0,30,North America,<=50K
30773,"[30, 40[", Federal-gov,190895,Undergraduate,13,Married-civ-spouse,Technical, Husband,*,Male,0,0,40,Unknown,>50K
30774,"[20, 30[", Self-emp-inc,158751,Professional Education,11,Never-married,Other, Unmarried,*,Male,0,0,55,North America,<=50K
30775,"[50, 60[", State-gov,243631,High School,6,Married-civ-spouse,Technical, Husband,*,Male,0,0,40,North America,<=50K
30776,"[10, 20[", ?,219277,High School,7,Never-married,Other, Own-child,*,Female,0,0,20,North America,<=50K
30777,"[10, 20[", Private,45381,Undergraduate,10,Never-married,Other, Own-child,*,Female,0,0,8,North America,<=50K
30778,"[30, 40[", Private,167482,Undergraduate,10,Married-civ-spouse,Technical, Husband,*,Male,0,0,52,North America,>50K
30779,"[60, 70[", Private,225014,High School,9,Divorced,Other, Not-in-family,*,Female,0,0,40,North America,<=50K
30780,"[20, 30[", Self-emp-not-inc,405083,High School,9,Never-married,Nontechnical, Not-in-family,*,Male,0,0,40,North America,<=50K
30781,"[60, 70[", ?,186061,Undergraduate,10,Widowed,Other, Unmarried,*,Female,0,4356,40,North America,<=50K
30782,"[20, 30[", Federal-gov,24153,High School,6,Married-civ-spouse,Other, Wife,*,Female,0,0,40,North America,<=50K
30785,"[20, 30[", Private,315476,Professional Education,12,Never-married,Technical, Own-child,*,Male,0,0,40,North America,<=50K
30786,"[40, 50[", Private,248186,Professional Education,12,Never-married,Other, Not-in-family,*,Female,0,0,38,North America,<=50K
30787,"[20, 30[", Self-emp-inc,206903,Professional Education,15,Married-civ-spouse,Technical, Husband,*,Male,0,0,55,North America,>50K
30788,"[60, 70[", Self-emp-not-inc,191380,Professional Education,15,Married-civ-spouse,Technical, Husband,*,Male,20051,0,25,North America,>50K
30789,"[20, 30[", Private,191910,High School,9,Never-married,Other, Own-child,*,Male,0,0,40,North America,<=50K
30790,"[20, 30[", Private,145119,Undergraduate,10,Never-married,Other, Own-child,*,Male,0,0,20,North America,<=50K
30791,"[20, 30[", Private,130840,High School,6,Never-married,Nontechnical, Own-child,*,Male,0,0,40,North America,<=50K
30792,"[40, 50[", Private,33126,Professional Education,12,Married-civ-spouse,Nontechnical, Husband,*,Male,0,0,60,North America,>50K
30793,"[20, 30[", Private,334105,Undergraduate,10,Never-married,Other, Own-child,*,Female,0,0,10,North America,<=50K
30794,"[10, 20[", Local-gov,354104,High School,9,Never-married,Other, Own-child,*,Male,0,0,35,North America,<=50K
30795,"[30, 40[", Private,111985,High School,9,Married-civ-spouse,Technical, Husband,*,Male,0,0,45,North America,<=50K
30796,"[40, 50[", Local-gov,321187,Undergraduate,13,Never-married,Technical, Unmarried,*,Female,0,0,45,North America,<=50K
30797,"[30, 40[", Private,138142,Undergraduate,10,Separated,Other, Unmarried,*,Female,0,0,25,North America,<=50K
30798,"[30, 40[", Private,296999,Undergraduate,10,Divorced,Technical, Not-in-family,*,Female,0,0,37,North America,<=50K
30799,"[40, 50[", Private,155106,Professional Education,12,Divorced,Technical, Not-in-family,*,Male,0,2444,70,North America,>50K
30800,"[40, 50[", Local-gov,174491,High School,9,Separated,Other, Unmarried,*,Female,0,0,40,North America,<=50K
30801,"[30, 40[", State-gov,173266,High School,9,Married-civ-spouse,Technical, Husband,*,Male,0,0,40,North America,>50K
30803,"[40, 50[", Private,187563,High School,9,Married-civ-spouse,Technical, Husband,*,Male,0,0,40,North America,<=50K
30806,"[20, 30[", Private,715938,Undergraduate,13,Never-married,Technical, Own-child,*,Male,0,0,40,North America,<=50K
30807,"[60, 70[", Self-emp-not-inc,224520,High School,9,Married-civ-spouse,Nontechnical, Husband,*,Male,0,0,90,North America,>50K
30808,"[20, 30[", Private,229656,High School,9,Divorced,Other, Unmarried,*,Female,0,0,50,North America,<=50K
30809,"[40, 50[", Private,97883,Undergraduate,10,Divorced,Other, Not-in-family,*,Female,0,0,40,North America,<=50K
30810,"[20, 30[", Private,131298,High School,9,Never-married,Other, Not-in-family,*,Male,0,0,60,North America,<=50K
30811,"[50, 60[", Federal-gov,197875,High School,9,Divorced,Other, Not-in-family,*,Female,0,0,40,North America,<=50K
30812,"[20, 30[", Private,172766,Undergraduate,10,Never-married,Nontechnical, Own-child,*,Female,0,0,40,North America,<=50K
30813,"[20, 30[", Local-gov,175796,Professional Education,12,Never-married,Other, Not-in-family,*,Female,0,0,40,North America,<=50K
30814,"[20, 30[", Private,51973,Undergraduate,13,Never-married,Other, Not-in-family,*,Female,0,0,45,North America,<=50K
30815,"[50, 60[", Self-emp-not-inc,28186,Undergraduate,13,Divorced,Other, Not-in-family,*,Male,27828,0,50,North America,>50K
30816,"[20, 30[", Private,291979,High School,7,Separated,Technical, Not-in-family,*,Male,0,0,40,North America,<=50K
30817,"[30, 40[", State-gov,180752,Undergraduate,13,Never-married,Other, Unmarried,*,Female,0,0,40,North America,<=50K
30818,"[50, 60[", Private,234657,Undergraduate,10,Divorced,Other, Unmarried,*,Female,0,0,40,North America,<=50K
30819,"[10, 20[", Private,39411,High School,7,Never-married,Nontechnical, Own-child,*,Male,0,0,24,North America,<=50K
30820,"[50, 60[", State-gov,334273,Professional Education,12,Married-civ-spouse,Nontechnical, Husband,*,Male,0,0,40,North America,>50K
30821,"[40, 50[", Private,192779,High School,4,Married-civ-spouse,Other, Husband,*,Male,0,0,40,Unknown,<=50K
30822,"[20, 30[", ?,105312,High School,9,Never-married,Other, Not-in-family,*,Female,0,0,20,North America,<=50K
30823,"[30, 40[", Private,171676,Undergraduate,13,Never-married,Nontechnical, Not-in-family,*,Female,0,1741,40,North America,<=50K
30824,"[30, 40[", Self-emp-not-inc,182714,Undergraduate,13,Never-married,Technical, Not-in-family,*,Female,0,0,55,North America,>50K
30825,"[20, 30[", Private,231866,Professional Education,11,Never-married,Technical, Own-child,*,Male,0,0,40,North America,<=50K
30826,"[40, 50[", Private,102102,High School,9,Never-married,Nontechnical, Not-in-family,*,Male,0,0,40,North America,<=50K
30827,"[50, 60[", ?,50248,Undergraduate,10,Married-civ-spouse,Other, Husband,*,Male,0,0,40,North America,<=50K
30829,"[20, 30[", State-gov,34310,Undergraduate,10,Never-married,Other, Own-child,*,Male,0,0,25,North America,<=50K
30830,"[30, 40[", ?,314913,High School,7,Divorced,Other, Own-child,*,Male,0,0,53,North America,<=50K
30831,"[30, 40[", State-gov,747719,Professional Education,15,Married-civ-spouse,Technical, Wife,*,Female,15024,0,50,North America,>50K
30832,"[40, 50[", Local-gov,188280,Graduate,14,Divorced,Technical, Unmarried,*,Female,914,0,40,North America,<=50K
30834,"[10, 20[", Private,79682,High School,6,Never-married,Other, Other-relative,*,Male,0,0,30,North America,<=50K
30835,"[40, 50[", Private,294671,Professional Education,11,Married-civ-spouse,Technical, Husband,*,Male,4386,0,38,North America,>50K
30836,"[30, 40[", Private,340899,Professional Education,15,Never-married,Technical, Not-in-family,*,Male,0,1590,80,North America,<=50K
30837,"[40, 50[", Private,192259,Graduate,14,Never-married,Technical, Not-in-family,*,Male,0,0,35,North America,<=50K
30838,"[30, 40[", Local-gov,190228,Graduate,14,Never-married,Nontechnical, Not-in-family,*,Male,0,0,45,North America,<=50K
30839,"[40, 50[", Private,118947,Undergraduate,13,Married-civ-spouse,Nontechnical, Husband,*,Male,0,0,40,North America,>50K
30840,"[50, 60[", Private,55861,High School,9,Married-civ-spouse,Technical, Husband,*,Male,0,0,40,North America,>50K
30841,"[30, 40[", Private,238433,Primary School,2,Married-civ-spouse,Other, Husband,*,Male,0,0,40,North America,<=50K
30842,"[30, 40[", State-gov,166744,High School,9,Married-spouse-absent,Other, Unmarried,*,Female,0,0,20,North America,<=50K
30843,"[50, 60[", Private,144586,Undergraduate,10,Married-civ-spouse,Nontechnical, Wife,*,Female,0,0,40,North America,>50K
30844,"[30, 40[", Private,134367,High School,9,Divorced,Other, Own-child,*,Female,0,0,30,North America,<=50K
30845,"[40, 50[", Private,133616,Undergraduate,10,Divorced,Other, Unmarried,*,Female,0,0,40,North America,<=50K
30846,"[40, 50[", Private,203039,Undergraduate,13,Married-civ-spouse,Nontechnical, Husband,*,Male,0,0,48,North America,<=50K
30847,"[30, 40[", Private,217460,High School,5,Married-civ-spouse,Other, Husband,*,Male,0,0,50,North America,<=50K
30848,"[10, 20[", Private,106733,High School,7,Never-married,Technical, Own-child,*,Male,594,0,40,North America,<=50K
30849,"[40, 50[", State-gov,212027,Undergraduate,13,Divorced,Technical, Not-in-family,*,Male,0,0,40,North America,<=50K
30850,"[30, 40[", Local-gov,126569,High School,9,Never-married,Technical, Not-in-family,*,Male,0,0,40,North America,<=50K
30851,"[20, 30[", Private,289960,High School,9,Married-civ-spouse,Technical, Husband,*,Male,0,0,48,North America,<=50K
30852,"[50, 60[", Private,174102,Undergraduate,13,Married-civ-spouse,Nontechnical, Husband,*,Male,0,0,40,North America,>50K
30853,"[30, 40[", Private,181716,High School,8,Married-civ-spouse,Technical, Husband,*,Male,0,0,48,North America,<=50K
30854,"[40, 50[", Local-gov,172822,High School,9,Married-civ-spouse,Other, Husband,*,Male,0,0,40,North America,<=50K
30855,"[20, 30[", Private,293091,High School,9,Married-civ-spouse,Nontechnical, Husband,*,Male,0,0,40,North America,<=50K
30857,"[50, 60[", Private,95283,Primary School,2,Married-civ-spouse,Technical, Husband,*,Male,0,0,40,North America,<=50K
30858,"[30, 40[", Private,65278,Undergraduate,13,Married-civ-spouse,Nontechnical, Husband,*,Male,0,0,40,North America,>50K
30859,"[30, 40[", Private,220943,High School,9,Divorced,Other, Unmarried,*,Female,0,1594,40,North America,<=50K
30860,"[50, 60[", Private,257940,High School,9,Married-civ-spouse,Technical, Husband,*,Male,2829,0,40,North America,<=50K
30861,"[20, 30[", Private,134945,High School,9,Never-married,Technical, Other-relative,*,Male,0,0,40,North America,<=50K
30862,"[50, 60[", Self-emp-not-inc,105582,Graduate,14,Married-civ-spouse,Nontechnical, Husband,*,Male,2228,0,50,North America,<=50K
30863,"[40, 50[", Private,169324,High School,9,Separated,Other, Not-in-family,*,Female,0,0,45,North America,<=50K
30864,"[40, 50[", State-gov,98989,Undergraduate,13,Married-civ-spouse,Technical, Husband,*,Male,0,0,38,North America,>50K
30866,"[20, 30[", Private,143436,Undergraduate,10,Never-married,Nontechnical, Own-child,*,Male,0,0,24,North America,<=50K
30867,"[30, 40[", Private,143604,High School,6,Married-spouse-absent,Other, Not-in-family,*,Female,0,0,37,North America,<=50K
30868,"[30, 40[", Private,226311,Undergraduate,13,Never-married,Nontechnical, Not-in-family,*,Female,0,0,40,North America,<=50K
30869,"[60, 70[", Private,94610,Graduate,14,Married-civ-spouse,Nontechnical, Husband,*,Male,0,0,30,North America,>50K
30870,"[50, 60[", Self-emp-not-inc,26716,Undergraduate,13,Married-civ-spouse,Nontechnical, Husband,*,Male,0,0,20,North America,>50K
30873,"[50, 60[", Private,154342,High School,9,Married-civ-spouse,Technical, Husband,*,Male,0,0,48,North America,>50K
30874,"[30, 40[", Self-emp-not-inc,89202,Undergraduate,10,Divorced,Technical, Not-in-family,*,Male,0,0,40,North America,<=50K
30875,"[30, 40[", Private,174704,High School,9,Divorced,Nontechnical, Unmarried,*,Male,0,0,50,North America,<=50K
30877,"[20, 30[", Private,360097,High School,9,Never-married,Nontechnical, Not-in-family,*,Male,0,0,40,North America,<=50K
30878,"[30, 40[", Private,230356,Undergraduate,13,Never-married,Other, Not-in-family,*,Female,0,0,40,North America,<=50K
30879,"[20, 30[", Private,163870,High School,9,Never-married,Technical, Own-child,*,Male,0,0,40,North America,<=50K
30880,"[30, 40[", Private,199753,Undergraduate,10,Married-civ-spouse,Technical, Husband,*,Male,0,0,35,North America,>50K
30882,"[60, 70[", Local-gov,149281,High School,9,Married-civ-spouse,Other, Husband,*,Male,0,0,40,North America,<=50K
30883,"[50, 60[", Private,138514,Professional Education,11,Divorced,Technical, Unmarried,*,Female,0,0,48,North America,<=50K
30884,"[50, 60[", Federal-gov,66504,Professional Education,15,Divorced,Technical, Not-in-family,*,Female,0,0,50,North America,>50K
30885,"[50, 60[", Private,206487,Undergraduate,10,Married-civ-spouse,Technical, Husband,*,Male,0,0,40,North America,>50K
30886,"[30, 40[", Private,170020,High School,9,Married-civ-spouse,Technical, Husband,*,Male,0,0,40,North America,<=50K
30887,"[30, 40[", Private,217605,High School,9,Married-civ-spouse,Nontechnical, Wife,*,Female,0,0,40,North America,<=50K
30888,"[40, 50[", Private,145711,Undergraduate,10,Married-civ-spouse,Nontechnical, Husband,*,Male,0,0,72,North America,>50K
30889,"[10, 20[", Private,169155,High School,8,Never-married,Other, Own-child,*,Male,0,0,35,North America,<=50K
30890,"[40, 50[", Private,34127,Undergraduate,13,Married-civ-spouse,Technical, Husband,*,Male,0,0,50,North America,>50K
30891,"[10, 20[", Private,110142,High School,9,Never-married,Nontechnical, Own-child,*,Female,0,0,40,North America,<=50K
30893,"[10, 20[", Private,182643,Undergraduate,10,Never-married,Nontechnical, Own-child,*,Male,0,0,9,North America,<=50K
30895,"[30, 40[", Private,140092,High School,9,Never-married,Technical, Not-in-family,*,Male,0,0,40,North America,<=50K
30896,"[10, 20[", Private,178811,High School,9,Never-married,Technical, Own-child,*,Female,0,0,20,North America,<=50K
30897,"[10, 20[", ?,267399,High School,8,Never-married,Other, Own-child,*,Female,0,0,12,North America,<=50K
30898,"[10, 20[", Local-gov,192387,High School,5,Never-married,Other, Own-child,*,Male,0,0,45,North America,<=50K
30899,"[30, 40[", Federal-gov,127610,Undergraduate,13,Never-married,Other, Not-in-family,*,Female,0,0,35,North America,<=50K
30900,"[20, 30[", Private,258862,Undergraduate,13,Never-married,Technical, Not-in-family,*,Female,0,0,45,North America,<=50K
30901,"[30, 40[", Private,225231,Undergraduate,10,Divorced,Nontechnical, Not-in-family,*,Male,8614,0,50,North America,>50K
30903,"[50, 60[", State-gov,238187,Undergraduate,13,Divorced,Other, Not-in-family,*,Female,0,0,37,North America,<=50K
30904,"[20, 30[", Private,191444,High School,9,Never-married,Nontechnical, Other-relative,*,Male,0,0,40,North America,<=50K
30905,"[20, 30[", Private,198822,High School,9,Never-married,Other, Own-child,*,Female,0,0,35,North America,<=50K
30906,"[30, 40[", Self-emp-not-inc,251323,High School,5,Married-civ-spouse,Other, Other-relative,*,Male,0,0,40,North America,<=50K
30907,"[20, 30[", Private,168187,Undergraduate,10,Never-married,Other, Other-relative,*,Female,4416,0,25,North America,<=50K
30909,"[30, 40[", Private,198183,Undergraduate,10,Divorced,Nontechnical, Not-in-family,*,Female,0,0,38,North America,<=50K
30910,"[30, 40[", Private,210610,Professional Education,12,Married-civ-spouse,Technical, Husband,*,Male,0,0,40,North America,>50K
30911,"[30, 40[", Private,269182,Undergraduate,10,Separated,Technical, Unmarried,*,Female,3887,0,40,North America,<=50K
30912,"[50, 60[", Private,141727,Undergraduate,13,Married-civ-spouse,Other, Wife,*,Female,3464,0,40,North America,<=50K
30913,"[30, 40[", Private,185848,Graduate,14,Married-civ-spouse,Nontechnical, Husband,*,Male,99999,0,70,North America,>50K
30914,"[30, 40[", Private,46746,High School,7,Never-married,Other, Not-in-family,*,Male,0,0,30,North America,<=50K
30915,"[20, 30[", Private,120475,High School,9,Never-married,Other, Own-child,*,Male,0,0,20,North America,<=50K
30916,"[20, 30[", Private,135845,Undergraduate,10,Never-married,Nontechnical, Not-in-family,*,Female,0,0,37,North America,<=50K
30917,"[40, 50[", Private,310255,High School,9,Married-civ-spouse,Nontechnical, Husband,*,Male,0,0,40,North America,<=50K
30918,"[60, 70[", State-gov,379885,Graduate,16,Married-civ-spouse,Technical, Husband,*,Male,0,1902,40,North America,>50K
30919,"[70, 80[", Self-emp-not-inc,31428,High School,9,Married-civ-spouse,Other, Husband,*,Male,3456,0,40,North America,<=50K
30920,"[20, 30[", Private,211013,Professional Education,11,Married-civ-spouse,Other, Other-relative,*,Female,0,0,50,North America,<=50K
30921,"[50, 60[", Private,175029,High School,9,Married-civ-spouse,Nontechnical, Husband,*,Male,0,0,40,North America,>50K
30922,"[40, 50[", Self-emp-inc,119539,Undergraduate,10,Married-civ-spouse,Nontechnical, Husband,*,Male,0,0,60,Unknown,>50K
30923,"[20, 30[", Private,247025,High School,9,Married-civ-spouse,Other, Husband,*,Male,0,0,65,North America,<=50K
30924,"[30, 40[", Private,252327,High School,4,Never-married,Other, Own-child,*,Male,0,0,40,North America,<=50K
30925,"[20, 30[", Self-emp-not-inc,375313,Undergraduate,10,Never-married,Technical, Not-in-family,*,Male,0,0,40,North America,<=50K
30926,"[50, 60[", Private,107165,High School,9,Married-civ-spouse,Nontechnical, Husband,*,Male,0,0,18,North America,<=50K
30927,"[10, 20[", Private,108470,High School,7,Never-married,Other, Own-child,*,Male,0,0,17,North America,<=50K
30928,"[30, 40[", Private,150057,High School,9,Married-civ-spouse,Technical, Husband,*,Male,0,0,52,North America,>50K
30929,"[20, 30[", Private,189468,Professional Education,11,Married-civ-spouse,Technical, Own-child,*,Female,0,0,30,North America,<=50K
30930,"[20, 30[", ?,198393,High School,9,Never-married,Other, Not-in-family,*,Female,0,0,40,North America,<=50K
30931,"[50, 60[", Self-emp-not-inc,181031,High School,9,Married-civ-spouse,Other, Husband,*,Male,0,0,60,North America,<=50K
30932,"[40, 50[", Local-gov,569930,Undergraduate,13,Married-civ-spouse,Other, Husband,*,Male,0,0,45,North America,>50K
30933,"[20, 30[", Private,27411,Undergraduate,13,Divorced,Nontechnical, Not-in-family,*,Female,0,0,40,North America,<=50K
30934,"[20, 30[", Private,147397,Undergraduate,13,Never-married,Other, Not-in-family,*,Male,0,0,20,North America,<=50K
30935,"[30, 40[", Private,242922,High School,9,Married-civ-spouse,Technical, Husband,*,Male,0,0,40,North America,<=50K
30936,"[50, 60[", Private,154949,High School,7,Married-civ-spouse,Other, Wife,*,Female,0,0,40,North America,>50K
30937,"[40, 50[", Self-emp-inc,423217,Undergraduate,13,Divorced,Nontechnical, Not-in-family,*,Male,0,0,50,North America,<=50K
30938,"[40, 50[", Federal-gov,195385,High School,9,Married-civ-spouse,Nontechnical, Husband,*,Male,0,0,40,North America,<=50K
30939,"[10, 20[", Private,100009,High School,9,Never-married,Technical, Not-in-family,*,Female,0,0,40,North America,<=50K
30940,"[30, 40[", Private,191628,Undergraduate,10,Married-civ-spouse,Technical, Husband,*,Male,0,0,40,North America,<=50K
30943,"[30, 40[", Private,48010,Undergraduate,10,Divorced,Nontechnical, Unmarried,*,Female,0,0,40,North America,<=50K
30944,"[30, 40[", Private,229051,Undergraduate,10,Never-married,Technical, Not-in-family,*,Male,0,0,52,North America,<=50K
30945,"[40, 50[", Private,193366,Graduate,14,Married-civ-spouse,Nontechnical, Husband,*,Male,0,0,65,North America,>50K
30946,"[30, 40[", Private,57781,High School,9,Divorced,Other, Unmarried,*,Female,0,0,50,North America,<=50K
30947,"[60, 70[", ?,121136,High School,9,Married-civ-spouse,Other, Husband,*,Male,0,0,13,North America,<=50K
30948,"[40, 50[", Private,433989,Professional Education,11,Married-civ-spouse,Nontechnical, Husband,*,Male,4386,0,60,North America,>50K
30950,"[40, 50[", State-gov,154117,High School,9,Divorced,Nontechnical, Unmarried,*,Female,0,0,38,North America,>50K
30951,"[60, 70[", Private,294009,Undergraduate,13,Married-civ-spouse,Technical, Husband,*,Male,15024,0,45,North America,>50K
30952,"[70, 80[", Private,239038,Undergraduate,10,Married-civ-spouse,Other, Husband,*,Male,0,0,16,North America,<=50K
30953,"[30, 40[", Private,244064,High School,9,Never-married,Technical, Unmarried,*,Male,0,0,40,North America,<=50K
30954,"[60, 70[", Private,128348,Undergraduate,13,Married-civ-spouse,Nontechnical, Husband,*,Male,9386,0,50,North America,>50K
30955,"[30, 40[", Private,66278,Graduate,14,Never-married,Technical, Not-in-family,*,Female,0,0,40,North America,<=50K
30956,"[40, 50[", Private,162643,High School,9,Never-married,Other, Not-in-family,*,Female,0,0,43,North America,<=50K
30957,"[40, 50[", Private,179659,Undergraduate,13,Married-civ-spouse,Technical, Husband,*,Male,3103,0,40,North America,>50K
30958,"[10, 20[", Private,205218,High School,7,Never-married,Nontechnical, Own-child,*,Female,0,0,20,North America,<=50K
30959,"[40, 50[", Private,154033,High School,9,Divorced,Nontechnical, Not-in-family,*,Female,0,0,52,North America,<=50K
30960,"[40, 50[", Private,158528,High School,9,Married-civ-spouse,Technical, Husband,*,Male,0,0,40,North America,>50K
30961,"[20, 30[", Private,366219,High School,9,Married-civ-spouse,Technical, Husband,*,Male,0,1848,60,North America,>50K
30962,"[30, 40[", Private,301862,High School,9,Never-married,Technical, Unmarried,*,Male,0,0,50,North America,<=50K
30963,"[30, 40[", Private,228406,Undergraduate,10,Never-married,Other, Unmarried,*,Female,0,0,40,North America,<=50K
30964,"[40, 50[", Private,120131,High School,9,Married-civ-spouse,Other, Husband,*,Male,0,0,70,North America,>50K
30965,"[50, 60[", Local-gov,127943,High School,9,Widowed,Other, Unmarried,*,Female,0,0,40,North America,<=50K
30966,"[50, 60[", Private,301514,High School,9,Married-civ-spouse,Nontechnical, Husband,*,Male,0,0,40,North America,<=50K
30967,"[20, 30[", Private,156980,High School,9,Never-married,Technical, Own-child,*,Male,0,0,60,North America,<=50K
30968,"[20, 30[", Private,124685,Undergraduate,10,Married-civ-spouse,Nontechnical, Husband,*,Male,0,0,55,North America,<=50K
30969,"[50, 60[", Private,305673,Professional Education,11,Married-civ-spouse,Technical, Husband,*,Male,0,0,40,North America,>50K
30970,"[30, 40[", Local-gov,31391,High School,9,Married-civ-spouse,Other, Husband,*,Male,0,0,53,North America,>50K
30971,"[40, 50[", Local-gov,33658,Undergraduate,10,Married-civ-spouse,Other, Husband,*,Male,0,0,45,North America,>50K
30972,"[20, 30[", Private,211391,Undergraduate,10,Never-married,Other, Not-in-family,*,Female,0,0,27,North America,<=50K
30973,"[20, 30[", Private,402998,Undergraduate,13,Married-civ-spouse,Technical, Husband,*,Male,0,0,58,North America,>50K
30974,"[60, 70[", Private,78855,High School,9,Never-married,Other, Not-in-family,*,Female,0,0,40,North America,<=50K
30975,"[40, 50[", Private,320451,Graduate,16,Married-civ-spouse,Technical, Husband,*,Male,0,1977,45,Asia,>50K
30976,"[40, 50[", Private,49278,Professional Education,12,Divorced,Other, Unmarried,*,Female,0,0,40,North America,<=50K
30977,"[40, 50[", ?,248876,Undergraduate,13,Divorced,Other, Not-in-family,*,Male,0,0,50,North America,<=50K
30978,"[40, 50[", Private,242586,High School,9,Married-civ-spouse,Technical, Husband,*,Male,0,0,40,North America,<=50K
30979,"[40, 50[", Private,359696,Undergraduate,13,Married-civ-spouse,Other, Husband,*,Male,15024,0,60,North America,>50K
30980,"[50, 60[", Local-gov,296085,Professional Education,12,Married-civ-spouse,Technical, Husband,*,Male,0,0,40,North America,>50K
30981,"[40, 50[", Private,233130,Undergraduate,13,Divorced,Nontechnical, Not-in-family,*,Male,0,0,40,North America,>50K
30983,"[30, 40[", Private,124420,High School,7,Married-civ-spouse,Technical, Husband,*,Male,0,0,40,North America,<=50K
30985,"[50, 60[", Private,194908,High School,9,Married-civ-spouse,Other, Wife,*,Female,0,0,40,North America,<=50K
30986,"[30, 40[", Local-gov,94991,High School,9,Divorced,Other, Unmarried,*,Male,0,0,40,North America,<=50K
30987,"[10, 20[", Private,194561,Undergraduate,10,Never-married,Other, Own-child,*,Male,0,0,37,North America,<=50K
30988,"[60, 70[", Private,75726,High School,9,Divorced,Nontechnical, Not-in-family,*,Female,0,1092,40,North America,<=50K
30989,"[20, 30[", Private,60722,High School,9,Never-married,Nontechnical, Not-in-family,*,Female,0,0,40,North America,<=50K
30990,"[30, 40[", Private,59944,High School,9,Never-married,Other, Not-in-family,*,Male,0,0,40,North America,<=50K
30991,"[30, 40[", Private,220840,Primary School,3,Married-civ-spouse,Other, Husband,*,Male,0,0,40,North America,<=50K
30993,"[50, 60[", Private,142714,Undergraduate,10,Divorced,Other, Not-in-family,*,Female,0,0,38,North America,<=50K
30994,"[50, 60[", Local-gov,110490,Undergraduate,13,Married-civ-spouse,Technical, Wife,*,Female,0,0,60,North America,<=50K
30995,"[40, 50[", Self-emp-not-inc,154076,Professional Education,12,Married-civ-spouse,Nontechnical, Husband,*,Male,0,0,60,North America,<=50K
30996,"[20, 30[", State-gov,130557,Undergraduate,13,Never-married,Nontechnical, Not-in-family,*,Female,0,0,35,North America,<=50K
30997,"[20, 30[", Private,107108,Undergraduate,10,Married-civ-spouse,Other, Husband,*,Male,0,0,40,North America,<=50K
30998,"[30, 40[", Private,207172,Undergraduate,13,Married-civ-spouse,Other, Wife,*,Female,0,0,40,North America,<=50K
30999,"[20, 30[", Private,304595,Graduate,14,Never-married,Nontechnical, Not-in-family,*,Male,0,0,50,North America,>50K
31000,"[40, 50[", Private,475322,Undergraduate,10,Married-civ-spouse,Other, Husband,*,Male,0,0,50,North America,>50K
31001,"[60, 70[", Private,107620,High School,7,Widowed,Other, Not-in-family,*,Female,0,0,8,North America,<=50K
31004,"[20, 30[", Private,269786,High School,9,Married-civ-spouse,Other, Husband,*,Male,0,0,40,North America,<=50K
31005,"[30, 40[", Private,167474,High School,9,Married-civ-spouse,Nontechnical, Husband,*,Male,0,0,40,North America,<=50K
31006,"[60, 70[", Private,115023,Professional Education,11,Married-civ-spouse,Technical, Husband,*,Male,0,1887,60,North America,>50K
31008,"[40, 50[", State-gov,187087,Undergraduate,13,Married-civ-spouse,Nontechnical, Husband,*,Male,0,0,40,North America,>50K
31009,"[30, 40[", Private,184307,Undergraduate,10,Divorced,Technical, Not-in-family,*,Male,0,0,40,North America,<=50K
31010,"[10, 20[", Private,225859,Undergraduate,10,Never-married,Other, Own-child,*,Male,2907,0,30,North America,<=50K
31011,"[20, 30[", Private,57889,Undergraduate,13,Married-civ-spouse,Nontechnical, Husband,*,Male,0,0,45,North America,>50K
31012,"[50, 60[", Private,157932,High School,9,Married-civ-spouse,Technical, Husband,*,Male,0,0,40,North America,<=50K
31013,"[50, 60[", Private,187830,Graduate,14,Divorced,Nontechnical, Not-in-family,*,Male,0,0,62,North America,>50K
31014,"[40, 50[", Private,251180,High School,4,Married-civ-spouse,Other, Husband,*,Male,2407,0,50,North America,<=50K
31015,"[60, 70[", Private,317083,Undergraduate,13,Married-civ-spouse,Nontechnical, Husband,*,Male,0,0,45,North America,>50K
31016,"[30, 40[", Self-emp-not-inc,190895,Graduate,14,Married-civ-spouse,Nontechnical, Husband,*,Male,0,0,40,North America,>50K
31017,"[40, 50[", Federal-gov,328606,High School,9,Divorced,Nontechnical, Not-in-family,*,Male,0,0,40,North America,<=50K
31018,"[20, 30[", ?,403860,Undergraduate,10,Never-married,Other, Own-child,*,Male,0,0,40,North America,<=50K
31020,"[50, 60[", Private,157639,Undergraduate,10,Married-civ-spouse,Technical, Husband,*,Male,0,0,50,North America,<=50K
31021,"[20, 30[", Private,152129,High School,8,Never-married,Other, Unmarried,*,Male,0,0,40,North America,<=50K
31022,"[50, 60[", Private,239284,High School,9,Divorced,Other, Unmarried,*,Female,0,0,40,North America,<=50K
31023,"[20, 30[", Private,234302,High School,9,Never-married,Nontechnical, Not-in-family,*,Male,0,0,40,North America,<=50K
31024,"[50, 60[", Private,218724,High School,4,Married-civ-spouse,Other, Husband,*,Male,0,0,50,North America,<=50K
31025,"[60, 70[", Private,106330,High School,9,Married-civ-spouse,Technical, Husband,*,Male,0,0,40,North America,<=50K
31026,"[20, 30[", Private,35032,Undergraduate,10,Married-civ-spouse,Nontechnical, Husband,*,Male,0,0,60,North America,<=50K
31027,"[20, 30[", Private,234641,High School,9,Never-married,Other, Own-child,*,Male,0,0,40,North America,<=50K
31028,"[40, 50[", Private,170730,Undergraduate,13,Married-civ-spouse,Nontechnical, Husband,*,Male,0,1977,50,North America,>50K
31029,"[30, 40[", Private,218322,Undergraduate,10,Never-married,Other, Not-in-family,*,Male,0,0,30,North America,<=50K
31031,"[50, 60[", Private,142411,Professional Education,11,Divorced,Technical, Unmarried,*,Female,0,0,40,North America,<=50K
31032,"[20, 30[", ?,219122,Undergraduate,10,Never-married,Other, Own-child,*,Male,0,0,40,North America,<=50K
31033,"[50, 60[", Private,132887,High School,9,Married-civ-spouse,Other, Husband,*,Male,3411,0,40,North America,<=50K
31034,"[30, 40[", State-gov,44464,Graduate,16,Never-married,Technical, Not-in-family,*,Female,0,0,60,North America,<=50K
31035,"[20, 30[", Private,180928,Undergraduate,10,Married-civ-spouse,Nontechnical, Husband,*,Male,5013,0,55,North America,<=50K
31036,"[20, 30[", ?,199426,Undergraduate,10,Never-married,Other, Not-in-family,*,Female,0,0,40,North America,<=50K
31037,"[30, 40[", Private,139703,High School,9,Never-married,Other, Not-in-family,*,Female,0,0,40,North America,<=50K
31038,"[30, 40[", Private,202642,Undergraduate,13,Separated,Technical, Other-relative,*,Female,0,0,40,North America,<=50K
31039,"[10, 20[", Private,160049,High School,6,Never-married,Other, Own-child,*,Female,0,0,12,North America,<=50K
31040,"[30, 40[", Private,239755,High School,7,Divorced,Technical, Not-in-family,*,Male,0,0,40,North America,<=50K
31041,"[60, 70[", Private,152369,Professional Education,11,Married-civ-spouse,Technical, Husband,*,Male,0,0,60,North America,<=50K
31042,"[30, 40[", Private,42900,Undergraduate,13,Married-civ-spouse,Nontechnical, Husband,*,Male,0,0,50,North America,>50K
31043,"[70, 80[", ?,117017,High School,9,Married-civ-spouse,Other, Husband,*,Male,0,0,8,North America,<=50K
31045,"[30, 40[", Private,342642,High School,9,Divorced,Nontechnical, Not-in-family,*,Male,0,0,60,North America,<=50K
31046,"[50, 60[", Self-emp-not-inc,143730,Undergraduate,13,Married-civ-spouse,Other, Husband,*,Male,0,0,80,North America,<=50K
31047,"[40, 50[", Private,191098,Undergraduate,13,Married-civ-spouse,Technical, Husband,*,Male,0,0,40,Asia,<=50K
31048,"[30, 40[", Private,208106,Undergraduate,13,Separated,Nontechnical, Not-in-family,*,Male,0,0,35,North America,<=50K
31049,"[20, 30[", Private,167737,Undergraduate,10,Never-married,Nontechnical, Not-in-family,*,Male,0,0,48,North America,<=50K
31050,"[40, 50[", Private,315971,Undergraduate,13,Divorced,Nontechnical, Not-in-family,*,Female,0,0,45,North America,>50K
31051,"[40, 50[", Private,142717,Undergraduate,10,Divorced,Technical, Unmarried,*,Female,0,0,36,North America,<=50K
31052,"[20, 30[", Private,190227,Graduate,14,Never-married,Nontechnical, Own-child,*,Male,0,0,25,North America,<=50K
31054,"[50, 60[", Private,34067,Professional Education,11,Married-civ-spouse,Nontechnical, Husband,*,Male,0,0,50,North America,>50K
31055,"[50, 60[", Private,222882,High School,9,Widowed,Nontechnical, Unmarried,*,Female,0,0,45,North America,<=50K
31056,"[30, 40[", Private,44464,Undergraduate,13,Never-married,Nontechnical, Not-in-family,*,Female,0,1564,60,North America,>50K
31057,"[30, 40[", Private,256062,Undergraduate,10,Never-married,Other, Unmarried,*,Female,0,0,35,North America,<=50K
31058,"[20, 30[", Private,251073,High School,5,Never-married,Other, Own-child,*,Male,0,0,50,North America,<=50K
31059,"[40, 50[", Private,149949,Undergraduate,10,Married-civ-spouse,Technical, Husband,*,Male,0,0,40,North America,<=50K
31061,"[20, 30[", ?,243190,Undergraduate,10,Never-married,Other, Own-child,*,Male,0,0,40,Asia,<=50K
31062,"[50, 60[", ?,160662,High School,9,Married-civ-spouse,Other, Husband,*,Male,2407,0,60,North America,<=50K
31064,"[20, 30[", Private,212793,High School,9,Never-married,Technical, Not-in-family,*,Male,0,0,40,North America,<=50K
31065,"[50, 60[", Local-gov,153312,Professional Education,12,Married-civ-spouse,Other, Husband,*,Male,0,0,40,North America,>50K
31066,"[50, 60[", Local-gov,173296,Graduate,14,Divorced,Technical, Unmarried,*,Female,0,0,45,North America,<=50K
31067,"[40, 50[", Private,120131,Undergraduate,13,Married-civ-spouse,Nontechnical, Husband,*,Male,0,0,40,North America,>50K
31068,"[10, 20[", Private,117444,High School,9,Never-married,Technical, Own-child,*,Male,0,0,40,North America,<=50K
31069,"[20, 30[", Private,226196,High School,9,Never-married,Other, Own-child,*,Male,0,0,40,North America,<=50K
31070,"[40, 50[", Private,202872,Professional Education,12,Divorced,Technical, Not-in-family,*,Female,0,0,40,North America,>50K
31071,"[40, 50[", Private,176716,Graduate,14,Never-married,Nontechnical, Not-in-family,*,Male,0,0,40,North America,>50K
31072,"[30, 40[", Private,82540,Undergraduate,10,Married-civ-spouse,Nontechnical, Husband,*,Male,0,0,60,North America,<=50K
31073,"[10, 20[", ?,41643,High School,7,Never-married,Other, Own-child,*,Female,0,0,15,North America,<=50K
31074,"[20, 30[", Private,197292,High School,9,Never-married,Other, Not-in-family,*,Female,0,0,50,North America,<=50K
31075,"[20, 30[", Private,76491,Graduate,14,Married-civ-spouse,Technical, Husband,*,Male,0,0,20,North America,<=50K
31076,"[50, 60[", Self-emp-inc,101094,Graduate,14,Married-civ-spouse,Nontechnical, Husband,*,Male,0,0,55,North America,<=50K
31077,"[40, 50[", Self-emp-not-inc,119944,Graduate,14,Married-civ-spouse,Nontechnical, Husband,*,Male,0,0,50,North America,>50K
31078,"[10, 20[", Private,141626,Undergraduate,10,Never-married,Technical, Own-child,*,Male,2176,0,20,North America,<=50K
31079,"[20, 30[", Private,122575,Undergraduate,13,Never-married,Nontechnical, Unmarried,*,Male,0,0,60,Asia,<=50K
31080,"[30, 40[", Private,194740,Undergraduate,13,Married-civ-spouse,Nontechnical, Husband,*,Male,0,1902,40,North America,>50K
31082,"[40, 50[", Local-gov,140644,Undergraduate,10,Married-civ-spouse,Other, Husband,*,Male,0,0,40,North America,>50K
31083,"[50, 60[", Private,202115,High School,9,Married-civ-spouse,Other, Wife,*,Female,0,0,25,North America,<=50K
31084,"[20, 30[", Federal-gov,27142,Undergraduate,10,Married-civ-spouse,Nontechnical, Husband,*,Male,0,0,40,North America,>50K
31085,"[40, 50[", Local-gov,318046,High School,7,Married-civ-spouse,Other, Husband,*,Male,0,0,40,North America,<=50K
31086,"[50, 60[", Private,276369,High School,9,Married-civ-spouse,Nontechnical, Husband,*,Male,0,0,45,North America,<=50K
31087,"[30, 40[", Private,67187,High School,9,Never-married,Nontechnical, Own-child,*,Female,0,0,8,North America,<=50K
31088,"[20, 30[", Private,133582,Primary School,2,Never-married,Other, Not-in-family,*,Male,0,0,36,North America,<=50K
31090,"[30, 40[", Private,45796,Undergraduate,10,Married-civ-spouse,Other, Husband,*,Male,0,0,60,North America,<=50K
31091,"[20, 30[", Self-emp-inc,31778,High School,9,Separated,Technical, Other-relative,*,Male,0,0,25,North America,<=50K
31092,"[40, 50[", Private,190044,Professional Education,12,Married-civ-spouse,Other, Husband,*,Male,0,0,40,North America,<=50K
31093,"[40, 50[", State-gov,144351,Graduate,14,Married-civ-spouse,Technical, Husband,*,Male,0,0,40,North America,>50K
31094,"[10, 20[", ?,172145,High School,6,Never-married,Other, Own-child,*,Female,0,0,40,North America,<=50K
31095,"[50, 60[", Private,193130,Undergraduate,13,Married-civ-spouse,Technical, Husband,*,Male,0,0,40,North America,>50K
31096,"[50, 60[", Local-gov,140478,Graduate,14,Married-civ-spouse,Technical, Husband,*,Male,0,0,40,North America,>50K
31097,"[50, 60[", Private,122390,Professional Education,11,Married-civ-spouse,Nontechnical, Husband,*,Male,15024,0,40,North America,>50K
31098,"[20, 30[", Private,116830,High School,8,Never-married,Technical, Not-in-family,*,Male,0,0,50,North America,<=50K
31099,"[30, 40[", Local-gov,117683,High School,9,Married-civ-spouse,Other, Husband,*,Male,0,0,40,North America,<=50K
31100,"[20, 30[", Private,106491,High School,9,Married-civ-spouse,Technical, Husband,*,Male,0,0,48,North America,<=50K
31101,"[20, 30[", ?,39803,Undergraduate,10,Never-married,Other, Own-child,*,Male,0,0,40,North America,<=50K
31102,"[20, 30[", Private,363053,High School,5,Never-married,Other, Unmarried,*,Female,0,0,24,North America,<=50K
31103,"[20, 30[", Private,54472,High School,9,Never-married,Other, Unmarried,*,Female,0,0,40,North America,<=50K
31104,"[40, 50[", Local-gov,200471,High School,9,Married-civ-spouse,Other, Husband,*,Male,5178,0,40,North America,>50K
31105,"[30, 40[", Private,54317,Undergraduate,10,Married-civ-spouse,Technical, Husband,*,Male,0,0,60,North America,<=50K
31106,"[60, 70[", Local-gov,113443,Graduate,14,Divorced,Technical, Not-in-family,*,Female,10520,0,33,North America,>50K
31107,"[20, 30[", Private,159623,Undergraduate,10,Married-civ-spouse,Nontechnical, Husband,*,Male,0,0,40,North America,<=50K
31108,"[20, 30[", ?,161235,Professional Education,11,Never-married,Other, Own-child,*,Male,0,0,90,North America,<=50K
31109,"[20, 30[", Private,247978,High School,9,Never-married,Other, Own-child,*,Female,0,0,40,North America,<=50K
31110,"[40, 50[", Private,305846,Undergraduate,10,Married-civ-spouse,Other, Wife,*,Female,0,0,40,North America,>50K
31111,"[20, 30[", Self-emp-not-inc,214014,Undergraduate,10,Never-married,Nontechnical, Own-child,*,Male,99999,0,55,North America,>50K
31112,"[30, 40[", Private,226525,High School,9,Divorced,Nontechnical, Not-in-family,*,Male,0,0,60,North America,<=50K
31113,"[20, 30[", Private,247819,Professional Education,11,Married-civ-spouse,Technical, Wife,*,Female,0,0,5,North America,<=50K
31114,"[20, 30[", Private,194940,High School,9,Married-civ-spouse,Technical, Husband,*,Male,0,0,40,North America,<=50K
31115,"[20, 30[", Private,289991,High School,9,Never-married,Other, Unmarried,*,Male,0,0,55,North America,<=50K
31116,"[40, 50[", Private,585361,High School,5,Divorced,Nontechnical, Unmarried,*,Female,0,0,40,North America,<=50K
31117,"[30, 40[", Private,91145,High School,9,Married-civ-spouse,Technical, Husband,*,Male,0,0,40,North America,<=50K
31119,"[20, 30[", Private,273269,Undergraduate,10,Never-married,Technical, Not-in-family,*,Male,0,0,40,North America,<=50K
31120,"[30, 40[", Private,202683,Undergraduate,13,Married-civ-spouse,Other, Husband,*,Male,0,0,40,North America,<=50K
31121,"[30, 40[", Private,159179,Undergraduate,10,Never-married,Nontechnical, Not-in-family,*,Male,0,0,40,North America,<=50K
31122,"[50, 60[", Private,28952,Undergraduate,10,Married-civ-spouse,Nontechnical, Wife,*,Female,0,0,39,North America,<=50K
31123,"[20, 30[", ?,214925,High School,6,Never-married,Other, Own-child,*,Male,0,0,40,North America,<=50K
31124,"[60, 70[", Private,163708,High School,5,Widowed,Other, Not-in-family,*,Female,0,0,20,North America,<=50K
31125,"[50, 60[", Private,200235,Professional Education,11,Married-civ-spouse,Technical, Husband,*,Male,0,0,48,North America,>50K
31126,"[40, 50[", Private,109209,Undergraduate,10,Married-civ-spouse,Other, Husband,*,Male,0,0,40,North America,>50K
31127,"[10, 20[", Private,166153,Undergraduate,10,Never-married,Other, Own-child,*,Female,0,0,30,North America,<=50K
31129,"[30, 40[", Private,69056,High School,9,Divorced,Other, Own-child,*,Female,0,0,15,North America,<=50K
31130,"[50, 60[", State-gov,237141,Graduate,14,Married-civ-spouse,Nontechnical, Husband,*,Male,0,0,40,North America,>50K
31131,"[10, 20[", Private,277541,High School,7,Never-married,Nontechnical, Own-child,*,Male,0,0,5,North America,<=50K
31132,"[20, 30[", Local-gov,289039,Undergraduate,10,Never-married,Other, Unmarried,*,Female,0,0,40,North America,<=50K
31133,"[30, 40[", Private,134737,Undergraduate,10,Never-married,Other, Own-child,*,Male,0,0,45,North America,<=50K
31134,"[10, 20[", Private,56613,Undergraduate,10,Never-married,Other, Own-child,*,Female,0,0,20,North America,<=50K
31135,"[40, 50[", Private,36699,Undergraduate,10,Divorced,Nontechnical, Not-in-family,*,Male,4650,0,40,North America,<=50K
31136,"[40, 50[", Local-gov,333530,Graduate,14,Married-civ-spouse,Technical, Wife,*,Female,0,0,40,North America,>50K
31137,"[30, 40[", Private,185366,Undergraduate,13,Never-married,Nontechnical, Not-in-family,*,Male,0,0,50,North America,<=50K
31138,"[20, 30[", Private,154017,High School,9,Never-married,Nontechnical, Not-in-family,*,Female,0,0,10,North America,<=50K
31139,"[20, 30[", Private,215504,Undergraduate,13,Married-civ-spouse,Nontechnical, Husband,*,Male,0,1848,55,North America,>50K
31140,"[20, 30[", Private,222539,High School,6,Never-married,Other, Not-in-family,*,Male,2597,0,50,North America,<=50K
31142,"[50, 60[", Private,111939,Undergraduate,13,Married-civ-spouse,Other, Husband,*,Male,0,0,35,North America,<=50K
31143,"[20, 30[", State-gov,53903,High School,9,Never-married,Technical, Unmarried,*,Male,0,0,50,North America,<=50K
31144,"[40, 50[", Private,146659,Undergraduate,13,Married-civ-spouse,Technical, Husband,*,Male,0,0,70,North America,<=50K
31145,"[20, 30[", Private,194200,High School,9,Married-civ-spouse,Nontechnical, Husband,*,Male,0,0,70,North America,<=50K
31147,"[20, 30[", Private,194829,Undergraduate,13,Never-married,Nontechnical, Not-in-family,*,Male,0,0,30,North America,<=50K
31148,"[40, 50[", Federal-gov,330174,Professional Education,15,Married-civ-spouse,Technical, Husband,*,Male,7688,0,40,North America,>50K
31149,"[50, 60[", Self-emp-inc,230767,Undergraduate,13,Married-civ-spouse,Nontechnical, Husband,*,Male,0,1902,60,North America,>50K
31151,"[40, 50[", Private,254478,Undergraduate,10,Married-civ-spouse,Technical, Husband,*,Male,7298,0,50,North America,>50K
31152,"[50, 60[", Private,300908,Professional Education,12,Divorced,Technical, Not-in-family,*,Male,0,0,75,North America,<=50K
31154,"[20, 30[", Private,201138,Undergraduate,10,Never-married,Other, Not-in-family,*,Female,0,0,8,North America,<=50K
31155,"[30, 40[", Self-emp-not-inc,44503,Undergraduate,10,Married-civ-spouse,Technical, Husband,*,Male,0,0,40,North America,<=50K
31156,"[20, 30[", Private,381357,High School,5,Never-married,Nontechnical, Own-child,*,Male,0,0,28,North America,<=50K
31157,"[20, 30[", Private,311124,Professional Education,15,Never-married,Technical, Not-in-family,*,Female,0,0,20,North America,<=50K
31158,"[30, 40[", Private,96330,Undergraduate,10,Never-married,Nontechnical, Unmarried,*,Female,0,0,40,North America,<=50K
31159,"[50, 60[", Private,228238,High School,9,Married-civ-spouse,Technical, Husband,*,Male,0,0,40,North America,>50K
31160,"[30, 40[", Self-emp-not-inc,56964,High School,9,Married-civ-spouse,Other, Husband,*,Male,0,0,35,North America,<=50K
31161,"[30, 40[", Private,127772,Undergraduate,13,Married-civ-spouse,Nontechnical, Husband,*,Male,0,0,50,North America,>50K
31162,"[50, 60[", Private,386397,Undergraduate,13,Married-civ-spouse,Nontechnical, Husband,*,Male,0,0,45,North America,>50K
31163,"[20, 30[", Self-emp-not-inc,404998,Professional Education,11,Married-civ-spouse,Other, Husband,*,Male,0,0,90,North America,<=50K
31164,"[40, 50[", Private,34545,Undergraduate,10,Married-civ-spouse,Nontechnical, Husband,*,Male,0,1887,40,North America,>50K
31165,"[30, 40[", Private,157886,Undergraduate,10,Married-civ-spouse,Other, Wife,*,Female,0,0,40,North America,<=50K
31166,"[40, 50[", Private,101299,High School,9,Married-civ-spouse,Technical, Husband,*,Male,0,0,40,North America,<=50K
31167,"[50, 60[", Self-emp-not-inc,134447,High School,9,Married-civ-spouse,Technical, Husband,*,Male,0,0,70,North America,<=50K
31168,"[20, 30[", Private,191822,High School,9,Married-civ-spouse,Nontechnical, Wife,*,Female,0,0,50,North America,<=50K
31169,"[20, 30[", Private,70919,Undergraduate,13,Never-married,Nontechnical, Not-in-family,*,Male,0,0,40,North America,<=50K
31170,"[50, 60[", Private,266343,High School,9,Married-civ-spouse,Technical, Husband,*,Male,0,0,46,North America,<=50K
31171,"[20, 30[", Private,87239,Undergraduate,10,Married-civ-spouse,Nontechnical, Husband,*,Male,0,0,50,North America,>50K
31173,"[30, 40[", Private,224147,High School,9,Never-married,Other, Own-child,*,Male,0,0,40,North America,<=50K
31174,"[20, 30[", Private,197200,Undergraduate,13,Never-married,Technical, Own-child,*,Male,0,0,60,North America,<=50K
31175,"[10, 20[", Private,124265,High School,9,Never-married,Nontechnical, Own-child,*,Male,0,0,50,North America,<=50K
31176,"[20, 30[", Private,79980,Undergraduate,10,Never-married,Nontechnical, Own-child,*,Male,0,0,25,North America,<=50K
31177,"[50, 60[", Private,128814,High School,9,Divorced,Other, Unmarried,*,Female,0,0,25,North America,<=50K
31178,"[60, 70[", ?,208862,High School,9,Married-civ-spouse,Other, Husband,*,Male,0,0,50,North America,>50K
31179,"[20, 30[", Private,51262,High School,9,Never-married,Other, Own-child,*,Male,0,0,35,North America,<=50K
31182,"[40, 50[", Private,57534,Undergraduate,10,Married-civ-spouse,Technical, Husband,*,Male,0,0,40,North America,>50K
31183,"[20, 30[", Private,218962,High School,9,Never-married,Technical, Not-in-family,*,Male,0,0,40,North America,<=50K
31184,"[30, 40[", Private,204752,High School,9,Never-married,Other, Own-child,*,Male,0,0,40,North America,<=50K
31185,"[40, 50[", Private,243631,Graduate,16,Married-civ-spouse,Technical, Husband,*,Male,0,0,45,Asia,>50K
31186,"[40, 50[", Private,170299,Professional Education,11,Divorced,Technical, Unmarried,*,Female,0,0,43,North America,<=50K
31187,"[20, 30[", Private,60331,High School,9,Never-married,Technical, Own-child,*,Male,0,0,40,North America,<=50K
31188,"[30, 40[", Private,269318,Undergraduate,13,Married-civ-spouse,Other, Husband,*,Male,5178,0,50,North America,>50K
31189,"[60, 70[", State-gov,132819,Undergraduate,10,Married-civ-spouse,Other, Husband,*,Male,0,0,41,North America,>50K
31190,"[20, 30[", Private,119665,Undergraduate,10,Never-married,Technical, Own-child,*,Male,0,0,35,North America,<=50K
31191,"[30, 40[", Private,150057,Undergraduate,10,Never-married,Technical, Not-in-family,*,Male,0,0,45,North America,<=50K
31192,"[30, 40[", Private,128567,High School,9,Married-civ-spouse,Technical, Husband,*,Male,0,0,40,North America,<=50K
31193,"[10, 20[", ?,230874,Undergraduate,10,Never-married,Other, Own-child,*,Female,0,0,40,North America,<=50K
31194,"[50, 60[", Self-emp-not-inc,148526,Undergraduate,10,Married-civ-spouse,Nontechnical, Husband,*,Male,0,0,40,North America,<=50K
31195,"[30, 40[", Private,160192,High School,9,Never-married,Other, Not-in-family,*,Male,0,0,40,North America,<=50K
31197,"[60, 70[", Self-emp-inc,142494,High School,6,Married-civ-spouse,Technical, Husband,*,Male,0,0,40,North America,<=50K
31198,"[30, 40[", Private,122042,Graduate,14,Married-civ-spouse,Nontechnical, Husband,*,Male,0,0,45,North America,>50K
31199,"[20, 30[", Self-emp-inc,37088,Undergraduate,13,Never-married,Nontechnical, Not-in-family,*,Male,0,0,50,North America,<=50K
31200,"[30, 40[", Private,61778,Undergraduate,10,Married-civ-spouse,Technical, Husband,*,Male,0,0,60,North America,>50K
31201,"[20, 30[", ?,176356,Undergraduate,10,Never-married,Other, Own-child,*,Female,0,0,10,Europe,<=50K
31203,"[10, 20[", Private,89760,High School,8,Never-married,Other, Own-child,*,Female,0,0,20,North America,<=50K
31204,"[40, 50[", Local-gov,165304,Undergraduate,10,Married-civ-spouse,Nontechnical, Husband,*,Male,0,1485,40,North America,>50K
31205,"[50, 60[", Private,104945,High School,4,Married-civ-spouse,Other, Husband,*,Male,0,0,40,North America,<=50K
31206,"[50, 60[", Self-emp-inc,192973,Undergraduate,13,Married-civ-spouse,Other, Husband,*,Male,0,0,40,North America,>50K
31207,"[40, 50[", Private,97863,Undergraduate,13,Married-civ-spouse,Technical, Husband,*,Male,0,0,45,Europe,>50K
31208,"[30, 40[", Private,73585,Professional Education,11,Married-civ-spouse,Technical, Husband,*,Male,0,0,45,North America,<=50K
31209,"[30, 40[", Private,29145,Professional Education,11,Never-married,Other, Not-in-family,*,Male,0,0,40,North America,<=50K
31210,"[30, 40[", Private,175232,High School,9,Divorced,Nontechnical, Other-relative,*,Male,0,0,40,North America,<=50K
31211,"[30, 40[", Private,325374,Undergraduate,10,Married-civ-spouse,Technical, Husband,*,Male,0,0,40,North America,<=50K
31212,"[40, 50[", Self-emp-not-inc,107231,Professional Education,12,Married-civ-spouse,Technical, Husband,*,Male,0,1672,65,North America,<=50K
31213,"[20, 30[", Private,129345,Undergraduate,10,Never-married,Other, Not-in-family,*,Male,0,0,25,North America,<=50K
31214,"[20, 30[", Private,228395,Undergraduate,10,Never-married,Nontechnical, Other-relative,*,Female,0,0,20,North America,<=50K
31215,"[40, 50[", Private,452402,Undergraduate,10,Separated,Nontechnical, Unmarried,*,Female,0,0,60,North America,<=50K
31216,"[50, 60[", Self-emp-inc,338260,Professional Education,15,Married-civ-spouse,Technical, Husband,*,Male,15024,0,60,North America,>50K
31217,"[40, 50[", Private,165138,Professional Education,11,Married-civ-spouse,Technical, Husband,*,Male,0,0,40,North America,<=50K
31218,"[30, 40[", Private,109055,High School,9,Married-civ-spouse,Other, Husband,*,Male,3137,0,45,North America,<=50K
31219,"[20, 30[", Private,193122,High School,9,Married-civ-spouse,Technical, Husband,*,Male,0,0,40,North America,<=50K
31220,"[50, 60[", ?,425497,Professional Education,12,Married-civ-spouse,Other, Husband,*,Male,0,0,20,North America,<=50K
31221,"[40, 50[", Private,191858,Undergraduate,10,Married-civ-spouse,Technical, Husband,*,Male,0,0,40,North America,<=50K
31222,"[30, 40[", Private,297155,Undergraduate,10,Divorced,Other, Unmarried,*,Female,0,0,40,North America,<=50K
31223,"[20, 30[", Local-gov,181282,Undergraduate,13,Divorced,Technical, Not-in-family,*,Male,0,0,50,North America,<=50K
31225,"[10, 20[", Private,35065,High School,9,Never-married,Other, Not-in-family,*,Male,0,0,35,North America,<=50K
31226,"[30, 40[", Private,298539,High School,9,Married-civ-spouse,Nontechnical, Husband,*,Male,0,1902,55,North America,>50K
31227,"[50, 60[", Self-emp-not-inc,95435,High School,9,Married-civ-spouse,Nontechnical, Husband,*,Male,0,0,60,North America,>50K
31228,"[30, 40[", Private,162160,High School,9,Married-civ-spouse,Technical, Husband,*,Male,0,0,47,North America,<=50K
31230,"[30, 40[", Private,314007,High School,6,Married-civ-spouse,Technical, Husband,*,Male,0,2051,40,North America,<=50K
31231,"[40, 50[", Private,197683,Undergraduate,10,Married-civ-spouse,Nontechnical, Husband,*,Male,0,0,40,North America,>50K
31232,"[40, 50[", Private,242521,Undergraduate,13,Married-civ-spouse,Nontechnical, Husband,*,Male,7688,0,50,North America,>50K
31233,"[30, 40[", Private,290321,High School,6,Married-civ-spouse,Technical, Husband,*,Male,0,0,40,North America,<=50K
31234,"[20, 30[", Local-gov,44064,High School,7,Never-married,Nontechnical, Own-child,*,Male,0,0,35,North America,<=50K
31235,"[20, 30[", ?,174163,Undergraduate,10,Married-civ-spouse,Other, Wife,*,Female,0,0,40,North America,>50K
31236,"[40, 50[", Private,374790,High School,5,Divorced,Technical, Not-in-family,*,Male,0,0,40,North America,<=50K
31237,"[10, 20[", Private,231562,High School,9,Never-married,Nontechnical, Own-child,*,Female,0,0,33,North America,<=50K
31240,"[20, 30[", Self-emp-not-inc,120126,Undergraduate,10,Married-civ-spouse,Nontechnical, Husband,*,Male,0,0,40,North America,<=50K
31241,"[60, 70[", Self-emp-not-inc,33717,High School,7,Married-civ-spouse,Other, Husband,*,Male,0,0,50,North America,<=50K
31243,"[40, 50[", Private,304570,Undergraduate,13,Married-civ-spouse,Nontechnical, Husband,*,Male,0,0,60,Asia,>50K
31244,"[40, 50[", Private,100292,High School,9,Married-civ-spouse,Nontechnical, Husband,*,Male,0,0,52,North America,>50K
31245,"[60, 70[", Private,117473,Undergraduate,10,Married-civ-spouse,Technical, Husband,*,Male,4386,0,40,North America,>50K
31246,"[40, 50[", Private,239833,High School,9,Married-spouse-absent,Other, Unmarried,*,Male,0,0,50,North America,<=50K
31249,"[30, 40[", Private,347166,Undergraduate,10,Married-civ-spouse,Other, Husband,*,Male,0,0,40,North America,<=50K
31250,"[30, 40[", Private,502752,Undergraduate,13,Married-civ-spouse,Other, Wife,*,Female,0,0,40,North America,>50K
31251,"[20, 30[", State-gov,255575,Professional Education,12,Never-married,Technical, Not-in-family,*,Female,0,0,15,North America,<=50K
31252,"[40, 50[", Private,277946,Undergraduate,10,Married-civ-spouse,Nontechnical, Husband,*,Male,0,0,50,North America,>50K
31253,"[40, 50[", ?,214541,High School,9,Married-civ-spouse,Other, Husband,*,Male,0,0,35,North America,<=50K
31254,"[30, 40[", Private,143123,Professional Education,15,Married-civ-spouse,Technical, Husband,*,Male,0,0,50,North America,>50K
31255,"[20, 30[", Private,69132,Undergraduate,13,Never-married,Technical, Not-in-family,*,Male,0,0,37,North America,<=50K
31256,"[50, 60[", Self-emp-not-inc,34973,High School,9,Married-civ-spouse,Other, Husband,*,Male,0,1887,60,North America,>50K
31257,"[20, 30[", Private,236992,High School,9,Married-civ-spouse,Other, Husband,*,Male,0,0,50,North America,<=50K
31258,"[20, 30[", Private,492263,High School,6,Separated,Technical, Own-child,*,Male,0,0,35,North America,<=50K
31259,"[40, 50[", Private,180019,High School,9,Never-married,Other, Not-in-family,*,Female,0,0,65,North America,<=50K
31260,"[40, 50[", Self-emp-not-inc,47086,Undergraduate,13,Widowed,Nontechnical, Unmarried,*,Female,0,0,40,North America,<=50K
31261,"[20, 30[", Private,222853,Undergraduate,10,Never-married,Technical, Unmarried,*,Male,0,0,50,North America,<=50K
31262,"[20, 30[", Private,344176,High School,9,Never-married,Nontechnical, Unmarried,*,Male,0,0,20,North America,<=50K
31263,"[30, 40[", Self-emp-not-inc,223212,Undergraduate,13,Never-married,Nontechnical, Unmarried,*,Male,0,0,40,North America,<=50K
31264,"[20, 30[", Private,110981,Undergraduate,10,Never-married,Other, Not-in-family,*,Male,0,0,40,North America,<=50K
31265,"[20, 30[", Private,162688,Professional Education,11,Never-married,Other, Own-child,*,Male,0,0,40,North America,<=50K
31266,"[40, 50[", Self-emp-inc,181307,Professional Education,15,Married-civ-spouse,Technical, Husband,*,Male,15024,0,43,North America,>50K
31267,"[30, 40[", Private,148903,High School,9,Divorced,Nontechnical, Not-in-family,*,Female,4687,0,50,North America,>50K
31269,"[10, 20[", Private,210311,High School,9,Never-married,Nontechnical, Own-child,*,Female,0,0,20,North America,<=50K
31270,"[50, 60[", Private,127117,High School,9,Married-civ-spouse,Technical, Husband,*,Male,0,0,40,North America,<=50K
31271,"[70, 80[", Private,54732,Undergraduate,10,Married-civ-spouse,Nontechnical, Husband,*,Male,0,0,20,North America,>50K
31272,"[30, 40[", Private,271521,Undergraduate,13,Married-civ-spouse,Technical, Husband,*,Male,0,0,48,Asia,>50K
31273,"[30, 40[", ?,216908,High School,6,Never-married,Other, Other-relative,*,Male,0,0,40,North America,<=50K
31274,"[40, 50[", Private,543922,High School,9,Married-civ-spouse,Technical, Husband,*,Male,0,0,42,North America,>50K
31275,"[20, 30[", Private,766115,High School,6,Married-civ-spouse,Nontechnical, Husband,*,Male,0,0,35,North America,<=50K
31276,"[60, 70[", ?,52728,Undergraduate,10,Married-civ-spouse,Other, Husband,*,Male,0,0,40,North America,<=50K
31277,"[30, 40[", Private,284166,High School,9,Never-married,Technical, Not-in-family,*,Male,0,1564,50,North America,>50K
31278,"[40, 50[", Private,122206,Professional Education,11,Married-civ-spouse,Nontechnical, Husband,*,Male,0,0,25,North America,<=50K
31279,"[20, 30[", ?,95989,Undergraduate,10,Never-married,Other, Own-child,*,Female,0,0,40,North America,<=50K
31280,"[40, 50[", Private,334039,Undergraduate,13,Married-civ-spouse,Nontechnical, Husband,*,Male,7298,0,44,North America,>50K
31281,"[40, 50[", Self-emp-not-inc,225456,High School,9,Married-civ-spouse,Nontechnical, Husband,*,Male,0,0,40,North America,<=50K
31282,"[20, 30[", Private,112847,Professional Education,11,Married-civ-spouse,Technical, Husband,*,Male,7298,0,32,North America,>50K
31283,"[60, 70[", Self-emp-not-inc,171840,High School,9,Widowed,Technical, Unmarried,*,Female,0,0,16,North America,<=50K
31284,"[40, 50[", Private,180695,Undergraduate,10,Divorced,Nontechnical, Not-in-family,*,Female,0,0,38,North America,<=50K
31285,"[40, 50[", Private,121012,High School,5,Divorced,Technical, Not-in-family,*,Male,0,0,40,North America,<=50K
31286,"[30, 40[", Self-emp-inc,126569,Undergraduate,13,Married-civ-spouse,Technical, Husband,*,Male,0,0,60,North America,<=50K
31287,"[40, 50[", Private,227791,Undergraduate,10,Married-civ-spouse,Nontechnical, Husband,*,Male,0,1740,50,North America,<=50K
31288,"[50, 60[", Self-emp-not-inc,290290,Undergraduate,13,Married-civ-spouse,Technical, Husband,*,Male,0,0,45,North America,>50K
31289,"[30, 40[", Local-gov,251521,Undergraduate,13,Never-married,Nontechnical, Not-in-family,*,Female,0,0,50,North America,<=50K
31290,"[50, 60[", Self-emp-not-inc,41938,Undergraduate,13,Married-civ-spouse,Technical, Wife,*,Female,0,0,8,North America,<=50K
31291,"[20, 30[", Private,27678,Undergraduate,10,Married-civ-spouse,Other, Wife,*,Female,0,0,60,North America,<=50K
31293,"[50, 60[", Private,215990,High School,9,Married-civ-spouse,Nontechnical, Husband,*,Male,0,0,40,North America,>50K
31294,"[30, 40[", Private,461337,High School,9,Never-married,Nontechnical, Not-in-family,*,Female,0,0,33,North America,<=50K
31295,"[30, 40[", Local-gov,344855,Graduate,14,Married-civ-spouse,Technical, Wife,*,Female,0,1977,20,North America,>50K
31296,"[20, 30[", State-gov,214542,Undergraduate,10,Never-married,Technical, Own-child,*,Male,0,0,40,North America,<=50K
31297,"[30, 40[", Private,258170,High School,9,Divorced,Other, Not-in-family,*,Female,0,0,40,North America,<=50K
31298,"[20, 30[", Federal-gov,242147,High School,9,Divorced,Other, Not-in-family,*,Male,0,0,45,North America,<=50K
31299,"[40, 50[", Private,235700,High School,9,Divorced,Nontechnical, Not-in-family,*,Female,0,0,40,North America,<=50K
31300,"[20, 30[", Private,278130,Professional Education,12,Never-married,Other, Not-in-family,*,Male,0,0,40,North America,<=50K
31301,"[30, 40[", Private,261241,High School,9,Married-civ-spouse,Technical, Husband,*,Male,0,0,50,North America,>50K
31303,"[40, 50[", Private,340885,High School,9,Divorced,Other, Not-in-family,*,Male,0,0,44,North America,<=50K
31304,"[40, 50[", Private,152889,High School,6,Married-civ-spouse,Technical, Husband,*,Male,0,0,45,North America,<=50K
31307,"[20, 30[", ?,249463,Professional Education,11,Married-civ-spouse,Other, Husband,*,Male,0,0,20,North America,<=50K
31308,"[40, 50[", Private,158177,Undergraduate,10,Divorced,Other, Unmarried,*,Female,0,0,35,North America,<=50K
31309,"[40, 50[", State-gov,47818,Undergraduate,13,Never-married,Technical, Not-in-family,*,Female,0,0,40,North America,<=50K
31310,"[20, 30[", Private,391468,High School,7,Divorced,Technical, Own-child,*,Male,0,0,40,North America,<=50K
31311,"[50, 60[", Local-gov,199995,Graduate,14,Married-civ-spouse,Nontechnical, Husband,*,Male,7298,0,60,North America,>50K
31312,"[30, 40[", Private,231043,Undergraduate,10,Married-civ-spouse,Other, Husband,*,Male,0,0,50,North America,<=50K
31313,"[30, 40[", ?,281768,High School,4,Divorced,Other, Unmarried,*,Female,0,0,30,North America,<=50K
31314,"[40, 50[", Private,267790,High School,5,Never-married,Other, Unmarried,*,Female,0,0,40,North America,<=50K
31315,"[20, 30[", Private,217379,Undergraduate,10,Divorced,Technical, Own-child,*,Female,0,0,40,North America,<=50K
31316,"[50, 60[", Private,421561,Undergraduate,10,Divorced,Nontechnical, Not-in-family,*,Male,0,0,40,North America,<=50K
31317,"[20, 30[", Private,50953,Undergraduate,10,Never-married,Technical, Not-in-family,*,Female,0,0,40,North America,<=50K
31318,"[20, 30[", Private,138504,Undergraduate,10,Never-married,Other, Unmarried,*,Female,0,0,30,North America,<=50K
31319,"[30, 40[", State-gov,177064,Undergraduate,10,Never-married,Nontechnical, Unmarried,*,Female,0,0,40,North America,<=50K
31320,"[20, 30[", Private,103064,Undergraduate,13,Never-married,Technical, Not-in-family,*,Female,3674,0,40,North America,<=50K
31321,"[50, 60[", Private,184493,Undergraduate,10,Married-civ-spouse,Nontechnical, Husband,*,Male,0,0,40,North America,>50K
31322,"[30, 40[", Private,104089,Professional Education,11,Married-civ-spouse,Technical, Husband,*,Male,0,0,50,North America,>50K
31323,"[20, 30[", Private,149204,Undergraduate,13,Never-married,Nontechnical, Own-child,*,Male,0,0,40,North America,<=50K
31324,"[30, 40[", Private,405284,Undergraduate,13,Never-married,Technical, Not-in-family,*,Female,0,1340,42,North America,<=50K
31325,"[20, 30[", Local-gov,137296,Professional Education,12,Never-married,Other, Own-child,*,Female,0,0,38,North America,<=50K
31326,"[40, 50[", Private,87771,High School,9,Married-civ-spouse,Technical, Wife,*,Female,0,1628,45,North America,<=50K
31327,"[30, 40[", State-gov,125499,Undergraduate,13,Married-civ-spouse,Technical, Husband,*,Male,7688,0,60,Asia,>50K
31328,"[30, 40[", Private,59083,High School,9,Married-civ-spouse,Other, Husband,*,Male,0,0,35,North America,<=50K
31330,"[20, 30[", Private,198914,High School,9,Never-married,Nontechnical, Unmarried,*,Male,0,0,25,North America,<=50K
31331,"[40, 50[", Local-gov,238162,Professional Education,12,Married-civ-spouse,Other, Husband,*,Male,0,1887,50,North America,>50K
31333,"[30, 40[", Federal-gov,325538,Professional Education,15,Married-civ-spouse,Technical, Husband,*,Male,0,0,50,North America,>50K
31335,"[30, 40[", Private,51471,High School,9,Married-civ-spouse,Technical, Wife,*,Female,0,1902,40,North America,>50K
31336,"[30, 40[", Private,175681,Undergraduate,13,Married-civ-spouse,Technical, Husband,*,Male,0,0,60,Unknown,<=50K
31337,"[40, 50[", Private,165599,High School,9,Married-civ-spouse,Technical, Husband,*,Male,0,0,48,North America,<=50K
31339,"[30, 40[", Private,143526,Undergraduate,13,Never-married,Nontechnical, Own-child,*,Male,0,0,40,North America,<=50K
31340,"[20, 30[", Private,211160,Undergraduate,10,Married-civ-spouse,Nontechnical, Husband,*,Male,0,0,40,North America,<=50K
31341,"[20, 30[", Private,342989,High School,9,Never-married,Other, Own-child,*,Female,0,0,40,North America,<=50K
31342,"[60, 70[", Self-emp-not-inc,173631,Undergraduate,10,Married-civ-spouse,Nontechnical, Husband,*,Male,0,0,70,North America,<=50K
31344,"[40, 50[", Private,137604,Undergraduate,10,Never-married,Other, Not-in-family,*,Male,0,0,40,North America,<=50K
31345,"[20, 30[", Private,129232,Undergraduate,10,Never-married,Technical, Own-child,*,Male,0,0,40,North America,<=50K
31346,"[60, 70[", Federal-gov,271550,Undergraduate,10,Married-civ-spouse,Other, Husband,*,Male,0,0,40,North America,>50K
31347,"[30, 40[", Private,456922,Undergraduate,13,Divorced,Technical, Not-in-family,*,Male,0,0,40,North America,<=50K
31348,"[60, 70[", Private,232242,High School,9,Married-civ-spouse,Nontechnical, Husband,*,Male,0,0,40,North America,<=50K
31349,"[30, 40[", Private,352188,High School,9,Never-married,Technical, Not-in-family,*,Male,0,0,40,North America,<=50K
31350,"[20, 30[", Private,114967,Undergraduate,13,Never-married,Technical, Not-in-family,*,Male,0,0,40,North America,<=50K
31351,"[40, 50[", Private,201981,High School,9,Divorced,Technical, Own-child,*,Male,0,0,40,North America,<=50K
31352,"[30, 40[", State-gov,159247,Graduate,14,Married-civ-spouse,Technical, Husband,*,Male,0,0,50,North America,<=50K
31353,"[20, 30[", Private,125905,High School,9,Married-civ-spouse,Technical, Husband,*,Male,0,0,40,North America,<=50K
31354,"[30, 40[", Private,186824,Undergraduate,13,Married-civ-spouse,Technical, Husband,*,Male,0,0,40,North America,>50K
31355,"[40, 50[", Local-gov,121012,Undergraduate,10,Married-civ-spouse,Nontechnical, Husband,*,Male,0,0,45,North America,>50K
31358,"[30, 40[", Federal-gov,59732,High School,9,Married-civ-spouse,Other, Husband,*,Male,0,0,40,North America,<=50K
31360,"[40, 50[", ?,252127,Undergraduate,10,Widowed,Other, Unmarried,*,Female,0,0,20,North America,<=50K
31361,"[30, 40[", Private,109633,Undergraduate,13,Married-civ-spouse,Technical, Wife,*,Female,0,0,16,North America,>50K
31362,"[10, 20[", Private,160811,High School,9,Never-married,Nontechnical, Own-child,*,Male,0,0,38,North America,<=50K
31363,"[20, 30[", Self-emp-not-inc,365110,Undergraduate,13,Never-married,Technical, Not-in-family,*,Female,0,0,20,North America,<=50K
31364,"[60, 70[", Self-emp-not-inc,113080,High School,5,Married-civ-spouse,Nontechnical, Husband,*,Male,0,0,58,North America,>50K
31365,"[30, 40[", Private,206074,Undergraduate,13,Married-civ-spouse,Technical, Husband,*,Male,0,0,45,North America,>50K
31366,"[20, 30[", Private,173062,Undergraduate,13,Never-married,Nontechnical, Unmarried,*,Male,0,0,40,North America,<=50K
31367,"[50, 60[", Private,117273,Undergraduate,10,Married-civ-spouse,Nontechnical, Husband,*,Male,0,0,40,North America,>50K
31370,"[40, 50[", Local-gov,153132,Graduate,14,Married-civ-spouse,Technical, Husband,*,Male,15024,0,40,North America,>50K
31371,"[40, 50[", Private,166809,High School,9,Divorced,Other, Unmarried,*,Female,0,0,40,North America,<=50K
31372,"[60, 70[", ?,34122,Primary School,3,Married-civ-spouse,Other, Husband,*,Male,0,0,40,North America,<=50K
31373,"[50, 60[", Local-gov,231725,High School,9,Married-civ-spouse,Nontechnical, Husband,*,Male,0,0,40,North America,<=50K
31374,"[20, 30[", Private,63210,High School,9,Never-married,Nontechnical, Own-child,*,Male,0,0,15,North America,<=50K
31378,"[40, 50[", Local-gov,180318,High School,6,Never-married,Other, Unmarried,*,Male,0,0,35,North America,<=50K
31379,"[60, 70[", Self-emp-inc,112318,High School,6,Married-civ-spouse,Technical, Husband,*,Male,0,0,40,North America,<=50K
31380,"[40, 50[", Private,252079,Undergraduate,13,Married-civ-spouse,Technical, Husband,*,Male,7688,0,44,North America,>50K
31381,"[30, 40[", Private,27153,High School,9,Never-married,Nontechnical, Not-in-family,*,Male,0,0,50,North America,<=50K
31382,"[20, 30[", Private,73312,High School,7,Never-married,Technical, Unmarried,*,Female,0,0,15,North America,<=50K
31383,"[50, 60[", Private,145409,High School,9,Married-civ-spouse,Technical, Husband,*,Male,0,0,40,North America,<=50K
31385,"[20, 30[", Private,236696,High School,9,Married-civ-spouse,Nontechnical, Own-child,*,Male,0,0,35,North America,<=50K
31386,"[40, 50[", Self-emp-not-inc,28791,High School,9,Married-civ-spouse,Nontechnical, Wife,*,Female,0,0,50,North America,<=50K
31388,"[70, 80[", Private,187292,Undergraduate,13,Married-civ-spouse,Nontechnical, Husband,*,Male,6418,0,40,North America,>50K
31389,"[30, 40[", Private,189922,High School,9,Married-civ-spouse,Technical, Husband,*,Male,0,0,40,North America,<=50K
31390,"[60, 70[", ?,584259,Graduate,14,Married-civ-spouse,Other, Husband,*,Male,0,0,2,North America,>50K
31391,"[20, 30[", Private,173992,Undergraduate,10,Married-civ-spouse,Technical, Husband,*,Male,0,0,45,North America,>50K
31393,"[20, 30[", Private,111243,High School,9,Never-married,Other, Unmarried,*,Female,0,0,35,North America,<=50K
31394,"[30, 40[", Self-emp-not-inc,147850,High School,9,Married-civ-spouse,Other, Husband,*,Male,0,0,30,North America,<=50K
31395,"[50, 60[", Private,171015,Undergraduate,10,Never-married,Other, Own-child,*,Female,0,0,36,North America,<=50K
31397,"[30, 40[", Self-emp-not-inc,361497,High School,9,Married-civ-spouse,Technical, Husband,*,Male,0,0,40,North America,<=50K
31398,"[30, 40[", Private,137290,Undergraduate,13,Married-civ-spouse,Nontechnical, Husband,*,Male,0,0,55,North America,>50K
31399,"[20, 30[", Local-gov,401886,High School,9,Never-married,Other, Other-relative,*,Male,0,0,20,North America,<=50K
31400,"[50, 60[", Private,201882,Graduate,14,Married-civ-spouse,Technical, Husband,*,Male,0,0,30,North America,<=50K
31401,"[20, 30[", Local-gov,30793,Undergraduate,13,Married-civ-spouse,Technical, Wife,*,Female,0,0,55,North America,>50K
31402,"[40, 50[", Federal-gov,139161,Professional Education,12,Divorced,Other, Not-in-family,*,Female,0,1741,40,North America,<=50K
31404,"[30, 40[", Private,167781,High School,9,Married-civ-spouse,Other, Husband,*,Male,0,0,50,North America,<=50K
31405,"[30, 40[", Private,103986,Undergraduate,13,Married-civ-spouse,Technical, Husband,*,Male,7688,0,39,North America,>50K
31406,"[20, 30[", Private,144592,Professional Education,15,Married-civ-spouse,Technical, Husband,*,Male,0,0,50,North America,>50K
31407,"[20, 30[", Private,493034,Undergraduate,13,Never-married,Technical, Not-in-family,*,Male,0,0,40,North America,<=50K
31408,"[20, 30[", Private,184078,Professional Education,11,Divorced,Other, Unmarried,*,Female,0,0,40,North America,<=50K
31409,"[40, 50[", Private,191814,Undergraduate,10,Married-civ-spouse,Technical, Husband,*,Male,0,0,45,North America,<=50K
31410,"[20, 30[", Private,329852,High School,9,Never-married,Technical, Not-in-family,*,Male,0,0,40,North America,<=50K
31411,"[50, 60[", Private,223660,High School,9,Married-civ-spouse,Nontechnical, Husband,*,Male,0,0,55,North America,>50K
31412,"[40, 50[", Private,177087,Undergraduate,10,Separated,Other, Unmarried,*,Female,0,0,50,North America,>50K
31413,"[30, 40[", Private,143766,High School,9,Never-married,Other, Not-in-family,*,Male,0,0,30,North America,<=50K
31414,"[30, 40[", Private,234271,Undergraduate,10,Divorced,Other, Not-in-family,*,Female,0,0,40,North America,<=50K
31415,"[30, 40[", Federal-gov,314822,Undergraduate,10,Married-civ-spouse,Other, Husband,*,Male,0,0,40,North America,<=50K
31417,"[70, 80[", Self-emp-inc,207938,Undergraduate,13,Married-civ-spouse,Nontechnical, Husband,*,Male,0,2377,50,North America,>50K
31419,"[30, 40[", Private,279485,High School,9,Never-married,Nontechnical, Not-in-family,*,Female,0,0,38,North America,<=50K
31420,"[40, 50[", Private,267717,Graduate,14,Married-civ-spouse,Technical, Husband,*,Male,0,0,42,North America,>50K
31421,"[40, 50[", ?,175935,High School,9,Separated,Other, Unmarried,*,Male,0,0,40,North America,<=50K
31422,"[20, 30[", Private,163665,Undergraduate,10,Never-married,Other, Own-child,*,Female,0,0,17,North America,<=50K
31423,"[20, 30[", Private,200468,High School,6,Never-married,Technical, Not-in-family,*,Male,0,0,40,North America,<=50K
31424,"[20, 30[", Private,91501,High School,9,Married-civ-spouse,Technical, Wife,*,Female,0,0,40,North America,<=50K
31425,"[30, 40[", Private,182771,Graduate,14,Married-civ-spouse,Technical, Husband,*,Male,0,0,40,North America,>50K
31426,"[50, 60[", Self-emp-not-inc,56392,Undergraduate,10,Married-civ-spouse,Other, Husband,*,Male,0,1579,60,North America,<=50K
31427,"[30, 40[", Private,20511,Undergraduate,13,Never-married,Other, Not-in-family,*,Female,0,0,25,North America,<=50K
31428,"[20, 30[", Private,538822,High School,9,Never-married,Other, Other-relative,*,Male,0,0,40,North America,<=50K
31429,"[20, 30[", Private,332008,Undergraduate,10,Never-married,Technical, Unmarried,*,Male,0,0,37,Asia,<=50K
31430,"[50, 60[", Self-emp-inc,220789,High School,9,Married-civ-spouse,Nontechnical, Husband,*,Male,0,0,45,North America,>50K
31431,"[50, 60[", Self-emp-not-inc,114760,Undergraduate,10,Married-civ-spouse,Technical, Husband,*,Male,0,0,20,North America,>50K
31433,"[20, 30[", Private,181576,Undergraduate,10,Never-married,Other, Not-in-family,*,Male,0,0,55,North America,<=50K
31434,"[30, 40[", Private,198841,Graduate,14,Married-civ-spouse,Technical, Husband,*,Male,7688,0,45,North America,>50K
31435,"[50, 60[", Private,53197,Graduate,14,Married-civ-spouse,Technical, Husband,*,Male,3103,0,40,North America,>50K
31436,"[30, 40[", State-gov,542265,High School,9,Never-married,Other, Not-in-family,*,Female,0,0,40,North America,<=50K
31437,"[30, 40[", Private,193026,High School,7,Married-civ-spouse,Technical, Husband,*,Male,0,0,40,North America,<=50K
31438,"[20, 30[", Private,25505,Professional Education,11,Never-married,Other, Unmarried,*,Female,0,0,35,North America,<=50K
31439,"[10, 20[", Private,375657,High School,7,Never-married,Nontechnical, Own-child,*,Male,0,0,30,North America,<=50K
31440,"[40, 50[", Private,201599,High School,7,Never-married,Technical, Unmarried,*,Female,0,0,40,North America,<=50K
31441,"[20, 30[", Private,181820,Undergraduate,10,Never-married,Nontechnical, Own-child,*,Male,0,0,20,North America,<=50K
31442,"[50, 60[", Private,334224,Undergraduate,10,Married-civ-spouse,Technical, Wife,*,Female,9386,0,40,North America,>50K
31443,"[30, 40[", State-gov,54318,High School,7,Married-civ-spouse,Other, Husband,*,Male,0,0,40,North America,<=50K
31444,"[50, 60[", Self-emp-not-inc,141388,High School,9,Married-civ-spouse,Other, Husband,*,Male,0,0,55,North America,<=50K
31445,"[50, 60[", Self-emp-not-inc,57101,High School,9,Married-civ-spouse,Technical, Husband,*,Male,0,0,35,North America,<=50K
31447,"[60, 70[", Private,163665,Undergraduate,10,Married-civ-spouse,Other, Husband,*,Male,0,0,16,North America,>50K
31448,"[20, 30[", Private,207513,Undergraduate,13,Married-civ-spouse,Nontechnical, Husband,*,Male,7298,0,42,North America,>50K
31449,"[30, 40[", Private,293291,High School,9,Married-civ-spouse,Technical, Husband,*,Male,0,0,50,North America,>50K
31450,"[50, 60[", Private,70088,Graduate,14,Married-civ-spouse,Technical, Husband,*,Male,0,0,40,North America,>50K
31451,"[30, 40[", Private,199346,Graduate,14,Married-civ-spouse,Technical, Wife,*,Female,0,0,50,North America,>50K
31452,"[50, 60[", Local-gov,143949,Graduate,14,Married-civ-spouse,Technical, Wife,*,Female,3103,0,45,North America,>50K
31453,"[30, 40[", Private,207201,High School,9,Married-civ-spouse,Technical, Husband,*,Male,0,0,55,North America,>50K
31454,"[30, 40[", Private,430283,High School,9,Married-civ-spouse,Other, Wife,*,Female,7298,0,40,North America,>50K
31455,"[40, 50[", Local-gov,293809,Undergraduate,13,Married-civ-spouse,Technical, Husband,*,Male,0,0,20,North America,<=50K
31456,"[30, 40[", Private,378009,Graduate,14,Married-civ-spouse,Nontechnical, Husband,*,Male,0,0,50,North America,>50K
31457,"[40, 50[", Private,226608,Undergraduate,10,Divorced,Technical, Not-in-family,*,Male,0,0,30,North America,>50K
31458,"[20, 30[", Private,314182,High School,9,Never-married,Other, Not-in-family,*,Female,0,0,50,North America,<=50K
31459,"[10, 20[", Private,170544,High School,7,Never-married,Nontechnical, Own-child,*,Male,0,0,20,North America,<=50K
31460,"[10, 20[", Private,94196,High School,9,Never-married,Nontechnical, Own-child,*,Female,0,0,25,North America,<=50K
31461,"[40, 50[", Private,193047,High School,9,Married-civ-spouse,Technical, Husband,*,Male,0,0,45,North America,>50K
31462,"[40, 50[", Private,112607,High School,9,Married-civ-spouse,Technical, Husband,*,Male,0,0,50,North America,<=50K
31463,"[20, 30[", Local-gov,146949,High School,9,Married-civ-spouse,Nontechnical, Husband,*,Male,0,0,40,North America,<=50K
31464,"[30, 40[", Private,309513,Professional Education,12,Married-civ-spouse,Technical, Husband,*,Male,0,0,40,North America,<=50K
31465,"[40, 50[", Self-emp-not-inc,191389,Undergraduate,10,Separated,Nontechnical, Unmarried,*,Female,0,0,50,North America,<=50K
31466,"[20, 30[", Private,213902,High School,4,Never-married,Other, Own-child,*,Female,0,0,32,North America,<=50K
31469,"[20, 30[", Private,38707,Undergraduate,10,Married-civ-spouse,Other, Husband,*,Male,0,0,60,North America,>50K
31470,"[10, 20[", Private,188568,Undergraduate,10,Never-married,Other, Not-in-family,*,Female,0,0,40,North America,<=50K
31471,"[20, 30[", Private,215014,High School,9,Married-civ-spouse,Nontechnical, Husband,*,Male,0,0,35,North America,<=50K
31472,"[20, 30[", Private,184477,High School,8,Never-married,Other, Not-in-family,*,Male,0,0,40,North America,<=50K
31473,"[40, 50[", Self-emp-not-inc,204235,Professional Education,15,Married-civ-spouse,Technical, Husband,*,Male,0,0,50,North America,>50K
31474,"[30, 40[", Private,39054,High School,9,Married-civ-spouse,Technical, Husband,*,Male,0,0,20,North America,<=50K
31475,"[60, 70[", Self-emp-inc,272531,High School,9,Married-civ-spouse,Technical, Husband,*,Male,0,0,40,North America,>50K
31476,"[40, 50[", Private,358701,High School,8,Never-married,Other, Own-child,*,Male,0,0,10,North America,<=50K
31477,"[40, 50[", Private,217750,High School,9,Married-civ-spouse,Other, Wife,*,Female,0,0,35,North America,<=50K
31478,"[20, 30[", Private,200374,High School,9,Never-married,Technical, Other-relative,*,Male,0,0,35,North America,<=50K
31479,"[20, 30[", Private,498349,Undergraduate,13,Never-married,Other, Unmarried,*,Female,0,0,40,North America,<=50K
31480,"[60, 70[", State-gov,170458,High School,9,Married-civ-spouse,Other, Husband,*,Male,0,0,20,North America,<=50K
31481,"[40, 50[", Self-emp-not-inc,57233,Professional Education,11,Married-civ-spouse,Nontechnical, Husband,*,Male,0,0,40,North America,>50K
31482,"[40, 50[", Private,188432,High School,9,Married-civ-spouse,Technical, Husband,*,Male,0,0,40,North America,<=50K
31483,"[40, 50[", Self-emp-not-inc,33300,Professional Education,12,Never-married,Other, Other-relative,*,Male,10520,0,45,North America,>50K
31484,"[30, 40[", Private,225779,High School,9,Never-married,Technical, Not-in-family,*,Female,0,0,40,North America,<=50K
31485,"[40, 50[", Private,46677,Professional Education,12,Divorced,Nontechnical, Unmarried,*,Female,0,0,42,North America,<=50K
31486,"[40, 50[", Private,227968,Undergraduate,13,Married-civ-spouse,Technical, Wife,*,Female,0,0,35,North America,>50K
31487,"[30, 40[", Private,85355,Undergraduate,13,Never-married,Other, Own-child,*,Male,0,0,40,North America,<=50K
31488,"[40, 50[", Private,207120,Undergraduate,10,Married-civ-spouse,Technical, Husband,*,Male,0,0,40,North America,<=50K
31489,"[20, 30[", Local-gov,229223,Professional Education,11,Married-civ-spouse,Technical, Wife,*,Female,7688,0,36,North America,>50K
31490,"[20, 30[", Private,224640,Professional Education,12,Never-married,Nontechnical, Own-child,*,Female,0,0,40,North America,<=50K
31491,"[30, 40[", Private,139012,Undergraduate,13,Married-civ-spouse,Other, Husband,*,Male,0,0,40,Asia,>50K
31492,"[40, 50[", Federal-gov,130749,Undergraduate,10,Divorced,Nontechnical, Not-in-family,*,Female,0,0,40,North America,<=50K
31493,"[20, 30[", Private,204516,High School,6,Never-married,Other, Not-in-family,*,Male,0,0,45,North America,<=50K
31494,"[20, 30[", Private,105479,Undergraduate,10,Never-married,Nontechnical, Not-in-family,*,Female,0,0,25,North America,<=50K
31495,"[40, 50[", Private,197093,Undergraduate,13,Divorced,Technical, Not-in-family,*,Male,0,0,40,North America,<=50K
31496,"[40, 50[", Self-emp-inc,431245,Undergraduate,10,Married-civ-spouse,Nontechnical, Husband,*,Male,0,0,50,North America,>50K
31497,"[20, 30[", Private,155150,High School,9,Married-civ-spouse,Technical, Husband,*,Male,0,0,40,North America,<=50K
31498,"[30, 40[", State-gov,216035,High School,9,Married-civ-spouse,Other, Husband,*,Male,0,0,40,North America,<=50K
31499,"[20, 30[", Private,388247,Undergraduate,10,Never-married,Nontechnical, Own-child,*,Male,0,0,40,North America,<=50K
31500,"[20, 30[", Private,208908,Undergraduate,13,Never-married,Other, Not-in-family,*,Female,0,0,30,North America,<=50K
31501,"[20, 30[", Private,259301,High School,9,Divorced,Nontechnical, Unmarried,*,Female,0,0,40,North America,<=50K
31502,"[40, 50[", Self-emp-not-inc,69333,Professional Education,11,Married-civ-spouse,Other, Husband,*,Male,4386,0,80,North America,>50K
31503,"[30, 40[", Private,167893,Undergraduate,10,Married-civ-spouse,Technical, Husband,*,Male,0,0,64,North America,>50K
31504,"[30, 40[", Federal-gov,386877,Professional Education,11,Never-married,Technical, Own-child,*,Male,4650,0,40,North America,<=50K
31505,"[50, 60[", Private,146551,High School,9,Married-civ-spouse,Other, Husband,*,Male,0,0,54,North America,>50K
31507,"[30, 40[", Private,187748,Undergraduate,13,Married-civ-spouse,Technical, Husband,*,Male,0,0,40,North America,>50K
31508,"[40, 50[", State-gov,50748,Undergraduate,13,Divorced,Other, Unmarried,*,Female,0,0,40,North America,<=50K
31509,"[20, 30[", Private,50136,Primary School,3,Married-civ-spouse,Other, Husband,*,Male,0,0,40,North America,<=50K
31510,"[40, 50[", Private,111483,Undergraduate,13,Married-civ-spouse,Technical, Husband,*,Male,0,0,50,North America,>50K
31511,"[30, 40[", Private,298871,Graduate,16,Married-civ-spouse,Technical, Husband,*,Male,0,0,40,Asia,<=50K
31512,"[20, 30[", Private,147340,High School,9,Never-married,Other, Not-in-family,*,Female,0,0,50,North America,>50K
31514,"[40, 50[", State-gov,327786,Professional Education,11,Divorced,Technical, Not-in-family,*,Female,3325,0,42,North America,<=50K
31515,"[40, 50[", Federal-gov,243636,Professional Education,11,Married-civ-spouse,Technical, Husband,*,Male,0,0,40,North America,>50K
31516,"[40, 50[", Local-gov,194417,Undergraduate,10,Married-civ-spouse,Other, Husband,*,Male,0,0,40,North America,>50K
31517,"[20, 30[", Private,236696,Undergraduate,13,Never-married,Nontechnical, Not-in-family,*,Male,0,0,40,North America,<=50K
31520,"[30, 40[", Private,186191,High School,9,Married-civ-spouse,Technical, Husband,*,Male,0,0,55,North America,<=50K
31521,"[30, 40[", Private,268451,Undergraduate,10,Divorced,Nontechnical, Unmarried,*,Female,0,0,40,North America,<=50K
31522,"[60, 70[", Private,154600,High School,9,Married-civ-spouse,Other, Wife,*,Female,0,0,4,North America,<=50K
31523,"[40, 50[", Local-gov,405309,Professional Education,11,Married-civ-spouse,Technical, Husband,*,Male,0,0,40,North America,>50K
31524,"[50, 60[", Self-emp-not-inc,99185,Professional Education,12,Married-civ-spouse,Nontechnical, Husband,*,Male,0,0,40,North America,>50K
31525,"[40, 50[", Private,191765,High School,9,Divorced,Other, Other-relative,*,Female,0,0,35,North America,<=50K
31526,"[20, 30[", Private,253583,High School,9,Never-married,Nontechnical, Own-child,*,Male,0,0,40,North America,<=50K
31527,"[20, 30[", ?,297054,High School,9,Divorced,Other, Not-in-family,*,Male,0,0,40,North America,<=50K
31528,"[50, 60[", Private,204397,Undergraduate,10,Married-civ-spouse,Other, Husband,*,Male,0,0,50,North America,<=50K
31529,"[20, 30[", Private,288771,Undergraduate,10,Never-married,Other, Not-in-family,*,Female,0,0,30,North America,<=50K
31530,"[50, 60[", Private,173987,High School,6,Married-civ-spouse,Technical, Husband,*,Male,0,0,40,North America,<=50K
31532,"[20, 30[", Private,91658,Undergraduate,10,Divorced,Nontechnical, Own-child,*,Male,0,0,40,North America,<=50K
31533,"[40, 50[", Private,226902,High School,9,Married-civ-spouse,Nontechnical, Husband,*,Male,0,0,80,North America,>50K
31534,"[40, 50[", Private,232586,Undergraduate,10,Married-civ-spouse,Technical, Husband,*,Male,0,0,50,North America,>50K
31535,"[50, 60[", Self-emp-not-inc,291755,High School,4,Married-civ-spouse,Nontechnical, Husband,*,Male,0,0,42,North America,<=50K
31536,"[20, 30[", ?,207032,High School,9,Married-spouse-absent,Other, Unmarried,*,Female,0,0,42,North America,<=50K
31537,"[20, 30[", Private,161478,Undergraduate,10,Never-married,Nontechnical, Own-child,*,Female,0,0,40,North America,<=50K
31538,"[70, 80[", Self-emp-not-inc,109833,Undergraduate,13,Married-civ-spouse,Other, Husband,*,Male,0,0,30,North America,<=50K
31539,"[40, 50[", Self-emp-not-inc,229394,High School,7,Divorced,Nontechnical, Unmarried,*,Female,0,0,55,North America,<=50K
31540,"[60, 70[", ?,69285,High School,9,Married-civ-spouse,Other, Husband,*,Male,0,0,37,North America,<=50K
31541,"[20, 30[", Private,491862,Professional Education,11,Never-married,Nontechnical, Not-in-family,*,Female,0,0,40,North America,<=50K
31542,"[40, 50[", Private,311534,High School,9,Married-civ-spouse,Nontechnical, Husband,*,Male,0,0,40,North America,>50K
31543,"[30, 40[", Self-emp-not-inc,420895,Undergraduate,13,Married-civ-spouse,Nontechnical, Husband,*,Male,0,0,47,North America,<=50K
31544,"[30, 40[", Private,226374,High School,6,Divorced,Other, Unmarried,*,Female,0,0,40,North America,<=50K
31545,"[30, 40[", Federal-gov,101345,Undergraduate,13,Never-married,Technical, Not-in-family,*,Female,0,0,40,North America,<=50K
31546,"[30, 40[", Private,48779,High School,9,Married-civ-spouse,Other, Husband,*,Male,0,0,35,North America,<=50K
31547,"[40, 50[", Private,152676,High School,9,Divorced,Nontechnical, Own-child,*,Male,0,0,40,North America,<=50K
31548,"[40, 50[", Private,164877,Undergraduate,10,Married-civ-spouse,Technical, Husband,*,Male,0,0,44,North America,<=50K
31549,"[30, 40[", Private,97521,High School,9,Never-married,Other, Own-child,*,Male,0,0,40,North America,<=50K
31551,"[30, 40[", Private,188246,Undergraduate,13,Married-civ-spouse,Nontechnical, Husband,*,Male,0,0,40,North America,<=50K
31552,"[20, 30[", Private,189185,High School,9,Divorced,Other, Own-child,*,Female,0,0,40,North America,<=50K
31553,"[40, 50[", State-gov,163069,Undergraduate,10,Divorced,Other, Unmarried,*,Female,0,0,40,North America,<=50K
31554,"[20, 30[", Private,251905,Undergraduate,13,Married-civ-spouse,Technical, Husband,*,Male,0,0,50,North America,<=50K
31556,"[10, 20[", Private,36882,High School,8,Never-married,Nontechnical, Own-child,*,Female,0,0,20,North America,<=50K
31557,"[30, 40[", Self-emp-not-inc,195891,Undergraduate,10,Married-civ-spouse,Nontechnical, Husband,*,Male,0,0,45,North America,<=50K
31559,"[30, 40[", Private,133503,High School,9,Married-civ-spouse,Other, Husband,*,Male,7688,0,48,North America,>50K
31560,"[40, 50[", Private,31621,High School,9,Married-spouse-absent,Other, Unmarried,*,Female,0,0,40,North America,<=50K
31561,"[50, 60[", Self-emp-not-inc,413373,Graduate,16,Married-civ-spouse,Nontechnical, Husband,*,Male,0,1902,40,North America,>50K
31562,"[40, 50[", Private,196029,High School,9,Divorced,Other, Unmarried,*,Male,0,0,45,North America,<=50K
31563,"[30, 40[", Private,107302,High School,9,Married-civ-spouse,Technical, Husband,*,Male,0,0,50,North America,<=50K
31564,"[40, 50[", Private,151267,Undergraduate,13,Never-married,Other, Not-in-family,*,Female,0,0,40,North America,>50K
31565,"[50, 60[", Private,256861,Undergraduate,13,Married-civ-spouse,Nontechnical, Husband,*,Male,0,0,50,North America,<=50K
31566,"[20, 30[", Private,82777,High School,9,Separated,Technical, Not-in-family,*,Male,0,0,40,North America,<=50K
31567,"[30, 40[", Private,147430,High School,9,Married-spouse-absent,Other, Not-in-family,*,Female,0,0,40,North America,<=50K
31568,"[20, 30[", ?,60726,High School,9,Never-married,Other, Own-child,*,Male,0,0,40,North America,<=50K
31569,"[40, 50[", Self-emp-not-inc,165754,Graduate,16,Never-married,Technical, Not-in-family,*,Female,0,0,45,North America,<=50K
31570,"[30, 40[", Private,448337,High School,9,Separated,Nontechnical, Unmarried,*,Female,0,0,40,North America,<=50K
31571,"[40, 50[", Private,185079,High School,9,Never-married,Nontechnical, Not-in-family,*,Female,0,0,50,North America,<=50K
31572,"[30, 40[", Private,418702,Professional Education,11,Divorced,Other, Unmarried,*,Female,0,0,40,North America,<=50K
31573,"[40, 50[", Private,41504,High School,9,Married-civ-spouse,Other, Husband,*,Male,0,0,40,North America,>50K
31574,"[20, 30[", Private,387335,Undergraduate,10,Never-married,Technical, Own-child,*,Female,0,1719,9,North America,<=50K
31575,"[10, 20[", Private,261720,High School,9,Never-married,Other, Not-in-family,*,Female,0,0,40,North America,<=50K
31576,"[30, 40[", Private,133963,Undergraduate,13,Divorced,Technical, Not-in-family,*,Female,0,0,50,North America,>50K
31577,"[60, 70[", ?,357750,High School,7,Widowed,Other, Not-in-family,*,Female,0,0,40,North America,<=50K
31578,"[30, 40[", State-gov,179488,Undergraduate,13,Married-civ-spouse,Other, Husband,*,Male,7298,0,55,North America,>50K
31579,"[30, 40[", Private,60135,High School,9,Never-married,Other, Not-in-family,*,Female,0,0,40,North America,<=50K
31581,"[20, 30[", Private,278720,High School,9,Married-civ-spouse,Technical, Husband,*,Male,0,0,45,North America,>50K
31582,"[20, 30[", State-gov,477505,Professional Education,12,Never-married,Other, Not-in-family,*,Male,0,0,40,North America,<=50K
31583,"[20, 30[", Private,164711,Undergraduate,10,Never-married,Nontechnical, Other-relative,*,Male,0,0,40,North America,<=50K
31584,"[40, 50[", Private,208277,Undergraduate,10,Never-married,Nontechnical, Unmarried,*,Female,0,0,40,North America,<=50K
31585,"[20, 30[", Private,39943,Undergraduate,10,Never-married,Nontechnical, Own-child,*,Female,0,0,20,North America,<=50K
31586,"[40, 50[", Private,104542,High School,9,Divorced,Other, Not-in-family,*,Female,0,0,40,North America,<=50K
31587,"[20, 30[", Private,286634,Undergraduate,13,Married-civ-spouse,Technical, Wife,*,Female,0,0,50,North America,>50K
31588,"[20, 30[", Private,142712,Undergraduate,13,Never-married,Nontechnical, Not-in-family,*,Male,0,0,50,North America,>50K
31589,"[20, 30[", Private,336404,High School,9,Married-civ-spouse,Other, Husband,*,Male,0,0,40,North America,<=50K
31590,"[30, 40[", Private,117983,High School,9,Never-married,Other, Not-in-family,*,Female,0,0,41,North America,<=50K
31592,"[50, 60[", Private,59469,Graduate,14,Married-civ-spouse,Technical, Husband,*,Male,0,0,40,Asia,<=50K
31593,"[30, 40[", Private,171968,Professional Education,11,Married-civ-spouse,Other, Husband,*,Male,0,0,40,North America,<=50K
31594,"[50, 60[", ?,119254,High School,6,Divorced,Other, Not-in-family,*,Female,0,0,40,North America,<=50K
31595,"[20, 30[", Private,278617,Undergraduate,10,Never-married,Technical, Not-in-family,*,Male,0,0,40,North America,<=50K
31596,"[30, 40[", Private,72338,Graduate,14,Married-civ-spouse,Technical, Husband,*,Male,0,0,40,Asia,>50K
31597,"[40, 50[", Local-gov,343231,Graduate,14,Never-married,Technical, Not-in-family,*,Female,0,0,80,North America,<=50K
31598,"[30, 40[", Private,63910,High School,9,Married-civ-spouse,Nontechnical, Own-child,*,Female,0,0,40,North America,<=50K
31599,"[20, 30[", Private,190350,High School,5,Married-civ-spouse,Other, Wife,*,Female,0,0,40,North America,<=50K
31600,"[20, 30[", State-gov,176162,Undergraduate,13,Never-married,Other, Own-child,*,Male,0,0,40,North America,<=50K
31601,"[10, 20[", Private,37720,High School,6,Never-married,Technical, Own-child,*,Male,0,0,40,North America,<=50K
31602,"[20, 30[", Private,421467,Professional Education,12,Never-married,Nontechnical, Own-child,*,Male,0,0,26,North America,<=50K
31603,"[30, 40[", Private,138441,Undergraduate,10,Never-married,Technical, Own-child,*,Male,0,0,40,North America,<=50K
31604,"[50, 60[", Private,146767,High School,9,Married-civ-spouse,Technical, Husband,*,Male,0,0,40,North America,>50K
31605,"[20, 30[", ?,369678,High School,8,Never-married,Other, Not-in-family,*,Male,0,1602,40,North America,<=50K
31606,"[20, 30[", Private,160445,High School,9,Divorced,Technical, Not-in-family,*,Male,0,0,40,North America,<=50K
31607,"[20, 30[", Private,211695,Undergraduate,13,Never-married,Technical, Own-child,*,Male,0,0,40,North America,<=50K
31608,"[50, 60[", Private,102346,Undergraduate,13,Married-civ-spouse,Nontechnical, Wife,*,Female,0,2415,20,North America,>50K
31609,"[40, 50[", Private,128796,Professional Education,12,Married-civ-spouse,Nontechnical, Husband,*,Male,0,0,40,North America,>50K
31610,"[30, 40[", Private,111129,High School,9,Married-civ-spouse,Nontechnical, Husband,*,Male,0,0,40,North America,<=50K
31611,"[30, 40[", Local-gov,44566,Undergraduate,13,Married-civ-spouse,Technical, Husband,*,Male,0,0,40,North America,<=50K
31612,"[20, 30[", Private,118497,High School,9,Married-civ-spouse,Technical, Husband,*,Male,0,0,60,North America,<=50K
31613,"[30, 40[", Private,334291,Undergraduate,10,Married-civ-spouse,Technical, Husband,*,Male,0,1887,40,North America,>50K
31614,"[40, 50[", Private,237920,Graduate,16,Married-civ-spouse,Nontechnical, Husband,*,Male,0,0,60,North America,<=50K
31615,"[30, 40[", Local-gov,136331,Undergraduate,13,Married-civ-spouse,Technical, Husband,*,Male,0,0,60,North America,<=50K
31616,"[20, 30[", Private,187397,High School,9,Never-married,Other, Other-relative,*,Male,0,0,48,North America,<=50K
31617,"[20, 30[", Self-emp-not-inc,119793,High School,9,Never-married,Other, Not-in-family,*,Male,0,0,40,North America,<=50K
31618,"[40, 50[", Private,24982,Undergraduate,10,Married-civ-spouse,Technical, Husband,*,Male,7688,0,40,North America,>50K
31619,"[20, 30[", Self-emp-not-inc,231714,High School,9,Married-civ-spouse,Technical, Husband,*,Male,0,0,40,North America,<=50K
31620,"[50, 60[", Private,229272,High School,9,Married-civ-spouse,Technical, Husband,*,Male,0,0,40,North America,>50K
31621,"[60, 70[", ?,68219,High School,5,Married-civ-spouse,Other, Husband,*,Male,0,0,40,North America,<=50K
31622,"[60, 70[", Self-emp-not-inc,268831,High School,9,Married-civ-spouse,Nontechnical, Husband,*,Male,0,0,53,North America,<=50K
31623,"[40, 50[", Self-emp-not-inc,149640,Professional Education,15,Never-married,Technical, Not-in-family,*,Male,0,0,30,North America,>50K
31624,"[20, 30[", Private,261725,Undergraduate,13,Never-married,Other, Not-in-family,*,Female,0,0,35,North America,<=50K
31626,"[60, 70[", Local-gov,260167,High School,9,Widowed,Technical, Not-in-family,*,Female,0,0,40,North America,<=50K
31627,"[20, 30[", Private,200928,Undergraduate,10,Never-married,Nontechnical, Own-child,*,Male,0,0,22,North America,<=50K
31628,"[50, 60[", Federal-gov,155594,Undergraduate,13,Married-civ-spouse,Technical, Husband,*,Male,0,0,40,North America,>50K
31629,"[50, 60[", Self-emp-not-inc,79539,High School,9,Married-civ-spouse,Other, Husband,*,Male,0,0,40,North America,<=50K
31630,"[40, 50[", Private,469454,Undergraduate,10,Married-civ-spouse,Technical, Husband,*,Male,0,0,40,North America,<=50K
31631,"[40, 50[", Private,331482,Undergraduate,13,Married-civ-spouse,Technical, Husband,*,Male,0,0,50,North America,<=50K
31632,"[40, 50[", Private,225193,High School,9,Married-civ-spouse,Nontechnical, Husband,*,Male,0,0,40,North America,<=50K
31633,"[20, 30[", ?,370727,Undergraduate,13,Married-civ-spouse,Other, Wife,*,Female,0,1977,40,North America,>50K
31635,"[60, 70[", ?,37170,High School,4,Married-civ-spouse,Other, Husband,*,Male,0,0,20,North America,<=50K
31636,"[40, 50[", Private,58484,Undergraduate,13,Married-civ-spouse,Nontechnical, Wife,*,Female,0,0,40,North America,<=50K
31638,"[50, 60[", Private,344621,High School,9,Divorced,Technical, Not-in-family,*,Female,0,0,40,North America,<=50K
31639,"[50, 60[", Private,174752,High School,9,Married-civ-spouse,Nontechnical, Husband,*,Male,0,0,60,North America,>50K
31640,"[10, 20[", Self-emp-inc,174202,High School,9,Never-married,Other, Own-child,*,Male,0,0,60,North America,<=50K
31642,"[50, 60[", Private,316000,High School,9,Married-civ-spouse,Technical, Husband,*,Male,0,0,40,North America,<=50K
31643,"[60, 70[", State-gov,216871,Undergraduate,10,Married-civ-spouse,Other, Husband,*,Male,0,1740,40,North America,<=50K
31644,"[20, 30[", Private,246933,High School,9,Never-married,Other, Other-relative,*,Male,0,0,40,North America,<=50K
31645,"[30, 40[", Self-emp-not-inc,112115,Undergraduate,13,Married-civ-spouse,Technical, Husband,*,Male,7688,0,40,North America,>50K
31646,"[30, 40[", Private,264651,High School,9,Married-civ-spouse,Technical, Husband,*,Male,0,0,40,North America,>50K
31647,"[40, 50[", Private,99185,High School,9,Divorced,Other, Unmarried,*,Female,0,0,58,North America,<=50K
31648,"[30, 40[", Private,176186,Undergraduate,10,Married-civ-spouse,Technical, Husband,*,Male,0,0,40,North America,>50K
31649,"[20, 30[", Private,100219,High School,9,Never-married,Technical, Own-child,*,Male,0,0,45,North America,<=50K
31650,"[30, 40[", Private,46691,Undergraduate,13,Never-married,Other, Not-in-family,*,Female,0,0,40,North America,<=50K
31651,"[20, 30[", State-gov,297735,Professional Education,15,Never-married,Technical, Not-in-family,*,Male,0,0,90,North America,<=50K
31652,"[40, 50[", Private,132222,Undergraduate,10,Married-civ-spouse,Technical, Husband,*,Male,4386,0,50,North America,>50K
31653,"[20, 30[", Private,189656,Undergraduate,13,Never-married,Technical, Not-in-family,*,Male,0,0,60,North America,>50K
31654,"[50, 60[", Local-gov,224934,Graduate,14,Married-civ-spouse,Technical, Husband,*,Male,0,0,50,North America,>50K
31655,"[40, 50[", Self-emp-inc,149218,Undergraduate,13,Married-civ-spouse,Other, Husband,*,Male,0,0,70,North America,>50K
31656,"[50, 60[", Private,158508,Undergraduate,10,Divorced,Nontechnical, Not-in-family,*,Female,0,0,36,North America,<=50K
31657,"[60, 70[", State-gov,261203,High School,4,Married-civ-spouse,Other, Husband,*,Male,0,0,35,North America,<=50K
31658,"[10, 20[", Private,309504,High School,6,Never-married,Nontechnical, Unmarried,*,Female,0,0,24,North America,<=50K
31659,"[20, 30[", State-gov,324637,Undergraduate,10,Never-married,Other, Not-in-family,*,Male,0,0,40,North America,<=50K
31660,"[20, 30[", Private,267426,High School,9,Married-civ-spouse,Nontechnical, Husband,*,Male,0,0,40,North America,<=50K
31661,"[60, 70[", ?,229016,High School,9,Married-civ-spouse,Other, Wife,*,Female,0,0,25,North America,<=50K
31662,"[50, 60[", Private,46401,Undergraduate,10,Divorced,Other, Not-in-family,*,Female,0,0,47,North America,<=50K
31663,"[30, 40[", Private,114288,High School,9,Divorced,Technical, Own-child,*,Female,0,0,40,North America,<=50K
31664,"[60, 70[", ?,203849,Undergraduate,10,Divorced,Other, Not-in-family,*,Female,0,0,40,North America,<=50K
31665,"[40, 50[", Federal-gov,193882,High School,9,Never-married,Other, Own-child,*,Male,0,0,40,North America,<=50K
31666,"[50, 60[", Private,311269,High School,9,Divorced,Other, Not-in-family,*,Female,0,0,40,North America,<=50K
31667,"[40, 50[", Private,156117,Professional Education,11,Divorced,Technical, Not-in-family,*,Female,0,0,32,North America,<=50K
31668,"[60, 70[", ?,169917,High School,4,Widowed,Other, Not-in-family,*,Female,0,0,4,North America,<=50K
31669,"[50, 60[", Private,222615,High School,9,Married-civ-spouse,Technical, Husband,*,Male,0,0,40,North America,>50K
31670,"[40, 50[", State-gov,106900,Graduate,14,Married-civ-spouse,Technical, Husband,*,Male,7298,0,60,North America,>50K
31671,"[40, 50[", Federal-gov,78036,Professional Education,11,Married-civ-spouse,Technical, Wife,*,Female,0,0,65,North America,>50K
31672,"[20, 30[", Private,380560,High School,9,Never-married,Other, Other-relative,*,Male,0,0,40,North America,<=50K
31674,"[50, 60[", Private,289436,Undergraduate,13,Married-civ-spouse,Nontechnical, Husband,*,Male,0,0,60,North America,>50K
31675,"[30, 40[", Private,749636,Undergraduate,10,Divorced,Other, Unmarried,*,Female,0,0,40,North America,<=50K
31676,"[30, 40[", Self-emp-inc,154120,High School,9,Never-married,Other, Own-child,*,Male,0,0,55,North America,<=50K
31677,"[40, 50[", Private,105119,High School,9,Married-civ-spouse,Other, Husband,*,Male,0,0,40,North America,<=50K
31678,"[60, 70[", Federal-gov,181081,High School,9,Divorced,Other, Own-child,*,Female,0,0,20,North America,<=50K
31679,"[30, 40[", Private,182237,High School,6,Separated,Other, Unmarried,*,Male,0,0,40,North America,<=50K
31680,"[30, 40[", Private,102130,High School,9,Married-civ-spouse,Nontechnical, Husband,*,Male,0,0,65,North America,>50K
31681,"[40, 50[", Private,266324,High School,9,Married-civ-spouse,Technical, Husband,*,Male,0,1902,99,North America,>50K
31682,"[50, 60[", Private,170562,High School,8,Married-civ-spouse,Technical, Husband,*,Male,0,0,40,North America,<=50K
31683,"[10, 20[", Private,240543,High School,7,Never-married,Other, Own-child,*,Female,0,0,20,North America,<=50K
31684,"[30, 40[", Federal-gov,187046,Undergraduate,10,Married-civ-spouse,Technical, Husband,*,Male,0,0,40,North America,>50K
31685,"[60, 70[", Private,389254,High School,9,Married-civ-spouse,Other, Husband,*,Male,0,0,40,North America,<=50K
31686,"[40, 50[", Private,179955,Undergraduate,10,Widowed,Other, Unmarried,*,Female,0,0,25,North America,<=50K
31687,"[20, 30[", Private,197997,Undergraduate,10,Never-married,Other, Own-child,*,Male,0,0,30,North America,<=50K
31688,"[30, 40[", Self-emp-inc,343789,Undergraduate,13,Married-civ-spouse,Nontechnical, Husband,*,Male,7688,0,55,North America,>50K
31689,"[20, 30[", Private,191088,High School,9,Divorced,Other, Not-in-family,*,Female,0,1741,52,North America,<=50K
31690,"[40, 50[", Local-gov,141649,Professional Education,11,Married-civ-spouse,Other, Husband,*,Male,0,0,40,North America,>50K
31691,"[20, 30[", Private,433906,Professional Education,12,Never-married,Other, Not-in-family,*,Male,0,0,40,North America,<=50K
31692,"[40, 50[", Private,207982,Undergraduate,10,Never-married,Other, Unmarried,*,Female,0,0,40,North America,<=50K
31693,"[40, 50[", Private,175925,Undergraduate,10,Married-civ-spouse,Other, Husband,*,Male,0,0,40,North America,<=50K
31694,"[50, 60[", Private,85767,Undergraduate,10,Married-civ-spouse,Nontechnical, Husband,*,Male,0,0,48,North America,<=50K
31695,"[30, 40[", Self-emp-inc,281030,High School,9,Never-married,Technical, Not-in-family,*,Male,0,0,40,North America,<=50K
31696,>=80, ?,313986,High School,9,Married-civ-spouse,Other, Husband,*,Male,0,0,40,North America,>50K
31697,"[30, 40[", Private,396595,Undergraduate,10,Married-civ-spouse,Technical, Husband,*,Male,0,0,40,North America,>50K
31698,"[20, 30[", ?,189203,Professional Education,12,Never-married,Other, Not-in-family,*,Male,0,0,20,North America,<=50K
31699,"[40, 50[", Self-emp-not-inc,163108,Undergraduate,10,Married-civ-spouse,Other, Husband,*,Male,0,0,99,North America,<=50K
31700,"[10, 20[", Private,141590,High School,7,Never-married,Other, Own-child,*,Female,0,0,12,North America,<=50K
31702,"[30, 40[", Private,67728,High School,9,Married-civ-spouse,Technical, Husband,*,Male,5013,0,40,Europe,<=50K
31703,"[30, 40[", Private,345522,High School,9,Married-civ-spouse,Other, Husband,*,Male,3103,0,70,North America,>50K
31704,"[40, 50[", Private,330087,High School,9,Married-civ-spouse,Technical, Husband,*,Male,0,0,40,North America,<=50K
31705,"[50, 60[", Self-emp-not-inc,204322,High School,9,Married-civ-spouse,Other, Husband,*,Male,0,0,50,North America,<=50K
31706,"[20, 30[", Private,50295,Undergraduate,10,Married-civ-spouse,Nontechnical, Husband,*,Male,0,0,48,North America,<=50K
31707,"[30, 40[", Self-emp-not-inc,147258,Professional Education,11,Never-married,Other, Own-child,*,Male,0,0,65,North America,<=50K
31708,"[10, 20[", Private,194260,Undergraduate,10,Never-married,Nontechnical, Own-child,*,Female,0,0,20,North America,<=50K
31709,"[50, 60[", Private,437727,High School,5,Married-civ-spouse,Nontechnical, Husband,*,Male,0,0,40,North America,<=50K
31711,"[60, 70[", ?,186611,High School,9,Never-married,Other, Not-in-family,*,Male,0,0,40,North America,<=50K
31712,"[20, 30[", Private,280960,High School,9,Married-civ-spouse,Technical, Wife,*,Female,0,0,24,North America,<=50K
31713,"[30, 40[", Private,33117,Professional Education,12,Married-civ-spouse,Other, Husband,*,Male,0,0,40,North America,<=50K
31714,"[40, 50[", Private,169628,Undergraduate,13,Never-married,Nontechnical, Unmarried,*,Female,0,0,35,North America,>50K
31715,"[20, 30[", State-gov,124942,Undergraduate,10,Never-married,Other, Own-child,*,Male,0,0,45,North America,<=50K
31716,"[40, 50[", Private,143368,Undergraduate,10,Never-married,Other, Not-in-family,*,Male,0,0,55,North America,<=50K
31717,"[30, 40[", Private,255621,High School,9,Separated,Technical, Not-in-family,*,Male,0,0,50,North America,<=50K
31718,"[30, 40[", Self-emp-inc,154227,Undergraduate,10,Never-married,Nontechnical, Not-in-family,*,Male,0,0,75,North America,<=50K
31720,"[30, 40[", Private,191524,High School,9,Divorced,Other, Unmarried,*,Female,0,0,40,North America,<=50K
31721,"[30, 40[", Private,377017,Undergraduate,10,Married-civ-spouse,Nontechnical, Husband,*,Male,0,0,32,North America,<=50K
31722,"[50, 60[", Private,192806,High School,4,Never-married,Nontechnical, Not-in-family,*,Female,0,0,33,North America,<=50K
31723,"[30, 40[", ?,259120,Undergraduate,10,Married-civ-spouse,Other, Wife,*,Female,0,0,10,North America,<=50K
31724,"[40, 50[", Local-gov,234195,High School,9,Divorced,Other, Unmarried,*,Female,0,0,35,North America,<=50K
31725,"[30, 40[", Private,147596,Undergraduate,10,Divorced,Other, Unmarried,*,Female,0,0,40,North America,<=50K
31726,"[40, 50[", Private,147251,Undergraduate,10,Married-civ-spouse,Technical, Wife,*,Female,0,0,36,North America,<=50K
31727,"[50, 60[", Private,176157,Graduate,14,Married-civ-spouse,Nontechnical, Husband,*,Male,0,0,50,North America,>50K
31728,"[20, 30[", Local-gov,176162,Professional Education,11,Never-married,Other, Own-child,*,Male,0,0,30,North America,<=50K
31729,"[30, 40[", Private,384150,Undergraduate,13,Married-civ-spouse,Nontechnical, Husband,*,Male,0,0,40,North America,>50K
31730,"[50, 60[", Private,107665,Undergraduate,10,Married-civ-spouse,Nontechnical, Husband,*,Male,0,0,40,North America,>50K
31731,"[70, 80[", ?,82635,High School,7,Married-civ-spouse,Other, Husband,*,Male,0,0,40,North America,<=50K
31732,"[60, 70[", State-gov,165827,Graduate,16,Married-civ-spouse,Technical, Husband,*,Male,0,0,55,North America,<=50K
31733,"[40, 50[", Private,287306,Professional Education,12,Married-civ-spouse,Technical, Husband,*,Male,15024,0,60,North America,>50K
31734,"[70, 80[", Self-emp-not-inc,78786,High School,4,Married-civ-spouse,Other, Husband,*,Male,0,0,10,North America,<=50K
31735,"[40, 50[", Self-emp-not-inc,33310,Professional Education,15,Divorced,Other, Not-in-family,*,Female,0,2339,35,North America,<=50K
31736,"[20, 30[", Private,349368,Undergraduate,13,Never-married,Nontechnical, Own-child,*,Female,0,0,30,North America,<=50K
31737,"[50, 60[", Private,117674,Undergraduate,13,Never-married,Technical, Not-in-family,*,Male,0,0,38,North America,<=50K
31738,"[30, 40[", Private,310889,Undergraduate,10,Never-married,Nontechnical, Not-in-family,*,Male,0,0,55,North America,<=50K
31739,"[30, 40[", ?,187167,High School,9,Separated,Other, Not-in-family,*,Female,0,0,30,North America,<=50K
31740,"[40, 50[", Private,379919,Undergraduate,10,Married-civ-spouse,Technical, Husband,*,Male,0,0,40,North America,<=50K
31741,"[30, 40[", Federal-gov,34862,Professional Education,12,Married-civ-spouse,Nontechnical, Husband,*,Male,0,0,40,North America,<=50K
31742,"[40, 50[", Private,201723,Undergraduate,13,Married-civ-spouse,Nontechnical, Husband,*,Male,15024,0,45,North America,>50K
31743,"[30, 40[", Local-gov,161463,Professional Education,15,Married-civ-spouse,Technical, Husband,*,Male,0,0,40,North America,>50K
31746,"[30, 40[", Private,42044,High School,7,Married-civ-spouse,Other, Husband,*,Male,0,0,40,North America,<=50K
31747,"[40, 50[", Private,170230,Undergraduate,13,Divorced,Nontechnical, Not-in-family,*,Female,0,0,55,North America,>50K
31748,"[40, 50[", Private,341358,Professional Education,11,Married-civ-spouse,Nontechnical, Husband,*,Male,0,0,40,North America,>50K
31749,"[20, 30[", Private,199426,Undergraduate,10,Never-married,Nontechnical, Not-in-family,*,Female,0,0,17,North America,<=50K
31750,"[40, 50[", Private,89172,Undergraduate,13,Married-civ-spouse,Technical, Husband,*,Male,0,0,50,North America,>50K
31752,"[30, 40[", Private,140673,Undergraduate,10,Married-civ-spouse,Nontechnical, Wife,*,Female,0,0,40,North America,>50K
31753,"[20, 30[", ?,71788,Undergraduate,10,Never-married,Other, Own-child,*,Female,0,0,18,North America,<=50K
31754,"[20, 30[", State-gov,326033,Undergraduate,13,Never-married,Other, Not-in-family,*,Female,0,0,80,North America,<=50K
31755,"[30, 40[", Private,129305,High School,9,Never-married,Other, Not-in-family,*,Male,0,0,30,North America,<=50K
31756,"[20, 30[", Private,171067,High School,9,Never-married,Nontechnical, Own-child,*,Female,0,0,40,North America,<=50K
31758,"[10, 20[", ?,171461,High School,6,Never-married,Other, Own-child,*,Female,0,0,20,North America,<=50K
31759,"[10, 20[", Private,257980,High School,9,Never-married,Technical, Not-in-family,*,Male,0,0,40,North America,<=50K
31760,"[20, 30[", Private,182866,High School,9,Never-married,Technical, Own-child,*,Male,0,0,40,North America,<=50K
31761,"[40, 50[", Self-emp-inc,69333,Undergraduate,13,Married-civ-spouse,Technical, Husband,*,Male,0,0,50,North America,>50K
31763,"[30, 40[", Private,132879,Undergraduate,10,Married-civ-spouse,Nontechnical, Husband,*,Male,0,0,50,North America,>50K
31764,"[60, 70[", Private,181219,Undergraduate,13,Married-civ-spouse,Technical, Husband,*,Male,0,1848,40,North America,>50K
31765,"[10, 20[", ?,166018,Undergraduate,10,Never-married,Other, Own-child,*,Female,0,0,40,North America,<=50K
31767,"[10, 20[", Private,183532,Undergraduate,10,Never-married,Nontechnical, Own-child,*,Male,0,0,25,North America,<=50K
31768,"[40, 50[", Private,49298,Undergraduate,13,Never-married,Technical, Own-child,*,Male,0,0,40,North America,<=50K
31769,"[20, 30[", Private,157332,Undergraduate,10,Never-married,Other, Own-child,*,Female,0,0,25,North America,<=50K
31771,"[20, 30[", Private,31143,Undergraduate,10,Never-married,Technical, Not-in-family,*,Male,0,0,40,North America,<=50K
31772,"[10, 20[", ?,256173,High School,6,Never-married,Other, Own-child,*,Female,0,0,15,North America,<=50K
31773,"[20, 30[", Private,184872,Undergraduate,13,Married-civ-spouse,Nontechnical, Wife,*,Female,0,0,55,North America,>50K
31774,"[50, 60[", Private,202652,High School,9,Separated,Other, Unmarried,*,Female,0,0,40,North America,<=50K
31775,"[60, 70[", ?,101602,Graduate,16,Married-civ-spouse,Other, Husband,*,Male,0,0,25,North America,>50K
31778,"[30, 40[", Private,141420,Undergraduate,13,Divorced,Nontechnical, Not-in-family,*,Male,0,0,30,North America,<=50K
31779,"[40, 50[", Private,159389,Professional Education,12,Never-married,Other, Not-in-family,*,Female,0,0,40,North America,<=50K
31780,"[60, 70[", Private,254534,Undergraduate,10,Married-civ-spouse,Nontechnical, Husband,*,Male,0,0,40,North America,<=50K
31781,"[30, 40[", State-gov,89508,Professional Education,15,Never-married,Technical, Not-in-family,*,Male,0,0,40,North America,<=50K
31782,"[30, 40[", Self-emp-not-inc,238980,Undergraduate,10,Never-married,Nontechnical, Not-in-family,*,Male,0,0,60,North America,<=50K
31783,"[50, 60[", Private,178946,High School,9,Married-civ-spouse,Technical, Husband,*,Male,0,0,48,North America,>50K
31784,"[30, 40[", Private,204752,Undergraduate,13,Never-married,Nontechnical, Not-in-family,*,Male,0,0,50,North America,<=50K
31786,"[50, 60[", Private,102615,High School,9,Married-civ-spouse,Nontechnical, Husband,*,Male,0,1902,40,North America,>50K
31788,"[50, 60[", Local-gov,175339,Undergraduate,13,Married-civ-spouse,Other, Husband,*,Male,0,0,40,North America,>50K
31789,"[20, 30[", Private,90547,High School,9,Married-civ-spouse,Other, Wife,*,Female,0,0,23,North America,<=50K
31790,"[20, 30[", ?,449101,High School,9,Married-civ-spouse,Other, Own-child,*,Female,0,0,30,North America,<=50K
31791,"[40, 50[", Self-emp-not-inc,101722,Undergraduate,10,Married-civ-spouse,Nontechnical, Husband,*,Male,3137,0,40,North America,<=50K
31792,"[30, 40[", ?,981628,High School,9,Divorced,Other, Unmarried,*,Male,0,0,40,North America,<=50K
31793,"[50, 60[", ?,147989,High School,9,Widowed,Other, Not-in-family,*,Female,0,0,35,North America,<=50K
31794,"[30, 40[", Self-emp-inc,204470,Undergraduate,10,Married-civ-spouse,Nontechnical, Husband,*,Male,0,0,36,North America,>50K
31795,"[50, 60[", Local-gov,311409,Graduate,14,Married-civ-spouse,Technical, Husband,*,Male,7688,0,30,North America,>50K
31797,"[30, 40[", Private,218015,Undergraduate,10,Married-civ-spouse,Technical, Husband,*,Male,0,0,48,North America,<=50K
31798,"[30, 40[", State-gov,77634,Primary School,1,Never-married,Other, Not-in-family,*,Male,0,0,24,North America,<=50K
31799,"[50, 60[", Self-emp-not-inc,42984,Professional Education,15,Married-civ-spouse,Technical, Husband,*,Male,0,0,70,North America,>50K
31800,"[20, 30[", Private,413297,Undergraduate,10,Married-civ-spouse,Nontechnical, Husband,*,Male,3411,0,70,North America,<=50K
31802,"[30, 40[", Private,341051,Graduate,14,Married-civ-spouse,Nontechnical, Husband,*,Male,15024,0,60,North America,>50K
31803,"[50, 60[", Private,252419,High School,7,Married-civ-spouse,Other, Husband,*,Male,0,0,50,North America,<=50K
31804,"[20, 30[", Federal-gov,347935,Undergraduate,10,Never-married,Other, Own-child,*,Male,0,0,40,North America,<=50K
31805,"[10, 20[", Private,237848,Undergraduate,10,Never-married,Other, Own-child,*,Male,0,0,3,North America,<=50K
31806,"[60, 70[", Private,174826,High School,9,Divorced,Other, Not-in-family,*,Female,0,0,40,North America,<=50K
31807,"[50, 60[", Self-emp-not-inc,170086,Undergraduate,13,Married-civ-spouse,Technical, Husband,*,Male,0,0,45,North America,>50K
31808,"[50, 60[", Private,470368,Professional Education,12,Divorced,Other, Unmarried,*,Female,0,0,48,North America,<=50K
31809,"[50, 60[", Federal-gov,75235,High School,9,Married-civ-spouse,Nontechnical, Husband,*,Male,5178,0,40,North America,>50K
31810,"[30, 40[", ?,35854,Undergraduate,10,Never-married,Other, Own-child,*,Female,0,0,40,North America,<=50K
31811,"[20, 30[", Private,746432,High School,9,Never-married,Nontechnical, Own-child,*,Male,0,0,48,North America,<=50K
31812,"[40, 50[", Self-emp-not-inc,258498,Undergraduate,10,Married-civ-spouse,Other, Wife,*,Female,0,0,52,North America,<=50K
31813,"[40, 50[", Private,176063,Undergraduate,13,Married-civ-spouse,Nontechnical, Husband,*,Male,0,0,45,North America,<=50K
31815,"[50, 60[", Private,104724,Graduate,16,Married-civ-spouse,Technical, Husband,*,Male,0,0,40,North America,>50K
31816,"[40, 50[", Private,346321,Graduate,14,Married-civ-spouse,Technical, Husband,*,Male,0,0,45,North America,>50K
31818,"[20, 30[", Private,153078,Professional Education,15,Never-married,Technical, Own-child,*,Male,0,0,40,North America,<=50K
31819,"[40, 50[", Private,176063,Professional Education,11,Married-civ-spouse,Nontechnical, Husband,*,Male,15024,0,55,North America,>50K
31820,"[30, 40[", Private,451059,High School,5,Married-civ-spouse,Nontechnical, Husband,*,Male,0,0,40,North America,<=50K
31821,"[30, 40[", ?,229533,High School,9,Married-civ-spouse,Other, Husband,*,Male,0,0,40,North America,<=50K
31822,"[30, 40[", Private,106437,High School,9,Separated,Other, Unmarried,*,Female,0,0,40,North America,<=50K
31823,"[50, 60[", Local-gov,294313,Undergraduate,10,Married-civ-spouse,Other, Wife,*,Female,0,0,55,North America,<=50K
31825,"[40, 50[", Private,133669,Undergraduate,10,Married-civ-spouse,Other, Husband,*,Male,0,0,40,North America,>50K
31826,"[30, 40[", Self-emp-inc,251730,Undergraduate,10,Married-civ-spouse,Other, Husband,*,Male,0,0,60,North America,>50K
31827,"[40, 50[", Private,72896,Undergraduate,10,Married-civ-spouse,Nontechnical, Husband,*,Male,0,0,50,North America,<=50K
31828,"[40, 50[", Private,155664,Graduate,14,Married-civ-spouse,Nontechnical, Husband,*,Male,99999,0,55,North America,>50K
31829,"[30, 40[", Private,206520,High School,9,Never-married,Other, Not-in-family,*,Male,0,0,45,North America,<=50K
31831,"[40, 50[", Local-gov,34640,High School,9,Married-civ-spouse,Nontechnical, Husband,*,Male,0,1887,40,North America,>50K
31832,"[30, 40[", Private,236543,Undergraduate,10,Married-civ-spouse,Technical, Husband,*,Male,0,0,68,North America,<=50K
31833,"[30, 40[", Local-gov,43702,Professional Education,11,Married-civ-spouse,Other, Wife,*,Female,0,0,37,North America,<=50K
31834,"[40, 50[", Private,335248,Undergraduate,10,Divorced,Other, Not-in-family,*,Female,0,0,40,North America,<=50K
31835,"[20, 30[", Private,198197,Undergraduate,13,Never-married,Technical, Not-in-family,*,Male,0,0,45,North America,<=50K
31837,"[30, 40[", Private,160594,Professional Education,12,Never-married,Technical, Own-child,*,Male,0,0,3,North America,<=50K
31838,"[30, 40[", Local-gov,231826,High School,9,Married-civ-spouse,Technical, Husband,*,Male,0,0,40,North America,<=50K
31839,"[20, 30[", Private,188171,Professional Education,12,Never-married,Other, Own-child,*,Male,0,0,60,North America,<=50K
31840,"[50, 60[", Private,125000,High School,9,Married-civ-spouse,Technical, Husband,*,Male,0,0,40,North America,>50K
31841,"[30, 40[", Private,166509,High School,9,Divorced,Technical, Not-in-family,*,Female,0,0,40,North America,<=50K
31842,"[40, 50[", Private,402367,Undergraduate,10,Married-civ-spouse,Other, Husband,*,Male,7688,0,45,North America,>50K
31843,"[60, 70[", Local-gov,204123,Undergraduate,13,Married-civ-spouse,Technical, Husband,*,Male,0,0,10,North America,<=50K
31844,"[50, 60[", Self-emp-inc,220786,Undergraduate,10,Widowed,Nontechnical, Not-in-family,*,Female,0,0,60,North America,<=50K
31845,"[40, 50[", Private,254146,Undergraduate,10,Married-civ-spouse,Technical, Husband,*,Male,0,1902,40,North America,>50K
31846,"[20, 30[", Local-gov,152461,Undergraduate,13,Never-married,Technical, Not-in-family,*,Female,0,0,42,North America,<=50K
31847,"[10, 20[", Private,223669,Undergraduate,10,Never-married,Other, Own-child,*,Male,0,0,30,North America,<=50K
31848,"[50, 60[", Private,120270,Professional Education,11,Married-civ-spouse,Nontechnical, Husband,*,Male,0,0,40,North America,>50K
31849,"[20, 30[", Self-emp-not-inc,304602,Professional Education,11,Never-married,Other, Own-child,*,Male,0,0,98,North America,<=50K
31851,"[40, 50[", Self-emp-not-inc,32546,Professional Education,15,Divorced,Technical, Unmarried,*,Male,7430,0,40,North America,>50K
31852,"[40, 50[", Private,93885,Undergraduate,10,Divorced,Nontechnical, Unmarried,*,Female,0,0,48,North America,<=50K
31853,"[20, 30[", Private,210765,High School,9,Never-married,Technical, Own-child,*,Male,0,0,40,North America,<=50K
31854,"[30, 40[", Private,191276,Professional Education,11,Divorced,Nontechnical, Unmarried,*,Female,0,0,40,North America,<=50K
31855,>=80, Self-emp-not-inc,71438,High School,9,Married-civ-spouse,Other, Husband,*,Male,0,0,20,North America,<=50K
31856,"[20, 30[", Private,330571,Undergraduate,13,Never-married,Technical, Not-in-family,*,Female,0,0,16,North America,<=50K
31857,"[40, 50[", Local-gov,138634,High School,9,Married-civ-spouse,Nontechnical, Husband,*,Male,0,0,40,North America,<=50K
31858,"[30, 40[", Private,112264,High School,9,Married-civ-spouse,Nontechnical, Husband,*,Male,0,0,50,North America,<=50K
31859,"[20, 30[", Private,205865,High School,9,Never-married,Nontechnical, Unmarried,*,Male,0,0,45,North America,<=50K
31860,"[20, 30[", Private,224640,Undergraduate,10,Never-married,Nontechnical, Own-child,*,Female,0,0,40,North America,<=50K
31861,"[20, 30[", Private,180758,Undergraduate,10,Married-civ-spouse,Nontechnical, Husband,*,Male,0,0,30,North America,<=50K
31862,"[20, 30[", ?,499935,Professional Education,11,Never-married,Other, Unmarried,*,Female,0,0,40,North America,<=50K
31863,"[40, 50[", Self-emp-not-inc,107762,Undergraduate,13,Married-civ-spouse,Nontechnical, Husband,*,Male,0,0,45,North America,<=50K
31864,"[10, 20[", Private,214787,High School,8,Never-married,Other, Own-child,*,Female,0,0,25,North America,<=50K
31865,"[20, 30[", Private,211032,Primary School,2,Never-married,Technical, Not-in-family,*,Male,0,0,40,North America,<=50K
31866,"[30, 40[", Private,208353,High School,9,Never-married,Technical, Own-child,*,Male,0,0,40,North America,<=50K
31867,"[10, 20[", Private,157273,High School,6,Never-married,Other, Other-relative,*,Male,0,0,15,North America,<=50K
31868,"[30, 40[", Private,75891,Undergraduate,13,Divorced,Technical, Unmarried,*,Female,0,0,40,North America,<=50K
31869,"[30, 40[", Self-emp-inc,177675,Undergraduate,10,Married-civ-spouse,Nontechnical, Husband,*,Male,0,0,65,North America,>50K
31870,"[40, 50[", Private,182370,High School,9,Married-civ-spouse,Technical, Husband,*,Male,0,0,40,North America,<=50K
31871,"[10, 20[", ?,200525,High School,7,Never-married,Other, Own-child,*,Female,0,0,25,North America,<=50K
31872,"[30, 40[", Private,174242,Undergraduate,13,Married-civ-spouse,Nontechnical, Husband,*,Male,15024,0,60,North America,>50K
31874,"[30, 40[", Private,30290,High School,9,Never-married,Technical, Not-in-family,*,Female,0,0,40,North America,<=50K
31875,"[60, 70[", Private,240951,High School,9,Divorced,Other, Other-relative,*,Female,0,0,40,North America,<=50K
31876,"[50, 60[", Private,183810,High School,9,Married-civ-spouse,Other, Husband,*,Male,0,0,24,North America,<=50K
31877,"[40, 50[", Private,94342,Undergraduate,13,Married-civ-spouse,Technical, Husband,*,Male,0,0,60,North America,<=50K
31878,"[60, 70[", Self-emp-inc,148577,High School,9,Married-civ-spouse,Nontechnical, Husband,*,Male,0,0,55,North America,>50K
31879,"[20, 30[", Private,103634,High School,9,Divorced,Other, Not-in-family,*,Male,0,0,38,North America,<=50K
31880,"[50, 60[", Self-emp-not-inc,83542,Professional Education,12,Divorced,Technical, Not-in-family,*,Male,0,0,40,North America,<=50K
31881,"[50, 60[", Federal-gov,76131,Undergraduate,10,Married-civ-spouse,Nontechnical, Wife,*,Female,0,0,40,North America,>50K
31882,"[40, 50[", Federal-gov,262402,Undergraduate,13,Never-married,Nontechnical, Not-in-family,*,Female,0,0,40,North America,<=50K
31883,"[20, 30[", Private,198286,Undergraduate,10,Never-married,Other, Not-in-family,*,Female,0,0,34,North America,<=50K
31884,"[40, 50[", Self-emp-inc,145441,Graduate,14,Married-civ-spouse,Nontechnical, Husband,*,Male,0,0,50,North America,>50K
31885,"[30, 40[", ?,273558,Undergraduate,10,Never-married,Other, Not-in-family,*,Male,0,0,30,North America,<=50K
31886,"[50, 60[", Local-gov,117496,Undergraduate,13,Married-civ-spouse,Technical, Wife,*,Female,0,0,24,North America,<=50K
31887,"[30, 40[", Private,128876,High School,6,Married-civ-spouse,Technical, Husband,*,Male,0,0,40,North America,<=50K
31888,"[20, 30[", Private,199698,High School,9,Never-married,Other, Own-child,*,Male,0,0,45,North America,<=50K
31889,"[30, 40[", Private,65390,Professional Education,12,Married-civ-spouse,Technical, Husband,*,Male,0,0,45,North America,<=50K
31890,"[40, 50[", Private,128645,Undergraduate,10,Divorced,Technical, Not-in-family,*,Female,0,0,40,North America,<=50K
31891,"[50, 60[", Private,53481,Undergraduate,10,Married-civ-spouse,Nontechnical, Husband,*,Male,0,0,50,North America,<=50K
31892,"[50, 60[", Private,92215,High School,9,Never-married,Other, Not-in-family,*,Female,0,0,45,North America,<=50K
31894,"[50, 60[", Self-emp-inc,187502,Undergraduate,10,Married-civ-spouse,Technical, Husband,*,Male,0,0,50,North America,>50K
31895,"[30, 40[", Private,242080,Undergraduate,10,Married-civ-spouse,Nontechnical, Husband,*,Male,0,0,55,North America,>50K
31896,"[20, 30[", Private,41837,Undergraduate,10,Never-married,Other, Own-child,*,Male,0,0,25,North America,<=50K
31897,"[20, 30[", Private,291374,High School,8,Never-married,Nontechnical, Unmarried,*,Female,0,0,40,North America,<=50K
31898,"[40, 50[", Private,148995,Undergraduate,13,Married-civ-spouse,Nontechnical, Husband,*,Male,0,2415,60,North America,>50K
31899,"[50, 60[", Private,159008,Undergraduate,10,Married-civ-spouse,Other, Husband,*,Male,0,0,56,North America,<=50K
31900,"[30, 40[", Private,271013,High School,9,Divorced,Nontechnical, Not-in-family,*,Male,0,0,40,North America,<=50K
31901,"[30, 40[", Private,199046,Undergraduate,13,Never-married,Nontechnical, Not-in-family,*,Female,0,0,40,North America,<=50K
31903,"[30, 40[", Local-gov,116960,Graduate,14,Married-civ-spouse,Technical, Husband,*,Male,0,1887,40,North America,>50K
31904,"[50, 60[", Private,100054,High School,6,Never-married,Other, Not-in-family,*,Male,0,0,40,North America,<=50K
31905,"[10, 20[", Private,183824,High School,8,Never-married,Other, Own-child,*,Male,0,0,30,North America,<=50K
31906,"[40, 50[", Private,313925,Professional Education,12,Married-civ-spouse,Technical, Wife,*,Female,0,0,30,North America,>50K
31907,"[40, 50[", Private,379883,Graduate,14,Married-civ-spouse,Technical, Husband,*,Male,0,0,40,North America,>50K
31908,"[70, 80[", ?,92593,Undergraduate,10,Widowed,Other, Not-in-family,*,Female,0,0,25,North America,<=50K
31909,"[20, 30[", Private,189777,High School,9,Married-civ-spouse,Technical, Husband,*,Male,0,0,40,North America,<=50K
31911,"[30, 40[", Private,127451,Undergraduate,10,Married-civ-spouse,Technical, Husband,*,Male,0,0,38,North America,>50K
31912,"[60, 70[", ?,31577,High School,9,Married-civ-spouse,Other, Husband,*,Male,0,0,18,North America,<=50K
31913,"[10, 20[", ?,90230,High School,9,Never-married,Other, Own-child,*,Male,0,0,20,North America,<=50K
31915,"[30, 40[", Self-emp-not-inc,175732,High School,9,Never-married,Technical, Not-in-family,*,Male,0,0,15,North America,<=50K
31916,"[10, 20[", Private,218889,High School,5,Never-married,Other, Own-child,*,Male,0,0,35,North America,<=50K
31917,"[40, 50[", Private,117605,High School,5,Divorced,Nontechnical, Not-in-family,*,Male,0,0,35,North America,<=50K
31918,"[20, 30[", Private,154571,Undergraduate,10,Never-married,Technical, Not-in-family,*,Male,0,0,45,North America,>50K
31919,"[40, 50[", Private,228057,High School,4,Married-civ-spouse,Technical, Wife,*,Female,0,0,40,North America,<=50K
31920,"[30, 40[", Private,173998,Undergraduate,10,Never-married,Other, Not-in-family,*,Female,0,0,60,North America,<=50K
31921,"[20, 30[", Private,90752,Undergraduate,13,Married-civ-spouse,Other, Wife,*,Female,0,0,40,North America,<=50K
31922,"[50, 60[", Private,51008,High School,9,Divorced,Other, Unmarried,*,Female,0,0,40,North America,<=50K
31923,"[50, 60[", Federal-gov,113398,Undergraduate,10,Never-married,Other, Unmarried,*,Male,0,0,40,North America,<=50K
31924,"[20, 30[", Private,74977,Undergraduate,10,Married-civ-spouse,Other, Wife,*,Female,0,0,40,North America,<=50K
31925,"[40, 50[", Private,101593,Undergraduate,13,Married-civ-spouse,Technical, Husband,*,Male,0,0,50,North America,<=50K
31926,"[20, 30[", Private,228346,Professional Education,11,Never-married,Technical, Not-in-family,*,Male,0,0,50,North America,<=50K
31927,"[60, 70[", Private,180418,High School,7,Married-civ-spouse,Technical, Husband,*,Male,0,0,40,North America,<=50K
31928,"[40, 50[", Private,44489,High School,9,Married-civ-spouse,Other, Husband,*,Male,0,0,45,North America,<=50K
31929,"[40, 50[", Self-emp-not-inc,277488,High School,9,Married-civ-spouse,Other, Husband,*,Male,0,0,30,North America,<=50K
31930,"[20, 30[", Private,103064,High School,9,Never-married,Nontechnical, Own-child,*,Female,0,0,55,North America,<=50K
31931,"[30, 40[", Private,226872,Undergraduate,13,Divorced,Nontechnical, Not-in-family,*,Female,0,0,40,North America,<=50K
31932,"[40, 50[", Self-emp-not-inc,330416,Undergraduate,10,Never-married,Other, Not-in-family,*,Male,0,0,60,North America,<=50K
31933,"[20, 30[", Private,186495,High School,9,Divorced,Other, Not-in-family,*,Female,0,0,32,North America,<=50K
31934,"[40, 50[", State-gov,205712,Undergraduate,10,Married-civ-spouse,Other, Husband,*,Male,0,0,38,North America,<=50K
31935,"[10, 20[", Private,217743,High School,7,Never-married,Nontechnical, Own-child,*,Female,0,0,40,North America,<=50K
31936,"[50, 60[", Self-emp-inc,52565,Undergraduate,10,Married-civ-spouse,Nontechnical, Husband,*,Male,0,1485,40,North America,<=50K
31937,"[20, 30[", Private,239954,Undergraduate,10,Never-married,Other, Other-relative,*,Male,0,0,40,North America,<=50K
31938,"[40, 50[", Self-emp-not-inc,349986,Undergraduate,13,Married-civ-spouse,Technical, Husband,*,Male,0,0,60,North America,>50K
31939,"[40, 50[", Private,117585,High School,9,Married-civ-spouse,Nontechnical, Husband,*,Male,0,1485,40,North America,>50K
31940,"[60, 70[", Self-emp-not-inc,122094,High School,9,Married-civ-spouse,Technical, Husband,*,Male,0,0,15,North America,<=50K
31941,"[60, 70[", Self-emp-not-inc,26857,High School,4,Widowed,Other, Other-relative,*,Female,0,0,35,North America,<=50K
31942,"[20, 30[", Local-gov,192321,Undergraduate,13,Never-married,Technical, Own-child,*,Female,0,0,40,North America,<=50K
31943,"[20, 30[", Private,88095,Undergraduate,10,Never-married,Technical, Not-in-family,*,Female,0,0,24,North America,<=50K
31945,"[30, 40[", Private,124187,High School,5,Married-civ-spouse,Other, Husband,*,Male,0,0,40,North America,<=50K
31946,"[40, 50[", Private,123681,Graduate,14,Married-civ-spouse,Technical, Husband,*,Male,0,0,43,North America,>50K
31947,"[60, 70[", Private,145638,Undergraduate,10,Divorced,Nontechnical, Not-in-family,*,Female,0,0,40,North America,<=50K
31949,"[40, 50[", Federal-gov,197038,Undergraduate,13,Married-civ-spouse,Technical, Husband,*,Male,0,0,50,North America,<=50K
31950,"[30, 40[", Private,189092,Undergraduate,13,Married-civ-spouse,Nontechnical, Husband,*,Male,0,0,40,North America,>50K
31951,"[30, 40[", Self-emp-not-inc,198841,High School,7,Married-civ-spouse,Other, Husband,*,Male,0,0,40,North America,<=50K
31952,"[50, 60[", Private,317969,High School,9,Married-civ-spouse,Nontechnical, Husband,*,Male,0,0,50,North America,<=50K
31953,"[30, 40[", Private,103121,Undergraduate,13,Married-civ-spouse,Nontechnical, Wife,*,Female,0,1848,40,North America,>50K
31954,"[30, 40[", Private,111589,High School,6,Never-married,Other, Unmarried,*,Female,0,0,40,North America,<=50K
31955,"[40, 50[", Local-gov,267952,Professional Education,11,Divorced,Nontechnical, Not-in-family,*,Female,0,0,36,North America,<=50K
31956,"[20, 30[", Private,63899,High School,7,Never-married,Other, Other-relative,*,Female,0,0,40,North America,<=50K
31957,"[20, 30[", Private,473625,High School,9,Married-civ-spouse,Other, Wife,*,Female,0,0,30,North America,<=50K
31958,"[40, 50[", Private,187901,High School,9,Divorced,Other, Not-in-family,*,Male,0,2258,44,North America,>50K
31959,"[10, 20[", Private,24090,High School,9,Never-married,Nontechnical, Own-child,*,Female,0,0,35,North America,<=50K
31960,"[30, 40[", Self-emp-inc,102729,Professional Education,12,Married-civ-spouse,Technical, Husband,*,Male,0,0,70,North America,<=50K
31961,"[30, 40[", Private,91666,High School,8,Divorced,Nontechnical, Not-in-family,*,Male,0,0,40,North America,<=50K
31962,"[20, 30[", Private,215873,High School,9,Never-married,Technical, Own-child,*,Male,0,0,40,North America,<=50K
31963,"[30, 40[", Private,152109,High School,9,Married-civ-spouse,Technical, Husband,*,Male,0,0,48,North America,<=50K
31964,"[20, 30[", Private,175586,High School,9,Never-married,Technical, Unmarried,*,Female,0,0,40,North America,<=50K
31965,"[30, 40[", Private,232614,High School,9,Divorced,Other, Unmarried,*,Female,0,0,30,North America,<=50K
31966,"[50, 60[", State-gov,229465,Graduate,16,Married-civ-spouse,Technical, Husband,*,Male,0,0,50,North America,>50K
31967,"[40, 50[", Private,147110,Undergraduate,10,Divorced,Other, Own-child,*,Male,14344,0,40,North America,>50K
31968,"[40, 50[", Local-gov,161240,High School,9,Married-civ-spouse,Other, Husband,*,Male,0,0,45,North America,>50K
31969,"[20, 30[", Private,358124,High School,9,Never-married,Other, Other-relative,*,Female,0,0,52,North America,<=50K
31970,"[40, 50[", Private,222529,Undergraduate,13,Married-civ-spouse,Other, Husband,*,Male,0,0,65,North America,<=50K
31971,"[30, 40[", Self-emp-not-inc,338320,Graduate,14,Never-married,Nontechnical, Not-in-family,*,Male,0,0,60,North America,<=50K
31972,"[40, 50[", Self-emp-inc,62026,Professional Education,15,Married-civ-spouse,Nontechnical, Husband,*,Male,99999,0,40,North America,>50K
31973,"[20, 30[", Private,263886,Undergraduate,10,Never-married,Nontechnical, Not-in-family,*,Female,0,0,20,North America,<=50K
31974,"[50, 60[", Private,310774,Undergraduate,13,Married-civ-spouse,Nontechnical, Husband,*,Male,0,0,35,North America,<=50K
31975,"[20, 30[", Private,98155,Undergraduate,10,Never-married,Technical, Own-child,*,Male,0,0,40,North America,<=50K
31976,"[40, 50[", Private,259307,Undergraduate,10,Never-married,Nontechnical, Not-in-family,*,Male,0,0,50,North America,<=50K
31977,"[30, 40[", Private,358753,Professional Education,11,Married-civ-spouse,Technical, Husband,*,Male,7688,0,40,North America,>50K
31978,"[40, 50[", Private,29762,High School,9,Married-civ-spouse,Technical, Husband,*,Male,0,0,52,North America,>50K
31979,"[30, 40[", Private,202729,High School,9,Married-civ-spouse,Other, Own-child,*,Male,0,0,40,North America,<=50K
31980,"[10, 20[", Private,28790,Undergraduate,10,Never-married,Other, Not-in-family,*,Female,0,0,40,North America,<=50K
31981,"[20, 30[", Private,53209,High School,9,Never-married,Other, Own-child,*,Male,0,0,40,North America,<=50K
31982,"[30, 40[", Local-gov,169020,Undergraduate,13,Married-civ-spouse,Technical, Husband,*,Male,0,0,40,North America,<=50K
31983,"[30, 40[", Private,127195,Undergraduate,10,Married-civ-spouse,Nontechnical, Husband,*,Male,0,0,40,North America,<=50K
31984,"[40, 50[", Private,211731,Undergraduate,10,Never-married,Other, Not-in-family,*,Female,0,0,40,North America,<=50K
31986,"[40, 50[", Private,259463,Professional Education,11,Married-civ-spouse,Technical, Husband,*,Male,0,0,40,North America,>50K
31987,"[20, 30[", Private,228411,Undergraduate,10,Never-married,Nontechnical, Not-in-family,*,Male,0,0,35,North America,<=50K
31988,"[20, 30[", Private,117827,Undergraduate,10,Married-civ-spouse,Other, Husband,*,Male,0,0,40,North America,<=50K
31989,"[20, 30[", Federal-gov,57216,Undergraduate,10,Never-married,Other, Own-child,*,Male,0,0,20,North America,<=50K
31990,"[40, 50[", State-gov,250821,Professional Education,15,Married-civ-spouse,Nontechnical, Husband,*,Male,15024,0,40,North America,>50K
31991,"[40, 50[", Self-emp-inc,88564,Undergraduate,10,Divorced,Other, Not-in-family,*,Male,0,0,45,North America,<=50K
31992,"[40, 50[", Private,172822,High School,9,Married-civ-spouse,Technical, Husband,*,Male,0,0,52,North America,>50K
31993,"[10, 20[", Private,251579,Undergraduate,10,Never-married,Other, Own-child,*,Male,0,0,14,North America,<=50K
31994,"[30, 40[", Private,118399,High School,7,Married-civ-spouse,Technical, Husband,*,Male,0,0,40,North America,<=50K
31995,"[30, 40[", Self-emp-inc,178383,Undergraduate,10,Married-civ-spouse,Technical, Husband,*,Male,0,0,70,North America,<=50K
31996,"[40, 50[", Self-emp-not-inc,170866,Professional Education,12,Married-civ-spouse,Other, Husband,*,Male,0,0,50,North America,>50K
31997,"[60, 70[", ?,268954,Undergraduate,10,Married-civ-spouse,Other, Husband,*,Male,0,0,12,North America,>50K
31998,"[50, 60[", ?,89951,High School,8,Married-civ-spouse,Other, Wife,*,Female,0,0,40,North America,>50K
31999,"[20, 30[", Private,203894,Undergraduate,10,Never-married,Nontechnical, Own-child,*,Female,0,0,15,North America,<=50K
32000,"[20, 30[", Private,237065,Undergraduate,10,Divorced,Other, Own-child,*,Male,0,0,38,North America,<=50K
32001,"[50, 60[", Local-gov,108435,Graduate,14,Married-civ-spouse,Technical, Husband,*,Male,0,0,80,North America,>50K
32002,"[30, 40[", Private,93213,Professional Education,12,Married-civ-spouse,Technical, Husband,*,Male,0,0,62,North America,<=50K
32003,"[50, 60[", Self-emp-inc,231230,Undergraduate,13,Married-civ-spouse,Nontechnical, Husband,*,Male,0,0,25,North America,<=50K
32004,"[40, 50[", Private,386175,Undergraduate,10,Divorced,Nontechnical, Not-in-family,*,Male,0,0,50,North America,>50K
32005,"[30, 40[", Private,128392,High School,9,Married-civ-spouse,Technical, Husband,*,Male,0,1887,40,North America,>50K
32006,"[20, 30[", Private,223515,High School,9,Married-civ-spouse,Technical, Husband,*,Male,0,0,45,North America,<=50K
32007,"[50, 60[", Private,208630,High School,9,Divorced,Other, Unmarried,*,Female,0,1741,38,North America,<=50K
32009,"[40, 50[", Private,174295,Graduate,14,Married-civ-spouse,Technical, Husband,*,Male,0,0,55,North America,<=50K
32010,"[30, 40[", Private,60229,High School,9,Married-civ-spouse,Technical, Husband,*,Male,0,0,40,North America,<=50K
32011,"[20, 30[", Private,66095,High School,9,Married-civ-spouse,Nontechnical, Husband,*,Male,0,0,40,North America,<=50K
32012,"[30, 40[", Federal-gov,130057,Graduate,14,Married-civ-spouse,Nontechnical, Husband,*,Male,7688,0,60,North America,>50K
32013,"[60, 70[", Private,179743,High School,9,Married-civ-spouse,Technical, Husband,*,Male,0,2051,20,North America,<=50K
32014,"[20, 30[", Private,192022,Undergraduate,13,Never-married,Technical, Own-child,*,Female,0,0,40,North America,<=50K
32015,"[40, 50[", Private,45288,Undergraduate,13,Never-married,Other, Not-in-family,*,Male,0,0,40,North America,<=50K
32016,"[60, 70[", ?,178764,High School,9,Married-civ-spouse,Other, Husband,*,Male,0,0,40,North America,>50K
32017,"[50, 60[", Private,99476,Graduate,14,Divorced,Technical, Not-in-family,*,Female,0,0,35,North America,<=50K
32018,"[10, 20[", Private,41973,High School,7,Never-married,Other, Own-child,*,Female,0,0,5,North America,<=50K
32019,"[20, 30[", Private,162228,Undergraduate,13,Never-married,Nontechnical, Not-in-family,*,Male,0,0,48,North America,<=50K
32020,"[20, 30[", Private,211968,Undergraduate,10,Never-married,Nontechnical, Own-child,*,Female,0,1762,28,North America,<=50K
32021,"[40, 50[", Private,211226,Professional Education,12,Married-civ-spouse,Other, Husband,*,Male,0,0,36,North America,<=50K
32022,"[30, 40[", Private,33397,High School,9,Divorced,Nontechnical, Unmarried,*,Female,0,0,40,North America,<=50K
32023,"[50, 60[", Private,120839,High School,8,Divorced,Other, Own-child,*,Male,0,0,40,North America,<=50K
32024,"[50, 60[", Private,36327,High School,9,Married-civ-spouse,Nontechnical, Husband,*,Male,0,0,40,North America,>50K
32025,"[50, 60[", Private,139703,Undergraduate,10,Married-civ-spouse,Technical, Husband,*,Male,0,0,40,North America,>50K
32026,"[20, 30[", Private,107827,High School,9,Never-married,Other, Unmarried,*,Male,0,0,25,North America,<=50K
32027,"[40, 50[", Local-gov,140219,Graduate,14,Divorced,Technical, Not-in-family,*,Female,8614,0,55,North America,>50K
32028,"[40, 50[", Local-gov,203761,Undergraduate,13,Married-civ-spouse,Technical, Husband,*,Male,0,0,40,North America,>50K
32029,"[30, 40[", Local-gov,114719,Graduate,14,Married-civ-spouse,Technical, Husband,*,Male,0,0,50,North America,>50K
32030,"[20, 30[", Private,344394,Undergraduate,10,Never-married,Other, Not-in-family,*,Female,0,0,30,North America,<=50K
32031,"[30, 40[", Private,195516,High School,4,Married-civ-spouse,Technical, Husband,*,Male,0,0,40,North America,<=50K
32032,"[40, 50[", State-gov,31627,Undergraduate,13,Married-civ-spouse,Nontechnical, Wife,*,Female,0,0,20,North America,<=50K
32033,"[70, 80[", Private,174032,High School,9,Married-civ-spouse,Nontechnical, Husband,*,Male,0,0,40,North America,<=50K
32034,"[50, 60[", Private,226875,High School,4,Married-civ-spouse,Nontechnical, Husband,*,Male,0,0,50,North America,<=50K
32035,"[40, 50[", Private,566537,Primary School,1,Married-civ-spouse,Other, Husband,*,Male,0,1672,40,North America,<=50K
32036,"[10, 20[", Private,36162,High School,7,Never-married,Technical, Own-child,*,Male,0,0,5,North America,<=50K
32037,"[40, 50[", Self-emp-not-inc,31478,Undergraduate,13,Married-civ-spouse,Nontechnical, Husband,*,Male,2829,0,60,North America,<=50K
32038,"[50, 60[", Private,294991,Undergraduate,13,Married-civ-spouse,Technical, Husband,*,Male,0,0,40,North America,>50K
32039,"[20, 30[", ?,108495,High School,9,Never-married,Other, Own-child,*,Male,0,0,40,North America,<=50K
32040,"[40, 50[", Self-emp-inc,161532,Undergraduate,13,Married-civ-spouse,Technical, Husband,*,Male,0,0,60,North America,<=50K
32041,"[20, 30[", Local-gov,332249,High School,9,Separated,Other, Own-child,*,Male,0,0,45,North America,<=50K
32042,"[30, 40[", Private,268147,Professional Education,11,Never-married,Technical, Unmarried,*,Female,0,0,60,North America,<=50K
32043,"[50, 60[", Federal-gov,317847,Undergraduate,13,Divorced,Other, Not-in-family,*,Male,0,0,40,North America,<=50K
32045,"[20, 30[", Private,184045,Undergraduate,10,Never-married,Nontechnical, Unmarried,*,Female,0,0,30,North America,<=50K
32046,"[30, 40[", Private,206609,Undergraduate,13,Married-civ-spouse,Nontechnical, Husband,*,Male,0,0,60,North America,>50K
32048,"[20, 30[", Private,213015,High School,9,Never-married,Nontechnical, Other-relative,*,Male,2176,0,40,North America,<=50K
32049,"[30, 40[", Private,313835,Graduate,14,Married-civ-spouse,Technical, Husband,*,Male,0,0,40,North America,>50K
32050,"[40, 50[", Private,66385,High School,9,Married-civ-spouse,Nontechnical, Husband,*,Male,5013,0,40,North America,<=50K
32051,"[20, 30[", Private,205940,Undergraduate,13,Never-married,Other, Own-child,*,Female,1055,0,30,North America,<=50K
32052,"[50, 60[", Self-emp-inc,260938,Undergraduate,10,Married-civ-spouse,Nontechnical, Husband,*,Male,0,0,50,North America,>50K
32053,"[30, 40[", Private,60567,High School,9,Married-civ-spouse,Technical, Husband,*,Male,3411,0,40,North America,<=50K
32054,"[20, 30[", Private,335067,Undergraduate,13,Never-married,Nontechnical, Not-in-family,*,Male,0,0,50,North America,<=50K
32055,"[30, 40[", Private,331126,High School,9,Never-married,Other, Unmarried,*,Male,0,0,30,North America,<=50K
32056,"[50, 60[", Private,156612,High School,8,Divorced,Other, Not-in-family,*,Female,0,0,40,North America,<=50K
32057,"[40, 50[", Private,188436,Undergraduate,13,Married-civ-spouse,Other, Husband,*,Male,0,0,45,North America,<=50K
32058,"[60, 70[", Private,227468,Undergraduate,10,Widowed,Other, Not-in-family,*,Female,0,0,40,North America,<=50K
32059,"[50, 60[", Private,183580,Undergraduate,10,Married-civ-spouse,Technical, Husband,*,Male,0,0,38,North America,<=50K
32060,"[50, 60[", Self-emp-not-inc,50990,High School,9,Married-civ-spouse,Other, Husband,*,Male,0,0,30,North America,<=50K
32061,"[50, 60[", Private,384246,Graduate,16,Married-civ-spouse,Technical, Husband,*,Male,0,0,50,North America,<=50K
32062,"[20, 30[", ?,375313,Undergraduate,10,Never-married,Other, Own-child,*,Male,0,0,40,Asia,<=50K
32063,"[30, 40[", Private,176410,Professional Education,11,Married-civ-spouse,Technical, Own-child,*,Female,7298,0,16,North America,>50K
32064,"[40, 50[", Private,93639,Undergraduate,13,Married-civ-spouse,Nontechnical, Wife,*,Female,0,0,43,North America,<=50K
32065,"[40, 50[", Private,30289,High School,8,Married-civ-spouse,Technical, Husband,*,Male,0,0,40,North America,<=50K
32066,"[20, 30[", Self-emp-inc,124950,Undergraduate,13,Never-married,Nontechnical, Own-child,*,Female,0,0,40,North America,<=50K
32067,"[30, 40[", Self-emp-not-inc,126675,High School,9,Married-civ-spouse,Other, Husband,*,Male,0,0,60,North America,>50K
32068,"[20, 30[", Private,145964,High School,8,Never-married,Other, Not-in-family,*,Male,0,0,40,North America,<=50K
32069,"[30, 40[", State-gov,345712,High School,9,Married-civ-spouse,Nontechnical, Husband,*,Male,0,0,40,North America,<=50K
32070,"[10, 20[", ?,97474,High School,9,Never-married,Other, Own-child,*,Female,0,0,20,North America,<=50K
32071,"[30, 40[", Private,180342,Undergraduate,13,Never-married,Nontechnical, Not-in-family,*,Male,0,0,45,North America,<=50K
32072,"[10, 20[", Private,167087,High School,9,Never-married,Other, Not-in-family,*,Female,0,0,40,North America,<=50K
32073,"[60, 70[", ?,192825,High School,4,Married-civ-spouse,Other, Husband,*,Male,0,0,25,North America,<=50K
32076,"[50, 60[", Federal-gov,293971,Undergraduate,10,Married-civ-spouse,Technical, Husband,*,Male,0,0,40,North America,>50K
32077,"[30, 40[", Private,229566,Professional Education,11,Married-civ-spouse,Other, Husband,*,Male,0,0,60,North America,>50K
32078,"[20, 30[", Private,242464,Undergraduate,13,Never-married,Other, Not-in-family,*,Male,0,0,40,North America,<=50K
32079,"[40, 50[", Private,111067,Undergraduate,13,Married-civ-spouse,Nontechnical, Husband,*,Male,0,0,80,North America,>50K
32080,"[20, 30[", ?,155697,High School,5,Never-married,Other, Own-child,*,Male,0,0,42,North America,<=50K
32081,"[40, 50[", Local-gov,106554,Undergraduate,13,Divorced,Technical, Unmarried,*,Female,0,0,40,North America,>50K
32082,"[40, 50[", Private,23776,Undergraduate,10,Married-civ-spouse,Other, Husband,*,Male,0,0,40,North America,<=50K
32083,"[50, 60[", ?,43909,High School,9,Divorced,Other, Unmarried,*,Female,0,0,40,North America,<=50K
32085,"[40, 50[", Private,169995,Undergraduate,10,Married-civ-spouse,Technical, Husband,*,Male,0,0,45,North America,<=50K
32086,"[50, 60[", Private,141388,High School,7,Married-civ-spouse,Technical, Husband,*,Male,0,0,40,North America,<=50K
32087,"[20, 30[", Self-emp-not-inc,241431,High School,9,Never-married,Technical, Not-in-family,*,Male,0,0,45,North America,<=50K
32088,"[20, 30[", ?,78374,High School,9,Never-married,Other, Other-relative,*,Female,0,0,24,North America,<=50K
32089,"[50, 60[", Self-emp-not-inc,158948,High School,9,Married-civ-spouse,Other, Husband,*,Male,0,0,15,North America,<=50K
32091,"[30, 40[", Private,272411,Undergraduate,13,Never-married,Other, Not-in-family,*,Female,0,0,40,North America,<=50K
32092,"[30, 40[", Private,30529,Undergraduate,13,Married-civ-spouse,Nontechnical, Husband,*,Male,0,1887,40,North America,>50K
32093,"[60, 70[", ?,263374,Professional Education,11,Married-civ-spouse,Other, Husband,*,Male,0,0,40,North America,<=50K
32094,"[30, 40[", Private,190228,High School,9,Married-civ-spouse,Nontechnical, Husband,*,Male,0,0,40,North America,<=50K
32095,"[20, 30[", Private,126060,Undergraduate,13,Never-married,Nontechnical, Not-in-family,*,Female,0,0,40,North America,<=50K
32096,"[20, 30[", Private,391192,Professional Education,11,Never-married,Technical, Own-child,*,Male,0,0,40,North America,<=50K
32097,"[20, 30[", Private,214069,High School,9,Separated,Other, Not-in-family,*,Male,0,0,40,North America,<=50K
32098,"[40, 50[", Private,170871,High School,9,Married-civ-spouse,Technical, Husband,*,Male,7298,0,60,North America,>50K
32100,"[20, 30[", Private,245880,High School,9,Never-married,Other, Other-relative,*,Male,0,0,40,North America,<=50K
32102,"[60, 70[", Local-gov,153408,Graduate,14,Divorced,Technical, Not-in-family,*,Female,0,0,40,North America,>50K
32103,"[30, 40[", ?,330301,High School,4,Separated,Other, Unmarried,*,Female,0,0,40,North America,<=50K
32104,"[20, 30[", Private,385278,High School,9,Married-civ-spouse,Nontechnical, Husband,*,Male,0,0,60,North America,<=50K
32105,"[40, 50[", Federal-gov,38434,Graduate,14,Never-married,Technical, Not-in-family,*,Female,0,0,40,North America,<=50K
32106,"[40, 50[", Self-emp-not-inc,111679,Undergraduate,10,Divorced,Technical, Not-in-family,*,Male,0,0,30,North America,<=50K
32107,"[50, 60[", Private,168956,Undergraduate,10,Divorced,Other, Not-in-family,*,Female,0,0,40,North America,<=50K
32108,"[20, 30[", Private,86143,Undergraduate,10,Never-married,Other, Other-relative,*,Male,0,0,30,North America,<=50K
32109,"[40, 50[", Private,99835,Professional Education,12,Married-civ-spouse,Nontechnical, Husband,*,Male,0,0,50,North America,>50K
32110,"[30, 40[", Private,263561,High School,9,Divorced,Technical, Not-in-family,*,Male,0,0,60,North America,<=50K
32111,"[40, 50[", Private,118536,High School,5,Married-civ-spouse,Technical, Husband,*,Male,0,0,40,North America,<=50K
32112,"[30, 40[", Self-emp-inc,209691,Undergraduate,13,Married-civ-spouse,Technical, Husband,*,Male,0,0,50,North America,<=50K
32113,"[50, 60[", Private,123374,High School,4,Married-civ-spouse,Technical, Husband,*,Male,0,0,40,North America,<=50K
32114,"[40, 50[", Private,137225,Graduate,14,Married-civ-spouse,Nontechnical, Husband,*,Male,0,0,40,North America,>50K
32116,"[50, 60[", Private,134153,High School,6,Married-civ-spouse,Other, Husband,*,Male,0,0,40,North America,<=50K
32117,"[40, 50[", Private,121124,High School,9,Married-civ-spouse,Technical, Husband,*,Male,0,0,40,North America,>50K
32118,"[20, 30[", Private,147655,Undergraduate,10,Never-married,Technical, Not-in-family,*,Female,0,0,40,North America,<=50K
32119,"[40, 50[", Private,165138,Undergraduate,10,Married-civ-spouse,Other, Husband,*,Male,0,0,45,North America,>50K
32120,"[20, 30[", Federal-gov,312017,Undergraduate,10,Never-married,Nontechnical, Own-child,*,Male,0,0,40,North America,<=50K
32121,"[30, 40[", Private,272950,High School,9,Divorced,Technical, Not-in-family,*,Male,0,0,40,North America,<=50K
32122,"[40, 50[", Private,259323,High School,9,Divorced,Technical, Unmarried,*,Male,0,0,40,North America,<=50K
32123,"[40, 50[", Federal-gov,281739,Undergraduate,10,Never-married,Other, Not-in-family,*,Male,13550,0,50,North America,>50K
32124,"[20, 30[", Private,119156,High School,9,Never-married,Technical, Own-child,*,Male,0,0,40,North America,<=50K
32125,"[50, 60[", Private,165881,High School,9,Married-civ-spouse,Nontechnical, Husband,*,Male,0,0,40,North America,>50K
32126,"[20, 30[", State-gov,136075,Undergraduate,13,Never-married,Technical, Not-in-family,*,Female,0,0,32,North America,<=50K
32127,"[50, 60[", Private,187465,High School,7,Divorced,Nontechnical, Not-in-family,*,Female,0,0,40,North America,<=50K
32128,"[40, 50[", Private,328561,Professional Education,11,Married-civ-spouse,Other, Other-relative,*,Female,0,0,20,North America,<=50K
32129,"[40, 50[", Private,350440,Undergraduate,10,Married-civ-spouse,Technical, Other-relative,*,Male,0,0,40,Asia,>50K
32130,"[30, 40[", Self-emp-not-inc,109133,Graduate,14,Married-civ-spouse,Nontechnical, Husband,*,Male,0,0,70,North America,>50K
32131,"[40, 50[", Private,109814,Professional Education,15,Married-civ-spouse,Technical, Husband,*,Male,0,1977,45,North America,>50K
32132,"[30, 40[", Private,86643,Undergraduate,10,Never-married,Technical, Not-in-family,*,Male,0,0,50,North America,<=50K
32133,"[50, 60[", Federal-gov,154521,High School,9,Married-civ-spouse,Other, Husband,*,Male,0,0,44,North America,>50K
32134,"[60, 70[", Private,45912,High School,9,Widowed,Other, Other-relative,*,Female,0,0,40,North America,<=50K
32135,"[40, 50[", Private,175070,High School,9,Divorced,Nontechnical, Not-in-family,*,Female,0,2258,40,North America,>50K
32136,"[30, 40[", Private,338033,Graduate,14,Never-married,Technical, Not-in-family,*,Female,0,0,40,North America,<=50K
32137,"[20, 30[", State-gov,158963,Graduate,14,Never-married,Nontechnical, Not-in-family,*,Female,0,0,40,North America,<=50K
32138,"[50, 60[", Self-emp-inc,121441,High School,7,Never-married,Nontechnical, Other-relative,*,Male,0,2444,40,North America,>50K
32139,"[40, 50[", Self-emp-not-inc,242391,Professional Education,15,Married-civ-spouse,Technical, Husband,*,Male,15024,0,40,North America,>50K
32140,"[10, 20[", Private,119964,High School,9,Never-married,Technical, Other-relative,*,Female,0,0,15,North America,<=50K
32142,"[20, 30[", Local-gov,45554,Undergraduate,10,Divorced,Other, Unmarried,*,Female,0,0,40,North America,<=50K
32143,"[30, 40[", Private,249716,High School,9,Never-married,Technical, Not-in-family,*,Male,0,0,45,North America,<=50K
32144,"[50, 60[", Private,58985,Undergraduate,10,Married-civ-spouse,Technical, Wife,*,Female,0,0,24,North America,<=50K
32145,"[20, 30[", Private,456367,High School,9,Married-civ-spouse,Technical, Husband,*,Male,0,0,40,North America,<=50K
32146,"[30, 40[", Private,117381,Undergraduate,10,Divorced,Other, Not-in-family,*,Male,0,0,65,North America,<=50K
32148,"[30, 40[", Private,226443,Undergraduate,13,Married-civ-spouse,Technical, Husband,*,Male,0,0,40,North America,<=50K
32149,"[20, 30[", Private,364342,Professional Education,11,Never-married,Nontechnical, Not-in-family,*,Female,0,0,25,North America,<=50K
32150,"[40, 50[", Local-gov,101593,Undergraduate,13,Married-civ-spouse,Other, Husband,*,Male,0,0,42,North America,<=50K
32151,"[20, 30[", Private,267471,High School,8,Never-married,Nontechnical, Own-child,*,Female,0,0,25,North America,<=50K
32152,"[20, 30[", Private,186849,High School,7,Divorced,Nontechnical, Own-child,*,Male,0,0,50,North America,<=50K
32154,"[30, 40[", Private,115040,High School,9,Married-civ-spouse,Technical, Husband,*,Male,0,0,44,North America,<=50K
32155,"[20, 30[", Private,142766,Undergraduate,10,Never-married,Other, Own-child,*,Male,1055,0,20,North America,<=50K
32156,"[30, 40[", Private,59660,Undergraduate,13,Married-civ-spouse,Nontechnical, Husband,*,Male,7298,0,40,North America,>50K
32157,"[40, 50[", Self-emp-not-inc,49595,Undergraduate,10,Married-civ-spouse,Nontechnical, Husband,*,Male,0,0,80,North America,<=50K
32158,"[10, 20[", Private,127491,High School,9,Never-married,Other, Not-in-family,*,Male,0,0,40,North America,<=50K
32159,"[40, 50[", Private,155933,Undergraduate,13,Never-married,Technical, Not-in-family,*,Female,0,1602,8,North America,<=50K
32160,"[20, 30[", Private,122272,Undergraduate,10,Never-married,Other, Own-child,*,Female,0,0,20,North America,<=50K
32161,"[30, 40[", Private,143771,High School,9,Married-civ-spouse,Nontechnical, Husband,*,Male,0,0,60,North America,>50K
32162,"[50, 60[", Private,91384,Undergraduate,13,Married-civ-spouse,Other, Husband,*,Male,0,0,40,North America,<=50K
32163,"[30, 40[", State-gov,135874,Undergraduate,13,Married-civ-spouse,Nontechnical, Husband,*,Male,0,0,40,North America,<=50K
32164,"[30, 40[", Private,207066,Undergraduate,13,Never-married,Nontechnical, Not-in-family,*,Male,10520,0,45,North America,>50K
32165,"[50, 60[", Private,172493,Undergraduate,10,Never-married,Nontechnical, Not-in-family,*,Female,0,0,12,North America,<=50K
32166,"[40, 50[", Local-gov,189956,Undergraduate,13,Divorced,Technical, Unmarried,*,Female,0,0,30,North America,<=50K
32167,"[30, 40[", Private,106967,Graduate,14,Never-married,Nontechnical, Not-in-family,*,Female,0,0,40,North America,<=50K
32168,"[20, 30[", Private,200153,High School,9,Never-married,Other, Own-child,*,Female,0,0,38,North America,<=50K
32169,"[20, 30[", Private,149943,High School,9,Never-married,Other, Other-relative,*,Male,4101,0,60,Unknown,<=50K
32170,"[40, 50[", Private,151736,High School,6,Never-married,Technical, Not-in-family,*,Male,0,0,40,North America,<=50K
32171,"[40, 50[", Private,67852,High School,9,Divorced,Other, Not-in-family,*,Male,0,0,35,North America,<=50K
32172,"[30, 40[", Private,54229,Professional Education,12,Married-civ-spouse,Nontechnical, Wife,*,Female,0,0,37,North America,<=50K
32173,"[30, 40[", Self-emp-inc,154120,Graduate,14,Married-civ-spouse,Nontechnical, Husband,*,Male,0,0,60,North America,>50K
32174,"[40, 50[", Self-emp-not-inc,157217,Undergraduate,13,Never-married,Nontechnical, Not-in-family,*,Male,0,0,42,North America,<=50K
32175,"[30, 40[", Federal-gov,381645,Undergraduate,13,Separated,Technical, Not-in-family,*,Male,0,0,40,North America,<=50K
32176,"[40, 50[", Local-gov,160785,High School,9,Married-civ-spouse,Technical, Husband,*,Male,0,0,40,North America,<=50K
32177,"[40, 50[", Private,133584,Undergraduate,10,Married-civ-spouse,Technical, Husband,*,Male,0,0,40,North America,<=50K
32178,"[40, 50[", Private,170230,Graduate,14,Never-married,Technical, Not-in-family,*,Female,0,0,40,North America,<=50K
32179,"[50, 60[", Private,250206,High School,6,Married-civ-spouse,Technical, Husband,*,Male,5178,0,40,North America,>50K
32180,"[10, 20[", Private,128363,Undergraduate,10,Never-married,Nontechnical, Own-child,*,Female,0,0,30,North America,<=50K
32181,"[40, 50[", Local-gov,163434,Undergraduate,13,Married-civ-spouse,Other, Husband,*,Male,0,0,55,North America,>50K
32182,"[50, 60[", Private,195690,High School,9,Married-civ-spouse,Nontechnical, Husband,*,Male,0,0,45,North America,<=50K
32183,"[40, 50[", Self-emp-inc,138991,Undergraduate,10,Married-civ-spouse,Nontechnical, Husband,*,Male,0,0,50,North America,>50K
32184,"[40, 50[", Private,118419,High School,9,Divorced,Technical, Unmarried,*,Male,0,0,38,North America,<=50K
32185,"[50, 60[", Self-emp-not-inc,185407,Undergraduate,13,Married-civ-spouse,Nontechnical, Husband,*,Male,0,0,50,North America,>50K
32186,"[50, 60[", Self-emp-not-inc,283079,High School,9,Never-married,Technical, Not-in-family,*,Male,0,0,50,North America,<=50K
32187,"[10, 20[", Private,119655,High School,8,Never-married,Other, Own-child,*,Female,0,0,12,North America,<=50K
32188,"[20, 30[", Private,153416,Undergraduate,13,Never-married,Nontechnical, Not-in-family,*,Female,0,0,55,North America,<=50K
32190,"[30, 40[", Private,220362,Undergraduate,13,Never-married,Nontechnical, Own-child,*,Male,0,0,40,North America,<=50K
32191,"[20, 30[", Local-gov,203078,Undergraduate,10,Married-civ-spouse,Other, Husband,*,Male,0,0,40,North America,<=50K
32193,"[60, 70[", Private,274096,High School,6,Divorced,Other, Not-in-family,*,Male,0,0,20,North America,<=50K
32194,"[40, 50[", State-gov,455553,High School,9,Never-married,Other, Unmarried,*,Female,0,0,40,North America,<=50K
32195,"[40, 50[", Private,112283,High School,9,Married-civ-spouse,Technical, Husband,*,Male,0,0,60,North America,>50K
32196,"[40, 50[", Self-emp-inc,64506,High School,9,Married-civ-spouse,Other, Husband,*,Male,0,0,50,North America,<=50K
32197,"[20, 30[", State-gov,24395,Undergraduate,10,Married-civ-spouse,Other, Wife,*,Female,0,0,20,North America,<=50K
32198,"[60, 70[", Self-emp-inc,182581,Undergraduate,10,Married-civ-spouse,Nontechnical, Husband,*,Male,20051,0,20,North America,>50K
32200,"[20, 30[", Private,178025,Graduate,14,Married-civ-spouse,Technical, Husband,*,Male,0,0,40,North America,<=50K
32201,"[40, 50[", ?,113913,High School,9,Married-civ-spouse,Other, Wife,*,Female,0,0,60,North America,<=50K
32202,"[20, 30[", Private,55191,Professional Education,12,Never-married,Nontechnical, Not-in-family,*,Male,0,0,45,North America,<=50K
32203,"[50, 60[", Federal-gov,223206,Graduate,16,Married-civ-spouse,Technical, Husband,*,Male,15024,0,40,Asia,>50K
32204,"[20, 30[", Local-gov,162551,Undergraduate,13,Never-married,Technical, Own-child,*,Female,0,0,35,Asia,<=50K
32205,"[10, 20[", Private,693066,High School,8,Never-married,Other, Own-child,*,Female,0,0,15,North America,<=50K
32207,"[30, 40[", Private,256362,Undergraduate,10,Never-married,Other, Not-in-family,*,Male,0,0,35,North America,<=50K
32208,"[50, 60[", Private,539864,Undergraduate,10,Divorced,Technical, Not-in-family,*,Male,0,0,20,North America,<=50K
32209,"[30, 40[", Private,241153,Professional Education,11,Never-married,Technical, Not-in-family,*,Male,0,0,40,North America,<=50K
32210,"[30, 40[", Private,284395,Undergraduate,13,Married-civ-spouse,Nontechnical, Husband,*,Male,0,0,40,North America,<=50K
32211,"[10, 20[", Private,180039,High School,8,Never-married,Nontechnical, Own-child,*,Female,0,0,20,North America,<=50K
32212,"[40, 50[", Private,178416,Professional Education,11,Divorced,Nontechnical, Not-in-family,*,Female,0,0,40,North America,<=50K
32213,"[20, 30[", Private,175710,Undergraduate,13,Never-married,Other, Not-in-family,*,Female,0,0,30,Unknown,<=50K
32214,"[20, 30[", Local-gov,164775,Primary School,3,Never-married,Nontechnical, Other-relative,*,Male,0,0,40,North America,>50K
32215,"[50, 60[", Private,176897,Undergraduate,10,Divorced,Technical, Not-in-family,*,Male,0,0,40,North America,<=50K
32216,"[40, 50[", Private,265097,High School,9,Married-civ-spouse,Other, Husband,*,Male,0,1902,40,North America,>50K
32217,"[20, 30[", Private,193090,High School,9,Never-married,Nontechnical, Not-in-family,*,Female,0,0,37,North America,<=50K
32218,"[30, 40[", Private,186009,High School,9,Married-civ-spouse,Other, Husband,*,Male,0,1672,60,North America,<=50K
32219,"[20, 30[", Private,175262,High School,9,Married-civ-spouse,Technical, Own-child,*,Male,0,0,40,North America,<=50K
32220,"[10, 20[", Private,109928,High School,7,Never-married,Nontechnical, Own-child,*,Female,0,0,35,North America,<=50K
32221,"[30, 40[", Self-emp-not-inc,162834,High School,9,Married-civ-spouse,Nontechnical, Husband,*,Male,0,1902,45,North America,>50K
32222,"[50, 60[", Private,177896,Graduate,16,Married-civ-spouse,Technical, Husband,*,Male,0,0,40,North America,>50K
32223,"[30, 40[", Private,181372,High School,9,Divorced,Other, Unmarried,*,Female,0,0,35,North America,<=50K
32225,"[50, 60[", Private,128272,High School,5,Married-civ-spouse,Technical, Husband,*,Male,0,0,45,North America,<=50K
32226,"[50, 60[", Private,106723,High School,9,Divorced,Other, Not-in-family,*,Female,0,0,40,North America,<=50K
32227,"[20, 30[", Private,122348,Undergraduate,10,Never-married,Technical, Own-child,*,Female,0,0,35,North America,<=50K
32228,"[40, 50[", Private,177905,Professional Education,11,Married-civ-spouse,Nontechnical, Husband,*,Male,7688,0,44,North America,>50K
32229,"[20, 30[", Private,254547,Undergraduate,10,Never-married,Nontechnical, Unmarried,*,Female,0,0,40,North America,<=50K
32230,"[40, 50[", Self-emp-inc,102308,Professional Education,15,Married-civ-spouse,Technical, Husband,*,Male,0,2415,45,North America,>50K
32231,"[40, 50[", Private,33105,High School,9,Married-civ-spouse,Nontechnical, Husband,*,Male,0,0,40,North America,<=50K
32233,"[40, 50[", Local-gov,197919,Undergraduate,10,Divorced,Other, Unmarried,*,Female,0,0,40,North America,<=50K
32234,"[40, 50[", Private,206139,High School,9,Married-civ-spouse,Nontechnical, Husband,*,Male,0,0,40,North America,>50K
32235,"[40, 50[", Private,117849,Professional Education,12,Divorced,Nontechnical, Own-child,*,Male,0,0,44,North America,<=50K
32237,"[30, 40[", Private,90415,Professional Education,11,Never-married,Technical, Not-in-family,*,Male,0,0,40,North America,<=50K
32238,"[40, 50[", Private,294913,Professional Education,15,Married-civ-spouse,Nontechnical, Husband,*,Male,99999,0,40,North America,>50K
32239,"[30, 40[", Private,127573,High School,9,Separated,Other, Not-in-family,*,Female,0,0,38,North America,<=50K
32240,"[20, 30[", Private,180190,Professional Education,11,Married-civ-spouse,Other, Husband,*,Male,0,0,46,North America,<=50K
32241,"[40, 50[", State-gov,231013,Undergraduate,13,Divorced,Other, Not-in-family,*,Male,0,0,40,North America,<=50K
32243,"[30, 40[", Private,198069,High School,9,Never-married,Technical, Not-in-family,*,Male,0,0,65,North America,<=50K
32244,"[50, 60[", Self-emp-not-inc,99141,High School,9,Divorced,Other, Unmarried,*,Female,0,0,10,North America,<=50K
32245,"[30, 40[", Private,188246,Professional Education,12,Divorced,Technical, Not-in-family,*,Male,0,0,50,North America,>50K
32246,"[30, 40[", Self-emp-not-inc,116508,Undergraduate,10,Married-civ-spouse,Other, Husband,*,Male,0,0,50,North America,>50K
32247,"[40, 50[", Federal-gov,38434,Undergraduate,13,Widowed,Nontechnical, Unmarried,*,Female,0,0,40,North America,>50K
32248,"[20, 30[", Private,128477,Graduate,14,Never-married,Technical, Not-in-family,*,Female,0,0,40,North America,<=50K
32249,"[30, 40[", Private,91839,Undergraduate,13,Married-civ-spouse,Other, Husband,*,Male,7688,0,20,North America,>50K
32250,"[40, 50[", Private,409922,Undergraduate,13,Married-civ-spouse,Nontechnical, Husband,*,Male,0,1977,50,North America,>50K
32251,"[40, 50[", Private,185041,High School,9,Married-civ-spouse,Technical, Husband,*,Male,0,0,40,North America,<=50K
32252,"[30, 40[", Self-emp-not-inc,103925,Undergraduate,13,Married-civ-spouse,Nontechnical, Wife,*,Female,0,0,50,North America,<=50K
32253,"[40, 50[", Self-emp-not-inc,34037,Undergraduate,13,Never-married,Other, Own-child,*,Male,0,0,35,North America,<=50K
32255,"[10, 20[", Private,57145,High School,9,Never-married,Other, Own-child,*,Female,0,0,25,North America,<=50K
32256,"[40, 50[", Private,182108,Graduate,16,Never-married,Technical, Not-in-family,*,Female,0,0,40,North America,>50K
32257,"[50, 60[", Self-emp-inc,213296,High School,9,Married-civ-spouse,Other, Husband,*,Male,0,0,30,North America,<=50K
32258,"[50, 60[", Self-emp-inc,28765,Professional Education,15,Married-civ-spouse,Technical, Husband,*,Male,0,0,60,North America,>50K
32259,"[60, 70[", Private,37792,High School,6,Widowed,Other, Not-in-family,*,Female,0,0,31,North America,<=50K
32260,"[30, 40[", Federal-gov,232036,Undergraduate,10,Married-civ-spouse,Other, Husband,*,Male,0,0,40,North America,>50K
32261,"[30, 40[", Private,33678,High School,9,Never-married,Nontechnical, Own-child,*,Male,0,0,40,North America,<=50K
32262,"[60, 70[", Without-pay,159908,Undergraduate,10,Married-civ-spouse,Other, Wife,*,Female,0,0,16,North America,<=50K
32264,"[30, 40[", Private,260954,High School,7,Married-civ-spouse,Technical, Husband,*,Male,0,2042,30,North America,<=50K
32265,"[30, 40[", Local-gov,180342,Undergraduate,13,Married-civ-spouse,Other, Husband,*,Male,0,0,40,North America,>50K
32266,"[40, 50[", Local-gov,324791,Graduate,14,Married-civ-spouse,Technical, Husband,*,Male,0,1887,50,North America,>50K
32267,"[30, 40[", Private,183801,Graduate,14,Married-civ-spouse,Technical, Husband,*,Male,0,1902,43,North America,>50K
32268,"[40, 50[", Private,204235,High School,9,Married-civ-spouse,Nontechnical, Husband,*,Male,0,0,40,North America,<=50K
32270,"[60, 70[", Private,127084,High School,9,Married-civ-spouse,Other, Husband,*,Male,0,2042,34,North America,<=50K
32271,"[40, 50[", Local-gov,201495,Undergraduate,10,Married-civ-spouse,Other, Husband,*,Male,0,0,72,North America,>50K
32272,"[30, 40[", Private,447346,Undergraduate,10,Married-civ-spouse,Technical, Husband,*,Male,0,0,36,North America,>50K
32273,"[20, 30[", Private,206008,Professional Education,12,Never-married,Technical, Own-child,*,Male,0,0,20,North America,<=50K
32274,"[30, 40[", Private,286020,High School,9,Married-civ-spouse,Technical, Husband,*,Male,0,0,45,North America,<=50K
32275,"[20, 30[", ?,99891,Undergraduate,10,Never-married,Other, Own-child,*,Female,0,0,30,North America,<=50K
32276,"[20, 30[", Local-gov,169544,Undergraduate,10,Never-married,Other, Own-child,*,Male,0,0,48,North America,<=50K
32279,"[30, 40[", Private,258102,High School,9,Never-married,Nontechnical, Not-in-family,*,Male,0,0,40,North America,<=50K
32280,"[40, 50[", Private,255466,Undergraduate,10,Divorced,Other, Not-in-family,*,Female,0,0,60,North America,<=50K
32281,"[50, 60[", Private,38795,Undergraduate,13,Married-civ-spouse,Technical, Husband,*,Male,0,0,50,North America,<=50K
32282,"[10, 20[", Private,311907,High School,7,Never-married,Other, Own-child,*,Male,0,0,25,North America,<=50K
32283,"[50, 60[", Private,171924,High School,9,Married-civ-spouse,Other, Husband,*,Male,0,0,70,North America,<=50K
32284,"[20, 30[", Private,164488,Undergraduate,13,Never-married,Nontechnical, Not-in-family,*,Male,0,0,10,North America,<=50K
32286,"[20, 30[", Private,478315,Undergraduate,13,Never-married,Technical, Own-child,*,Female,0,0,40,North America,<=50K
32287,"[50, 60[", Local-gov,34832,Graduate,16,Married-civ-spouse,Nontechnical, Husband,*,Male,0,0,60,North America,>50K
32288,"[20, 30[", Private,67804,High School,5,Never-married,Technical, Own-child,*,Male,0,0,20,North America,<=50K
32289,"[20, 30[", Private,34568,Professional Education,11,Never-married,Other, Not-in-family,*,Male,0,0,40,North America,<=50K
32290,"[30, 40[", Private,47151,High School,9,Never-married,Other, Not-in-family,*,Female,0,0,56,North America,<=50K
32291,"[50, 60[", ?,120617,Undergraduate,10,Never-married,Other, Not-in-family,*,Female,0,0,40,North America,<=50K
32292,"[40, 50[", Private,318046,Undergraduate,10,Married-civ-spouse,Other, Husband,*,Male,0,0,48,North America,>50K
32293,"[20, 30[", Private,363963,High School,9,Divorced,Other, Not-in-family,*,Female,0,0,40,North America,<=50K
32294,"[50, 60[", Private,92811,Undergraduate,13,Married-civ-spouse,Technical, Husband,*,Male,0,0,40,North America,<=50K
32295,"[30, 40[", Private,33678,Undergraduate,10,Married-civ-spouse,Other, Husband,*,Male,0,0,50,North America,>50K
32296,"[40, 50[", Private,66118,Undergraduate,10,Divorced,Technical, Not-in-family,*,Female,0,0,40,North America,<=50K
32297,"[40, 50[", Private,160474,High School,9,Married-civ-spouse,Nontechnical, Wife,*,Female,0,0,30,North America,>50K
32298,"[40, 50[", Private,159960,Undergraduate,10,Divorced,Other, Unmarried,*,Female,0,0,40,North America,<=50K
32300,"[60, 70[", Private,232719,Graduate,14,Married-civ-spouse,Technical, Husband,*,Male,0,0,50,North America,<=50K
32301,"[60, 70[", Local-gov,103153,High School,4,Married-civ-spouse,Nontechnical, Husband,*,Male,0,1411,40,North America,<=50K
32302,"[40, 50[", Local-gov,162187,High School,9,Married-civ-spouse,Other, Husband,*,Male,0,0,40,North America,>50K
32303,"[50, 60[", Private,207391,High School,9,Divorced,Technical, Not-in-family,*,Male,0,0,40,North America,<=50K
32304,"[30, 40[", Never-worked,176673,High School,9,Married-civ-spouse,Other, Wife,*,Female,0,0,40,North America,<=50K
32305,"[30, 40[", Private,356882,Undergraduate,10,Married-civ-spouse,Nontechnical, Husband,*,Male,0,0,45,North America,>50K
32307,"[40, 50[", Self-emp-inc,191196,Undergraduate,13,Married-civ-spouse,Nontechnical, Husband,*,Male,0,1977,60,Unknown,>50K
32308,"[30, 40[", Private,377798,Undergraduate,10,Married-civ-spouse,Technical, Husband,*,Male,3103,0,40,North America,>50K
32309,"[30, 40[", Private,43712,High School,6,Married-civ-spouse,Technical, Husband,*,Male,0,0,40,North America,<=50K
32310,"[20, 30[", ?,205939,Undergraduate,10,Never-married,Other, Own-child,*,Male,0,0,40,North America,<=50K
32311,"[50, 60[", Private,161691,Graduate,14,Divorced,Technical, Not-in-family,*,Female,0,2559,40,North America,>50K
32314,"[10, 20[", Never-worked,153663,Undergraduate,10,Never-married,Other, Own-child,*,Male,0,0,4,North America,<=50K
32315,"[20, 30[", Private,262617,High School,9,Married-civ-spouse,Technical, Husband,*,Male,0,0,48,North America,<=50K
32316,"[20, 30[", Federal-gov,173851,High School,9,Never-married,Other, Not-in-family,*,Male,0,0,8,North America,<=50K
32317,"[60, 70[", ?,126540,Undergraduate,10,Divorced,Other, Not-in-family,*,Female,0,0,5,North America,<=50K
32318,"[30, 40[", Private,117963,Undergraduate,13,Married-civ-spouse,Technical, Husband,*,Male,0,0,40,North America,>50K
32319,"[50, 60[", Private,219737,High School,9,Widowed,Nontechnical, Not-in-family,*,Female,0,0,37,North America,<=50K
32320,"[30, 40[", Private,328466,High School,9,Married-civ-spouse,Technical, Husband,*,Male,0,0,72,North America,<=50K
32321,"[50, 60[", State-gov,138852,High School,9,Married-civ-spouse,Technical, Husband,*,Male,0,0,40,North America,<=50K
32322,"[20, 30[", Local-gov,195532,Undergraduate,10,Never-married,Other, Other-relative,*,Female,0,0,43,North America,<=50K
32323,"[30, 40[", Private,188246,High School,9,Married-civ-spouse,Technical, Husband,*,Male,0,0,40,North America,<=50K
32324,"[40, 50[", State-gov,138162,Undergraduate,10,Divorced,Other, Own-child,*,Male,0,0,40,North America,<=50K
32325,"[30, 40[", State-gov,110714,Undergraduate,10,Never-married,Other, Own-child,*,Female,0,0,37,North America,<=50K
32326,"[40, 50[", Private,123075,Graduate,16,Married-civ-spouse,Technical, Husband,*,Male,0,0,45,North America,>50K
32327,"[20, 30[", Private,330466,Undergraduate,13,Never-married,Technical, Not-in-family,*,Male,0,0,40,Asia,<=50K
32328,"[30, 40[", Private,254304,High School,6,Divorced,Technical, Not-in-family,*,Male,0,0,38,North America,<=50K
32329,"[20, 30[", Private,435842,Undergraduate,13,Married-civ-spouse,Nontechnical, Husband,*,Male,0,0,40,North America,<=50K
32330,"[20, 30[", Private,118657,High School,8,Married-civ-spouse,Technical, Husband,*,Male,0,0,40,North America,<=50K
32331,"[50, 60[", Private,278188,High School,9,Divorced,Technical, Not-in-family,*,Female,0,0,45,North America,<=50K
32332,"[20, 30[", Private,233777,High School,9,Married-civ-spouse,Technical, Husband,*,Male,0,0,72,North America,<=50K
32333,"[30, 40[", Self-emp-inc,328466,Undergraduate,10,Married-civ-spouse,Nontechnical, Husband,*,Male,0,0,50,North America,>50K
32335,"[10, 20[", ?,156608,High School,7,Never-married,Other, Own-child,*,Female,0,0,25,North America,<=50K
32336,"[30, 40[", Private,172415,High School,9,Never-married,Other, Unmarried,*,Female,0,0,40,North America,<=50K
32338,"[30, 40[", Local-gov,318921,High School,9,Divorced,Other, Not-in-family,*,Female,0,0,35,North America,<=50K
32339,"[40, 50[", Private,189462,High School,9,Married-civ-spouse,Technical, Husband,*,Male,0,0,40,North America,<=50K
32342,"[20, 30[", Private,156805,Undergraduate,10,Married-civ-spouse,Technical, Husband,*,Male,0,0,40,North America,<=50K
32343,"[60, 70[", ?,93318,High School,9,Widowed,Other, Unmarried,*,Female,0,0,40,North America,<=50K
32345,"[10, 20[", Private,347336,High School,8,Never-married,Other, Own-child,*,Male,0,0,12,North America,<=50K
32346,"[30, 40[", Private,205950,High School,9,Married-civ-spouse,Technical, Husband,*,Male,0,0,40,North America,<=50K
32347,"[30, 40[", State-gov,212143,Undergraduate,13,Married-civ-spouse,Other, Wife,*,Female,0,0,20,North America,>50K
32348,"[40, 50[", Private,187821,Undergraduate,13,Married-civ-spouse,Other, Husband,*,Male,0,0,55,North America,<=50K
32349,"[30, 40[", Private,250807,High School,7,Never-married,Technical, Not-in-family,*,Female,0,0,40,North America,<=50K
32350,"[50, 60[", Private,291755,Professional Education,11,Married-civ-spouse,Technical, Husband,*,Male,0,0,40,North America,<=50K
32353,"[30, 40[", Private,184655,High School,6,Divorced,Other, Unmarried,*,Male,0,0,48,North America,<=50K
32354,"[30, 40[", Private,162256,Professional Education,11,Divorced,Other, Not-in-family,*,Female,6849,0,40,North America,<=50K
32355,"[40, 50[", Self-emp-not-inc,204405,Professional Education,11,Married-civ-spouse,Technical, Husband,*,Male,0,0,20,North America,<=50K
32356,"[20, 30[", Private,133355,Undergraduate,10,Never-married,Other, Own-child,*,Male,0,0,15,North America,<=50K
32357,"[30, 40[", Private,89559,Undergraduate,10,Divorced,Other, Unmarried,*,Female,0,0,55,North America,<=50K
32358,"[30, 40[", Private,115066,Undergraduate,10,Married-civ-spouse,Nontechnical, Husband,*,Male,0,0,42,North America,>50K
32359,"[40, 50[", Private,139514,Primary School,1,Married-civ-spouse,Technical, Other-relative,*,Male,0,0,75,North America,<=50K
32360,"[50, 60[", State-gov,200316,High School,9,Married-civ-spouse,Technical, Husband,*,Male,0,0,40,North America,<=50K
32362,"[60, 70[", Private,226422,High School,9,Married-civ-spouse,Technical, Husband,*,Male,0,0,40,North America,<=50K
32363,"[40, 50[", Self-emp-not-inc,251305,Undergraduate,10,Married-civ-spouse,Nontechnical, Husband,*,Male,0,0,40,North America,<=50K
32364,"[40, 50[", Private,190482,Professional Education,11,Married-civ-spouse,Technical, Husband,*,Male,0,0,76,North America,<=50K
32365,"[40, 50[", Private,122215,Graduate,14,Married-civ-spouse,Technical, Husband,*,Male,15024,0,40,North America,>50K
32366,"[40, 50[", Private,248356,High School,9,Never-married,Nontechnical, Unmarried,*,Female,0,0,40,North America,<=50K
32367,>=80, Local-gov,214594,High School,4,Married-civ-spouse,Other, Husband,*,Male,2653,0,40,North America,<=50K
32368,"[40, 50[", Private,220460,High School,9,Never-married,Nontechnical, Own-child,*,Male,0,0,40,North America,<=50K
32369,"[20, 30[", Private,174043,High School,9,Never-married,Technical, Not-in-family,*,Male,0,0,50,North America,<=50K
32372,"[50, 60[", Private,40641,Undergraduate,10,Married-civ-spouse,Nontechnical, Husband,*,Male,0,0,60,North America,>50K
32373,"[20, 30[", Private,205940,Undergraduate,13,Never-married,Nontechnical, Not-in-family,*,Female,0,0,40,North America,<=50K
32374,"[20, 30[", Private,265077,Professional Education,11,Never-married,Other, Not-in-family,*,Female,0,0,40,North America,<=50K
32375,"[50, 60[", Private,395736,High School,9,Married-civ-spouse,Nontechnical, Husband,*,Male,0,0,40,North America,>50K
32377,"[20, 30[", Private,180299,High School,9,Married-civ-spouse,Other, Husband,*,Male,0,0,70,North America,<=50K
32378,"[30, 40[", Private,214896,High School,9,Separated,Other, Not-in-family,*,Female,0,0,40,North America,<=50K
32379,"[20, 30[", Private,273792,High School,9,Never-married,Technical, Own-child,*,Male,0,0,37,North America,<=50K
32380,"[40, 50[", State-gov,224474,Undergraduate,10,Divorced,Nontechnical, Not-in-family,*,Female,0,0,40,North America,<=50K
32381,"[60, 70[", Private,271431,High School,5,Married-civ-spouse,Other, Husband,*,Male,0,0,42,North America,<=50K
32382,"[40, 50[", Local-gov,150171,High School,9,Divorced,Other, Unmarried,*,Female,0,0,40,North America,<=50K
32383,"[20, 30[", Federal-gov,381789,Undergraduate,13,Never-married,Technical, Not-in-family,*,Male,0,0,50,North America,<=50K
32384,"[60, 70[", Private,170984,Undergraduate,10,Married-civ-spouse,Technical, Husband,*,Male,0,0,45,North America,<=50K
32385,"[30, 40[", Private,108256,High School,9,Married-civ-spouse,Technical, Husband,*,Male,0,0,40,North America,<=50K
32386,"[50, 60[", Federal-gov,23789,High School,9,Married-civ-spouse,Nontechnical, Wife,*,Female,0,0,40,North America,>50K
32387,"[20, 30[", Private,176321,Undergraduate,10,Never-married,Other, Other-relative,*,Female,0,0,20,North America,<=50K
32388,"[40, 50[", Private,260425,Professional Education,12,Separated,Technical, Unmarried,*,Female,1471,0,32,North America,<=50K
32389,"[40, 50[", Private,248059,Undergraduate,10,Married-civ-spouse,Other, Husband,*,Male,0,0,47,North America,>50K
32390,"[60, 70[", Private,56248,Undergraduate,10,Married-civ-spouse,Nontechnical, Husband,*,Male,0,0,40,North America,<=50K
32392,"[10, 20[", Private,200047,High School,8,Never-married,Other, Own-child,*,Male,0,0,35,North America,<=50K
32393,"[40, 50[", Private,191712,Undergraduate,13,Never-married,Other, Not-in-family,*,Male,0,1741,40,North America,<=50K
32394,"[30, 40[", Self-emp-not-inc,156033,High School,9,Divorced,Other, Not-in-family,*,Male,0,0,35,North America,<=50K
32395,"[20, 30[", Private,173736,High School,9,Never-married,Technical, Not-in-family,*,Male,0,0,50,North America,<=50K
32396,"[50, 60[", Private,135458,High School,9,Divorced,Technical, Not-in-family,*,Female,0,0,40,North America,<=50K
32397,"[40, 50[", Private,185660,High School,9,Separated,Other, Unmarried,*,Female,0,0,40,North America,<=50K
32398,"[20, 30[", Private,222005,High School,9,Never-married,Other, Other-relative,*,Male,0,0,30,North America,<=50K
32399,"[40, 50[", Private,161510,Undergraduate,13,Married-civ-spouse,Nontechnical, Husband,*,Male,7298,0,40,North America,>50K
32400,"[50, 60[", Local-gov,186303,Undergraduate,10,Married-civ-spouse,Other, Husband,*,Male,0,1887,40,North America,>50K
32401,"[50, 60[", Local-gov,143533,High School,4,Never-married,Other, Other-relative,*,Female,0,0,40,North America,<=50K
32402,"[40, 50[", Private,288154,Undergraduate,10,Married-civ-spouse,Technical, Husband,*,Male,0,0,89,North America,>50K
32404,"[30, 40[", Private,379959,High School,9,Divorced,Other, Not-in-family,*,Female,0,0,40,North America,<=50K
32405,"[30, 40[", Private,168387,High School,7,Married-civ-spouse,Other, Husband,*,Male,0,0,40,North America,<=50K
32406,"[20, 30[", Private,234640,Undergraduate,10,Never-married,Other, Own-child,*,Female,0,0,40,North America,<=50K
32407,"[30, 40[", Private,232475,Undergraduate,10,Never-married,Nontechnical, Own-child,*,Male,0,0,45,North America,<=50K
32408,"[30, 40[", Private,205152,Undergraduate,13,Never-married,Nontechnical, Not-in-family,*,Male,0,0,40,North America,<=50K
32409,"[30, 40[", Private,112115,Undergraduate,10,Married-civ-spouse,Nontechnical, Husband,*,Male,0,0,40,North America,<=50K
32410,"[20, 30[", Private,183854,High School,9,Never-married,Nontechnical, Not-in-family,*,Female,0,0,25,North America,<=50K
32411,"[20, 30[", Private,164386,High School,9,Never-married,Technical, Own-child,*,Male,0,0,48,North America,<=50K
32414,"[20, 30[", Private,83742,High School,9,Divorced,Other, Unmarried,*,Female,0,0,45,North America,<=50K
32415,"[50, 60[", Self-emp-not-inc,65080,High School,9,Married-civ-spouse,Technical, Husband,*,Male,0,0,50,North America,>50K
32416,"[30, 40[", Private,191335,Professional Education,12,Married-civ-spouse,Technical, Husband,*,Male,0,1902,50,North America,>50K
32417,"[20, 30[", Private,227778,Undergraduate,10,Never-married,Nontechnical, Not-in-family,*,Female,0,0,56,North America,<=50K
32418,"[20, 30[", Private,48280,Undergraduate,13,Never-married,Technical, Not-in-family,*,Female,0,0,40,North America,<=50K
32419,"[30, 40[", Private,66304,Undergraduate,13,Married-civ-spouse,Nontechnical, Husband,*,Male,0,0,55,North America,>50K
32420,"[20, 30[", Private,45834,Undergraduate,13,Never-married,Nontechnical, Not-in-family,*,Female,0,0,50,North America,<=50K
32421,"[30, 40[", Private,298995,High School,9,Married-civ-spouse,Other, Wife,*,Female,0,0,35,North America,<=50K
32422,"[40, 50[", Private,161950,High School,9,Divorced,Other, Unmarried,*,Female,0,0,32,North America,<=50K
32423,"[60, 70[", Private,98776,High School,7,Widowed,Nontechnical, Not-in-family,*,Female,0,0,30,North America,<=50K
32424,"[30, 40[", Private,102268,Undergraduate,13,Married-civ-spouse,Nontechnical, Husband,*,Male,0,0,45,North America,<=50K
32426,"[20, 30[", ?,203992,High School,9,Never-married,Other, Own-child,*,Male,0,0,40,North America,<=50K
32427,"[40, 50[", Private,206878,High School,9,Divorced,Other, Unmarried,*,Female,0,0,32,North America,<=50K
32429,"[50, 60[", Local-gov,203334,Graduate,16,Divorced,Nontechnical, Not-in-family,*,Female,0,0,45,North America,>50K
32430,"[60, 70[", Self-emp-not-inc,50483,High School,4,Married-civ-spouse,Other, Husband,*,Male,0,0,56,North America,<=50K
32431,"[50, 60[", Private,274502,High School,4,Divorced,Technical, Not-in-family,*,Female,0,0,48,North America,<=50K
32433,"[40, 50[", Self-emp-not-inc,168098,Undergraduate,13,Married-civ-spouse,Technical, Husband,*,Male,0,0,50,North America,<=50K
32434,"[30, 40[", Private,213307,High School,9,Never-married,Nontechnical, Unmarried,*,Female,7443,0,35,North America,<=50K
32435,"[20, 30[", Private,175128,High School,9,Married-civ-spouse,Other, Husband,*,Male,0,0,40,North America,<=50K
32436,"[30, 40[", Private,40955,Professional Education,15,Married-civ-spouse,Technical, Husband,*,Male,0,0,50,North America,>50K
32437,"[10, 20[", Private,60890,High School,9,Never-married,Technical, Not-in-family,*,Male,0,0,49,North America,<=50K
32438,"[60, 70[", Self-emp-not-inc,102686,Graduate,14,Married-civ-spouse,Nontechnical, Husband,*,Male,0,0,20,North America,>50K
32439,"[20, 30[", Private,190273,Undergraduate,13,Never-married,Technical, Own-child,*,Male,0,0,40,North America,<=50K
32441,"[50, 60[", Private,304504,Undergraduate,10,Married-civ-spouse,Other, Husband,*,Male,0,1887,45,North America,>50K
32442,"[20, 30[", Private,390657,Undergraduate,10,Never-married,Other, Not-in-family,*,Male,0,0,40,North America,<=50K
32443,"[10, 20[", Private,41381,High School,9,Never-married,Nontechnical, Own-child,*,Female,0,1602,20,North America,<=50K
32444,"[50, 60[", Private,101432,High School,9,Married-civ-spouse,Technical, Husband,*,Male,0,0,40,North America,<=50K
32445,"[60, 70[", Private,190682,High School,9,Widowed,Technical, Not-in-family,*,Female,0,1669,50,North America,<=50K
32446,"[50, 60[", Private,158993,High School,9,Widowed,Technical, Unmarried,*,Female,0,0,38,North America,<=50K
32447,"[10, 20[", Private,117798,High School,6,Never-married,Other, Own-child,*,Male,0,0,20,North America,<=50K
32448,"[60, 70[", Private,137554,High School,4,Married-civ-spouse,Technical, Husband,*,Male,0,0,40,North America,<=50K
32450,"[30, 40[", Private,257416,High School,5,Married-civ-spouse,Other, Husband,*,Male,0,0,40,North America,<=50K
32451,"[40, 50[", Private,195617,Undergraduate,10,Separated,Nontechnical, Unmarried,*,Female,0,0,20,North America,<=50K
32452,"[30, 40[", Private,236318,Undergraduate,10,Married-civ-spouse,Nontechnical, Husband,*,Male,0,0,32,North America,<=50K
32453,"[40, 50[", Private,42251,Undergraduate,10,Married-civ-spouse,Nontechnical, Husband,*,Male,0,0,45,North America,>50K
32454,"[50, 60[", Private,257933,Undergraduate,10,Divorced,Other, Not-in-family,*,Female,0,0,40,North America,<=50K
32455,"[30, 40[", Self-emp-not-inc,109133,Undergraduate,13,Married-civ-spouse,Nontechnical, Husband,*,Male,0,0,50,North America,>50K
32457,"[30, 40[", Private,139057,Graduate,14,Married-civ-spouse,Technical, Husband,*,Male,0,0,50,North America,>50K
32458,"[30, 40[", Private,237943,Undergraduate,13,Married-civ-spouse,Technical, Husband,*,Male,0,1977,45,North America,>50K
32460,"[60, 70[", Private,128092,High School,9,Widowed,Other, Not-in-family,*,Female,0,0,32,North America,<=50K
32461,"[20, 30[", Private,284317,Undergraduate,13,Never-married,Technical, Not-in-family,*,Female,0,0,32,North America,<=50K
32462,"[40, 50[", Self-emp-inc,185041,High School,9,Married-civ-spouse,Technical, Husband,*,Male,7298,0,50,North America,>50K
32463,"[50, 60[", Local-gov,223214,High School,9,Married-civ-spouse,Other, Husband,*,Male,0,0,40,North America,<=50K
32464,"[40, 50[", Self-emp-inc,173664,Undergraduate,13,Married-civ-spouse,Nontechnical, Husband,*,Male,0,0,45,North America,>50K
32465,"[60, 70[", Private,269665,High School,9,Widowed,Nontechnical, Not-in-family,*,Female,0,0,25,North America,<=50K
32466,"[30, 40[", Private,121521,Professional Education,15,Married-civ-spouse,Technical, Husband,*,Male,15024,0,45,North America,>50K
32467,"[50, 60[", Private,199713,High School,5,Married-civ-spouse,Technical, Husband,*,Male,0,0,48,North America,<=50K
32468,"[30, 40[", Self-emp-not-inc,193689,High School,9,Never-married,Nontechnical, Not-in-family,*,Male,0,0,65,North America,<=50K
32470,"[50, 60[", Private,485710,Graduate,16,Divorced,Technical, Not-in-family,*,Female,0,0,50,North America,<=50K
32471,"[20, 30[", Private,185647,Undergraduate,10,Divorced,Nontechnical, Not-in-family,*,Male,0,0,50,North America,<=50K
32472,"[30, 40[", Private,30673,Graduate,14,Married-civ-spouse,Technical, Husband,*,Male,0,0,55,North America,<=50K
32473,"[40, 50[", Federal-gov,160467,Graduate,14,Divorced,Technical, Unmarried,*,Female,1506,0,40,North America,<=50K
32474,"[30, 40[", Private,186819,Professional Education,12,Married-civ-spouse,Technical, Husband,*,Male,0,0,52,North America,>50K
32475,"[20, 30[", Private,67234,High School,9,Never-married,Nontechnical, Unmarried,*,Male,0,0,45,North America,<=50K
32476,"[30, 40[", Private,30673,High School,8,Married-civ-spouse,Technical, Husband,*,Male,0,0,84,North America,<=50K
32477,"[40, 50[", ?,114648,High School,8,Divorced,Other, Other-relative,*,Male,0,0,40,North America,<=50K
32478,"[20, 30[", Private,182117,Professional Education,12,Never-married,Other, Own-child,*,Male,0,0,40,North America,<=50K
32479,"[60, 70[", State-gov,222966,High School,4,Married-civ-spouse,Other, Wife,*,Female,0,0,40,North America,<=50K
32480,"[40, 50[", Private,201495,Graduate,14,Married-civ-spouse,Nontechnical, Husband,*,Male,0,0,40,North America,>50K
32482,"[30, 40[", Private,157747,Undergraduate,10,Married-civ-spouse,Technical, Husband,*,Male,0,0,40,North America,<=50K
32483,"[20, 30[", Private,155382,Undergraduate,10,Never-married,Other, Not-in-family,*,Female,0,0,25,North America,<=50K
32484,"[40, 50[", Private,268083,Undergraduate,10,Divorced,Nontechnical, Not-in-family,*,Female,0,0,40,North America,<=50K
32485,"[20, 30[", Private,113987,High School,9,Married-civ-spouse,Technical, Wife,*,Female,0,0,40,North America,<=50K
32486,"[20, 30[", Private,216984,Undergraduate,10,Married-civ-spouse,Other, Own-child,*,Female,0,0,35,North America,<=50K
32487,"[50, 60[", Private,177669,Undergraduate,10,Married-civ-spouse,Nontechnical, Husband,*,Male,0,0,60,North America,<=50K
32488,"[30, 40[", Private,164190,Undergraduate,10,Never-married,Nontechnical, Own-child,*,Male,0,0,40,North America,<=50K
32489,"[60, 70[", Private,355645,High School,9,Married-civ-spouse,Nontechnical, Husband,*,Male,0,0,40,North America,<=50K
32490,"[60, 70[", ?,134152,High School,5,Divorced,Other, Not-in-family,*,Male,0,0,35,North America,<=50K
32491,"[30, 40[", Private,63079,High School,9,Divorced,Other, Unmarried,*,Female,0,0,40,North America,<=50K
32493,"[20, 30[", Private,381895,High School,7,Divorced,Technical, Unmarried,*,Female,0,0,40,North America,<=50K
32495,"[20, 30[", Private,179010,Undergraduate,10,Never-married,Technical, Not-in-family,*,Male,0,0,65,North America,<=50K
32496,"[10, 20[", Private,436163,High School,7,Never-married,Technical, Own-child,*,Male,0,0,20,North America,<=50K
32497,"[30, 40[", Private,321709,High School,9,Never-married,Other, Not-in-family,*,Female,0,0,28,North America,<=50K
32498,"[50, 60[", Private,153918,High School,9,Married-civ-spouse,Other, Husband,*,Male,0,0,40,North America,<=50K
32499,"[20, 30[", Private,403788,High School,9,Never-married,Technical, Other-relative,*,Male,0,0,40,North America,<=50K
32500,"[30, 40[", Private,60567,High School,7,Divorced,Other, Unmarried,*,Male,0,880,60,North America,<=50K
32501,"[70, 80[", Private,138145,High School,5,Married-civ-spouse,Other, Husband,*,Male,0,0,40,North America,<=50K
32502,"[30, 40[", Local-gov,79649,Undergraduate,13,Married-civ-spouse,Technical, Husband,*,Male,0,0,50,North America,<=50K
32503,"[40, 50[", Private,312088,High School,9,Married-civ-spouse,Technical, Husband,*,Male,0,0,40,North America,<=50K
32504,"[50, 60[", Private,208630,Graduate,14,Divorced,Nontechnical, Not-in-family,*,Female,0,0,50,North America,>50K
32505,"[30, 40[", Private,182401,High School,6,Never-married,Other, Not-in-family,*,Male,0,0,40,North America,<=50K
32506,"[30, 40[", Private,32916,Professional Education,11,Married-civ-spouse,Technical, Husband,*,Male,0,0,55,North America,>50K
32507,"[50, 60[", Private,302372,Undergraduate,13,Married-civ-spouse,Technical, Husband,*,Male,0,0,40,North America,<=50K
32508,"[40, 50[", Private,155093,High School,6,Divorced,Other, Not-in-family,*,Female,0,0,38,North America,<=50K
32509,"[30, 40[", Private,192965,High School,9,Separated,Nontechnical, Not-in-family,*,Female,0,0,45,North America,<=50K
32511,"[20, 30[", Local-gov,514716,Undergraduate,13,Never-married,Other, Own-child,*,Female,0,0,40,North America,<=50K
32512,"[20, 30[", Private,270436,High School,9,Never-married,Technical, Own-child,*,Male,0,0,40,North America,<=50K
32513,"[40, 50[", Private,42972,Graduate,14,Married-civ-spouse,Technical, Wife,*,Female,0,0,22,North America,>50K
32514,"[40, 50[", Private,142657,Professional Education,11,Married-civ-spouse,Technical, Husband,*,Male,0,0,45,North America,<=50K
32515,"[60, 70[", Federal-gov,47358,High School,6,Married-civ-spouse,Technical, Husband,*,Male,3471,0,40,North America,<=50K
32516,"[30, 40[", Private,176175,Professional Education,11,Divorced,Other, Unmarried,*,Female,0,0,24,North America,<=50K
32517,"[30, 40[", Private,131459,High School,4,Married-civ-spouse,Technical, Husband,*,Male,0,0,40,North America,<=50K
32518,"[50, 60[", Local-gov,110417,High School,9,Married-civ-spouse,Technical, Husband,*,Male,99999,0,40,North America,>50K
32519,"[40, 50[", Private,364548,Undergraduate,10,Married-civ-spouse,Nontechnical, Husband,*,Male,0,0,48,North America,>50K
32520,"[20, 30[", Private,177398,High School,9,Never-married,Other, Unmarried,*,Female,0,0,64,North America,<=50K
32521,"[30, 40[", Private,273243,High School,9,Married-civ-spouse,Technical, Husband,*,Male,0,0,40,North America,<=50K
32522,"[50, 60[", Private,147707,High School,7,Married-civ-spouse,Nontechnical, Husband,*,Male,0,0,40,North America,<=50K
32523,"[30, 40[", Private,77266,High School,9,Divorced,Other, Not-in-family,*,Male,0,0,55,North America,<=50K
32524,"[20, 30[", Private,191648,Professional Education,12,Never-married,Technical, Other-relative,*,Female,0,0,15,North America,<=50K
32526,"[30, 40[", Private,211349,High School,6,Married-civ-spouse,Other, Husband,*,Male,0,0,40,North America,<=50K
32527,"[20, 30[", Private,203715,Undergraduate,10,Never-married,Other, Own-child,*,Male,0,0,40,North America,<=50K
32528,"[30, 40[", Private,292592,High School,9,Married-civ-spouse,Technical, Wife,*,Female,0,0,40,North America,<=50K
32529,"[20, 30[", Private,125976,High School,9,Separated,Nontechnical, Unmarried,*,Female,0,0,35,North America,<=50K
32530,"[30, 40[", ?,320084,Undergraduate,13,Married-civ-spouse,Other, Wife,*,Female,0,0,55,North America,>50K
32531,"[30, 40[", ?,33811,Undergraduate,13,Never-married,Other, Not-in-family,*,Female,0,0,99,North America,<=50K
32532,"[30, 40[", Private,204461,Graduate,16,Married-civ-spouse,Technical, Husband,*,Male,0,0,60,North America,>50K
32534,"[30, 40[", Private,179137,Undergraduate,10,Divorced,Other, Unmarried,*,Female,0,0,39,North America,<=50K
32535,"[20, 30[", Private,325033,High School,8,Never-married,Other, Own-child,*,Male,0,0,35,North America,<=50K
32536,"[30, 40[", Private,160216,Undergraduate,13,Never-married,Nontechnical, Not-in-family,*,Female,0,0,55,North America,>50K
32537,"[30, 40[", Private,345898,High School,9,Never-married,Technical, Not-in-family,*,Male,0,0,46,North America,<=50K
32538,"[30, 40[", Private,139180,Undergraduate,13,Divorced,Technical, Unmarried,*,Female,15020,0,45,North America,>50K
32540,"[40, 50[", State-gov,252208,High School,9,Separated,Other, Own-child,*,Female,0,0,40,North America,<=50K
32541,"[40, 50[", ?,202822,High School,9,Separated,Other, Not-in-family,*,Female,0,0,32,North America,<=50K
32542,"[70, 80[", ?,129912,High School,9,Married-civ-spouse,Other, Husband,*,Male,0,0,25,North America,<=50K
32543,"[40, 50[", Local-gov,119199,Professional Education,12,Divorced,Technical, Unmarried,*,Female,0,0,48,North America,<=50K
32545,"[30, 40[", Local-gov,111499,Professional Education,12,Married-civ-spouse,Other, Wife,*,Female,0,0,20,North America,>50K
32546,"[30, 40[", Private,198216,Professional Education,12,Divorced,Technical, Not-in-family,*,Female,0,0,40,North America,<=50K
32547,"[40, 50[", Private,260761,High School,9,Married-civ-spouse,Technical, Husband,*,Male,0,0,40,North America,<=50K
32549,"[40, 50[", State-gov,255835,Undergraduate,10,Divorced,Other, Other-relative,*,Female,0,0,40,North America,<=50K
32550,"[40, 50[", Self-emp-not-inc,27242,Undergraduate,10,Married-civ-spouse,Technical, Husband,*,Male,0,0,50,North America,<=50K
32551,"[30, 40[", Private,34066,High School,6,Married-civ-spouse,Nontechnical, Husband,*,Male,0,0,40,North America,<=50K
32552,"[40, 50[", Private,84661,Professional Education,11,Married-civ-spouse,Nontechnical, Husband,*,Male,0,0,45,North America,<=50K
32554,"[50, 60[", Private,321865,Graduate,14,Married-civ-spouse,Nontechnical, Husband,*,Male,0,0,40,North America,>50K
32555,"[20, 30[", Private,310152,Undergraduate,10,Never-married,Other, Not-in-family,*,Male,0,0,40,North America,<=50K
32556,"[20, 30[", Private,257302,Professional Education,12,Married-civ-spouse,Technical, Wife,*,Female,0,0,38,North America,<=50K
32557,"[40, 50[", Private,154374,High School,9,Married-civ-spouse,Technical, Husband,*,Male,0,0,40,North America,>50K
32558,"[50, 60[", Private,151910,High School,9,Widowed,Other, Unmarried,*,Female,0,0,40,North America,<=50K
32559,"[20, 30[", Private,201490,High School,9,Never-married,Other, Own-child,*,Male,0,0,20,North America,<=50K
32560,"[50, 60[", Self-emp-inc,287927,High School,9,Married-civ-spouse,Nontechnical, Wife,*,Female,15024,0,40,North America,>50K
